1601,'2',543,,46517,21,,,1,13,,46519,21,,,1,59,,46518,38,,,1,21,,46522,38,,,1,18,,46523,38,,,1,58,,46524,38,,,1,24,,46525,38,,,1,9,,46526,38,,,1,56,,46527,38,,,1,16,,46528,38,,,1,16,,46529,38,,,1,16,,46530,38,,,1,56,,46531,38,,,1,14,,46532,38,,,1,18,,46533,38,,,1,22,,46534,38,,,1,58,,46535,38,,,1,18,,46536,38,,,1,18,,46537,38,,,1,58,,46538,38,,,1,18,,46539,38,,,1,18,,46540,38,,,1,58,,46541,38,,,1,19,,46542,38,,,1,16,,46543,38,,,1,10,,46544,38,,,1,56,,46545,38,,,1,16,,46546,38,,,1,16,,46547,38,,,1,16,,46548,38,,,1,56,,46549,38,,,1,18,,46550,38,,,1,6,,46551,38,,,1,15,,46552,38,,,1,55,,46553,38,,,1,15,,46554,38,,,1,15,,46555,38,,,1,15,,46556,38,,,1,55,,46557,38,,,1,15,,46558,38,,,1,18,,46559,38,,,1,15,,46560,38,,,1,55,,46561,38,,,1,15,,46562,38,,,1,15,,46563,38,,,1,15,,46564,38,,,1,55,,46565,38,,,1,28,,46566,38,,,1,19,,46568,38,,,1,63,,46569,38,,,1,22,,46570,38,,,1,62,,46571,38,,,1,22,,46572,38,,,1,22,,46573,38,,,1,62,,46574,38,,,1,20,,46575,38,,,1,77,,46577,38,,,1,25,,46578,38,,,1,25,,46579,38,,,1,65,,46580,38,,,1,25,,46581,38,,,1,65,,46582,38,,,1,23,,46583,38,,,1,23,,46520,38,,,1
1601,'3',607,,46642,21,,,1,25,,46643,21,,,1,12,,46584,38,,,1,65,,46585,38,,,1,25,,46586,38,,,1,25,,46587,38,,,1,65,,46588,38,,,1,25,,46589,38,,,1,65,,46590,38,,,1,25,,46591,38,,,1,20,,46644,21,,,1,46,,46592,38,,,1,24,,46593,38,,,1,21,,46594,38,,,1,61,,46595,38,,,1,16,,46596,38,,,1,18,,46645,21,,,1,3,,46597,38,,,1,61,,46598,38,,,1,15,,46599,38,,,1,15,,46600,38,,,1,15,,46601,38,,,1,55,,46602,38,,,1,10,,46603,38,,,1,15,,46604,38,,,1,15,,46605,38,,,1,55,,46606,38,,,1,16,,46607,38,,,1,15,,46608,38,,,1,15,,46609,38,,,1,55,,46610,38,,,1,15,,46611,38,,,1,15,,46612,38,,,1,15,,46613,38,,,1,55,,46614,38,,,1,15,,46615,38,,,1,15,,46616,38,,,1,15,,46617,38,,,1,55,,46618,38,,,1,15,,46619,38,,,1,15,,46620,38,,,1,15,,46621,38,,,1,54,,46622,38,,,1,16,,46623,38,,,1,20,,46624,38,,,1,60,,46625,38,,,1,20,,46626,38,,,1,20,,46627,38,,,1,60,,46628,38,,,1,20,,46629,38,,,1,20,,46630,38,,,1,60,,46631,38,,,1,20,,46632,38,,,1,26,,46633,38,,,1,65,,46634,38,,,1,25,,46635,38,,,1,65,,46636,38,,,1,25,,46637,38,,,1,21,,46638,38,,,1,63,,46639,38,,,1,29,,46640,38,,,1,70,,46641,38,,,1
1601,'30',646,,46682,21,,,1,73,,46646,38,,,1,35,,46647,38,,,1,75,,46648,38,,,1,20,,46683,21,,,1,55,,46649,38,,,1,33,,46650,38,,,1,65,,46651,38,,,1,30,,46652,38,,,1,70,,46653,38,,,1,30,,46654,38,,,1,70,,46655,38,,,1,11,,46684,21,,,1,21,,46656,38,,,1,22,,46658,38,,,1,63,,46659,38,,,1,22,,46657,38,,,1,62,,46660,38,,,1,22,,46661,38,,,1,22,,46662,38,,,1,62,,46663,38,,,1,22,,46664,38,,,1,22,,46665,38,,,1,62,,46666,38,,,1,22,,46667,38,,,1,22,,46668,38,,,1,57,,46669,38,,,1,30,,46670,38,,,1,70,,46671,38,,,1,30,,46672,38,,,1,70,,46673,38,,,1,30,,46674,38,,,1,70,,46675,38,,,1,30,,46676,38,,,1,70,,46677,38,,,1,30,,46678,38,,,1,69,,46679,38,,,1,30,,46680,38,,,1,70,,46681,38,,,1
1601,'4',646,,46721,21,,,1,73,,46685,38,,,1,35,,46686,38,,,1,75,,46687,38,,,1,20,,46722,21,,,1,55,,46688,38,,,1,33,,46689,38,,,1,65,,46690,38,,,1,30,,46691,38,,,1,70,,46692,38,,,1,30,,46693,38,,,1,70,,46694,38,,,1,11,,46723,21,,,1,21,,46695,38,,,1,22,,46697,38,,,1,63,,46698,38,,,1,22,,46696,38,,,1,62,,46699,38,,,1,22,,46700,38,,,1,22,,46701,38,,,1,62,,46702,38,,,1,22,,46703,38,,,1,22,,46704,38,,,1,62,,46705,38,,,1,22,,46706,38,,,1,22,,46707,38,,,1,57,,46708,38,,,1,30,,46709,38,,,1,70,,46710,38,,,1,30,,46711,38,,,1,70,,46712,38,,,1,30,,46713,38,,,1,70,,46714,38,,,1,30,,46715,38,,,1,70,,46716,38,,,1,30,,46717,38,,,1,69,,46718,38,,,1,30,,46719,38,,,1,70,,46720,38,,,1
1901,'2',612,,47179,18,,,1,33,,47180,18,,,1,67,,47181,18,,,1,30,,47182,18,,,1,75,,47183,18,,,1,19,,47184,18,,,1,67,,47185,18,,,1,26,,47186,18,,,1,27,,47187,18,,,1,69,,47188,18,,,1,27,,47189,18,,,1,67,,47190,18,,,1,27,,47191,18,,,1,67,,47192,18,,,1,27,,47193,18,,,1,67,,47194,18,,,1,25,,47195,18,,,1,27,,47196,18,,,1,67,,47197,18,,,1,27,,47198,18,,,1,70,,47199,18,,,1,28,,47200,18,,,1,69,,47201,18,,,1,28,,47202,18,,,1,68,,47203,18,,,1,28,,47204,18,,,1,68,,47205,18,,,1,26,,47206,18,,,1,67,,47207,18,,,1,27,,47208,18,,,1,27,,47209,18,,,1,67,,47210,18,,,1,27,,47211,18,,,1,66,,47212,18,,,1,27,,47213,18,,,1,67,,47214,18,,,1,27,,47215,18,,,1,61,,47216,18,,,1,45,,47217,18,,,1
1901,'3',758,,47218,2,,,1,57,,47220,18,,,1,36,,47221,18,,,1,69,,47222,18,,,1,32,,47223,18,,,1,72,,47224,18,,,1,32,,47225,18,,,1,74,,47226,18,,,1,72,,47227,18,,,1,32,,47228,18,,,1,72,,47229,18,,,1,32,,47230,18,,,1,67,,47231,18,,,1,22,,47232,18,,,1,20,,47233,18,,,1,69,,47234,18,,,1,32,,47235,18,,,1,67,,47236,18,,,1,27,,47237,18,,,1,67,,47238,18,,,1,11,,47239,18,0,9 3 37,1,28,,47240,18,,,1,74,,47241,18,,,1,29,,47242,18,,,1,68,,47243,18,,,1,36,,47244,18,,,1,72,,47245,18,,,1,75,,47246,18,,,1,29,,47247,18,0,9 3 37,1,72,,47248,18,0,9 3 37,1,22,,47219,18,0,9 3 37,1
1901,'30',828,,47270,18,,,1,74,,47250,18,,,1,35,,47264,18,,,1,75,,47251,18,,,1,35,,47252,18,,,1,75,,47253,18,,,1,35,,47268,18,,,1,81,,47254,18,,,1,80,,47255,18,,,1,40,,47256,18,,,1,80,,47257,18,,,1,80,,47265,18,,,1,40,,47258,18,,,1,80,,47259,18,,,1,76,,47269,18,,,1,35,,47260,18,,,1,76,,47261,18,,,1,75,,47266,18,,,1,35,,47267,18,0,9 3 37,1
1901,'4',828,,47291,18,,,1,74,,47271,18,,,1,35,,47285,18,,,1,75,,47272,18,,,1,35,,47273,18,,,1,75,,47274,18,,,1,35,,47289,18,,,1,81,,47275,18,,,1,80,,47276,18,,,1,40,,47277,18,,,1,80,,47278,18,,,1,80,,47286,18,,,1,40,,47279,18,,,1,80,,47280,18,,,1,76,,47290,18,,,1,35,,47281,18,,,1,76,,47282,18,,,1,75,,47287,18,,,1,35,,47288,18,0,9 3 37,1
2500,'11802',1525,,47872,26,,,1
2500,'2',627,,47873,26,,,1,22,,47874,26,,,1,68,,47875,26,,,1,27,,47876,26,,,1,66,,47877,26,,,1,20,,47878,26,,,1,20,,47879,26,,,1,60,,47880,26,,,1,20,,47881,26,,,1,20,,47882,26,,,1,60,,47883,26,,,1,20,,47884,26,,,1,20,,47885,26,,,1,60,,47886,26,,,1,20,,47887,26,,,1,20,,47888,26,,,1,60,,47889,26,,,1,20,,47890,26,,,1,20,,47891,26,,,1,60,,47892,26,,,1,20,,47893,26,,,1,20,,47894,26,,,1,60,,47895,26,,,1,25,,47896,26,,,1,20,,47897,26,,,1,60,,47898,26,,,1,20,,47899,26,,,1,20,,47900,26,,,1,60,,47901,26,,,1,22,,47902,26,,,1,21,,47903,26,,,1,61,,47904,26,,,1,21,,47905,26,,,1,61,,47906,26,,,1,21,,47907,26,,,1,14,,47908,26,,,1,20,,47909,26,,,1,60,,47910,26,,,1,20,,47911,26,,,1,20,,47912,26,,,1,60,,47913,26,,,1,20,,47914,26,,,1,14,,47915,26,,,1,60,,47916,26,,,1,19,,47917,26,,,1,25,,47918,26,,,1,65,,47919,26,,,1,25,,47920,26,,,1,65,,47921,26,,,1,25,,47922,26,,,1,25,,47923,26,,,1
2500,'3',642,,47924,26,,,1,63,,47955,26,,,1,24,,47925,26,,,1,25,,47956,26,,,1,66,,47926,26,,,1,24,,47927,26,,,1,67,,47928,26,,,1,26,,47929,26,,,1,70,,47930,26,,,1,23,,47931,26,,,1,70,,47932,26,,,1,27,,47933,26,,,1,30,,47934,26,,,1,68,,47935,26,,,1,25,,47936,26,,,1,70,,47937,26,,,1,25,,47938,26,,,1,70,,47939,26,,,1,26,,47940,26,,,1,70,,47941,26,,,1,30,,47942,26,,,1,70,,47943,26,,,1,30,,47944,26,,,1,70,,47945,26,,,1,30,,47946,26,,,1,70,,47947,26,,,1,28,,47948,26,,,1,70,,47949,26,,,1,30,,47950,26,,,1,68,,47957,26,,,1,27,,47951,26,,,1,68,,47958,26,,,1,25,,47952,26,,,1,25,,47959,26,,,1,65,,47953,26,,,1,25,,47960,26,,,1,65,,47954,26,,,1
2500,'30',904,,47969,26,,,1,25,,47976,26,,,1,30,,47977,26,,,1,70,,47978,26,,,1,30,,47979,26,,,1,70,,47980,26,,,1,30,,47981,26,,,1,70,,47982,26,,,1,30,,47983,26,,,1,70,,47984,26,,,1,30,,47985,26,,,1,70,,47986,26,,,1,30,,47970,26,,,1,70,,47968,26,,,1,27,,47972,26,,,1,67,,47967,26,,,1,27,,47971,26,,,1,67,,47966,26,,,1,22,,47973,26,,,1,67,,47965,26,,,1,27,,47974,26,,,1,24,,47975,26,,,1,70,,47964,26,,,1,28,,47987,26,,,1,70,,47963,26,,,1,33,,47988,26,,,1,70,,47962,26,,,1,30,,47989,26,,,1,65,,47961,26,,,1,30,,47990,26,,,1
2500,'4',904,,47999,26,,,1,25,,48006,26,,,1,30,,48007,26,,,1,70,,48008,26,,,1,30,,48009,26,,,1,70,,48010,26,,,1,30,,48011,26,,,1,70,,48012,26,,,1,30,,48013,26,,,1,70,,48014,26,,,1,30,,48015,26,,,1,70,,48016,26,,,1,30,,48000,26,,,1,70,,47998,26,,,1,27,,48002,26,,,1,67,,47997,26,,,1,27,,48001,26,,,1,67,,47996,26,,,1,22,,48003,26,,,1,67,,47995,26,,,1,27,,48004,26,,,1,24,,48005,26,,,1,70,,47994,26,,,1,28,,48017,26,,,1,70,,47993,26,,,1,33,,48018,26,,,1,70,,47992,26,,,1,30,,48019,26,,,1,65,,47991,26,,,1,30,,48020,26,,,1
3401,'2',622,,49048,53,0,14,1,82,,49051,53,0,14,1,36,,49034,53,0,14,1,84,,49035,53,0,14,1,82,,49037,53,0,14,1,43,,49036,53,0,14,1,81,,49038,53,0,14,1,80,,49039,53,0,14,1,45,,49040,53,0,14,1,80,,49041,53,0,14,1,80,,49042,53,0,14,1,40,,49043,53,0,14,1,78,,49044,53,0,14,1,82,,49045,53,0,14,1,40,,49046,53,0,14,1,80,,49047,53,0,14,1,78,,49052,53,0,14,1,40,,49053,53,0,14,1,80,,49054,53,0,14,1,75,,49055,53,0,14,1,42,,49056,53,0,14,1,80,,49057,53,0,14,1,80,,49061,53,0,14,1,37,,49058,53,0,14,1,82,,49059,53,0,14,1,80,,49049,53,0,14,1,40,,49050,53,0,14,1,80,,49060,53,0,14,1
3401,'3',849,,49062,53,0,14,1,76,,49072,53,0,14,1,81,,49071,53,0,14,1,40,,49063,53,0,14,1,85,,49064,53,0,14,1,85,,49065,53,0,14,1,41,,49066,53,0,14,1,80,,49067,53,0,14,1,80,,49068,53,0,14,1,40,,49069,53,0,14,1,80,,49070,53,0,14,1,80,,49073,53,0,14,1,40,,49074,53,0,14,1,80,,49075,53,0,14,1,78,,49076,53,0,14,1,40,,49077,53,0,14,1,80,,49078,53,0,14,1,79,,49079,53,0,14,1,40,,49080,53,0,14,1,79,,49081,53,0,14,1,80,,49082,53,0,14,1,40,,49083,53,0,14,1,80,,49084,53,0,14,1
3401,'30',1146,,49085,53,0,14,1,80,,49086,53,0,14,1,80,,49087,53,0,14,1,40,,49088,53,0,14,1,80,,49089,53,0,14,1,80,,49090,53,0,14,1,40,,49091,53,0,14,1,80,,49092,53,0,14,1,78,,49093,53,0,14,1,40,,49094,53,0,14,1,80,,49095,53,0,14,1,80,,49096,53,0,14,1,40,,49097,53,0,14,1,80,,49098,53,0,14,1,80,,49099,53,0,14,1
3401,'4',1146,,49100,53,0,14,1,80,,49101,53,0,14,1,80,,49102,53,0,14,1,40,,49103,53,0,14,1,80,,49104,53,0,14,1,80,,49105,53,0,14,1,40,,49106,53,0,14,1,80,,49107,53,0,14,1,78,,49108,53,0,14,1,40,,49109,53,0,14,1,80,,49110,53,0,14,1,80,,49111,53,0,14,1,40,,49112,53,0,14,1,80,,49113,53,0,14,1,80,,49114,53,0,14,1
