1901,'2',631,4,47179,34,,,1,79,10,47180,34,,,1,27,10,47181,34,,,1,69,50,47182,34,,,1,29,4,47183,34,,,1,65,50,47184,34,,,1,27,10,47185,34,,,1,28,12,47186,34,,,1,67,12,47187,34,,,1,27,10,47188,34,,,1,67,10,47189,34,,,1,27,10,47190,34,,,1,67,10,47191,34,,,1,27,10,47192,34,,,1,65,47,47193,34,,,1,24,4,47194,34,,,1,27,6,47195,34,,,1,67,6,47196,34,,,1,31,9,47197,34,,,1,67,9,47198,34,,,1,30,9,47199,34,,,1,68,9,47200,34,,,1,28,8,47201,34,,,1,68,8,47202,34,,,1,28,8,47203,34,,,1,68,8,47204,34,,,1,28,8,47205,34,,,1,67,50,47206,34,,,1,27,10,47207,34,,,1,27,10,47208,34,,,1,67,10,47209,34,,,1,27,10,47210,34,,,1,67,10,47211,34,,,1,22,6,47212,34,,,1,67,6,47213,34,,,1,27,6,47214,34,,,1,76,55,47215,34,,,1,12,6,47216,34,,,1,85,6,47217,34,,,1
1901,'3',809,,47218,18,,,1,29,10,47220,34,,,1,73,7,47221,34,,,1,30,8,47222,34,,,1,72,8,47223,34,,,1,32,8,47224,34,,,1,72,8,47225,34,,,1,32,5,47226,34,,,1,72,5,47227,34,,,1,32,5,47228,34,,,1,72,5,47229,34,,,1,30,3,47230,34,,,1,67,3,47231,34,,,1,24,5,47232,34,,,1,67,12,47233,34,,,1,27,10,47234,34,,,1,67,5,47235,34,,,1,27,5,47236,34,,,1,67,45,47237,34,,,1,27,5,47238,34,,,1,9,3,47239,34,0,9 3 37,1,70,5,47240,34,,,1,33,5,47241,34,,,1,72,8,47242,34,,,1,32,12,47243,34,,,1,72,8,47244,34,,,1,32,8,47245,34,,,1,75,8,47246,34,,,1,30,9,47247,34,0,9 3 37,1,66,3,47248,34,0,9 3 37,1,15,,47219,34,0,9 3 37,1
1901,'30',847,8,47270,34,,,1,75,9,47250,34,,,1,35,9,47264,34,,,1,75,9,47251,34,,,1,74,48,47252,34,,,1,41,14,47253,34,,,1,79,16,47268,34,,,1,80,55,47254,34,,,1,40,15,47255,34,,,1,80,15,47256,34,,,1,80,55,47257,34,,,1,40,15,47265,34,,,1,80,15,47258,34,,,1,75,50,47259,34,,,1,34,9,47269,34,,,1,78,12,47260,34,,,1,35,11,47261,34,,,1,75,11,47266,34,,,1,25,,47267,34,0,9 3 37,1
1901,'4',847,8,47291,34,,,1,75,9,47271,34,,,1,35,9,47285,34,,,1,75,9,47272,34,,,1,74,48,47273,34,,,1,41,14,47274,34,,,1,79,16,47289,34,,,1,80,55,47275,34,,,1,40,15,47276,34,,,1,80,15,47277,34,,,1,80,55,47278,34,,,1,40,15,47286,34,,,1,80,15,47279,34,,,1,75,50,47280,34,,,1,34,9,47290,34,,,1,78,12,47281,34,,,1,35,11,47282,34,,,1,75,11,47287,34,,,1,25,,47288,34,0,9 3 37,1
3100,'11802',1627,,48511,24,4,,1,100,,48512,24,4,,1
3100,'2',631,,48513,24,4,,1,16,,48514,24,4,,1,75,,48515,24,4,,1,20,,48516,24,4,,1,60,,48517,24,4,,1,20,,48518,24,4,,1,20,,48519,24,4,,1,60,,48520,24,4,,1,19,,48521,24,4,,1,37,,48522,24,4,,1,60,,48523,24,4,,1,30,,48524,24,4,,1,70,,48525,24,4,,1,30,,48526,24,4,,1,72,,48527,24,4,,1,30,,48528,24,4,,1,70,,48529,24,4,,1,30,,48530,24,4,,1,66,,48531,24,4,,1,20,,48532,24,4,,1,12,,48533,24,4,,1,65,,48534,24,4,,1,20,,48535,24,4,,1,20,,48536,24,4,,1,60,,48537,24,4,,1,25,,48538,24,4,,1,20,,48539,24,4,,1,60,,48540,24,4,,1,20,,48541,24,4,,1,20,,48542,24,4,,1,57,,48543,24,4,,1,35,,48544,24,4,,1,60,,48545,24,4,,1,30,,48546,24,4,,1,70,,48547,24,4,,1,30,,48548,24,4,,1,70,,48549,24,4,,1,29,,48550,24,4,,1,70,,48551,24,4,,1,30,,48552,24,4,,1,70,,48553,24,4,,1,30,,48554,24,4,,1,70,,48555,24,4,,1,29,,48556,24,4,,1,64,,48557,24,4,,1
3100,'3',726,,48558,24,4,,1,23,,48559,24,4,,1,65,,48560,24,4,,1,25,,48561,24,4,,1,65,,48562,24,4,,1,25,,48563,24,4,,1,25,,48564,24,4,,1,65,,48565,24,4,,1,25,,48566,24,4,,1,65,,48567,24,4,,1,25,,48568,24,4,,1,25,,48569,24,4,,1,65,,48570,24,4,,1,27,,48571,24,4,,1,67,,48572,24,4,,1,27,,48573,24,4,,1,67,,48574,24,4,,1,27,,48575,24,4,,1,67,,48576,24,4,,1,27,,48577,24,4,,1,67,,48578,24,4,,1,27,,48579,24,4,,1,27,,48580,24,4,,1,65,,48581,24,4,,1,27,,48582,24,4,,1,67,,48583,24,4,,1,25,,48584,24,4,,1,65,,48585,24,4,,1,25,,48586,24,4,,1,25,,48587,24,4,,1,65,,48588,24,4,,1,25,,48589,24,4,,1,65,,48590,24,4,,1,24,,48591,24,4,,1,25,,48592,24,4,,1,65,,48593,24,4,,1,25,,48594,24,4,,1,65,,48595,24,4,,1,25,,48596,24,4,,1,65,,48597,24,4,,1,25,,48598,24,4,,1,25,,48599,24,4,,1
3100,'30',732,,48612,24,4,,1,21,,48600,24,4,,1,65,,48601,24,4,,1,25,,48602,24,4,,1,65,,48603,24,4,,1,26,,48604,24,4,,1,25,,48605,24,4,,1,65,,48606,24,4,,1,25,,48607,24,4,,1,65,,48608,24,4,,1,25,,48609,24,4,,1,65,,48610,24,4,,1,25,,48611,24,4,,1,25,,48613,24,4,,1,65,,48614,24,4,,1,25,,48615,24,4,,1,65,,48616,24,4,,1,25,,48617,24,4,,1,25,,48618,24,4,,1,65,,48619,24,4,,1,25,,48620,24,4,,1,65,,48621,24,4,,1,25,,48622,24,4,,1,65,,48623,24,4,,1,26,,48624,24,4,,1,25,,48625,24,4,,1,65,,48626,24,4,,1,25,,48627,24,4,,1,65,,48628,24,4,,1,25,,48629,24,4,,1,65,,48630,24,4,,1
3100,'4',732,,48643,24,4,,1,21,,48631,24,4,,1,65,,48632,24,4,,1,25,,48633,24,4,,1,65,,48634,24,4,,1,26,,48635,24,4,,1,25,,48636,24,4,,1,65,,48637,24,4,,1,25,,48638,24,4,,1,65,,48639,24,4,,1,25,,48640,24,4,,1,65,,48641,24,4,,1,25,,48642,24,4,,1,25,,48644,24,4,,1,65,,48645,24,4,,1,25,,48646,24,4,,1,65,,48647,24,4,,1,25,,48648,24,4,,1,25,,48649,24,4,,1,65,,48650,24,4,,1,25,,48651,24,4,,1,65,,48652,24,4,,1,25,,48653,24,4,,1,65,,48654,24,4,,1,26,,48655,24,4,,1,25,,48656,24,4,,1,65,,48657,24,4,,1,25,,48658,24,4,,1,65,,48659,24,4,,1,25,,48660,24,4,,1,65,,48661,24,4,,1
3101,'11802',900,,48662,1,,,1,734,,48663,1,,,1
3101,'2',601,,48664,1,,,1,34,,48665,1,,,1,17,,48666,1,,,1,60,,48667,1,,,1,20,,48668,1,,,1,20,,48669,1,,,1,60,,48670,1,,,1,20,,48671,1,,,1,16,,48672,1,,,1,65,,48673,1,,,1,20,,48674,1,,,1,70,,48675,1,,,1,30,,48676,1,,,1,70,,48677,1,,,1,30,,48678,1,,,1,70,,48679,1,,,1,30,,48680,1,,,1,70,,48681,1,,,1,26,,48682,1,,,1,27,,48683,1,,,1,65,,48684,1,,,1,20,,48685,1,,,1,60,,48686,1,,,1,20,,48687,1,,,1,21,,48688,1,,,1,60,,48689,1,,,1,20,,48690,1,,,1,20,,48691,1,,,1,60,,48692,1,,,1,20,,48693,1,,,1,22,,48694,1,,,1,60,,48695,1,,,1,18,,48696,1,,,1,32,,48697,1,,,1,68,,48698,1,,,1,30,,48699,1,,,1,70,,48700,1,,,1,32,,48701,1,,,1,70,,48702,1,,,1,30,,48703,1,,,1,70,,48704,1,,,1,30,,48705,1,,,1,70,,48706,1,,,1,30,,48707,1,,,1,65,,48708,1,,,1,23,,48709,1,,,1
3101,'3',708,,48710,1,,,1,25,,48711,1,,,1,25,,48712,1,,,1,65,,48713,1,,,1,25,,48714,1,,,1,65,,48715,1,,,1,25,,48716,1,,,1,64,,48717,1,,,1,25,,48718,1,,,1,25,,48719,1,,,1,65,,48720,1,,,1,25,,48721,1,,,1,66,,48722,1,,,1,27,,48723,1,,,1,67,,48724,1,,,1,27,,48725,1,,,1,26,,48726,1,,,1,67,,48727,1,,,1,27,,48728,1,,,1,67,,48729,1,,,1,27,,48730,1,,,1,67,,48731,1,,,1,25,,48732,1,,,1,67,,48733,1,,,1,27,,48734,1,,,1,27,,48735,1,,,1,65,,48736,1,,,1,25,,48737,1,,,1,65,,48738,1,,,1,25,,48739,1,,,1,65,,48740,1,,,1,25,,48741,1,,,1,26,,48742,1,,,1,66,,48743,1,,,1,25,,48744,1,,,1,65,,48745,1,,,1,25,,48746,1,,,1,25,,48747,1,,,1,65,,48748,1,,,1,25,,48749,1,,,1,65,,48750,1,,,1,25,,48751,1,,,1
3101,'30',713,,48763,1,,,1,25,,48752,1,,,1,65,,48753,1,,,1,25,,48754,1,,,1,25,,48755,1,,,1,65,,48756,1,,,1,25,,48757,1,,,1,65,,48758,1,,,1,25,,48759,1,,,1,25,,48760,1,,,1,65,,48761,1,,,1,25,,48762,1,,,1,65,,48764,1,,,1,25,,48765,1,,,1,65,,48766,1,,,1,25,,48767,1,,,1,25,,48768,1,,,1,65,,48769,1,,,1,25,,48770,1,,,1,65,,48771,1,,,1,25,,48772,1,,,1,25,,48773,1,,,1,65,,48774,1,,,1,25,,48775,1,,,1,65,,48776,1,,,1,25,,48777,1,,,1,65,,48778,1,,,1,25,,48779,1,,,1,25,,48780,1,,,1,65,,48781,1,,,1,25,,48782,1,,,1,67,,48783,1,,,1
3101,'4',713,,48795,1,,,1,25,,48784,1,,,1,65,,48785,1,,,1,25,,48786,1,,,1,25,,48787,1,,,1,65,,48788,1,,,1,25,,48789,1,,,1,65,,48790,1,,,1,25,,48791,1,,,1,25,,48792,1,,,1,65,,48793,1,,,1,25,,48794,1,,,1,65,,48796,1,,,1,25,,48797,1,,,1,65,,48798,1,,,1,25,,48799,1,,,1,25,,48800,1,,,1,65,,48801,1,,,1,25,,48802,1,,,1,65,,48803,1,,,1,25,,48804,1,,,1,25,,48805,1,,,1,65,,48806,1,,,1,25,,48807,1,,,1,65,,48808,1,,,1,25,,48809,1,,,1,65,,48810,1,,,1,25,,48811,1,,,1,25,,48812,1,,,1,65,,48813,1,,,1,25,,48814,1,,,1,67,,48815,1,,,1
