200,'11802',731,,42643,10,0,10 22 27,1,1022,,42642,49,0,10 23 20,1
200,'2',620,,42649,10,0,10 22 27,1,30,,42648,10,0,10 22 27,1,57,,42686,49,0,10 23 20,1,30,,42687,49,0,10 23 20,1,70,,42688,49,0,10 23 20,1,30,,42689,49,0,10 23 20,1,70,,42690,49,0,10 23 20,1,30,,42691,49,0,10 23 20,1,70,,42692,49,0,10 23 20,1,30,,42693,49,0,10 23 20,1,70,,42694,49,0,10 23 20,1,30,,42695,49,0,10 23 20,1,73,,42696,49,0,10 23 20,1,27,,42697,49,0,10 23 20,1,70,,42698,49,0,10 23 20,1,30,,42699,49,0,10 23 20,1,71,,42700,49,0,10 23 20,1,30,,42701,49,0,10 23 20,1,68,,42702,49,0,10 23 20,1,29,,42703,49,0,10 23 20,1,74,,42704,49,0,10 23 20,1,34,,42705,49,0,10 23 20,1,70,,42706,49,0,10 23 20,1,28,,42707,49,0,10 23 20,1,70,,42708,49,0,10 23 20,1,29,,42709,49,0,10 23 20,1,67,,42710,49,0,10 23 20,1,30,,42711,49,0,10 23 20,1,70,,42712,49,0,10 23 20,1,30,,42713,49,0,10 23 20,1,70,,42714,49,0,10 23 20,1,35,,42715,49,0,10 23 20,1,80,,42716,49,0,10 23 20,1,80,,42717,49,0,10 23 20,1,37,,42718,49,0,10 23 20,1,72,,42719,49,0,10 23 20,1,35,,42720,49,0,10 23 20,1
200,'3',624,,42724,10,0,10 22 27,1,94,,42726,49,0,10 23 20,1,32,,42727,10,0,10 22 27,1,65,,42729,10,0,10 22 27,1,20,,42731,49,0,10 23 20,1,70,,42733,49,0,10 23 20,1,30,,42735,49,0,10 23 20,1,65,,42737,49,0,10 23 20,1,31,,42739,49,0,10 23 20,1,70,,42741,49,0,10 23 20,1,25,,42743,49,0,10 23 20,1,25,,42745,49,0,10 23 20,1,71,,42747,49,0,10 23 20,1,30,,42749,49,0,10 23 20,1,65,,42761,49,0,10 23 20,1,25,,42762,49,0,10 23 20,1,70,,42763,49,0,10 23 20,1,29,,42764,49,0,10 23 20,1,70,,42765,49,0,10 23 20,1,30,,42766,49,0,10 23 20,1,60,,42767,49,0,10 23 20,1,30,,42768,49,0,10 23 20,1,70,,42769,49,0,10 23 20,1,30,,42770,49,0,10 23 20,1,70,,42771,49,0,10 23 20,1,31,,42773,49,0,10 23 20,1,70,,42774,49,0,10 23 20,1,30,,42775,49,0,10 23 20,1,70,,42776,49,0,10 23 20,1,30,,42777,49,0,10 23 20,1,70,,42778,49,0,10 23 20,1,43,,42788,49,0,10 23 20,1,100,,42789,49,0,10 23 20,1,99,,42722,49,0,10 23 20,1,100,,42792,49,0,10 23 20,1
200,'30',654,,42799,10,0,10 22 27,1,96,,42800,49,0,10 23 20,1,100,,42801,49,0,10 23 20,1,95,,42804,49,0,10 23 20,1,90,,42805,49,0,10 23 20,1,90,,42806,49,0,10 23 20,1,26,,42810,49,0,10 23 20,1,67,,42807,49,0,10 23 20,1,30,,42823,49,0,10 23 20,1,70,,42824,49,0,10 23 20,1,30,,42825,49,0,10 23 20,1,70,,42826,49,0,10 23 20,1,30,,42827,49,0,10 23 20,1,70,,42828,49,0,10 23 20,1,30,,42829,49,0,10 23 20,1,70,,42830,49,0,10 23 20,1,30,,42831,49,0,10 23 20,1,70,,42832,49,0,10 23 20,1,30,,42833,49,0,10 23 20,1,66,,42834,49,0,10 23 20,1,90,,42843,49,0,10 23 20,1,50,,42844,49,0,10 23 20,1,90,,42845,49,0,10 23 20,1,90,,42846,49,0,10 23 20,1,90,,42847,49,0,10 23 20,1,95,,42796,49,0,10 23 20,1
200,'4',654,,42853,10,0,10 22 27,1,96,,42854,49,0,10 23 20,1,100,,42855,49,0,10 23 20,1,95,,42858,49,0,10 23 20,1,90,,42859,49,0,10 23 20,1,90,,42860,49,0,10 23 20,1,26,,42864,49,0,10 23 20,1,67,,42861,49,0,10 23 20,1,30,,42877,49,0,10 23 20,1,70,,42878,49,0,10 23 20,1,30,,42879,49,0,10 23 20,1,70,,42880,49,0,10 23 20,1,30,,42881,49,0,10 23 20,1,70,,42882,49,0,10 23 20,1,30,,42883,49,0,10 23 20,1,70,,42884,49,0,10 23 20,1,30,,42885,49,0,10 23 20,1,70,,42886,49,0,10 23 20,1,30,,42887,49,0,10 23 20,1,66,,42888,49,0,10 23 20,1,90,,42897,49,0,10 23 20,1,50,,42898,49,0,10 23 20,1,90,,42899,49,0,10 23 20,1,90,,42900,49,0,10 23 20,1,90,,42901,49,0,10 23 20,1,95,,42850,49,0,10 23 20,1
301,'11802',1558,,43258,34,,,1,167,,43259,34,,,1
301,'2',613,,43260,34,,,1,96,,43261,34,,,1,30,,43262,34,,,1,73,,43263,34,,,1,27,,43264,34,,,1,70,,43265,34,,,1,28,,43266,34,,,1,70,,43267,34,,,1,30,,43268,34,,,1,70,,43269,34,,,1,30,,43270,34,,,1,70,,43271,34,,,1,32,,43272,34,,,1,70,,43273,34,,,1,30,,43274,34,,,1,71,,43275,34,,,1,33,,43276,34,,,1,70,,43277,34,,,1,30,,43278,34,,,1,70,,43279,34,,,1,30,,43280,34,,,1,70,,43281,34,,,1,30,,43282,34,,,1,69,,43283,34,,,1,26,,43284,34,,,1,68,,43288,34,,,1,30,,43289,34,,,1,70,,43290,34,,,1,30,,43291,34,,,1,70,,43292,34,,,1,28,,43293,34,,,1,66,,43294,34,,,1,30,,43295,34,,,1,70,,43296,34,,,1,30,,43297,34,,,1,19,,43285,34,,,1
301,'3',723,,43298,34,,,1,100,,43299,34,,,1,102,,43300,34,,,1,104,,43301,34,,,1,71,,43305,34,,,1,35,,43306,34,,,1,75,,43307,34,,,1,36,,43308,34,,,1,75,,43309,34,,,1,35,,43310,34,,,1,75,,43311,34,,,1,75,,43312,34,,,1,35,,43313,34,,,1,75,,43314,34,,,1,35,,43315,34,,,1,75,,43316,34,,,1,75,,43317,34,,,1,33,,43318,34,,,1,100,,43319,34,,,1,100,,43320,34,,,1,100,,43321,34,,,1,100,,43322,34,,,1,108,,43302,34,,,1
301,'30',942,,43323,34,,,1,87,,43324,34,,,1,87,,43325,34,,,1,87,,43326,34,,,1,48,,43327,34,,,1,87,,43328,34,,,1,87,,43329,34,,,1,87,,43330,34,,,1,47,,43331,34,,,1,87,,43332,34,,,1,87,,43333,34,,,1,87,,43334,34,,,1,87,,43335,34,,,1,107,,43336,34,,,1,100,,43337,34,,,1,99,,43338,34,,,1,100,,43339,34,,,1
301,'4',942,,43340,34,,,1,87,,43341,34,,,1,87,,43342,34,,,1,87,,43343,34,,,1,48,,43344,34,,,1,87,,43345,34,,,1,87,,43346,34,,,1,87,,43347,34,,,1,47,,43348,34,,,1,87,,43349,34,,,1,87,,43350,34,,,1,87,,43351,34,,,1,87,,43352,34,,,1,107,,43353,34,,,1,100,,43354,34,,,1,99,,43355,34,,,1,100,,43356,34,,,1
501,'2',652,,43812,73,0,10 23 20,1,73,,43813,77,0,13 36,1,30,,43814,73,0,10 23 20,1,70,,43815,77,0,13 36,1,32,,43816,73,0,10 23 20,1,66,,43826,77,0,13 36,1,30,,43817,73,0,10 23 20,1,70,,43827,77,0,13 36,1,30,,43818,73,0,10 23 20,1,70,,43828,77,0,13 36,1,30,,43819,73,0,10 23 20,1,72,,43829,77,0,13 36,1,30,,43820,73,0,10 23 20,1,70,,43830,77,0,13 36,1,30,,43821,73,0,10 23 20,1,74,,43831,77,0,13 36,1,30,,43822,73,0,10 23 20,1,70,,43832,77,0,13 36,1,30,,43823,73,0,10 23 20,1,70,,43833,77,0,13 36,1,30,,43824,73,0,10 23 20,1,70,,43834,77,0,13 36,1,72,,43825,73,0,10 23 20,1,26,,43835,77,0,13 36,1,30,,43836,73,0,10 23 20,1,78,,43841,73,0,10 23 20,1,70,,43842,73,0,10 23 20,1,30,,43843,73,0,10 23 20,1,70,,43844,73,0,10 23 20,1,26,,43845,73,0,10 23 20,1,69,,43846,73,0,10 23 20,1,30,,43847,73,0,10 23 20,1,24,,43848,73,0,10 23 20,1,71,,43849,73,0,10 23 20,1,98,,43850,73,0,10 23 20,1
501,'3',653,,43852,73,0,10 23 20,1,100,,43853,73,0,10 23 20,1,100,,43854,73,0,10 23 20,1,147,,43855,73,0,10 23 20,1,42,,43859,73,0,10 23 20,1,75,,43866,77,0,13 36,1,35,,43860,73,0,10 23 20,1,79,,43867,77,0,13 36,1,75,,43861,73,0,10 23 20,1,35,,43868,77,0,13 36,1,75,,43862,73,0,10 23 20,1,35,,43869,77,0,13 36,1,74,,43863,73,0,10 23 20,1,76,,43870,77,0,13 36,1,34,,43864,73,0,10 23 20,1,76,,43871,77,0,13 36,1,34,,43865,73,0,10 23 20,1,76,,43872,77,0,13 36,1,29,,43873,73,0,10 23 20,1,75,,43874,77,0,13 36,1,78,,43875,73,0,10 23 20,1,100,,43876,73,0,10 23 20,1,100,,43877,73,0,10 23 20,1,110,,43878,73,0,10 23 20,1,110,,43856,73,0,10 23 20,1
501,'30',919,,43880,73,0,10 23 20,1,87,,43881,73,0,10 23 20,1,47,,43882,73,0,10 23 20,1,87,,43883,73,0,10 23 20,1,88,,43884,73,0,10 23 20,1,87,,43885,73,0,10 23 20,1,87,,43886,73,0,10 23 20,1,47,,43887,73,0,10 23 20,1,87,,43888,73,0,10 23 20,1,87,,43889,73,0,10 23 20,1,87,,43890,73,0,10 23 20,1,47,,43891,73,0,10 23 20,1,87,,43892,73,0,10 23 20,1,100,,43893,73,0,10 23 20,1,100,,43894,73,0,10 23 20,1,95,,43895,73,0,10 23 20,1,92,,43896,73,0,10 23 20,1,88,,43897,73,0,10 23 20,1
501,'4',919,,43899,73,0,10 23 20,1,87,,43900,73,0,10 23 20,1,47,,43901,73,0,10 23 20,1,87,,43902,73,0,10 23 20,1,88,,43903,73,0,10 23 20,1,87,,43904,73,0,10 23 20,1,87,,43905,73,0,10 23 20,1,47,,43906,73,0,10 23 20,1,87,,43907,73,0,10 23 20,1,87,,43908,73,0,10 23 20,1,87,,43909,73,0,10 23 20,1,47,,43910,73,0,10 23 20,1,87,,43911,73,0,10 23 20,1,100,,43912,73,0,10 23 20,1,100,,43913,73,0,10 23 20,1,95,,43914,73,0,10 23 20,1,92,,43915,73,0,10 23 20,1,88,,43916,73,0,10 23 20,1
3800,'2',701,,49437,6,,,1,40,,49438,6,,,1,80,,49439,6,,,1,538,,49440,6,,,1,80,,49441,6,,,1,80,,49442,6,,,1,40,,49443,6,,,1,80,,49444,6,,,1,80,,49445,6,,,1,40,,49446,6,,,1,80,,49447,6,,,1,462,,49448,6,,,1,40,,49449,6,,,1
