400,'11802',1458,,43357,14,0,13 18 19 20,1,286,,43358,14,0,10 18 19 20,1
400,'2',619,,43385,14,0,13 18 19 20,1,39,,43384,14,0,10 18 19 20,1,55,,43383,14,0,13 18 19 20,1,15,,43382,14,0,10 18 19 20,1,15,,43381,14,0,13 18 19 20,1,15,,43380,14,0,10 18 19 20,1,55,,43379,14,0,13 18 19 20,1,15,,43378,14,0,10 18 19 20,1,15,,43377,14,0,13 18 19 20,1,61,,43376,14,0,10 18 19 20,1,20,,43375,14,0,13 18 19 20,1,20,,43374,14,0,10 18 19 20,1,60,,43373,14,0,13 18 19 20,1,20,,43372,14,0,10 18 19 20,1,20,,43371,14,0,13 18 19 20,1,60,,43370,14,0,10 18 19 20,1,20,,43369,14,0,13 18 19 20,1,20,,43368,14,0,10 18 19 20,1,60,,43367,14,0,13 18 19 20,1,20,,43366,14,0,10 18 19 20,1,20,,43365,14,0,13 18 19 20,1,60,,43364,14,0,10 18 19 20,1,20,,43363,14,0,13 18 19 20,1,17,,43362,14,0,10 18 19 20,1,14,,43387,14,0,13 18 19 20,1,50,,43388,14,0,10 18 19 20,1,15,,43396,14,0,13 18 19 20,1,15,,43389,14,0,10 18 19 20,1,15,,43397,14,0,13 18 19 20,1,55,,43390,14,0,10 18 19 20,1,15,,43398,14,0,13 18 19 20,1,15,,43391,14,0,10 18 19 20,1,14,,43399,14,0,13 18 19 20,1,53,,43392,14,0,10 18 19 20,1,15,,43400,14,0,13 18 19 20,1,10,,43393,14,0,10 18 19 20,1,15,,43401,14,0,13 18 19 20,1,15,,43394,14,0,10 18 19 20,1,50,,43402,14,0,13 18 19 20,1,15,,43395,14,0,10 18 19 20,1,10,,43403,14,0,13 18 19 20,1,23,,43404,14,0,10 18 19 20,1,61,,43405,14,0,13 18 19 20,1,15,,43409,14,0,10 18 19 20,1,20,,43406,14,0,13 18 19 20,1,60,,43410,14,0,10 18 19 20,1,20,,43407,14,0,13 18 19 20,1,20,,43411,14,0,10 18 19 20,1,60,,43408,14,0,13 18 19 20,1,17,,43412,14,0,10 18 19 20,1,15,,43413,14,0,13 18 19 20,1,66,,43416,14,0,10 18 19 20,1,30,,43414,14,0,13 18 19 20,1,70,,43417,14,0,10 18 19 20,1,30,,43415,14,0,13 18 19 20,1,71,,43418,14,0,10 18 19 20,1,40,,43419,14,0,13 18 19 20,1,99,,43420,14,0,13 18 19 20,1
400,'3',607,,43423,14,0,13 18 19 20,1,13,,43422,14,0,10 18 19 20,1,32,,43425,14,0,13 18 19 20,1,70,,43432,14,0,10 18 19 20,1,30,,43426,14,0,13 18 19 20,1,69,,43433,14,0,10 18 19 20,1,30,,43427,14,0,13 18 19 20,1,70,,43434,14,0,10 18 19 20,1,30,,43428,14,0,13 18 19 20,1,69,,43435,14,0,10 18 19 20,1,30,,43429,14,0,13 18 19 20,1,70,,43436,14,0,10 18 19 20,1,30,,43430,14,0,13 18 19 20,1,66,,43437,14,0,10 18 19 20,1,29,,43431,14,0,13 18 19 20,1,63,,43438,14,0,10 18 19 20,1,20,,43443,14,0,13 18 19 20,1,25,,43439,14,0,10 18 19 20,1,65,,43444,14,0,13 18 19 20,1,25,,43440,14,0,10 18 19 20,1,65,,43445,14,0,13 18 19 20,1,25,,43441,14,0,10 18 19 20,1,25,,43446,14,0,13 18 19 20,1,65,,43442,14,0,10 18 19 20,1,25,,43447,14,0,13 18 19 20,1,65,,43454,14,0,10 18 19 20,1,25,,43450,14,0,13 18 19 20,1,65,,43455,14,0,10 18 19 20,1,25,,43451,14,0,13 18 19 20,1,25,,43456,14,0,10 18 19 20,1,65,,43452,14,0,13 18 19 20,1,25,,43457,14,0,10 18 19 20,1,65,,43453,14,0,13 18 19 20,1,25,,43458,14,0,10 18 19 20,1,22,,43459,14,0,13 18 19 20,1,70,,43462,14,0,10 18 19 20,1,75,,43460,14,0,13 18 19 20,1,30,,43463,14,0,10 18 19 20,1,70,,43461,14,0,13 18 19 20,1,30,,43464,14,0,10 18 19 20,1,26,,43448,14,0,13 18 19 20,1,94,,43449,14,0,10 18 19 20,1
400,'30',650,,43495,14,0,13 18 19 20,1,82,,43496,14,0,10 18 19 20,1,80,,43497,14,0,13 18 19 20,1,43,,43467,14,0,10 18 19 20,1,75,,43468,14,0,13 18 19 20,1,25,,43469,14,0,10 18 19 20,1,70,,43470,14,0,13 18 19 20,1,30,,43471,14,0,10 18 19 20,1,70,,43472,14,0,13 18 19 20,1,30,,43473,14,0,10 18 19 20,1,66,,43474,14,0,13 18 19 20,1,30,,43475,14,0,10 18 19 20,1,70,,43476,14,0,13 18 19 20,1,30,,43477,14,0,10 18 19 20,1,70,,43478,14,0,13 18 19 20,1,30,,43479,14,0,10 18 19 20,1,70,,43480,14,0,13 18 19 20,1,30,,43481,14,0,10 18 19 20,1,70,,43482,14,0,13 18 19 20,1,30,,43483,14,0,10 18 19 20,1,70,,43484,14,0,13 18 19 20,1,30,,43485,14,0,10 18 19 20,1,72,,43486,14,0,13 18 19 20,1,30,,43487,14,0,10 18 19 20,1,70,,43488,14,0,13 18 19 20,1,30,,43489,14,0,10 18 19 20,1,70,,43490,14,0,13 18 19 20,1,30,,43491,14,0,10 18 19 20,1,70,,43492,14,0,13 18 19 20,1,30,,43493,14,0,10 18 19 20,1,66,,43494,14,0,13 18 19 20,1,29,,43465,14,0,10 18 19 20,1
400,'4',650,,43528,14,0,13 18 19 20,1,82,,43529,14,0,10 18 19 20,1,80,,43530,14,0,13 18 19 20,1,43,,43500,14,0,10 18 19 20,1,75,,43501,14,0,13 18 19 20,1,25,,43502,14,0,10 18 19 20,1,70,,43503,14,0,13 18 19 20,1,30,,43504,14,0,10 18 19 20,1,70,,43505,14,0,13 18 19 20,1,30,,43506,14,0,10 18 19 20,1,66,,43507,14,0,13 18 19 20,1,30,,43508,14,0,10 18 19 20,1,70,,43509,14,0,13 18 19 20,1,30,,43510,14,0,10 18 19 20,1,70,,43511,14,0,13 18 19 20,1,30,,43512,14,0,10 18 19 20,1,70,,43513,14,0,13 18 19 20,1,30,,43514,14,0,10 18 19 20,1,70,,43515,14,0,13 18 19 20,1,30,,43516,14,0,10 18 19 20,1,70,,43517,14,0,13 18 19 20,1,30,,43518,14,0,10 18 19 20,1,72,,43519,14,0,13 18 19 20,1,30,,43520,14,0,10 18 19 20,1,70,,43521,14,0,13 18 19 20,1,30,,43522,14,0,10 18 19 20,1,70,,43523,14,0,13 18 19 20,1,30,,43524,14,0,10 18 19 20,1,70,,43525,14,0,13 18 19 20,1,30,,43526,14,0,10 18 19 20,1,66,,43527,14,0,13 18 19 20,1,29,,43498,14,0,10 18 19 20,1
1701,'2',624,,46912,27,0,13 33,1,18,,46953,27,0,10 31,1,16,,46913,27,0,13 33,1,60,,46914,27,0,10 31,1,20,,46915,27,0,13 33,1,20,,46916,27,0,10 31,1,60,,46917,27,0,13 33,1,20,,46918,27,0,10 31,1,20,,46919,27,0,13 33,1,60,,46920,27,0,10 31,1,20,,46921,27,0,13 33,1,20,,46922,27,0,10 31,1,60,,46923,27,0,13 33,1,20,,46924,27,0,10 31,1,19,,46925,27,0,13 33,1,60,,46926,27,0,10 31,1,19,,46927,27,0,13 33,1,20,,46928,27,0,10 31,1,61,,46929,27,0,13 33,1,20,,46930,27,0,10 31,1,21,,46931,27,0,13 33,1,60,,46932,27,0,10 31,1,20,,46933,27,0,13 33,1,21,,46934,27,0,10 31,1,61,,46935,27,0,13 33,1,16,,46936,27,0,10 31,1,20,,46937,27,0,13 33,1,60,,46938,27,0,10 31,1,20,,46939,27,0,13 33,1,20,,46940,27,0,10 31,1,60,,46941,27,0,13 33,1,20,,46942,27,0,10 31,1,15,,46943,27,0,13 33,1,55,,46944,27,0,10 31,1,20,,46945,27,0,13 33,1,18,,46946,27,0,10 31,1,64,,46947,27,0,13 33,1,19,,46908,27,0,10 31,1,19,,46907,27,0,10 31,1,59,,46906,27,0,10 31,1,19,,46905,27,0,10 31,1,19,,46904,27,0,10 31,1,59,,46903,27,0,10 31,1,19,,46902,27,0,10 31,1,25,,46901,27,0,10 31,1,68,,46899,27,0,10 31,1,30,,46900,27,0,10 31,1,60,,46948,27,0,10 31,1,25,,46949,27,0,10 31,1,25,,46950,27,0,10 31,1,65,,46951,27,0,10 31,1,22,,46952,27,0,10 31,1,65,,46909,27,0,10 31,1,50,,46955,27,0,10 31,1
1701,'3',611,,46990,27,0,10 31,1,35,,46989,27,0,10 31,1,75,,46988,27,0,10 31,1,35,,46956,27,0,10 31,1,75,,46987,27,0,10 31,1,75,,46986,27,0,10 31,1,30,,46985,27,0,10 31,1,67,,46992,27,0,10 31,1,30,,46984,27,0,10 31,1,70,,46983,27,0,10 31,1,30,,46982,27,0,10 31,1,70,,46981,27,0,10 31,1,30,,46980,27,0,10 31,1,70,,46979,27,0,10 31,1,30,,46978,27,0,10 31,1,70,,46977,27,0,10 31,1,30,,46976,27,0,10 31,1,70,,46975,27,0,10 31,1,30,,46974,27,0,10 31,1,70,,46973,27,0,10 31,1,30,,46972,27,0,10 31,1,70,,46971,27,0,10 31,1,30,,46970,27,0,10 31,1,73,,46969,27,0,10 31,1,30,,46968,27,0,10 31,1,20,,46967,27,0,10 31,1,70,,46966,27,0,10 31,1,30,,46965,27,0,10 31,1,70,,46964,27,0,10 31,1,20,,46963,27,0,10 31,1,70,,46962,27,0,10 31,1,30,,46961,27,0,10 31,1,70,,46960,27,0,10 31,1,15,,46993,27,0,10 31,1,70,,46959,27,0,10 31,1,25,,46958,27,0,10 31,1,20,,46957,27,0,10 31,1,60,,46994,27,0,10 31,1,30,,46995,27,0,10 31,1
1701,'30',629,,47026,27,0,10 31,1,75,,47027,27,0,10 31,1,35,,47028,27,0,10 31,1,75,,47029,27,0,10 31,1,32,,46998,27,0,10 31,1,70,,46999,27,0,10 31,1,30,,47000,27,0,10 31,1,55,,47001,27,0,10 31,1,25,,47002,27,0,10 31,1,30,,47003,27,0,10 31,1,70,,47004,27,0,10 31,1,28,,47005,27,0,10 31,1,65,,47006,27,0,10 31,1,25,,47007,27,0,10 31,1,70,,47008,27,0,10 31,1,30,,47009,27,0,10 31,1,65,,47010,27,0,10 31,1,28,,47011,27,0,10 31,1,70,,47012,27,0,10 31,1,30,,47013,27,0,10 31,1,70,,47014,27,0,10 31,1,30,,47015,27,0,10 31,1,65,,47016,27,0,10 31,1,30,,47017,27,0,10 31,1,70,,47018,27,0,10 31,1,30,,47019,27,0,10 31,1,80,,47020,27,0,10 31,1,35,,47021,27,0,10 31,1,70,,47022,27,0,10 31,1,40,,47023,27,0,10 31,1,75,,47024,27,0,10 31,1,70,,47025,27,0,10 31,1,35,,46996,27,0,10 31,1,70,,46997,27,0,10 31,1
1701,'4',629,,47060,27,0,10 31,1,75,,47061,27,0,10 31,1,35,,47062,27,0,10 31,1,75,,47063,27,0,10 31,1,32,,47032,27,0,10 31,1,70,,47033,27,0,10 31,1,30,,47034,27,0,10 31,1,55,,47035,27,0,10 31,1,25,,47036,27,0,10 31,1,30,,47037,27,0,10 31,1,70,,47038,27,0,10 31,1,28,,47039,27,0,10 31,1,65,,47040,27,0,10 31,1,25,,47041,27,0,10 31,1,70,,47042,27,0,10 31,1,30,,47043,27,0,10 31,1,65,,47044,27,0,10 31,1,28,,47045,27,0,10 31,1,70,,47046,27,0,10 31,1,30,,47047,27,0,10 31,1,70,,47048,27,0,10 31,1,30,,47049,27,0,10 31,1,65,,47050,27,0,10 31,1,30,,47051,27,0,10 31,1,70,,47052,27,0,10 31,1,30,,47053,27,0,10 31,1,80,,47054,27,0,10 31,1,35,,47055,27,0,10 31,1,70,,47056,27,0,10 31,1,40,,47057,27,0,10 31,1,75,,47058,27,0,10 31,1,70,,47059,27,0,10 31,1,35,,47030,27,0,10 31,1,70,,47031,27,0,10 31,1
10401,'3302',738,,50511,14,,,1,70,,50512,14,,,1,32,,50513,14,,,1,72,,50514,14,,,1,30,,50515,14,,,1,70,,50516,14,,,1,29,,50517,14,,,1,71,,50518,14,,,1,28,,50519,14,,,1,74,,50520,14,,,1,27,,50521,14,,,1,72,,50522,14,,,1,24,,50523,14,,,1,69,,50524,14,,,1,28,,50525,14,,,1,72,,50526,14,,,1,29,,50527,14,,,1,70,,50528,14,,,1,30,,50529,14,,,1,73,,50530,14,,,1,31,,50531,14,,,1,70,,50532,14,,,1
10401,'3903',1012,,50549,14,,,1,21,,50535,14,,,1,70,,50536,14,,,1,27,,50537,14,,,1,70,,50538,14,,,1,20,,50539,14,,,1,30,,50540,14,,,1,65,,50541,14,,,1,29,,50542,14,,,1,68,,50543,14,,,1,31,,50544,14,,,1,70,,50545,14,,,1,30,,50546,14,,,1,69,,50547,14,,,1,30,,50548,14,,,1,70,,50534,14,,,1,30,,50533,14,,,1
