400,'11802',1450,,43357,1,0,13 18 19 20,1,285,,43358,1,0,10 18 19 20,1
400,'2',612,,43385,1,0,13 18 19 20,1,38,,43384,1,0,10 18 19 20,1,55,,43383,1,0,13 18 19 20,1,15,,43382,1,0,10 18 19 20,1,15,,43381,1,0,13 18 19 20,1,15,,43380,1,0,10 18 19 20,1,55,,43379,1,0,13 18 19 20,1,15,,43378,1,0,10 18 19 20,1,15,,43377,1,0,13 18 19 20,1,21,,43376,1,0,10 18 19 20,1,60,,43375,1,0,13 18 19 20,1,20,,43374,1,0,10 18 19 20,1,20,,43373,1,0,13 18 19 20,1,60,,43372,1,0,10 18 19 20,1,20,,43371,1,0,13 18 19 20,1,20,,43370,1,0,10 18 19 20,1,60,,43369,1,0,13 18 19 20,1,20,,43368,1,0,10 18 19 20,1,20,,43367,1,0,13 18 19 20,1,60,,43366,1,0,10 18 19 20,1,20,,43365,1,0,13 18 19 20,1,20,,43364,1,0,10 18 19 20,1,60,,43363,1,0,13 18 19 20,1,17,,43362,1,0,10 18 19 20,1,14,,43387,1,0,13 18 19 20,1,10,,43388,1,0,10 18 19 20,1,55,,43396,1,0,13 18 19 20,1,15,,43389,1,0,10 18 19 20,1,15,,43397,1,0,13 18 19 20,1,15,,43390,1,0,10 18 19 20,1,55,,43398,1,0,13 18 19 20,1,15,,43391,1,0,10 18 19 20,1,14,,43399,1,0,13 18 19 20,1,13,,43392,1,0,10 18 19 20,1,54,,43400,1,0,13 18 19 20,1,10,,43393,1,0,10 18 19 20,1,15,,43401,1,0,13 18 19 20,1,15,,43394,1,0,10 18 19 20,1,10,,43402,1,0,13 18 19 20,1,55,,43395,1,0,10 18 19 20,1,10,,43403,1,0,13 18 19 20,1,23,,43404,1,0,10 18 19 20,1,62,,43405,1,0,13 18 19 20,1,15,,43409,1,0,10 18 19 20,1,20,,43406,1,0,13 18 19 20,1,60,,43410,1,0,10 18 19 20,1,20,,43407,1,0,13 18 19 20,1,20,,43411,1,0,10 18 19 20,1,60,,43408,1,0,13 18 19 20,1,17,,43412,1,0,10 18 19 20,1,15,,43413,1,0,13 18 19 20,1,67,,43416,1,0,10 18 19 20,1,30,,43414,1,0,13 18 19 20,1,70,,43417,1,0,10 18 19 20,1,30,,43415,1,0,13 18 19 20,1,72,,43418,1,0,10 18 19 20,1,40,,43419,1,0,13 18 19 20,1,99,,43420,1,0,13 18 19 20,1
400,'3',601,,43423,1,0,13 18 19 20,1,13,,43422,1,0,10 18 19 20,1,32,,43425,1,0,13 18 19 20,1,70,,43432,1,0,10 18 19 20,1,30,,43426,1,0,13 18 19 20,1,68,,43433,1,0,10 18 19 20,1,30,,43427,1,0,13 18 19 20,1,70,,43434,1,0,10 18 19 20,1,30,,43428,1,0,13 18 19 20,1,68,,43435,1,0,10 18 19 20,1,30,,43429,1,0,13 18 19 20,1,70,,43436,1,0,10 18 19 20,1,30,,43430,1,0,13 18 19 20,1,67,,43437,1,0,10 18 19 20,1,29,,43431,1,0,13 18 19 20,1,63,,43438,1,0,10 18 19 20,1,20,,43443,1,0,13 18 19 20,1,25,,43439,1,0,10 18 19 20,1,64,,43444,1,0,13 18 19 20,1,25,,43440,1,0,10 18 19 20,1,65,,43445,1,0,13 18 19 20,1,25,,43441,1,0,10 18 19 20,1,25,,43446,1,0,13 18 19 20,1,65,,43442,1,0,10 18 19 20,1,25,,43447,1,0,13 18 19 20,1,65,,43454,1,0,10 18 19 20,1,25,,43450,1,0,13 18 19 20,1,25,,43455,1,0,10 18 19 20,1,65,,43451,1,0,13 18 19 20,1,25,,43456,1,0,10 18 19 20,1,65,,43452,1,0,13 18 19 20,1,25,,43457,1,0,10 18 19 20,1,65,,43453,1,0,13 18 19 20,1,25,,43458,1,0,10 18 19 20,1,23,,43459,1,0,13 18 19 20,1,70,,43462,1,0,10 18 19 20,1,35,,43460,1,0,13 18 19 20,1,70,,43463,1,0,10 18 19 20,1,30,,43461,1,0,13 18 19 20,1,70,,43464,1,0,10 18 19 20,1,27,,43448,1,0,13 18 19 20,1,94,,43449,1,0,10 18 19 20,1
400,'30',644,,43495,1,0,13 18 19 20,1,82,,43496,1,0,10 18 19 20,1,80,,43497,1,0,13 18 19 20,1,43,,43467,1,0,10 18 19 20,1,74,,43468,1,0,13 18 19 20,1,25,,43469,1,0,10 18 19 20,1,70,,43470,1,0,13 18 19 20,1,30,,43471,1,0,10 18 19 20,1,70,,43472,1,0,13 18 19 20,1,30,,43473,1,0,10 18 19 20,1,66,,43474,1,0,13 18 19 20,1,30,,43475,1,0,10 18 19 20,1,70,,43476,1,0,13 18 19 20,1,30,,43477,1,0,10 18 19 20,1,70,,43478,1,0,13 18 19 20,1,30,,43479,1,0,10 18 19 20,1,70,,43480,1,0,13 18 19 20,1,30,,43481,1,0,10 18 19 20,1,70,,43482,1,0,13 18 19 20,1,30,,43483,1,0,10 18 19 20,1,70,,43484,1,0,13 18 19 20,1,30,,43485,1,0,10 18 19 20,1,72,,43486,1,0,13 18 19 20,1,30,,43487,1,0,10 18 19 20,1,70,,43488,1,0,13 18 19 20,1,30,,43489,1,0,10 18 19 20,1,70,,43490,1,0,13 18 19 20,1,30,,43491,1,0,10 18 19 20,1,70,,43492,1,0,13 18 19 20,1,30,,43493,1,0,10 18 19 20,1,66,,43494,1,0,13 18 19 20,1,29,,43465,1,0,10 18 19 20,1
400,'4',644,,43528,1,0,13 18 19 20,1,82,,43529,1,0,10 18 19 20,1,80,,43530,1,0,13 18 19 20,1,43,,43500,1,0,10 18 19 20,1,74,,43501,1,0,13 18 19 20,1,25,,43502,1,0,10 18 19 20,1,70,,43503,1,0,13 18 19 20,1,30,,43504,1,0,10 18 19 20,1,70,,43505,1,0,13 18 19 20,1,30,,43506,1,0,10 18 19 20,1,66,,43507,1,0,13 18 19 20,1,30,,43508,1,0,10 18 19 20,1,70,,43509,1,0,13 18 19 20,1,30,,43510,1,0,10 18 19 20,1,70,,43511,1,0,13 18 19 20,1,30,,43512,1,0,10 18 19 20,1,70,,43513,1,0,13 18 19 20,1,30,,43514,1,0,10 18 19 20,1,70,,43515,1,0,13 18 19 20,1,30,,43516,1,0,10 18 19 20,1,70,,43517,1,0,13 18 19 20,1,30,,43518,1,0,10 18 19 20,1,72,,43519,1,0,13 18 19 20,1,30,,43520,1,0,10 18 19 20,1,70,,43521,1,0,13 18 19 20,1,30,,43522,1,0,10 18 19 20,1,70,,43523,1,0,13 18 19 20,1,30,,43524,1,0,10 18 19 20,1,70,,43525,1,0,13 18 19 20,1,30,,43526,1,0,10 18 19 20,1,66,,43527,1,0,13 18 19 20,1,29,,43498,1,0,10 18 19 20,1
401,'11802',733,,43532,59,4,,1,82,,43531,59,4,,1
401,'2',608,,43559,53,4,,1,36,,43558,59,4,,1,11,,43600,53,4,,1,65,,43561,2,4,,1,6,,43557,53,4,,1,15,,43556,59,4,,1,10,,43555,25,4,,1,57,,43554,53,4,,1,15,,43553,53,4,,1,15,,43552,59,4,,1,15,,43551,53,4,,1,55,,43550,59,4,,1,15,,43549,53,4,,1,15,,43548,59,4,,1,15,,43547,53,4,,1,55,,43546,59,4,,1,20,,43545,53,4,,1,20,,43544,59,4,,1,60,,43543,53,4,,1,20,,43542,59,4,,1,21,,43541,53,4,,1,61,,43540,59,4,,1,20,,43539,53,4,,1,20,,43538,59,4,,1,60,,43537,53,4,,1,20,,43536,59,4,,1,17,,43560,2,4,,1,3,,43535,53,4,,1,60,,43534,59,4,,1,17,,43577,2,4,,1,4,,43533,53,4,,1,15,,43562,59,4,,1,59,,43570,53,4,,1,15,,43563,59,4,,1,15,,43571,53,4,,1,15,,43564,59,4,,1,55,,43572,53,4,,1,13,,43578,2,4,,1,3,,43565,59,4,,1,15,,43573,53,4,,1,15,,43566,59,4,,1,55,,43574,53,4,,1,15,,43567,59,4,,1,15,,43575,53,4,,1,15,,43568,59,4,,1,55,,43576,53,4,,1,9,,43569,59,4,,1,17,,43579,53,4,,1,21,,43584,59,4,,1,60,,43580,53,4,,1,20,,43585,59,4,,1,20,,43581,53,4,,1,60,,43586,59,4,,1,20,,43582,53,4,,1,20,,43587,59,4,,1,68,,43583,53,4,,1,33,,43588,59,4,,1,70,,43591,53,4,,1,30,,43589,59,4,,1,70,,43592,53,4,,1,30,,43590,59,4,,1,70,,43593,53,4,,1,90,,43594,59,4,,1
401,'3',643,,43601,53,4,,1,70,,43602,59,4,,1,20,,43609,53,4,,1,70,,43603,59,4,,1,32,,43610,53,4,,1,70,,43604,59,4,,1,30,,43611,53,4,,1,70,,43605,59,4,,1,32,,43612,53,4,,1,70,,43606,59,4,,1,30,,43613,53,4,,1,70,,43607,59,4,,1,30,,43614,53,4,,1,64,,43626,2,4,,1,6,,43608,59,4,,1,26,,43615,53,4,,1,67,,43621,59,4,,1,26,,43616,53,4,,1,25,,43622,59,4,,1,65,,43617,53,4,,1,25,,43623,59,4,,1,65,,43618,53,4,,1,25,,43624,59,4,,1,25,,43619,53,4,,1,65,,43625,59,4,,1,25,,43620,53,4,,1,65,,43633,59,4,,1,25,,43629,53,4,,1,65,,43634,59,4,,1,25,,43630,53,4,,1,25,,43635,59,4,,1,65,,43631,53,4,,1,25,,43636,59,4,,1,65,,43632,53,4,,1,23,,43637,59,4,,1,17,,43638,53,4,,1,70,,43642,59,4,,1,30,,43639,53,4,,1,70,,43643,59,4,,1,30,,43640,53,4,,1,70,,43644,59,4,,1,28,,43641,53,4,,1,72,,43627,59,4,,1
401,'30',713,,43677,53,4,,1,45,,43676,59,4,,1,85,,43675,53,4,,1,87,,43646,59,4,,1,85,,43647,53,4,,1,30,,43648,59,4,,1,64,,43649,53,4,,1,30,,43650,59,4,,1,67,,43651,53,4,,1,31,,43652,59,4,,1,69,,43653,53,4,,1,32,,43654,59,4,,1,70,,43655,53,4,,1,30,,43656,59,4,,1,70,,43657,53,4,,1,30,,43658,59,4,,1,70,,43659,53,4,,1,30,,43660,59,4,,1,70,,43661,53,4,,1,29,,43662,59,4,,1,70,,43663,53,4,,1,30,,43664,59,4,,1,70,,43665,53,4,,1,30,,43666,59,4,,1,68,,43667,53,4,,1,32,,43668,59,4,,1,70,,43669,53,4,,1,32,,43670,59,4,,1,68,,43671,53,4,,1,29,,43672,59,4,,1,78,,43645,53,4,,1
401,'4',713,,43710,53,4,,1,45,,43709,59,4,,1,85,,43708,53,4,,1,87,,43679,59,4,,1,85,,43680,53,4,,1,30,,43681,59,4,,1,64,,43682,53,4,,1,30,,43683,59,4,,1,67,,43684,53,4,,1,31,,43685,59,4,,1,69,,43686,53,4,,1,32,,43687,59,4,,1,70,,43688,53,4,,1,30,,43689,59,4,,1,70,,43690,53,4,,1,30,,43691,59,4,,1,70,,43692,53,4,,1,30,,43693,59,4,,1,70,,43694,53,4,,1,29,,43695,59,4,,1,70,,43696,53,4,,1,30,,43697,59,4,,1,70,,43698,53,4,,1,30,,43699,59,4,,1,68,,43700,53,4,,1,32,,43701,59,4,,1,70,,43702,53,4,,1,32,,43703,59,4,,1,68,,43704,53,4,,1,29,,43705,59,4,,1,78,,43678,53,4,,1
1701,'11802',1455,,46898,14,4,,1,83,,46896,1,0,54 3 35,1,80,,46897,1,0,54 3 35,1
1701,'2',617,,46912,14,0,13 33,1,18,,46953,14,0,10 31,1,16,,46913,14,0,13 33,1,59,,46914,14,0,10 31,1,20,,46915,14,0,13 33,1,20,,46916,14,0,10 31,1,60,,46917,14,0,13 33,1,20,,46918,14,0,10 31,1,20,,46919,14,0,13 33,1,60,,46920,14,0,10 31,1,20,,46921,14,0,13 33,1,20,,46922,14,0,10 31,1,60,,46923,14,0,13 33,1,20,,46924,14,0,10 31,1,19,,46925,14,0,13 33,1,60,,46926,14,0,10 31,1,19,,46927,14,0,13 33,1,20,,46928,14,0,10 31,1,61,,46929,14,0,13 33,1,20,,46930,14,0,10 31,1,21,,46931,14,0,13 33,1,60,,46932,14,0,10 31,1,20,,46933,14,0,13 33,1,21,,46934,14,0,10 31,1,61,,46935,14,0,13 33,1,16,,46936,14,0,10 31,1,20,,46937,14,0,13 33,1,60,,46938,14,0,10 31,1,20,,46939,14,0,13 33,1,20,,46940,14,0,10 31,1,60,,46941,14,0,13 33,1,20,,46942,14,0,10 31,1,15,,46943,14,0,13 33,1,15,,46944,14,0,10 31,1,60,,46945,14,0,13 33,1,18,,46946,14,0,10 31,1,64,,46947,14,0,13 33,1,19,,46908,14,0,10 31,1,19,,46907,14,0,10 31,1,19,,46906,14,0,10 31,1,59,,46905,14,0,10 31,1,19,,46904,14,0,10 31,1,19,,46903,14,0,10 31,1,59,,46902,14,0,10 31,1,25,,46901,14,0,10 31,1,68,,46899,14,0,10 31,1,30,,46900,14,0,10 31,1,20,,46948,14,0,10 31,1,65,,46949,14,0,10 31,1,25,,46950,14,0,10 31,1,65,,46951,14,0,10 31,1,22,,46952,14,0,10 31,1,25,,46909,14,0,10 31,1,90,,46955,14,0,10 31,1
1701,'3',605,,46990,14,0,10 31,1,35,,46989,14,0,10 31,1,74,,46988,14,0,10 31,1,35,,46956,14,0,10 31,1,75,,46987,14,0,10 31,1,35,,46986,14,0,10 31,1,70,,46985,14,0,10 31,1,27,,46992,14,0,10 31,1,69,,46984,14,0,10 31,1,30,,46983,14,0,10 31,1,70,,46982,14,0,10 31,1,30,,46981,14,0,10 31,1,70,,46980,14,0,10 31,1,30,,46979,14,0,10 31,1,70,,46978,14,0,10 31,1,30,,46977,14,0,10 31,1,70,,46976,14,0,10 31,1,30,,46975,14,0,10 31,1,70,,46974,14,0,10 31,1,30,,46973,14,0,10 31,1,70,,46972,14,0,10 31,1,30,,46971,14,0,10 31,1,70,,46970,14,0,10 31,1,33,,46969,14,0,10 31,1,70,,46968,14,0,10 31,1,20,,46967,14,0,10 31,1,70,,46966,14,0,10 31,1,30,,46965,14,0,10 31,1,70,,46964,14,0,10 31,1,20,,46963,14,0,10 31,1,71,,46962,14,0,10 31,1,30,,46961,14,0,10 31,1,70,,46960,14,0,10 31,1,15,,46993,14,0,10 31,1,30,,46959,14,0,10 31,1,65,,46958,14,0,10 31,1,20,,46957,14,0,10 31,1,20,,46994,14,0,10 31,1,70,,46995,14,0,10 31,1
1701,'30',622,,47026,14,0,10 31,1,35,,47027,14,0,10 31,1,75,,47028,14,0,10 31,1,75,,47029,14,0,10 31,1,32,,46998,14,0,10 31,1,70,,46999,14,0,10 31,1,30,,47000,14,0,10 31,1,15,,47001,14,0,10 31,1,65,,47002,14,0,10 31,1,30,,47003,14,0,10 31,1,70,,47004,14,0,10 31,1,28,,47005,14,0,10 31,1,64,,47006,14,0,10 31,1,25,,47007,14,0,10 31,1,70,,47008,14,0,10 31,1,30,,47009,14,0,10 31,1,65,,47010,14,0,10 31,1,28,,47011,14,0,10 31,1,30,,47012,14,0,10 31,1,70,,47013,14,0,10 31,1,30,,47014,14,0,10 31,1,70,,47015,14,0,10 31,1,25,,47016,14,0,10 31,1,70,,47017,14,0,10 31,1,30,,47018,14,0,10 31,1,70,,47019,14,0,10 31,1,80,,47020,14,0,10 31,1,35,,47021,14,0,10 31,1,70,,47022,14,0,10 31,1,40,,47023,14,0,10 31,1,75,,47024,14,0,10 31,1,30,,47025,14,0,10 31,1,75,,46996,14,0,10 31,1,30,,46997,14,0,10 31,1
1701,'4',622,,47060,14,0,10 31,1,35,,47061,14,0,10 31,1,75,,47062,14,0,10 31,1,75,,47063,14,0,10 31,1,32,,47032,14,0,10 31,1,70,,47033,14,0,10 31,1,30,,47034,14,0,10 31,1,15,,47035,14,0,10 31,1,65,,47036,14,0,10 31,1,30,,47037,14,0,10 31,1,70,,47038,14,0,10 31,1,28,,47039,14,0,10 31,1,64,,47040,14,0,10 31,1,25,,47041,14,0,10 31,1,70,,47042,14,0,10 31,1,30,,47043,14,0,10 31,1,65,,47044,14,0,10 31,1,28,,47045,14,0,10 31,1,30,,47046,14,0,10 31,1,70,,47047,14,0,10 31,1,30,,47048,14,0,10 31,1,70,,47049,14,0,10 31,1,25,,47050,14,0,10 31,1,70,,47051,14,0,10 31,1,30,,47052,14,0,10 31,1,70,,47053,14,0,10 31,1,80,,47054,14,0,10 31,1,35,,47055,14,0,10 31,1,70,,47056,14,0,10 31,1,40,,47057,14,0,10 31,1,75,,47058,14,0,10 31,1,30,,47059,14,0,10 31,1,75,,47030,14,0,10 31,1,30,,47031,14,0,10 31,1
9101,'11802',809,,49773,4,,,1
9101,'2',725,,49774,1,,,1,17,,49775,4,,,1,17,,49776,4,,,1,57,,49777,4,,,1,17,,49778,4,,,1,17,,49779,4,,,1,57,,49780,4,,,1,17,,49781,4,,,1,17,,49782,4,,,1,17,,49783,4,,,1,57,,49784,4,,,1,17,,49785,4,,,1,17,,49786,4,,,1,57,,49787,4,,,1,17,,49788,4,,,1,17,,49789,4,,,1,17,,49790,4,,,1,57,,49791,4,,,1,17,,49792,4,,,1,17,,49793,4,,,1,57,,49794,4,,,1,17,,49795,4,,,1,17,,49796,4,,,1,16,,49797,4,,,1,57,,49798,4,,,1,17,,49799,4,,,1,17,,49800,4,,,1,57,,49801,4,,,1,17,,49802,4,,,1,17,,49803,4,,,1,17,,49804,4,,,1,57,,49805,4,,,1,17,,49806,4,,,1,18,,49807,4,,,1,57,,49808,4,,,1,17,,49809,4,,,1,17,,49810,4,,,1,17,,49811,4,,,1,57,,49812,4,,,1,17,,49813,4,,,1,17,,49814,4,,,1,57,,49815,4,,,1,17,,49816,4,,,1,17,,49817,4,,,1,14,,49818,4,,,1
9101,'3',1048,,49819,4,,,1,64,,49820,4,,,1,26,,49821,4,,,1,66,,49822,4,,,1,26,,49823,4,,,1,26,,49824,4,,,1,66,,49825,4,,,1,26,,49826,4,,,1,66,,49827,4,,,1,26,,49828,4,,,1,66,,49829,4,,,1,26,,49830,4,,,1,26,,49831,4,,,1,66,,49832,4,,,1,26,,49833,4,,,1,66,,49834,4,,,1,26,,49835,4,,,1,66,,49836,4,,,1,26,,49837,4,,,1,66,,49838,4,,,1,26,,49839,4,,,1,26,,49840,4,,,1,66,,49841,4,,,1,30,,49842,4,,,1
9101,'4',1149,,49861,4,,,1,66,,49843,4,,,1,26,,49844,4,,,1,66,,49845,4,,,1,26,,49846,4,,,1,26,,49847,4,,,1,66,,49848,4,,,1,26,,49849,4,,,1,66,,49850,4,,,1,26,,49851,4,,,1,66,,49852,4,,,1,26,,49853,4,,,1,66,,49854,4,,,1,26,,49855,4,,,1,26,,49856,4,,,1,66,,49857,4,,,1,27,,49858,4,,,1,66,,49859,4,,,1,29,,49860,4,,,1
10400,'3302',729,,50469,24,4,,1,27,,50470,24,4,,1,70,,50471,30,4,,1,30,,50472,30,4,,1,72,,50473,30,4,,1,30,,50474,30,4,,1,70,,50475,30,4,,1,30,,50476,30,4,,1,69,,50477,30,4,,1,31,,50478,30,4,,1,68,,50479,30,4,,1,32,,50480,30,4,,1,67,,50481,30,4,,1,32,,50482,30,4,,1,66,,50483,30,4,,1,29,,50484,30,4,,1,71,,50485,30,4,,1,32,,50486,30,4,,1,71,,50487,30,4,,1,30,,50488,30,4,,1,71,,50489,30,4,,1,73,,50490,30,4,,1,27,,50491,30,4,,1,26,,50492,30,4,,1
10400,'3903',1023,,50510,24,4,,1,29,,50495,30,4,,1,61,,50496,30,4,,1,30,,50497,30,4,,1,67,,50498,30,4,,1,31,,50499,30,4,,1,60,,50500,30,4,,1,30,,50501,30,4,,1,25,,50502,30,4,,1,71,,50503,30,4,,1,28,,50504,30,4,,1,71,,50505,30,4,,1,30,,50506,30,4,,1,70,,50507,30,4,,1,29,,50508,30,4,,1,70,,50509,30,4,,1,30,,50494,30,4,,1,70,,50493,30,4,,1
10401,'3302',730,,50511,1,,,1,70,,50512,1,,,1,32,,50513,1,,,1,72,,50514,1,,,1,30,,50515,1,,,1,70,,50516,1,,,1,29,,50517,1,,,1,71,,50518,1,,,1,28,,50519,1,,,1,74,,50520,1,,,1,27,,50521,1,,,1,72,,50522,1,,,1,24,,50523,1,,,1,29,,50524,1,,,1,67,,50525,1,,,1,32,,50526,1,,,1,69,,50527,1,,,1,30,,50528,1,,,1,70,,50529,1,,,1,33,,50530,1,,,1,71,,50531,1,,,1,71,,50532,1,,,1
10401,'3903',1005,,50549,1,,,1,21,,50535,1,,,1,30,,50536,1,,,1,67,,50537,1,,,1,29,,50538,1,,,1,60,,50539,1,,,1,30,,50540,1,,,1,65,,50541,1,,,1,29,,50542,1,,,1,68,,50543,1,,,1,31,,50544,1,,,1,70,,50545,1,,,1,30,,50546,1,,,1,69,,50547,1,,,1,30,,50548,1,,,1,70,,50534,1,,,1,30,,50533,1,,,1
