1000,'11802',655,,44877,21,0,18 19 20,1,181,,44878,21,0,18 19 20,1,611,,44879,21,0,18 19 20,1,185,,44880,21,0,18 19 20,1
1000,'2',533,,44882,6,,,1,15,,44883,6,,,1,55,,44884,21,,,1,15,,44885,6,,,1,15,,44893,21,,,1,15,,44894,6,,,1,55,,44892,21,,,1,15,,44895,6,,,1,15,,44886,21,,,1,16,,44932,21,,,1,57,,44887,21,,,1,14,,44933,21,,,1,15,,44891,21,,,1,18,,44890,21,,,1,75,,44888,21,,,1,30,,44899,21,,,1,70,,44898,21,,,1,30,,44897,21,,,1,70,,44896,21,,,1,30,,44903,21,,,1,56,,44904,6,,,1,15,,44902,21,,,1,24,,44936,6,,,1,6,,44901,21,,,1,65,,44900,21,,,1,25,,44937,6,,,1,10,,44906,21,,,1,60,,44905,21,,,1,20,,44934,21,,,1,15,,44907,21,,,1,55,,44935,21,,,1,15,,44908,21,,,1,16,,44915,21,,,1,14,,44909,21,,,1,56,,44910,21,,,1,16,,44911,21,,,1,14,,44912,21,,,1,16,,44913,21,,,1,55,,44938,21,,,1,15,,44914,21,,,1,18,,44939,21,0,18 19 20,1,15,,44916,21,,,1,58,,44917,21,,,1,34,,44918,21,,,1,76,,44919,21,,,1,76,,44920,21,,,1,29,,44921,21,,,1,70,,44922,21,,,1,35,,44923,21,,,1,78,,44924,21,,,1,33,,44925,21,,,1,70,,44926,21,,,1,35,,44927,21,,,1,75,,44928,21,,,1,30,,44929,21,,,1
1000,'3',549,,44944,6,,,1,75,,44941,6,,,1,31,,44942,21,,,1,75,,44943,21,,,1,73,,44945,21,,,1,30,,44946,21,,,1,15,,44947,21,,,1,70,,44948,21,,,1,29,,44949,21,,,1,70,,44950,21,,,1,30,,44951,21,,,1,70,,44952,21,,,1,30,,44953,21,,,1,69,,44954,21,,,1,30,,44955,21,,,1,70,,44956,21,,,1,29,,44957,21,,,1,71,,44958,21,,,1,30,,44959,21,,,1,65,,44960,21,,,1,20,,44961,21,,,1,70,,44962,21,,,1,30,,44963,21,,,1,70,,44964,21,,,1,30,,44965,21,,,1,72,,44966,21,,,1,25,,44967,21,,,1,30,,44968,21,,,1,70,,44969,21,,,1,30,,44970,21,,,1,70,,44971,21,,,1,27,,44975,21,,,1,65,,44976,21,,,1,25,,44977,21,,,1,65,,44978,21,,,1,25,,44979,21,,,1,70,,44980,21,,,1,30,,44981,21,,,1,92,,44982,21,,,1,16,,44972,21,0,18 19 20,1
1000,'30',641,,44983,6,,,1,74,,45019,21,,,1,20,,44984,21,,,1,75,,45018,21,,,1,20,,44985,21,,,1,28,,44986,21,,,1,70,,44987,21,,,1,30,,44988,21,,,1,65,,44989,21,,,1,25,,44990,21,,,1,65,,44991,21,,,1,25,,44992,21,,,1,69,,44993,21,,,1,30,,44994,21,,,1,70,,44995,21,,,1,30,,44996,21,,,1,70,,44997,21,,,1,30,,44998,21,,,1,70,,44999,21,,,1,30,,45000,21,,,1,70,,45001,21,,,1,30,,45002,21,,,1,71,,45005,21,,,1,30,,45006,21,,,1,70,,45007,21,,,1,30,,45008,21,,,1,70,,45009,21,,,1,26,,45010,21,,,1,70,,45011,21,,,1,30,,45012,21,,,1,70,,45013,21,,,1,30,,45014,21,,,1,70,,45015,21,,,1,34,,45016,21,,,1
1000,'4',641,,45020,6,,,1,74,,45056,21,,,1,20,,45021,21,,,1,75,,45055,21,,,1,20,,45022,21,,,1,28,,45023,21,,,1,70,,45024,21,,,1,30,,45025,21,,,1,65,,45026,21,,,1,25,,45027,21,,,1,65,,45028,21,,,1,25,,45029,21,,,1,69,,45030,21,,,1,30,,45031,21,,,1,70,,45032,21,,,1,30,,45033,21,,,1,70,,45034,21,,,1,30,,45035,21,,,1,70,,45036,21,,,1,30,,45037,21,,,1,70,,45038,21,,,1,30,,45039,21,,,1,71,,45042,21,,,1,30,,45043,21,,,1,70,,45044,21,,,1,30,,45045,21,,,1,70,,45046,21,,,1,26,,45047,21,,,1,70,,45048,21,,,1,30,,45049,21,,,1,70,,45050,21,,,1,30,,45051,21,,,1,70,,45052,21,,,1,34,,45053,21,,,1
2400,'11802',1513,,47672,10,,,1,139,2,47673,10,0,42 20,1
2400,'2',609,,47674,10,,,1,22,,47675,10,,,1,70,,47676,10,,,1,31,,47677,10,,,1,70,,47678,10,,,1,30,,47679,10,,,1,70,,47680,10,,,1,30,2,47681,10,,,1,70,2,47682,10,,,1,30,2,47683,10,,,1,70,2,47684,10,,,1,30,2,47685,10,,,1,70,2,47686,10,,,1,29,,47687,10,,,1,70,,47688,10,,,1,30,,47689,10,,,1,70,,47690,10,,,1,30,,47691,10,,,1,70,,47692,10,,,1,30,,47693,10,,,1,70,,47699,10,,,1,34,,47696,10,,,1,73,,47697,10,,,1,33,,47698,10,,,1,75,2,47700,10,,,1,33,2,47701,10,,,1,72,2,47702,10,,,1,30,2,47703,10,,,1,70,2,47704,10,,,1,30,2,47705,10,0,42 20,1
2400,'3',615,,47723,1,,,1,33,5,47722,10,,,1,80,5,47721,10,,,1,80,5,47707,10,,,1,40,5,47714,10,,,1,80,5,47708,10,,,1,80,5,47715,10,,,1,40,4,47709,10,,,1,77,3,47716,10,,,1,83,4,47710,10,,,1,39,5,47717,10,,,1,85,5,47711,10,,,1,86,5,47718,10,,,1,84,45,47712,10,,,1,46,5,47719,10,,,1,84,5,47713,10,,,1,86,5,47720,10,,,1,84,45,47724,10,,,1,40,5,47725,10,,,1,84,5,47726,10,,,1,80,5,47727,10,,,1
2400,'30',658,,47730,1,,,1,71,,47729,10,,,1,82,2,47731,10,,,1,42,,47732,10,,,1,80,,47733,10,,,1,80,,47734,10,,,1,40,,47735,10,,,1,80,,47736,10,,,1,82,3,47737,10,,,1,40,3,47738,10,,,1,80,3,47739,10,,,1,80,3,47740,10,,,1,40,3,47741,10,,,1,80,3,47742,10,,,1,80,3,47743,10,,,1,40,3,47744,10,,,1,82,5,47745,10,,,1,80,3,47746,10,,,1,40,3,47747,10,,,1,80,3,47748,10,,,1,80,3,47749,10,,,1
2400,'4',658,,47752,1,,,1,71,,47751,10,,,1,82,2,47753,10,,,1,42,,47754,10,,,1,80,,47755,10,,,1,80,,47756,10,,,1,40,,47757,10,,,1,80,,47758,10,,,1,82,3,47759,10,,,1,40,3,47760,10,,,1,80,3,47761,10,,,1,80,3,47762,10,,,1,40,3,47763,10,,,1,80,3,47764,10,,,1,80,3,47765,10,,,1,40,3,47766,10,,,1,82,5,47767,10,,,1,80,3,47768,10,,,1,40,3,47769,10,,,1,80,3,47770,10,,,1,80,3,47771,10,,,1
