200,'11802',1440,,42641,9,0,13 30,1,275,,42642,9,0,10 23 20,1
200,'2',622,,42650,9,0,13 30,1,16,,42686,9,0,10 23 20,1,15,,42651,9,0,13 30,1,55,,42687,9,0,10 23 20,1,15,,42652,9,0,13 30,1,15,,42688,9,0,10 23 20,1,15,,42653,9,0,13 30,1,55,,42689,9,0,10 23 20,1,15,,42654,9,0,13 30,1,15,,42690,9,0,10 23 20,1,15,,42655,9,0,13 30,1,55,,42691,9,0,10 23 20,1,15,,42656,9,0,13 30,1,15,,42692,9,0,10 23 20,1,15,,42657,9,0,13 30,1,55,,42693,9,0,10 23 20,1,15,,42658,9,0,13 30,1,15,,42694,9,0,10 23 20,1,15,,42659,9,0,13 30,1,55,,42695,9,0,10 23 20,1,15,,42660,9,0,13 30,1,15,,42696,9,0,10 23 20,1,12,,42661,9,0,13 30,1,55,,42697,9,0,10 23 20,1,15,,42662,9,0,13 30,1,15,,42698,9,0,10 23 20,1,15,,42663,9,0,13 30,1,55,,42699,9,0,10 23 20,1,15,,42664,9,0,13 30,1,15,,42700,9,0,10 23 20,1,15,,42665,9,0,13 30,1,55,,42701,9,0,10 23 20,1,15,,42666,9,0,13 30,1,13,,42702,9,0,10 23 20,1,14,,42667,9,0,13 30,1,55,,42703,9,0,10 23 20,1,15,,42668,9,0,13 30,1,14,,42704,9,0,10 23 20,1,19,,42669,9,0,13 30,1,55,,42705,9,0,10 23 20,1,15,,42670,9,0,13 30,1,15,,42706,9,0,10 23 20,1,15,,42671,9,0,13 30,1,53,,42707,9,0,10 23 20,1,19,,42672,9,0,13 30,1,11,,42708,9,0,10 23 20,1,23,,42673,9,0,13 30,1,55,,42709,9,0,10 23 20,1,15,,42674,9,0,13 30,1,12,,42710,9,0,10 23 20,1,15,,42675,9,0,13 30,1,55,,42711,9,0,10 23 20,1,15,,42676,9,0,13 30,1,15,,42712,9,0,10 23 20,1,15,,42677,9,0,13 30,1,55,,42713,9,0,10 23 20,1,10,,42678,9,0,13 30,1,24,,42714,9,0,10 23 20,1,12,,42679,9,0,13 30,1,63,,42715,9,0,10 23 20,1,17,,42680,9,0,13 30,1,23,,42716,9,0,10 23 20,1,57,,42681,9,0,13 30,1,23,,42717,9,0,10 23 20,1,20,,42682,9,0,13 30,1,57,,42718,9,0,10 23 20,1,15,,42683,9,0,13 30,1,20,,42719,9,0,10 23 20,1,55,,42684,9,0,13 30,1,20,,42720,9,0,10 23 20,1,20,,42685,9,0,13 30,1,74,,42721,9,0,45 3 21,1
200,'3',625,,42725,9,0,13 30,1,30,,42726,9,0,10 23 20,1,70,,42728,9,0,13 30,1,30,,42730,9,0,13 30,1,55,,42731,9,0,10 23 20,1,15,,42732,9,0,13 30,1,15,,42733,9,0,10 23 20,1,15,,42734,9,0,13 30,1,55,,42735,9,0,10 23 20,1,15,,42736,9,0,13 30,1,10,,42737,9,0,10 23 20,1,15,,42738,9,0,13 30,1,53,,42739,9,0,10 23 20,1,15,,42740,9,0,13 30,1,15,,42741,9,0,10 23 20,1,15,,42742,9,0,13 30,1,10,,42743,9,0,10 23 20,1,55,,42744,9,0,13 30,1,10,,42745,9,0,10 23 20,1,15,,42746,9,0,13 30,1,15,,42747,9,0,10 23 20,1,55,,42748,9,0,13 30,1,15,,42749,9,0,10 23 20,1,15,,42750,9,0,13 30,1,10,,42761,9,0,10 23 20,1,55,,42751,9,0,13 30,1,10,,42762,9,0,10 23 20,1,15,,42752,9,0,13 30,1,15,,42763,9,0,10 23 20,1,15,,42753,9,0,13 30,1,55,,42764,9,0,10 23 20,1,15,,42754,9,0,13 30,1,15,,42765,9,0,10 23 20,1,15,,42755,9,0,13 30,1,55,,42766,9,0,10 23 20,1,10,,42756,9,0,13 30,1,10,,42767,9,0,10 23 20,1,15,,42757,9,0,13 30,1,55,,42768,9,0,10 23 20,1,15,,42758,9,0,13 30,1,15,,42769,9,0,10 23 20,1,15,,42759,9,0,13 30,1,55,,42770,9,0,10 23 20,1,15,,42760,9,0,13 30,1,15,,42771,9,0,10 23 20,1,15,,42772,9,0,13 30,1,1,,42784,9,0,45 3 21,1,55,,42773,9,0,10 23 20,1,15,,42779,9,0,13 30,1,15,,42774,9,0,10 23 20,1,15,,42780,9,0,13 30,1,55,,42775,9,0,10 23 20,1,15,,42781,9,0,13 30,1,15,,42776,9,0,10 23 20,1,15,,42782,9,0,13 30,1,55,,42777,9,0,10 23 20,1,15,,42783,9,0,13 30,1,15,,42778,9,0,10 23 20,1,15,,42785,9,0,13 30,1,5,,42790,9,0,45 3 21,1,65,,42788,9,0,10 23 20,1,4,,42791,9,0,45 3 21,1,26,,42786,9,0,13 30,1,70,,42789,9,0,10 23 20,1,30,,42787,9,0,13 30,1,70,,42722,9,0,10 23 20,1,30,,42723,9,0,13 30,1,70,,42792,9,0,10 23 20,1,35,,42793,9,0,13 30,1,69,,42794,9,0,45 3 21,1
200,'30',655,,42797,9,0,13 30,1,70,,42800,9,0,10 23 20,1,30,,42802,9,0,13 30,1,70,,42801,9,0,10 23 20,1,30,,42803,9,0,13 30,1,65,,42804,9,0,10 23 20,1,25,,42808,9,0,13 30,1,65,,42805,9,0,10 23 20,1,25,,42809,9,0,13 30,1,65,,42806,9,0,10 23 20,1,25,,42810,9,0,10 23 20,1,24,,42807,9,0,10 23 20,1,55,,42811,9,0,13 30,1,15,,42823,9,0,10 23 20,1,15,,42812,9,0,13 30,1,15,,42824,9,0,10 23 20,1,55,,42813,9,0,13 30,1,15,,42825,9,0,10 23 20,1,15,,42814,9,0,13 30,1,15,,42826,9,0,10 23 20,1,55,,42815,9,0,13 30,1,15,,42827,9,0,10 23 20,1,15,,42816,9,0,13 30,1,15,,42828,9,0,10 23 20,1,55,,42817,9,0,13 30,1,15,,42829,9,0,10 23 20,1,15,,42818,9,0,13 30,1,15,,42830,9,0,10 23 20,1,55,,42819,9,0,13 30,1,15,,42831,9,0,10 23 20,1,15,,42820,9,0,13 30,1,15,,42832,9,0,10 23 20,1,55,,42821,9,0,13 30,1,15,,42833,9,0,10 23 20,1,15,,42822,9,0,13 30,1,15,,42834,9,0,10 23 20,1,65,,42837,9,0,13 30,1,5,,42848,9,0,45 3 21,1,20,,42843,9,0,10 23 20,1,65,,42838,9,0,13 30,1,25,,42844,9,0,10 23 20,1,25,,42839,9,0,13 30,1,65,,42845,9,0,10 23 20,1,25,,42840,9,0,13 30,1,65,,42846,9,0,10 23 20,1,25,,42841,9,0,13 30,1,25,,42847,9,0,10 23 20,1,65,,42842,9,0,13 30,1,30,,42796,9,0,10 23 20,1,70,,42795,9,0,45 3 21,1
200,'4',655,,42851,9,0,13 30,1,70,,42854,9,0,10 23 20,1,30,,42856,9,0,13 30,1,70,,42855,9,0,10 23 20,1,30,,42857,9,0,13 30,1,65,,42858,9,0,10 23 20,1,25,,42862,9,0,13 30,1,65,,42859,9,0,10 23 20,1,25,,42863,9,0,13 30,1,65,,42860,9,0,10 23 20,1,25,,42864,9,0,10 23 20,1,24,,42861,9,0,10 23 20,1,55,,42865,9,0,13 30,1,15,,42877,9,0,10 23 20,1,15,,42866,9,0,13 30,1,15,,42878,9,0,10 23 20,1,55,,42867,9,0,13 30,1,15,,42879,9,0,10 23 20,1,15,,42868,9,0,13 30,1,15,,42880,9,0,10 23 20,1,55,,42869,9,0,13 30,1,15,,42881,9,0,10 23 20,1,15,,42870,9,0,13 30,1,15,,42882,9,0,10 23 20,1,55,,42871,9,0,13 30,1,15,,42883,9,0,10 23 20,1,15,,42872,9,0,13 30,1,15,,42884,9,0,10 23 20,1,55,,42873,9,0,13 30,1,15,,42885,9,0,10 23 20,1,15,,42874,9,0,13 30,1,15,,42886,9,0,10 23 20,1,55,,42875,9,0,13 30,1,15,,42887,9,0,10 23 20,1,15,,42876,9,0,13 30,1,15,,42888,9,0,10 23 20,1,65,,42891,9,0,13 30,1,5,,42902,9,0,45 3 21,1,20,,42897,9,0,10 23 20,1,65,,42892,9,0,13 30,1,25,,42898,9,0,10 23 20,1,25,,42893,9,0,13 30,1,65,,42899,9,0,10 23 20,1,25,,42894,9,0,13 30,1,65,,42900,9,0,10 23 20,1,25,,42895,9,0,13 30,1,25,,42901,9,0,10 23 20,1,65,,42896,9,0,13 30,1,30,,42850,9,0,10 23 20,1,70,,42849,9,0,45 3 21,1
9301,'2',621,,50036,7,,,1,20,,50038,7,,,1,60,,50039,7,,,1,21,,50040,7,,,1,20,,50041,7,,,1,65,,50042,7,,,1,21,,50043,7,,,1,24,,50044,7,,,1,76,,50045,7,,,1,29,,50046,7,,,1,72,,50047,7,,,1,72,,50048,7,,,1,32,,50049,7,,,1,72,,50050,7,,,1,32,,50051,7,,,1,72,,50052,7,,,1,32,,50053,7,,,1,74,,50054,7,,,1,30,,50055,7,,,1,62,,50056,7,,,1,22,,50057,7,,,1,19,,50058,7,,,1,62,,50059,7,,,1,23,,50060,7,,,1,22,,50061,7,,,1,62,,50062,7,,,1,25,,50063,7,,,1,62,,50064,7,,,1,24,,50065,7,,,1,74,,50066,7,,,1,25,,50067,7,,,1,32,,50068,7,,,1,72,,50069,7,,,1,72,,50070,7,,,1,29,,50071,7,,,1,70,,50072,7,,,1,30,,50073,7,,,1,70,,50074,7,,,1,30,,50075,7,,,1,24,,50037,7,,,1
9301,'3',818,,50076,7,,,1,25,,50077,7,,,1,65,,50078,7,,,1,25,,50079,7,,,1,25,,50080,7,,,1,69,,50081,7,,,1,30,,50082,7,,,1,70,,50083,7,,,1,30,,50084,7,,,1,77,,50085,7,,,1,70,,50086,7,,,1,30,,50087,7,,,1,80,,50088,7,,,1,28,,50089,7,,,1,70,,50090,7,,,1,40,,50091,7,,,1,70,,50092,7,,,1,30,,50093,7,,,1,71,,50094,7,,,1,25,,50095,7,,,1,65,,50096,7,,,1,24,,50097,7,,,1,65,,50098,7,,,1,25,,50099,7,,,1,25,,50100,7,,,1,65,,50101,7,,,1,25,,50102,7,,,1,65,,50103,7,,,1,23,,50104,7,,,1,25,,50105,7,,,1,65,,50106,7,,,1,25,,50107,7,,,1,75,,50108,7,,,1,25,,50109,7,,,1,65,,50110,7,,,1
9301,'30',838,,50111,7,,,1,71,,50112,7,,,1,35,,50113,7,,,1,75,,50114,7,,,1,35,,50115,7,,,1,75,,50116,7,,,1,76,,50117,7,,,1,37,,50118,7,,,1,77,,50119,7,,,1,37,,50120,7,,,1,77,,50121,7,,,1,77,,50122,7,,,1,37,,50123,7,,,1,77,,50124,7,,,1,77,,50125,7,,,1,37,,50126,7,,,1,77,,50127,7,,,1,37,,50128,7,,,1,77,,50129,7,,,1,77,,50130,7,,,1,37,,50131,7,,,1,77,,50132,7,,,1,37,,50133,7,,,1,77,,50134,7,,,1
9301,'4',838,,50136,7,,,1,71,,50137,7,,,1,35,,50138,7,,,1,75,,50139,7,,,1,35,,50140,7,,,1,75,,50141,7,,,1,76,,50142,7,,,1,37,,50143,7,,,1,77,,50144,7,,,1,37,,50145,7,,,1,77,,50146,7,,,1,77,,50147,7,,,1,37,,50148,7,,,1,77,,50149,7,,,1,77,,50150,7,,,1,37,,50151,7,,,1,77,,50152,7,,,1,37,,50153,7,,,1,77,,50154,7,,,1,77,,50155,7,,,1,37,,50156,7,,,1,77,,50157,7,,,1,37,,50158,7,,,1,77,,50159,7,,,1
9400,'2',723,,50161,4,,,1,26,,50162,4,,,1,66,,50163,4,,,1,26,,50164,4,,,1,67,,50165,4,,,1,26,,50166,4,,,1,66,,50167,4,,,1,316,,50168,4,,,1,21,,50169,4,,,1,21,,50170,4,,,1,60,,50171,4,,,1,21,,50172,4,,,1,61,,50173,4,,,1,21,,50174,4,,,1,21,,50175,4,,,1,62,,50176,4,,,1,23,,50177,4,,,1,24,,50178,4,,,1,63,,50179,4,,,1,23,,50180,4,,,1,63,,50181,4,,,1
10601,'11802',852,,50671,9,,,1,689,,50669,9,,,1,90,,50670,9,,,1
10601,'3302',731,,50672,9,,,1,20,,50686,9,,,1,65,,50673,9,,,1,20,,50687,9,,,1,65,,50674,9,,,1,20,,50688,9,,,1,25,,50675,9,,,1,65,,50699,9,,,1,20,,50676,9,,,1,25,,50689,9,,,1,60,,50677,9,,,1,20,,50690,9,,,1,65,,50678,9,,,1,21,,50691,9,,,1,25,,50679,9,,,1,60,,50692,9,,,1,25,,50680,9,,,1,20,,50693,9,,,1,66,,50681,9,,,1,20,,50694,9,,,1,65,,50682,9,,,1,20,,50695,9,,,1,25,,50683,9,,,1,60,,50696,9,,,1,30,,50684,9,,,1,20,,50697,9,,,1,50,,50700,9,,,1,25,,50685,9,,,1,20,,50698,9,,,1,50,,50701,9,,,1,20,,50715,9,,,1,19,,50702,9,,,1,58,,50706,9,,,1,22,,50703,9,,,1,18,,50707,9,,,1,62,,50704,9,,,1,18,,50708,9,,,1,22,,50705,9,,,1,58,,50714,9,,,1,39,,50709,9,,,1,80,,50710,9,,,1,40,,50711,9,,,1,80,,50712,9,,,1,75,,50713,9,,,1
10601,'3602',741,,50716,9,,,1,60,,50730,9,,,1,25,,50717,9,,,1,20,,50731,9,,,1,65,,50718,9,,,1,20,,50732,9,,,1,25,,50719,9,,,1,65,,50733,9,,,1,20,,50720,9,,,1,65,,50734,9,,,1,20,,50721,9,,,1,20,,50735,9,,,1,66,,50722,9,,,1,20,,50736,9,,,1,25,,50723,9,,,1,60,,50737,9,,,1,25,,50724,9,,,1,60,,50738,9,,,1,26,,50725,9,,,1,20,,50739,9,,,1,65,,50726,9,,,1,20,,50740,9,,,1,25,,50727,9,,,1,65,,50741,9,,,1,25,,50728,9,,,1,75,,50742,9,,,1,20,,50729,9,,,1,70,,50750,9,,,1,20,,50743,9,,,1,18,,50744,9,,,1,60,,50745,9,,,1,21,,50746,9,,,1,18,,50747,9,,,1,62,,50748,9,,,1,18,,50751,9,,,1,20,,50749,9,,,1
10601,'3903',1129,,50752,9,,,1,86,,50753,9,,,1,40,,50754,9,,,1,80,,50755,9,,,1,81,,50756,9,,,1,85,,50757,9,,,1,45,,50758,9,,,1,90,,50759,9,,,1,90,,50760,9,,,1,84,,50761,9,,,1,40,,50762,9,,,1,80,,50763,9,,,1,80,,50764,9,,,1,40,,50765,9,,,1,79,,50766,9,,,1,80,,50767,9,,,1,40,,50768,9,,,1
10601,'6404',1129,,50769,9,,,1,86,,50770,9,,,1,40,,50771,9,,,1,80,,50772,9,,,1,81,,50773,9,,,1,85,,50774,9,,,1,45,,50775,9,,,1,90,,50776,9,,,1,90,,50777,9,,,1,84,,50778,9,,,1,40,,50779,9,,,1,80,,50780,9,,,1,80,,50781,9,,,1,40,,50782,9,,,1,79,,50783,9,,,1,80,,50784,9,,,1
