600,'2',609,,35275,28,,,1,28,,35274,28,,,1,81,,35276,28,,,1,25,,35277,28,,,1,60,,35278,28,,,1,25,,35279,28,,,1,25,,35280,28,,,1,66,,35281,28,,,1,30,,35282,28,,,1,70,,35283,28,,,1,25,,35284,28,,,1,70,,35285,28,,,1,30,,35286,28,,,1,70,,35287,28,,,1,25,,35288,28,,,1,70,,35289,28,,,1,30,,35290,28,,,1,70,,35291,28,,,1,30,,35292,28,,,1,65,,35293,28,,,1,30,,35294,28,,,1,25,,35295,28,,,1,71,,35296,28,,,1,70,,35297,28,,,1,30,,35298,28,,,1,70,,35299,28,,,1,23,,35300,28,,,1,25,,35301,28,,,1,65,,35302,28,,,1,25,,35303,28,,,1,65,,35304,28,,,1,25,,35305,28,,,1,24,,35306,28,,,1,64,,35307,28,,,1,25,,35308,28,,,1,65,,35309,28,,,1,25,,35310,28,,,1,25,,35311,28,,,1,65,,35312,28,,,1,25,,35313,28,,,1,67,,35314,28,,,1,25,,35315,28,,,1,69,,35316,28,,,1
600,'3',602,,35317,11,,,1,33,,35318,28,,,1,67,,35319,28,,,1,35,,35320,28,,,1,76,,35321,28,,,1,35,,35322,28,,,1,75,,35323,28,,,1,25,,35325,11,,,1,10,,35324,28,,,1,72,,35326,28,,,1,28,,35327,28,,,1,65,,35328,28,,,1,25,,35329,28,,,1,64,,35330,28,,,1,18,,35331,28,,,1,20,,35332,28,,,1,58,,35333,28,,,1,20,,35334,28,,,1,19,,35335,28,,,1,61,,35336,28,,,1,20,,35337,28,,,1,20,,35338,28,,,1,60,,35339,28,,,1,20,,35340,28,,,1,20,,35341,28,,,1,60,,35342,28,,,1,20,,35343,28,,,1,20,,35344,28,,,1,60,,35345,28,,,1,20,,35346,28,,,1,20,,35347,28,,,1,60,,35348,28,,,1,20,,35349,28,,,1,15,,35350,28,,,1,65,,35351,28,,,1,25,,35352,28,,,1,25,,35353,28,,,1,65,,35354,28,,,1,25,,35355,28,,,1,65,,35356,28,,,1,25,,35357,28,,,1,79,,35358,28,,,1,33,,35359,28,,,1,76,,35360,28,,,1,76,,35361,28,,,1,36,,35362,28,,,1,69,,35363,28,,,1
600,'30',857,,35364,11,,,1,68,,35365,11,,,1,75,,35366,28,,,1,35,,35367,28,,,1,75,,35368,28,,,1,35,,35369,28,,,1,70,,35370,11,,,1,15,,35371,28,,,1,74,,35372,28,,,1,25,,35373,28,,,1,25,,35374,28,,,1,65,,35375,28,,,1,25,,35376,28,,,1,65,,35377,28,,,1,25,,35378,28,,,1,25,,35379,28,,,1,65,,35380,28,,,1,25,,35381,28,,,1,65,,35382,28,,,1,26,,35383,28,,,1,63,,35384,28,,,1,25,,35385,28,,,1,77,,35386,28,,,1,35,,35387,28,,,1,75,,35388,28,,,1,35,,35389,28,,,1,75,,35390,28,,,1,75,,35391,28,,,1,33,,35392,28,,,1,74,,35393,28,,,1
600,'4',857,,35394,11,,,1,68,,35395,11,,,1,75,,35396,28,,,1,35,,35397,28,,,1,75,,35398,28,,,1,35,,35399,28,,,1,70,,35423,11,,,1,15,,35400,28,,,1,74,,35401,28,,,1,25,,35402,28,,,1,25,,35403,28,,,1,65,,35404,28,,,1,25,,35405,28,,,1,65,,35406,28,,,1,25,,35407,28,,,1,25,,35408,28,,,1,65,,35409,28,,,1,25,,35410,28,,,1,65,,35411,28,,,1,26,,35412,28,,,1,63,,35413,28,,,1,25,,35414,28,,,1,77,,35415,28,,,1,35,,35416,28,,,1,75,,35417,28,,,1,35,,35418,28,,,1,75,,35419,28,,,1,75,,35420,28,,,1,33,,35421,28,,,1,74,,35422,28,,,1
1301,'2',637,,37057,57,0,10 14 20,1,7,,37058,31,,,1,15,,37059,57,0,10 14 20,1,58,,37060,31,,,1,10,,37061,57,0,10 14 20,1,15,,37062,31,,,1,15,,37063,57,0,10 14 20,1,55,,37064,31,,,1,15,,37065,57,0,10 14 20,1,15,,37066,31,,,1,15,,37067,57,0,10 14 20,1,55,,37068,31,,,1,10,,37069,57,0,10 14 20,1,15,,37070,35,,,1,15,,37071,57,0,10 14 20,1,55,,37072,35,,,1,15,,37073,57,0,10 14 20,1,15,,37074,35,,,1,15,,37075,57,0,10 14 20,1,55,,37076,35,,,1,10,,37077,57,0,10 14 20,1,15,,37078,35,,,1,15,,37079,57,0,10 14 20,1,55,,37080,35,,,1,16,,37081,57,0,10 14 20,1,15,,37082,35,,,1,15,,37083,57,0,10 14 20,1,55,,37084,35,,,1,15,,37085,57,0,10 14 20,1,15,,37086,35,,,1,15,,37087,57,0,10 14 20,1,55,,37088,35,,,1,15,,37089,57,0,10 14 20,1,15,,37090,31,,,1,15,,37091,57,0,10 14 20,1,55,,37092,31,,,1,15,,37093,57,0,10 14 20,1,15,,37094,31,,,1,21,,37095,57,0,10 14 20,1,55,,37096,31,,,1,17,,37097,57,0,10 14 20,1,15,,37098,31,,,1,15,,37099,57,0,10 14 20,1,55,,37100,31,,,1,13,,37101,57,0,10 14 20,1,13,,37102,31,,,1,15,,37103,57,0,10 14 20,1,55,,37104,31,,,1,12,,37105,57,0,10 14 20,1,20,,37107,31,,,1,20,,37111,31,,,1,60,,37108,57,0,10 14 20,1,15,,37112,31,,,1,15,,37109,57,0,10 14 20,1,60,,37113,31,,,1,20,,37110,57,0,10 14 20,1,20,,37114,31,,,1,59,,37115,57,0,10 14 20,1,25,,37118,31,,,1,70,,37116,57,0,10 14 20,1,30,,37119,31,,,1,25,,37117,57,0,10 14 20,1,65,,37120,31,,,1,18,,37121,57,0,10 14 20,1,74,,37123,31,,,1,29,,37122,57,0,10 14 20,1,64,,37124,31,,,1
1301,'3',635,,37125,57,0,10 14 20,1,75,,37126,31,,,1,35,,37127,57,0,10 14 20,1,62,,37128,31,,,1,16,,37132,57,0,10 14 20,1,16,,37129,31,,,1,16,,37133,57,0,10 14 20,1,56,,37130,31,,,1,16,,37134,31,,,1,16,,37131,57,0,10 14 20,1,16,,37135,31,,,1,56,,37136,57,0,10 14 20,1,15,,37137,31,,,1,10,,37153,57,0,10 14 20,1,15,,37138,31,,,1,55,,37154,57,0,10 14 20,1,15,,37139,31,,,1,15,,37155,57,0,10 14 20,1,15,,37140,31,,,1,57,,37156,57,0,10 14 20,1,15,,37141,31,,,1,15,,37157,57,0,10 14 20,1,15,,37142,31,,,1,55,,37158,57,0,10 14 20,1,15,,37143,31,,,1,10,,37159,57,0,10 14 20,1,15,,37144,31,,,1,55,,37160,57,0,10 14 20,1,15,,37145,31,,,1,15,,37161,57,0,10 14 20,1,15,,37146,31,,,1,55,,37162,57,0,10 14 20,1,15,,37147,31,,,1,15,,37163,57,0,10 14 20,1,15,,37148,31,,,1,50,,37164,57,0,10 14 20,1,15,,37149,31,,,1,15,,37165,57,0,10 14 20,1,15,,37150,31,,,1,55,,37166,57,0,10 14 20,1,15,,37151,31,,,1,15,,37167,57,0,10 14 20,1,15,,37152,31,,,1,55,,37168,57,0,10 14 20,1,15,,37173,31,,,1,15,,37169,57,0,10 14 20,1,15,,37174,31,,,1,60,,37170,57,0,10 14 20,1,20,,37175,31,,,1,20,,37171,57,0,10 14 20,1,60,,37176,31,,,1,20,,37172,57,0,10 14 20,1,20,,37177,31,,,1,59,,37178,57,0,10 14 20,1,24,,37182,31,,,1,70,,37179,57,0,10 14 20,1,30,,37183,31,,,1,20,,37180,57,0,10 14 20,1,65,,37184,31,,,1,30,,37181,57,0,10 14 20,1,69,,37185,31,,,1,42,,37187,57,0,10 14 20,1,51,,37186,31,,,1
1301,'30',709,,37209,57,0,10 14 20,1,35,,37211,31,,,1,75,,37210,57,0,10 14 20,1,35,,37212,31,,,1,69,,37213,13,,,1,6,,37208,57,0,10 14 20,1,30,,37207,31,,,1,71,,37196,57,0,10 14 20,1,70,,37206,31,,,1,25,,37195,57,0,10 14 20,1,30,,37205,31,,,1,71,,37194,57,0,10 14 20,1,30,,37204,31,,,1,70,,37193,57,0,10 14 20,1,30,,37203,31,,,1,70,,37192,57,0,10 14 20,1,30,,37202,31,,,1,70,,37191,57,0,10 14 20,1,30,,37201,31,,,1,65,,37190,57,0,10 14 20,1,30,,37200,31,,,1,70,,37189,57,0,10 14 20,1,30,,37199,31,,,1,70,,37188,57,0,10 14 20,1,27,,37198,31,,,1,65,,37214,57,0,10 14 20,1,30,,37218,31,,,1,65,,37215,57,0,10 14 20,1,25,,37219,31,,,1,15,,37216,57,0,10 14 20,1,70,,37220,31,,,1,30,,37217,57,0,10 14 20,1,71,,37221,31,,,1,37,,37222,57,0,10 14 20,1,51,,37197,31,,,1
1301,'4',709,,37244,57,0,10 14 20,1,35,,37246,31,,,1,75,,37245,57,0,10 14 20,1,35,,37247,31,,,1,69,,37248,13,,,1,6,,37243,57,0,10 14 20,1,30,,37242,31,,,1,71,,37231,57,0,10 14 20,1,70,,37241,31,,,1,25,,37230,57,0,10 14 20,1,30,,37240,31,,,1,71,,37229,57,0,10 14 20,1,30,,37239,31,,,1,70,,37228,57,0,10 14 20,1,30,,37238,31,,,1,70,,37227,57,0,10 14 20,1,30,,37237,31,,,1,70,,37226,57,0,10 14 20,1,30,,37236,31,,,1,65,,37225,57,0,10 14 20,1,30,,37235,31,,,1,70,,37224,57,0,10 14 20,1,30,,37234,31,,,1,70,,37223,57,0,10 14 20,1,27,,37233,31,,,1,65,,37249,57,0,10 14 20,1,30,,37253,31,,,1,65,,37250,57,0,10 14 20,1,25,,37254,31,,,1,15,,37251,57,0,10 14 20,1,70,,37255,31,,,1,30,,37252,57,0,10 14 20,1,71,,37256,31,,,1,37,,37257,57,0,10 14 20,1,51,,37232,31,,,1
10600,'3302',713,,41852,13,,,1,20,,41867,13,,,1,21,,41853,13,,,1,60,,41868,13,,,1,25,,41854,13,,,1,20,,41869,13,,,1,66,,41855,13,,,1,20,,41870,13,,,1,65,,41856,13,,,1,25,,41871,13,,,1,20,,41857,13,,,1,65,,41872,13,,,1,20,,41858,13,,,1,60,,41873,13,,,1,25,,41859,13,,,1,21,,41874,13,,,1,65,,41860,13,,,1,20,,41875,13,,,1,25,,41861,13,,,1,60,,41876,13,,,1,26,,41862,13,,,1,60,,41877,13,,,1,25,,41863,13,,,1,20,,41878,13,,,1,65,,41864,13,,,1,22,,41879,13,,,1,70,,41865,13,,,1,20,,41880,13,,,1,10,,41882,13,,,1,25,,41866,13,,,1,57,,41881,13,,,1,10,,41883,13,,,1,20,,41888,13,,,1,59,,41884,13,,,1,18,,41889,13,,,1,22,,41885,13,,,1,58,,41890,13,,,1,22,,41886,13,,,1,18,,41891,13,,,1,62,,41887,13,,,1,17,,41892,13,,,1,78,,41893,13,,,1,41,,41894,13,,,1,80,,41895,13,,,1,80,,41896,13,,,1
10600,'3602',723,,41897,13,,,1,20,,41912,13,,,1,61,,41898,13,,,1,20,,41913,13,,,1,25,,41899,13,,,1,60,,41914,13,,,1,26,,41900,13,,,1,20,,41915,13,,,1,65,,41901,13,,,1,25,,41916,13,,,1,60,,41902,13,,,1,25,,41917,13,,,1,20,,41903,13,,,1,60,,41918,13,,,1,26,,41904,13,,,1,20,,41919,13,,,1,65,,41905,13,,,1,20,,41920,13,,,1,65,,41906,13,,,1,20,,41921,13,,,1,26,,41907,13,,,1,60,,41922,13,,,1,25,,41908,13,,,1,20,,41923,13,,,1,67,,41909,13,,,1,25,,41924,13,,,1,65,,41910,13,,,1,35,,41925,13,,,1,60,,41911,13,,,1,27,,41926,13,,,1,20,,41927,13,,,1,58,,41928,13,,,1,20,,41929,13,,,1,21,,41930,13,,,1,58,,41931,13,,,1,22,,41932,13,,,1,18,,41933,13,,,1
10600,'3903',1112,,41934,13,,,1,41,,41935,13,,,1,86,,41936,13,,,1,80,,41937,13,,,1,40,,41938,13,,,1,81,,41939,13,,,1,85,,41940,13,,,1,85,,41941,13,,,1,92,,41942,13,,,1,50,,41943,13,,,1,81,,41944,13,,,1,80,,41945,13,,,1,40,,41946,13,,,1,80,,41947,13,,,1,79,,41948,13,,,1,39,,41949,13,,,1,80,,41950,13,,,1
10600,'6404',1112,,41951,13,,,1,41,,41952,13,,,1,86,,41953,13,,,1,80,,41954,13,,,1,40,,41955,13,,,1,81,,41956,13,,,1,85,,41957,13,,,1,85,,41958,13,,,1,92,,41959,13,,,1,50,,41960,13,,,1,81,,41961,13,,,1,80,,41962,13,,,1,40,,41963,13,,,1,80,,41964,13,,,1,79,,41965,13,,,1,39,,41966,13,,,1
