3100,'11802',1600,,48511,1,,,1,100,,48512,1,,,1
3100,'2',610,,48513,1,,,1,16,,48514,1,,,1,74,,48515,1,,,1,20,,48516,1,,,1,20,,48517,1,,,1,60,,48518,1,,,1,20,,48519,1,,,1,20,,48520,1,,,1,61,,48521,1,,,1,37,,48522,1,,,1,20,,48523,1,,,1,70,,48524,1,,,1,30,,48525,1,,,1,70,,48526,1,,,1,30,,48527,1,,,1,70,,48528,1,,,1,30,,48529,1,,,1,70,,48530,1,,,1,26,,48531,1,,,1,58,,48532,1,,,1,12,,48533,1,,,1,25,,48534,1,,,1,60,,48535,1,,,1,20,,48536,1,,,1,20,,48537,1,,,1,62,,48538,1,,,1,20,,48539,1,,,1,20,,48540,1,,,1,60,,48541,1,,,1,20,,48542,1,,,1,21,,48543,1,,,1,77,,48544,1,,,1,18,,48545,1,,,1,70,,48546,1,,,1,30,,48547,1,,,1,70,,48548,1,,,1,30,,48549,1,,,1,70,,48550,1,,,1,30,,48551,1,,,1,70,,48552,1,,,1,30,,48553,1,,,1,70,,48554,1,,,1,30,,48555,1,,,1,71,,48556,1,,,1,24,,48557,1,,,1
3100,'3',707,,48558,1,,,1,23,,48559,1,,,1,25,,48560,1,,,1,65,,48561,1,,,1,25,,48562,1,,,1,65,,48563,1,,,1,25,,48564,1,,,1,65,,48565,1,,,1,25,,48566,1,,,1,25,,48567,1,,,1,65,,48568,1,,,1,25,,48569,1,,,1,65,,48570,1,,,1,27,,48571,1,,,1,27,,48572,1,,,1,67,,48573,1,,,1,27,,48574,1,,,1,66,,48575,1,,,1,27,,48576,1,,,1,67,,48577,1,,,1,27,,48578,1,,,1,67,,48579,1,,,1,27,,48580,1,,,1,25,,48581,1,,,1,67,,48582,1,,,1,28,,48583,1,,,1,65,,48584,1,,,1,25,,48585,1,,,1,65,,48586,1,,,1,25,,48587,1,,,1,25,,48588,1,,,1,65,,48589,1,,,1,25,,48590,1,,,1,65,,48591,1,,,1,25,,48592,1,,,1,65,,48593,1,,,1,25,,48594,1,,,1,25,,48595,1,,,1,65,,48596,1,,,1,25,,48597,1,,,1,65,,48598,1,,,1,25,,48599,1,,,1
3100,'30',714,,48612,1,,,1,21,,48600,1,,,1,65,,48601,1,,,1,25,,48602,1,,,1,25,,48603,1,,,1,65,,48604,1,,,1,25,,48605,1,,,1,65,,48606,1,,,1,25,,48607,1,,,1,25,,48608,1,,,1,65,,48609,1,,,1,25,,48610,1,,,1,65,,48611,1,,,1,25,,48613,1,,,1,65,,48614,1,,,1,25,,48615,1,,,1,25,,48616,1,,,1,65,,48617,1,,,1,25,,48618,1,,,1,65,,48619,1,,,1,25,,48620,1,,,1,25,,48621,1,,,1,65,,48622,1,,,1,25,,48623,1,,,1,65,,48624,1,,,1,25,,48625,1,,,1,65,,48626,1,,,1,25,,48627,1,,,1,25,,48628,1,,,1,65,,48629,1,,,1,25,,48630,1,,,1
3100,'4',714,,48643,1,,,1,21,,48631,1,,,1,65,,48632,1,,,1,25,,48633,1,,,1,25,,48634,1,,,1,65,,48635,1,,,1,25,,48636,1,,,1,65,,48637,1,,,1,25,,48638,1,,,1,25,,48639,1,,,1,65,,48640,1,,,1,25,,48641,1,,,1,65,,48642,1,,,1,25,,48644,1,,,1,65,,48645,1,,,1,25,,48646,1,,,1,25,,48647,1,,,1,65,,48648,1,,,1,25,,48649,1,,,1,65,,48650,1,,,1,25,,48651,1,,,1,25,,48652,1,,,1,65,,48653,1,,,1,25,,48654,1,,,1,65,,48655,1,,,1,25,,48656,1,,,1,65,,48657,1,,,1,25,,48658,1,,,1,25,,48659,1,,,1,65,,48660,1,,,1,25,,48661,1,,,1
3101,'11802',922,,48662,23,4,,1,778,,48663,23,4,,1
3101,'2',623,,48664,23,4,,1,34,,48665,23,4,,1,60,,48666,23,4,,1,20,,48667,23,4,,1,20,,48668,23,4,,1,60,,48669,23,4,,1,20,,48670,23,4,,1,20,,48671,23,4,,1,53,,48672,23,4,,1,25,,48673,23,4,,1,20,,48674,23,4,,1,70,,48675,23,4,,1,30,,48676,23,4,,1,70,,48677,23,4,,1,30,,48678,23,4,,1,70,,48679,23,4,,1,30,,48680,23,4,,1,70,,48681,23,4,,1,26,,48682,23,4,,1,70,,48683,23,4,,1,25,,48684,23,4,,1,60,,48685,23,4,,1,20,,48686,23,4,,1,20,,48687,23,4,,1,62,,48688,23,4,,1,20,,48689,23,4,,1,20,,48690,23,4,,1,60,,48691,23,4,,1,20,,48692,23,4,,1,20,,48693,23,4,,1,58,,48694,23,4,,1,20,,48695,23,4,,1,18,,48696,23,4,,1,70,,48697,23,4,,1,30,,48698,23,4,,1,70,,48699,23,4,,1,30,,48700,23,4,,1,70,,48701,23,4,,1,30,,48702,23,4,,1,70,,48703,23,4,,1,30,,48704,23,4,,1,70,,48705,23,4,,1,30,,48706,23,4,,1,70,,48707,23,4,,1,25,,48708,23,4,,1,61,,48709,23,4,,1
3101,'3',727,,48710,23,4,,1,25,,48711,23,4,,1,65,,48712,23,4,,1,25,,48713,23,4,,1,65,,48714,23,4,,1,25,,48715,23,4,,1,25,,48716,23,4,,1,65,,48717,23,4,,1,25,,48718,23,4,,1,65,,48719,23,4,,1,25,,48720,23,4,,1,65,,48721,23,4,,1,27,,48722,23,4,,1,27,,48723,23,4,,1,67,,48724,23,4,,1,27,,48725,23,4,,1,66,,48726,23,4,,1,27,,48727,23,4,,1,67,,48728,23,4,,1,27,,48729,23,4,,1,67,,48730,23,4,,1,27,,48731,23,4,,1,25,,48732,23,4,,1,67,,48733,23,4,,1,27,,48734,23,4,,1,66,,48735,23,4,,1,25,,48736,23,4,,1,65,,48737,23,4,,1,25,,48738,23,4,,1,25,,48739,23,4,,1,65,,48740,23,4,,1,25,,48741,23,4,,1,64,,48742,23,4,,1,26,,48743,23,4,,1,65,,48744,23,4,,1,25,,48745,23,4,,1,25,,48746,23,4,,1,65,,48747,23,4,,1,25,,48748,23,4,,1,65,,48749,23,4,,1,25,,48750,23,4,,1,25,,48751,23,4,,1
3101,'30',732,,48763,23,4,,1,25,,48752,23,4,,1,65,,48753,23,4,,1,25,,48754,23,4,,1,65,,48755,23,4,,1,25,,48756,23,4,,1,65,,48757,23,4,,1,25,,48758,23,4,,1,25,,48759,23,4,,1,65,,48760,23,4,,1,25,,48761,23,4,,1,66,,48762,23,4,,1,25,,48764,23,4,,1,25,,48765,23,4,,1,65,,48766,23,4,,1,25,,48767,23,4,,1,65,,48768,23,4,,1,25,,48769,23,4,,1,65,,48770,23,4,,1,25,,48771,23,4,,1,25,,48772,23,4,,1,65,,48773,23,4,,1,25,,48774,23,4,,1,65,,48775,23,4,,1,25,,48776,23,4,,1,25,,48777,23,4,,1,65,,48778,23,4,,1,25,,48779,23,4,,1,65,,48780,23,4,,1,25,,48781,23,4,,1,65,,48782,23,4,,1,27,,48783,23,4,,1
3101,'4',732,,48795,23,4,,1,25,,48784,23,4,,1,65,,48785,23,4,,1,25,,48786,23,4,,1,65,,48787,23,4,,1,25,,48788,23,4,,1,65,,48789,23,4,,1,25,,48790,23,4,,1,25,,48791,23,4,,1,65,,48792,23,4,,1,25,,48793,23,4,,1,66,,48794,23,4,,1,25,,48796,23,4,,1,25,,48797,23,4,,1,65,,48798,23,4,,1,25,,48799,23,4,,1,65,,48800,23,4,,1,25,,48801,23,4,,1,65,,48802,23,4,,1,25,,48803,23,4,,1,25,,48804,23,4,,1,65,,48805,23,4,,1,25,,48806,23,4,,1,65,,48807,23,4,,1,25,,48808,23,4,,1,25,,48809,23,4,,1,65,,48810,23,4,,1,25,,48811,23,4,,1,65,,48812,23,4,,1,25,,48813,23,4,,1,65,,48814,23,4,,1,27,,48815,23,4,,1
3300,'2',719,,48819,1,,,1,13,,48820,1,,,1,13,,48821,1,,,1,13,,48822,1,,,1,53,,48823,1,,,1,13,,48824,1,,,1,13,,48825,1,,,1,13,,48826,1,,,1,53,,48827,1,,,1,13,,48828,1,,,1,11,,48829,1,,,1,13,,48830,1,,,1,13,,48831,1,,,1,53,,48832,1,,,1,13,,48833,1,,,1,13,,48834,1,,,1,13,,48835,1,,,1,13,,48836,1,,,1,53,,48837,1,,,1,13,,48838,1,,,1,13,,48839,1,,,1,13,,48840,1,,,1,53,,48841,1,,,1,13,,48842,1,,,1,15,,48843,1,,,1,13,,48844,1,,,1,13,,48845,1,,,1,53,,48846,1,,,1,15,,48847,1,,,1,15,,48848,1,,,1,15,,48849,1,,,1,55,,48850,1,,,1,15,,48851,1,,,1,15,,48852,1,,,1,15,,48853,1,,,1,55,,48854,1,,,1,15,,48855,1,,,1,15,,48856,1,,,1,15,,48857,1,,,1,55,,48858,1,,,1,16,,48859,1,,,1,15,,48860,1,,,1,15,,48861,1,,,1,55,,48862,1,,,1,15,,48863,1,,,1,15,,48864,1,,,1,15,,48865,1,,,1,57,,48866,1,,,1,16,,48867,1,,,1,17,,48868,1,,,1,57,,48869,1,,,1,17,,48870,1,,,1,17,,48871,1,,,1,17,,48872,1,,,1,58,,48873,1,,,1,18,,48874,1,,,1,18,,48875,1,,,1,57,,48876,1,,,1,17,,48877,1,,,1,17,,48878,1,,,1,17,,48879,1,,,1,57,,48880,1,,,1,17,,48881,1,,,1
3301,'2',717,,48882,15,4,,1,13,,48883,15,4,,1,13,,48884,15,4,,1,13,,48885,15,4,,1,53,,48886,15,4,,1,13,,48887,15,4,,1,13,,48888,15,4,,1,13,,48889,15,4,,1,53,,48890,15,4,,1,13,,48891,15,4,,1,11,,48892,15,4,,1,13,,48893,15,4,,1,13,,48894,15,4,,1,53,,48895,15,4,,1,13,,48896,15,4,,1,13,,48897,15,4,,1,13,,48898,15,4,,1,13,,48899,15,4,,1,53,,48900,15,4,,1,13,,48901,15,4,,1,13,,48902,15,4,,1,13,,48903,15,4,,1,53,,48904,15,4,,1,13,,48905,15,4,,1,15,,48906,15,4,,1,13,,48907,15,4,,1,13,,48908,15,4,,1,53,,48909,15,4,,1,15,,48910,15,4,,1,15,,48911,15,4,,1,15,,48912,15,4,,1,55,,48913,15,4,,1,15,,48914,15,4,,1,15,,48915,15,4,,1,15,,48916,15,4,,1,55,,48917,15,4,,1,15,,48918,15,4,,1,15,,48919,15,4,,1,15,,48920,15,4,,1,55,,48921,15,4,,1,16,,48922,15,4,,1,15,,48923,15,4,,1,15,,48924,15,4,,1,55,,48925,15,4,,1,15,,48926,15,4,,1,15,,48927,15,4,,1,15,,48928,15,4,,1,57,,48929,15,4,,1,16,,48932,15,4,,1,19,,48933,15,4,,1,57,,48934,15,4,,1,17,,48935,15,4,,1,17,,48936,15,4,,1,17,,48937,15,4,,1,57,,48938,15,4,,1,17,,48939,15,4,,1,17,,48940,15,4,,1,57,,48941,15,4,,1,17,,48942,15,4,,1,17,,48943,15,4,,1,17,,48944,15,4,,1,57,,48945,15,4,,1,20,,48930,15,4,,1
