700,'2',615,,44222,17,,,1,27,,44223,17,,,1,68,,44224,17,,,1,20,,44225,17,,,1,20,,44226,17,,,1,60,,44227,17,,,1,20,,44228,17,,,1,21,,44229,17,,,1,65,,44230,17,,,1,30,,44231,17,,,1,70,,44232,17,,,1,25,,44233,17,,,1,70,,44234,17,,,1,30,,44235,17,,,1,69,,44236,17,,,1,30,,44237,17,,,1,70,,44238,17,,,1,30,,44240,17,,,1,66,,44241,17,,,1,20,,44242,17,,,1,20,,44243,17,,,1,60,,44244,17,,,1,20,,44245,17,,,1,20,,44246,17,,,1,59,,44247,17,,,1,20,,44248,17,,,1,20,,44249,17,,,1,65,,44250,17,,,1,15,,44251,17,,,1,20,,44252,17,,,1,66,,44253,17,,,1,25,,44254,17,,,1,65,,44255,17,,,1,25,,44256,17,,,1,25,,44257,17,,,1,65,,44258,17,,,1,25,,44259,17,,,1,78,,44260,17,,,1,30,,44261,17,,,1,70,,44262,17,,,1,30,,44263,17,,,1,70,,44264,17,,,1,27,,44265,17,,,1
700,'3',620,,44301,17,,,1,29,,44302,17,,,1,70,,44300,17,,,1,39,,44266,17,,,1,68,,44299,17,,,1,30,,44267,17,,,1,65,,44268,17,,,1,25,,44269,17,,,1,70,,44270,17,,,1,30,,44271,17,,,1,65,,44272,17,,,1,25,,44273,17,,,1,70,,44274,17,,,1,30,,44275,17,,,1,70,,44276,17,,,1,25,,44277,17,,,1,70,,44278,17,,,1,30,,44279,17,,,1,70,,44280,17,,,1,30,,44281,17,,,1,70,,44282,17,,,1,30,,44283,17,,,1,70,,44284,17,,,1,30,,44285,17,,,1,26,,44286,17,,,1,70,,44287,17,,,1,30,,44288,17,,,1,70,,44289,17,,,1,25,,44290,17,,,1,70,,44291,17,,,1,31,,44292,17,,,1,70,,44293,17,,,1,28,,44294,17,,,1,72,,44295,17,,,1,30,,44296,17,,,1,70,,44297,17,,,1,30,,44298,17,,,1
700,'30',852,,44304,17,,,1,85,,44306,17,,,1,70,,44307,17,,,1,30,,44308,17,,,1,65,,44309,17,,,1,25,,44310,17,,,1,29,,44311,17,,,1,70,,44312,17,,,1,30,,44313,17,,,1,65,,44314,17,,,1,30,,44315,17,,,1,70,,44316,17,,,1,30,,44317,17,,,1,65,,44318,17,,,1,30,,44319,17,,,1,70,,44320,17,,,1,22,,44321,17,,,1,69,,44322,17,,,1,30,,44323,17,,,1,70,,44324,17,,,1,30,,44325,17,,,1,70,,44326,17,,,1,30,,44327,17,,,1,70,,44328,17,,,1,30,,44329,17,,,1,70,,44330,17,,,1,30,,44331,17,,,1,72,,44333,17,,,1,45,,44332,17,,,1
700,'4',852,,44335,17,,,1,85,,44337,17,,,1,70,,44338,17,,,1,30,,44339,17,,,1,65,,44340,17,,,1,25,,44341,17,,,1,29,,44342,17,,,1,70,,44343,17,,,1,30,,44344,17,,,1,65,,44345,17,,,1,30,,44346,17,,,1,70,,44347,17,,,1,30,,44348,17,,,1,65,,44349,17,,,1,30,,44350,17,,,1,70,,44351,17,,,1,22,,44352,17,,,1,69,,44353,17,,,1,30,,44354,17,,,1,70,,44355,17,,,1,30,,44356,17,,,1,70,,44357,17,,,1,30,,44358,17,,,1,70,,44359,17,,,1,30,,44360,17,,,1,70,,44361,17,,,1,30,,44362,17,,,1,72,,44364,17,,,1,45,,44363,17,,,1
1201,'2',614,,45371,21,,,1,29,,45370,21,,,1,71,,45372,21,,,1,26,,45373,21,,,1,70,,45374,21,,,1,30,,45375,21,,,1,70,,45376,21,,,1,32,,45377,21,,,1,70,,45378,21,,,1,30,,45379,21,,,1,70,,45380,21,,,1,30,,45381,21,,,1,70,,45382,21,,,1,30,,45383,21,,,1,70,,45384,21,,,1,30,,45385,21,,,1,70,,45386,21,,,1,23,,45387,21,,,1,17,,45388,21,,,1,65,,45389,21,,,1,25,,45390,21,,,1,65,,45391,21,,,1,26,,45392,21,,,1,25,,45393,21,,,1,65,,45394,21,,,1,25,,45395,21,,,1,65,,45396,21,,,1,30,,45398,21,,,1,70,,45399,21,,,1,30,,45400,21,,,1,70,,45401,21,,,1,30,,45402,21,,,1,70,,45407,21,,,1,30,,45406,21,,,1,69,,45408,21,,,1,33,,45403,21,,,1,70,,45409,21,,,1,29,,45404,21,,,1
1201,'3',617,,45411,21,,,1,28,,45433,21,,,1,72,,45412,21,,,1,28,,45432,21,,,1,70,,45413,21,,,1,30,,45431,21,,,1,65,,45414,21,,,1,25,,45430,21,,,1,70,,45415,21,,,1,30,,45429,21,,,1,70,,45416,21,,,1,30,,45428,21,,,1,70,,45417,21,,,1,35,,45427,21,,,1,75,,45418,21,,,1,35,,45419,21,,,1,75,,45420,21,,,1,75,,45421,21,,,1,35,,45422,21,,,1,75,,45423,21,,,1,35,,45424,21,,,1,78,,45425,21,,,1,25,,45426,21,,,1,73,,45434,21,,,1,27,,45440,21,,,1,73,,45435,21,,,1,27,,45441,21,,,1,73,,45436,21,,,1,27,,45442,21,,,1,72,,45437,21,,,1,27,,45443,21,,,1,73,,45438,21,,,1,27,,45444,21,,,1,73,,45439,21,,,1,27,,45445,21,,,1,65,,45446,21,,,1
1201,'30',818,,45462,21,,,1,30,,45461,21,,,1,70,,45463,21,,,1,23,,45448,21,,,1,70,,45464,21,,,1,30,,45460,21,,,1,70,,45465,21,,,1,24,,45459,21,,,1,70,,45466,21,,,1,24,,45458,21,,,1,24,,45467,21,,,1,71,,45457,21,,,1,24,,45468,21,,,1,70,,45456,21,,,1,30,,45469,21,,,1,70,,45455,21,,,1,30,,45470,21,,,1,70,,45454,21,,,1,30,,45471,21,,,1,70,,45453,21,,,1,30,,45472,21,,,1,70,,45452,21,,,1,30,,45473,21,,,1,70,,45451,21,,,1,30,,45474,21,,,1,70,,45450,21,,,1,30,,45475,21,,,1,70,,45447,21,,,1,30,,45476,21,,,1
1201,'4',818,,45492,21,,,1,30,,45491,21,,,1,70,,45493,21,,,1,23,,45478,21,,,1,70,,45494,21,,,1,30,,45490,21,,,1,70,,45495,21,,,1,24,,45489,21,,,1,70,,45496,21,,,1,24,,45488,21,,,1,24,,45497,21,,,1,71,,45487,21,,,1,24,,45498,21,,,1,70,,45486,21,,,1,30,,45499,21,,,1,70,,45485,21,,,1,30,,45500,21,,,1,70,,45484,21,,,1,30,,45501,21,,,1,70,,45483,21,,,1,30,,45502,21,,,1,70,,45482,21,,,1,30,,45503,21,,,1,70,,45481,21,,,1,30,,45504,21,,,1,70,,45480,21,,,1,30,,45505,21,,,1,70,,45477,21,,,1,30,,45506,21,,,1
9300,'11802',1609,,49904,27,,,1
9300,'2',619,,49905,27,,,1,19,,49908,27,,,1,20,,49909,27,,,1,62,,49910,27,,,1,21,,49911,27,,,1,61,,49912,27,,,1,25,,49913,27,,,1,20,,49914,27,,,1,65,,49915,27,,,1,35,,49916,27,,,1,72,,49917,27,,,1,32,,49918,27,,,1,72,,49919,27,,,1,32,,49920,27,,,1,72,,49921,27,,,1,32,,49922,27,,,1,72,,49923,27,,,1,72,,49924,27,,,1,20,,49925,27,,,1,17,,49926,27,,,1,15,,49927,27,,,1,62,,49928,27,,,1,22,,49929,27,,,1,62,,49930,27,,,1,27,,49931,27,,,1,22,,49932,27,,,1,62,,49933,27,,,1,24,,49934,27,,,1,21,,49947,27,,,1,60,,49935,27,,,1,27,,49936,27,,,1,72,,49937,27,,,1,35,,49938,27,,,1,69,,49939,27,,,1,32,,49940,27,,,1,67,,49941,27,,,1,32,,49942,27,,,1,68,,49943,27,,,1,30,,49944,27,,,1,70,,49945,27,,,1,30,,49946,27,,,1,67,,49906,27,,,1
9300,'3',820,,49948,27,,,1,25,,49949,27,,,1,65,,49950,27,,,1,25,,49951,27,,,1,65,,49952,27,,,1,18,,49953,27,,,1,27,,49954,27,,,1,70,,49955,27,,,1,30,,49956,27,,,1,70,,49957,27,,,1,31,,49958,27,,,1,79,,49959,27,,,1,30,,49960,27,,,1,71,,49961,27,,,1,80,,49962,27,,,1,30,,49963,27,,,1,70,,49964,27,,,1,35,,49965,27,,,1,75,,49966,27,,,1,30,,49967,27,,,1,68,,49968,27,,,1,25,,49969,27,,,1,65,,49970,27,,,1,22,,49971,27,,,1,25,,49972,27,,,1,65,,49973,27,,,1,25,,49974,27,,,1,65,,49975,27,,,1,23,,49976,27,,,1,25,,49977,27,,,1,81,,49978,27,,,1,65,,49979,27,,,1,25,,49980,27,,,1
9300,'30',815,,50008,27,,,1,25,,49983,27,,,1,75,,49984,27,,,1,35,,49985,27,,,1,75,,49986,27,,,1,75,,49987,27,,,1,35,,49988,27,,,1,75,,49989,27,,,1,37,,49990,27,,,1,77,,49991,27,,,1,77,,49992,27,,,1,37,,49993,27,,,1,77,,49994,27,,,1,37,,49995,27,,,1,77,,49996,27,,,1,77,,49997,27,,,1,37,,49998,27,,,1,77,,49999,27,,,1,37,,50000,27,,,1,77,,50001,27,,,1,77,,50002,27,,,1,37,,50003,27,,,1,77,,50004,27,,,1,77,,50005,27,,,1,32,,50006,27,,,1
9300,'4',815,,50034,27,,,1,25,,50009,27,,,1,75,,50010,27,,,1,35,,50011,27,,,1,75,,50012,27,,,1,75,,50013,27,,,1,35,,50014,27,,,1,75,,50015,27,,,1,37,,50016,27,,,1,77,,50017,27,,,1,77,,50018,27,,,1,37,,50019,27,,,1,77,,50020,27,,,1,37,,50021,27,,,1,77,,50022,27,,,1,77,,50023,27,,,1,37,,50024,27,,,1,77,,50025,27,,,1,37,,50026,27,,,1,77,,50027,27,,,1,77,,50028,27,,,1,37,,50029,27,,,1,77,,50030,27,,,1,77,,50031,27,,,1,32,,50032,27,,,1
