200,'11802',1450,,42641,18,0,13 30,1,278,,42642,18,0,10 23 20,1
200,'2',608,,42645,2,0,13 30,1,24,,42650,18,0,13 30,1,15,,42686,18,0,10 23 20,1,55,,42651,18,0,13 30,1,15,,42687,18,0,10 23 20,1,15,,42652,18,0,13 30,1,15,,42688,18,0,10 23 20,1,55,,42653,18,0,13 30,1,15,,42689,18,0,10 23 20,1,15,,42654,18,0,13 30,1,15,,42690,18,0,10 23 20,1,55,,42655,18,0,13 30,1,15,,42691,18,0,10 23 20,1,15,,42656,18,0,13 30,1,15,,42692,18,0,10 23 20,1,55,,42657,18,0,13 30,1,15,,42693,18,0,10 23 20,1,15,,42658,18,0,13 30,1,15,,42694,18,0,10 23 20,1,55,,42659,18,0,13 30,1,15,,42695,18,0,10 23 20,1,15,,42660,18,0,13 30,1,16,,42696,18,0,10 23 20,1,52,,42661,18,0,13 30,1,15,,42697,18,0,10 23 20,1,15,,42662,18,0,13 30,1,15,,42698,18,0,10 23 20,1,55,,42663,18,0,13 30,1,15,,42699,18,0,10 23 20,1,15,,42664,18,0,13 30,1,15,,42700,18,0,10 23 20,1,55,,42665,18,0,13 30,1,15,,42701,18,0,10 23 20,1,15,,42666,18,0,13 30,1,13,,42702,18,0,10 23 20,1,14,,42667,18,0,13 30,1,55,,42703,18,0,10 23 20,1,15,,42668,18,0,13 30,1,17,,42704,18,0,10 23 20,1,59,,42669,18,0,13 30,1,15,,42705,18,0,10 23 20,1,15,,42670,18,0,13 30,1,15,,42706,18,0,10 23 20,1,55,,42671,18,0,13 30,1,13,,42707,18,0,10 23 20,1,19,,42672,18,0,13 30,1,11,,42708,18,0,10 23 20,1,59,,42673,18,0,13 30,1,15,,42709,18,0,10 23 20,1,15,,42674,18,0,13 30,1,12,,42710,18,0,10 23 20,1,55,,42675,18,0,13 30,1,15,,42711,18,0,10 23 20,1,15,,42676,18,0,13 30,1,15,,42712,18,0,10 23 20,1,55,,42677,18,0,13 30,1,15,,42713,18,0,10 23 20,1,10,,42678,18,0,13 30,1,23,,42714,18,0,10 23 20,1,52,,42679,18,0,13 30,1,23,,42715,18,0,10 23 20,1,17,,42680,18,0,13 30,1,63,,42716,18,0,10 23 20,1,17,,42681,18,0,13 30,1,23,,42717,18,0,10 23 20,1,60,,42682,18,0,13 30,1,17,,42718,18,0,10 23 20,1,14,,42683,18,0,13 30,1,20,,42719,18,0,10 23 20,1,55,,42684,18,0,13 30,1,20,,42720,18,0,10 23 20,1,20,,42685,18,0,13 30,1,75,,42721,18,0,45 3 21,1
200,'3',631,,42725,18,0,13 30,1,70,,42726,18,0,10 23 20,1,30,,42728,18,0,13 30,1,71,,42730,18,0,13 30,1,15,,42731,18,0,10 23 20,1,15,,42732,18,0,13 30,1,15,,42733,18,0,10 23 20,1,55,,42734,18,0,13 30,1,15,,42735,18,0,10 23 20,1,15,,42736,18,0,13 30,1,10,,42737,18,0,10 23 20,1,15,,42738,18,0,13 30,1,55,,42739,18,0,10 23 20,1,15,,42740,18,0,13 30,1,15,,42741,18,0,10 23 20,1,15,,42742,18,0,13 30,1,50,,42743,18,0,10 23 20,1,15,,42744,18,0,13 30,1,10,,42745,18,0,10 23 20,1,15,,42746,18,0,13 30,1,55,,42747,18,0,10 23 20,1,15,,42748,18,0,13 30,1,15,,42749,18,0,10 23 20,1,15,,42750,18,0,13 30,1,10,,42761,18,0,10 23 20,1,55,,42751,18,0,13 30,1,10,,42762,18,0,10 23 20,1,15,,42752,18,0,13 30,1,15,,42763,18,0,10 23 20,1,55,,42753,18,0,13 30,1,15,,42764,18,0,10 23 20,1,15,,42754,18,0,13 30,1,15,,42765,18,0,10 23 20,1,55,,42755,18,0,13 30,1,15,,42766,18,0,10 23 20,1,10,,42756,18,0,13 30,1,10,,42767,18,0,10 23 20,1,15,,42757,18,0,13 30,1,55,,42768,18,0,10 23 20,1,15,,42758,18,0,13 30,1,15,,42769,18,0,10 23 20,1,15,,42759,18,0,13 30,1,55,,42770,18,0,10 23 20,1,15,,42760,18,0,13 30,1,15,,42771,18,0,10 23 20,1,13,,42784,18,0,45 3 21,1,2,,42772,18,0,13 30,1,55,,42773,18,0,10 23 20,1,15,,42779,18,0,13 30,1,15,,42774,18,0,10 23 20,1,15,,42780,18,0,13 30,1,55,,42775,18,0,10 23 20,1,15,,42781,18,0,13 30,1,15,,42776,18,0,10 23 20,1,15,,42782,18,0,13 30,1,55,,42777,18,0,10 23 20,1,15,,42783,18,0,13 30,1,15,,42778,18,0,10 23 20,1,15,,42785,18,0,13 30,1,43,,42790,18,0,45 3 21,1,27,,42788,18,0,10 23 20,1,2,,42791,18,0,45 3 21,1,28,,42786,18,0,13 30,1,70,,42789,18,0,10 23 20,1,30,,42787,18,0,13 30,1,69,,42722,18,0,10 23 20,1,30,,42723,18,0,13 30,1,70,,42792,18,0,10 23 20,1,75,,42793,18,0,13 30,1,28,,42794,18,0,45 3 21,1
200,'30',701,,42797,18,0,13 30,1,30,,42800,18,0,10 23 20,1,70,,42802,18,0,13 30,1,30,,42801,18,0,10 23 20,1,70,,42803,18,0,13 30,1,25,,42804,18,0,10 23 20,1,25,,42808,18,0,13 30,1,65,,42805,18,0,10 23 20,1,25,,42809,18,0,13 30,1,65,,42806,18,0,10 23 20,1,25,,42810,18,0,10 23 20,1,26,,42807,18,0,10 23 20,1,55,,42811,18,0,13 30,1,15,,42823,18,0,10 23 20,1,15,,42812,18,0,13 30,1,15,,42824,18,0,10 23 20,1,55,,42813,18,0,13 30,1,15,,42825,18,0,10 23 20,1,15,,42814,18,0,13 30,1,15,,42826,18,0,10 23 20,1,55,,42815,18,0,13 30,1,15,,42827,18,0,10 23 20,1,15,,42816,18,0,13 30,1,15,,42828,18,0,10 23 20,1,55,,42817,18,0,13 30,1,15,,42829,18,0,10 23 20,1,15,,42818,18,0,13 30,1,15,,42830,18,0,10 23 20,1,55,,42819,18,0,13 30,1,15,,42831,18,0,10 23 20,1,15,,42820,18,0,13 30,1,15,,42832,18,0,10 23 20,1,55,,42821,18,0,13 30,1,15,,42833,18,0,10 23 20,1,15,,42822,18,0,13 30,1,14,,42834,18,0,10 23 20,1,65,,42837,18,0,13 30,1,4,,42848,18,0,45 3 21,1,21,,42843,18,0,10 23 20,1,65,,42838,18,0,13 30,1,25,,42844,18,0,10 23 20,1,65,,42839,18,0,13 30,1,25,,42845,18,0,10 23 20,1,25,,42840,18,0,13 30,1,65,,42846,18,0,10 23 20,1,25,,42841,18,0,13 30,1,65,,42847,18,0,10 23 20,1,25,,42842,18,0,13 30,1,70,,42796,18,0,10 23 20,1,29,,42795,18,0,45 3 21,1
200,'4',701,,42851,18,0,13 30,1,30,,42854,18,0,10 23 20,1,70,,42856,18,0,13 30,1,30,,42855,18,0,10 23 20,1,70,,42857,18,0,13 30,1,25,,42858,18,0,10 23 20,1,25,,42862,18,0,13 30,1,65,,42859,18,0,10 23 20,1,25,,42863,18,0,13 30,1,65,,42860,18,0,10 23 20,1,25,,42864,18,0,10 23 20,1,26,,42861,18,0,10 23 20,1,55,,42865,18,0,13 30,1,15,,42877,18,0,10 23 20,1,15,,42866,18,0,13 30,1,15,,42878,18,0,10 23 20,1,55,,42867,18,0,13 30,1,15,,42879,18,0,10 23 20,1,15,,42868,18,0,13 30,1,15,,42880,18,0,10 23 20,1,55,,42869,18,0,13 30,1,15,,42881,18,0,10 23 20,1,15,,42870,18,0,13 30,1,15,,42882,18,0,10 23 20,1,55,,42871,18,0,13 30,1,15,,42883,18,0,10 23 20,1,15,,42872,18,0,13 30,1,15,,42884,18,0,10 23 20,1,55,,42873,18,0,13 30,1,15,,42885,18,0,10 23 20,1,15,,42874,18,0,13 30,1,15,,42886,18,0,10 23 20,1,55,,42875,18,0,13 30,1,15,,42887,18,0,10 23 20,1,15,,42876,18,0,13 30,1,14,,42888,18,0,10 23 20,1,65,,42891,18,0,13 30,1,4,,42902,18,0,45 3 21,1,21,,42897,18,0,10 23 20,1,65,,42892,18,0,13 30,1,25,,42898,18,0,10 23 20,1,65,,42893,18,0,13 30,1,25,,42899,18,0,10 23 20,1,25,,42894,18,0,13 30,1,65,,42900,18,0,10 23 20,1,25,,42895,18,0,13 30,1,65,,42901,18,0,10 23 20,1,25,,42896,18,0,13 30,1,70,,42850,18,0,10 23 20,1,29,,42849,18,0,45 3 21,1
301,'11802',1532,,43258,3,,,1,127,,43259,3,,,1
301,'2',552,,43260,3,,,1,95,,43261,3,,,1,70,,43262,3,,,1,33,,43263,3,,,1,67,,43264,3,,,1,30,,43265,3,,,1,70,,43266,3,,,1,30,,43267,3,,,1,70,,43268,3,,,1,30,,43269,3,,,1,70,,43270,3,,,1,30,,43271,3,,,1,70,,43272,3,,,1,30,,43273,3,,,1,70,,43274,3,,,1,30,,43275,3,,,1,70,,43276,3,,,1,30,,43277,3,,,1,70,,43278,3,,,1,30,,43279,3,,,1,70,,43280,3,,,1,30,,43281,3,,,1,70,,43282,3,,,1,30,,43283,3,,,1,69,,43284,3,,,1,28,,43288,3,,,1,70,,43289,3,,,1,30,,43290,3,,,1,70,,43291,3,,,1,30,,43292,3,,,1,70,,43293,3,,,1,26,,43294,3,,,1,70,,43295,3,,,1,30,,43296,3,,,1,70,,43297,3,,,1,19,,43285,3,,,1
301,'3',702,,43298,3,,,1,100,,43299,3,,,1,102,,43300,3,,,1,104,,43301,3,,,1,31,,43305,3,,,1,75,,43306,3,,,1,35,,43307,3,,,1,75,,43308,3,,,1,35,,43309,3,,,1,75,,43310,3,,,1,75,,43311,3,,,1,35,,43312,3,,,1,75,,43313,3,,,1,35,,43314,3,,,1,75,,43315,3,,,1,75,,43316,3,,,1,35,,43317,3,,,1,74,,43318,3,,,1,100,,43319,3,,,1,100,,43320,3,,,1,100,,43321,3,,,1,100,,43322,3,,,1,108,,43302,3,,,1
301,'30',922,,43323,3,,,1,87,,43324,3,,,1,47,,43325,3,,,1,87,,43326,3,,,1,87,,43327,3,,,1,87,,43328,3,,,1,87,,43329,3,,,1,47,,43330,3,,,1,87,,43331,3,,,1,87,,43332,3,,,1,87,,43333,3,,,1,47,,43334,3,,,1,87,,43335,3,,,1,107,,43336,3,,,1,100,,43337,3,,,1,100,,43338,3,,,1,102,,43339,3,,,1
301,'4',922,,43340,3,,,1,87,,43341,3,,,1,47,,43342,3,,,1,87,,43343,3,,,1,87,,43344,3,,,1,87,,43345,3,,,1,87,,43346,3,,,1,47,,43347,3,,,1,87,,43348,3,,,1,87,,43349,3,,,1,87,,43350,3,,,1,47,,43351,3,,,1,87,,43352,3,,,1,107,,43353,3,,,1,100,,43354,3,,,1,100,,43355,3,,,1,102,,43356,3,,,1
501,'2',631,,43812,43,0,10 23 20,1,72,,43813,47,0,13 36,1,30,,43814,43,0,10 23 20,1,70,,43815,47,0,13 36,1,32,,43816,43,0,10 23 20,1,68,,43826,47,0,13 36,1,30,,43817,43,0,10 23 20,1,70,,43827,47,0,13 36,1,30,,43818,43,0,10 23 20,1,70,,43828,47,0,13 36,1,30,,43819,43,0,10 23 20,1,70,,43829,47,0,13 36,1,30,,43820,43,0,10 23 20,1,70,,43830,47,0,13 36,1,30,,43821,43,0,10 23 20,1,70,,43831,47,0,13 36,1,30,,43822,43,0,10 23 20,1,70,,43832,47,0,13 36,1,30,,43823,43,0,10 23 20,1,70,,43833,47,0,13 36,1,30,,43824,43,0,10 23 20,1,70,,43834,47,0,13 36,1,32,,43825,43,0,10 23 20,1,70,,43835,47,0,13 36,1,30,,43836,43,0,10 23 20,1,78,,43841,43,0,10 23 20,1,30,,43842,43,0,10 23 20,1,70,,43843,43,0,10 23 20,1,30,,43844,43,0,10 23 20,1,68,,43845,43,0,10 23 20,1,29,,43846,43,0,10 23 20,1,70,,43847,43,0,10 23 20,1,24,,43848,43,0,10 23 20,1,71,,43849,43,0,10 23 20,1,98,,43850,43,0,10 23 20,1
501,'3',632,,43852,43,0,10 23 20,1,100,,43853,43,0,10 23 20,1,100,,43854,43,0,10 23 20,1,107,,43855,43,0,10 23 20,1,81,,43859,43,0,10 23 20,1,35,,43866,47,0,13 36,1,75,,43860,43,0,10 23 20,1,75,,43867,47,0,13 36,1,35,,43861,43,0,10 23 20,1,75,,43868,47,0,13 36,1,35,,43862,43,0,10 23 20,1,75,,43869,47,0,13 36,1,75,,43863,43,0,10 23 20,1,35,,43870,47,0,13 36,1,75,,43864,43,0,10 23 20,1,35,,43871,47,0,13 36,1,75,,43865,43,0,10 23 20,1,35,,43872,47,0,13 36,1,74,,43873,43,0,10 23 20,1,75,,43874,47,0,13 36,1,38,,43875,43,0,10 23 20,1,100,,43876,43,0,10 23 20,1,100,,43877,43,0,10 23 20,1,110,,43878,43,0,10 23 20,1,150,,43856,43,0,10 23 20,1
501,'30',859,,43880,43,0,10 23 20,1,87,,43881,43,0,10 23 20,1,87,,43882,43,0,10 23 20,1,87,,43883,43,0,10 23 20,1,87,,43884,43,0,10 23 20,1,47,,43885,43,0,10 23 20,1,87,,43886,43,0,10 23 20,1,87,,43887,43,0,10 23 20,1,87,,43888,43,0,10 23 20,1,87,,43889,43,0,10 23 20,1,47,,43890,43,0,10 23 20,1,87,,43891,43,0,10 23 20,1,87,,43892,43,0,10 23 20,1,100,,43893,43,0,10 23 20,1,100,,43894,43,0,10 23 20,1,95,,43895,43,0,10 23 20,1,95,,43896,43,0,10 23 20,1,88,,43897,43,0,10 23 20,1
501,'4',859,,43899,43,0,10 23 20,1,87,,43900,43,0,10 23 20,1,87,,43901,43,0,10 23 20,1,87,,43902,43,0,10 23 20,1,87,,43903,43,0,10 23 20,1,47,,43904,43,0,10 23 20,1,87,,43905,43,0,10 23 20,1,87,,43906,43,0,10 23 20,1,87,,43907,43,0,10 23 20,1,87,,43908,43,0,10 23 20,1,47,,43909,43,0,10 23 20,1,87,,43910,43,0,10 23 20,1,87,,43911,43,0,10 23 20,1,100,,43912,43,0,10 23 20,1,100,,43913,43,0,10 23 20,1,95,,43914,43,0,10 23 20,1,95,,43915,43,0,10 23 20,1,88,,43916,43,0,10 23 20,1
700,'2',631,,44222,29,,,1,20,,44223,29,,,1,70,,44224,29,,,1,20,,44225,29,,,1,60,,44226,29,,,1,20,,44227,29,,,1,20,,44228,29,,,1,60,,44229,29,,,1,25,,44230,29,,,1,30,,44231,29,,,1,70,,44232,29,,,1,25,,44233,29,,,1,70,,44234,29,,,1,30,,44235,29,,,1,70,,44236,29,,,1,30,,44237,29,,,1,70,,44238,29,,,1,30,,44240,29,,,1,65,,44241,29,,,1,20,,44242,29,,,1,20,,44243,29,,,1,60,,44244,29,,,1,20,,44245,29,,,1,20,,44246,29,,,1,60,,44247,29,,,1,20,,44248,29,,,1,20,,44249,29,,,1,65,,44250,29,,,1,15,,44251,29,,,1,20,,44252,29,,,1,65,,44253,29,,,1,25,,44254,29,,,1,65,,44255,29,,,1,25,,44256,29,,,1,65,,44257,29,,,1,25,,44258,29,,,1,25,,44259,29,,,1,77,,44260,29,,,1,30,,44261,29,,,1,70,,44262,29,,,1,30,,44263,29,,,1,70,,44264,29,,,1,27,,44265,29,,,1
700,'3',627,,44301,29,,,1,29,,44302,29,,,1,70,,44300,29,,,1,80,,44266,29,,,1,30,,44299,29,,,1,70,,44267,29,,,1,25,,44268,29,,,1,25,,44269,29,,,1,70,,44270,29,,,1,30,,44271,29,,,1,65,,44272,29,,,1,25,,44273,29,,,1,70,,44274,29,,,1,30,,44275,29,,,1,70,,44276,29,,,1,25,,44277,29,,,1,70,,44278,29,,,1,30,,44279,29,,,1,70,,44280,29,,,1,30,,44281,29,,,1,70,,44282,29,,,1,30,,44283,29,,,1,70,,44284,29,,,1,30,,44285,29,,,1,65,,44286,29,,,1,30,,44287,29,,,1,70,,44288,29,,,1,30,,44289,29,,,1,65,,44290,29,,,1,30,,44291,29,,,1,70,,44292,29,,,1,30,,44293,29,,,1,28,,44294,29,,,1,72,,44295,29,,,1,70,,44296,29,,,1,30,,44297,29,,,1,70,,44298,29,,,1
700,'30',901,,44304,29,,,1,24,,44305,2,,,1,21,,44306,29,,,1,70,,44307,29,,,1,30,,44308,29,,,1,65,,44309,29,,,1,25,,44310,29,,,1,70,,44311,29,,,1,30,,44312,29,,,1,70,,44313,29,,,1,25,,44314,29,,,1,70,,44315,29,,,1,30,,44316,29,,,1,70,,44317,29,,,1,25,,44318,29,,,1,30,,44319,29,,,1,70,,44320,29,,,1,22,,44321,29,,,1,68,,44322,29,,,1,30,,44323,29,,,1,70,,44324,29,,,1,30,,44325,29,,,1,70,,44326,29,,,1,30,,44327,29,,,1,70,,44328,29,,,1,30,,44329,29,,,1,70,,44330,29,,,1,30,,44331,29,,,1,70,,44333,29,,,1,85,,44332,29,,,1
700,'4',901,,44335,29,,,1,24,,44336,2,,,1,21,,44337,29,,,1,70,,44338,29,,,1,30,,44339,29,,,1,65,,44340,29,,,1,25,,44341,29,,,1,70,,44342,29,,,1,30,,44343,29,,,1,70,,44344,29,,,1,25,,44345,29,,,1,70,,44346,29,,,1,30,,44347,29,,,1,70,,44348,29,,,1,25,,44349,29,,,1,30,,44350,29,,,1,70,,44351,29,,,1,22,,44352,29,,,1,68,,44353,29,,,1,30,,44354,29,,,1,70,,44355,29,,,1,30,,44356,29,,,1,70,,44357,29,,,1,30,,44358,29,,,1,70,,44359,29,,,1,30,,44360,29,,,1,70,,44361,29,,,1,30,,44362,29,,,1,70,,44364,29,,,1,85,,44363,29,,,1
901,'2',622,,44696,33,,,1,21,,44697,33,,,1,16,,44698,33,,,1,56,,44699,33,,,1,16,,44700,33,,,1,16,,44701,33,,,1,54,,44702,33,,,1,16,,44703,33,,,1,15,,44704,33,,,1,17,,44705,33,,,1,55,,44706,33,,,1,15,,44707,33,,,1,15,,44708,33,,,1,15,,44709,33,,,1,55,,44710,33,,,1,15,,44711,33,,,1,15,,44712,33,,,1,15,,44713,33,,,1,55,,44714,33,,,1,15,,44715,33,,,1,15,,44716,33,,,1,15,,44717,33,,,1,55,,44718,33,,,1,15,,44719,33,,,1,15,,44720,33,,,1,15,,44721,33,,,1,55,,44722,33,,,1,15,,44723,33,,,1,15,,44724,33,,,1,15,,44725,33,,,1,54,,44726,33,,,1,15,,44727,33,,,1,15,,44728,33,,,1,15,,44729,33,,,1,55,,44730,33,,,1,15,,44731,33,,,1,15,,44732,33,,,1,15,,44733,33,,,1,55,,44734,33,,,1,15,,44735,33,,,1,15,,44736,33,,,1,15,,44737,33,,,1,55,,44738,33,,,1,15,,44739,33,,,1,15,,44740,33,,,1,15,,44741,33,,,1,57,,44742,33,,,1,22,,44743,33,,,1,15,,44744,33,,,1,14,,44745,33,,,1,62,,44746,33,,,1,22,,44747,33,,,1,62,,44748,33,,,1,22,,44749,33,,,1,22,,44750,33,,,1,65,,44751,33,,,1,29,,44752,33,,,1,72,,44753,33,,,1,32,,44754,33,,,1,72,,44755,33,,,1,37,,44756,33,,,1,100,,44757,33,,,1
901,'3',626,,44763,33,,,1,30,,44802,33,,,1,70,,44764,33,,,1,30,,44801,33,,,1,70,,44765,33,,,1,75,,44766,33,,,1,32,,44767,33,,,1,87,,44768,33,,,1,25,,44769,33,,,1,65,,44770,33,,,1,22,,44771,33,,,1,25,,44772,33,,,1,65,,44773,33,,,1,29,,44774,33,,,1,61,,44775,33,,,1,25,,44776,33,,,1,68,,44777,33,,,1,22,,44778,33,,,1,25,,44779,33,,,1,65,,44780,33,,,1,25,,44781,33,,,1,65,,44782,33,,,1,25,,44783,33,,,1,25,,44784,33,,,1,65,,44785,33,,,1,25,,44786,33,,,1,65,,44787,33,,,1,44,,44789,33,,,1,65,,44790,33,,,1,38,,44791,33,,,1,75,,44792,33,,,1,75,,44793,33,,,1,35,,44794,33,,,1,75,,44795,33,,,1,35,,44796,33,,,1,75,,44797,33,,,1,75,,44798,33,,,1
901,'30',706,,44837,33,,,1,35,,44803,33,,,1,75,,44838,33,,,1,35,,44804,33,,,1,75,,44839,33,,,1,33,,44805,33,,,1,73,,44806,33,,,1,73,,44807,33,,,1,33,,44808,33,,,1,79,,44809,33,,,1,28,,44810,33,,,1,63,,44811,33,,,1,23,,44812,33,,,1,23,,44813,33,,,1,63,,44814,33,,,1,23,,44815,33,,,1,63,,44816,33,,,1,23,,44817,33,,,1,23,,44818,33,,,1,63,,44819,33,,,1,23,,44820,33,,,1,24,,44821,33,,,1,63,,44822,33,,,1,23,,44823,33,,,1,65,,44824,33,,,1,16,,44825,33,,,1,19,,44826,33,,,1,70,,44827,33,,,1,30,,44828,33,,,1,70,,44829,33,,,1,30,,44830,33,,,1,70,,44831,33,,,1,30,,44832,33,,,1,70,,44833,33,,,1,41,,44834,33,,,1,58,,44835,33,,,1
901,'4',706,,44874,33,,,1,35,,44840,33,,,1,75,,44875,33,,,1,35,,44841,33,,,1,75,,44876,33,,,1,33,,44842,33,,,1,73,,44843,33,,,1,73,,44844,33,,,1,33,,44845,33,,,1,79,,44846,33,,,1,28,,44847,33,,,1,63,,44848,33,,,1,23,,44849,33,,,1,23,,44850,33,,,1,63,,44851,33,,,1,23,,44852,33,,,1,63,,44853,33,,,1,23,,44854,33,,,1,23,,44855,33,,,1,63,,44856,33,,,1,23,,44857,33,,,1,24,,44858,33,,,1,63,,44859,33,,,1,23,,44860,33,,,1,65,,44861,33,,,1,16,,44862,33,,,1,19,,44863,33,,,1,70,,44864,33,,,1,30,,44865,33,,,1,70,,44866,33,,,1,30,,44867,33,,,1,70,,44868,33,,,1,30,,44869,33,,,1,70,,44870,33,,,1,41,,44871,33,,,1,58,,44872,33,,,1
1201,'2',624,,45371,32,,,1,31,,45370,32,,,1,69,,45372,32,,,1,29,,45373,32,,,1,70,,45374,32,,,1,30,,45375,32,,,1,70,,45376,32,,,1,31,,45377,32,,,1,70,,45378,32,,,1,30,,45379,32,,,1,70,,45380,32,,,1,30,,45381,32,,,1,70,,45382,32,,,1,30,,45383,32,,,1,70,,45384,32,,,1,30,,45385,32,,,1,70,,45386,32,,,1,23,,45387,32,,,1,57,,45388,32,,,1,25,,45389,32,,,1,25,,45390,32,,,1,65,,45391,32,,,1,27,,45392,32,,,1,65,,45393,32,,,1,25,,45394,32,,,1,65,,45395,32,,,1,25,,45396,32,,,1,29,,45398,32,,,1,70,,45399,32,,,1,30,,45400,32,,,1,70,,45401,32,,,1,30,,45402,32,,,1,70,,45407,32,,,1,30,,45406,32,,,1,69,,45408,32,,,1,31,,45403,32,,,1,70,,45409,32,,,1,29,,45404,32,,,1
1201,'3',627,,45411,32,,,1,30,,45433,32,,,1,70,,45412,32,,,1,30,,45432,32,,,1,70,,45413,32,,,1,30,,45431,32,,,1,65,,45414,32,,,1,25,,45430,32,,,1,70,,45415,32,,,1,30,,45429,32,,,1,70,,45416,32,,,1,30,,45428,32,,,1,70,,45417,32,,,1,35,,45427,32,,,1,75,,45418,32,,,1,75,,45419,32,,,1,35,,45420,32,,,1,75,,45421,32,,,1,35,,45422,32,,,1,75,,45423,32,,,1,35,,45424,32,,,1,75,,45425,32,,,1,25,,45426,32,,,1,73,,45434,32,,,1,27,,45440,32,,,1,73,,45435,32,,,1,27,,45441,32,,,1,73,,45436,32,,,1,27,,45442,32,,,1,73,,45437,32,,,1,27,,45443,32,,,1,73,,45438,32,,,1,27,,45444,32,,,1,73,,45439,32,,,1,27,,45445,32,,,1,65,,45446,32,,,1
1201,'30',827,,45462,32,,,1,30,,45461,32,,,1,70,,45463,32,,,1,23,,45448,32,,,1,70,,45464,32,,,1,30,,45460,32,,,1,70,,45465,32,,,1,24,,45459,32,,,1,70,,45466,32,,,1,24,,45458,32,,,1,64,,45467,32,,,1,31,,45457,32,,,1,24,,45468,32,,,1,70,,45456,32,,,1,30,,45469,32,,,1,70,,45455,32,,,1,30,,45470,32,,,1,70,,45454,32,,,1,30,,45471,32,,,1,70,,45453,32,,,1,30,,45472,32,,,1,70,,45452,32,,,1,30,,45473,32,,,1,70,,45451,32,,,1,30,,45474,32,,,1,70,,45450,32,,,1,30,,45475,32,,,1,70,,45447,32,,,1,30,,45476,32,,,1
1201,'4',827,,45492,32,,,1,30,,45491,32,,,1,70,,45493,32,,,1,23,,45478,32,,,1,70,,45494,32,,,1,30,,45490,32,,,1,70,,45495,32,,,1,24,,45489,32,,,1,70,,45496,32,,,1,24,,45488,32,,,1,64,,45497,32,,,1,31,,45487,32,,,1,24,,45498,32,,,1,70,,45486,32,,,1,30,,45499,32,,,1,70,,45485,32,,,1,30,,45500,32,,,1,70,,45484,32,,,1,30,,45501,32,,,1,70,,45483,32,,,1,30,,45502,32,,,1,70,,45482,32,,,1,30,,45503,32,,,1,70,,45481,32,,,1,30,,45504,32,,,1,70,,45480,32,,,1,30,,45505,32,,,1,70,,45477,32,,,1,30,,45506,32,,,1
1300,'11802',841,,45507,25,,,1,769,,45508,25,,,1,132,,45509,25,,,1
1300,'2',612,,45510,3,,,1,21,,45511,25,0,10 18 19 20,1,16,,45512,25,,,1,54,,45513,25,0,10 18 19 20,1,15,,45514,25,,,1,10,,45515,25,0,10 18 19 20,1,15,,45516,25,,,1,15,,45517,25,0,10 18 19 20,1,55,,45518,25,,,1,15,,45519,25,0,10 18 19 20,1,15,,45520,25,,,1,15,,45521,25,0,10 18 19 20,1,55,,45522,25,,,1,15,,45523,25,0,10 18 19 20,1,15,,45524,25,,,1,15,,45525,25,0,10 18 19 20,1,50,,45526,25,,,1,15,,45527,25,0,10 18 19 20,1,15,,45528,25,,,1,15,,45529,25,0,10 18 19 20,1,55,,45530,25,,,1,15,,45531,25,0,10 18 19 20,1,15,,45532,25,,,1,15,,45533,25,0,10 18 19 20,1,50,,45534,25,,,1,16,,45535,25,0,10 18 19 20,1,15,,45536,25,,,1,15,,45537,25,0,10 18 19 20,1,55,,45538,25,,,1,15,,45539,25,0,10 18 19 20,1,15,,45540,25,,,1,15,,45541,25,0,10 18 19 20,1,55,,45542,25,,,1,15,,45543,25,0,10 18 19 20,1,15,,45544,25,,,1,15,,45545,25,0,10 18 19 20,1,55,,45546,25,,,1,15,,45547,25,0,10 18 19 20,1,15,,45548,25,,,1,15,,45549,25,0,10 18 19 20,1,55,,45550,25,,,1,15,,45551,25,0,10 18 19 20,1,15,,45552,25,,,1,15,,45553,25,0,10 18 19 20,1,55,,45554,25,,,1,15,,45555,25,0,10 18 19 20,1,15,,45556,25,,,1,15,,45557,25,0,10 18 19 20,1,55,,45558,25,,,1,15,,45559,25,0,10 18 19 20,1,20,,45564,25,,,1,20,,45560,25,0,10 18 19 20,1,60,,45565,25,,,1,20,,45561,25,0,10 18 19 20,1,20,,45566,25,,,1,60,,45562,25,0,10 18 19 20,1,20,,45567,25,,,1,20,,45563,25,,,1,69,,45568,25,0,10 18 19 20,1,25,,45571,25,,,1,65,,45569,25,0,10 18 19 20,1,27,,45572,25,,,1,73,,45570,25,0,10 18 19 20,1,30,,45573,25,,,1,66,,45575,25,0,10 18 19 20,1,89,,45574,25,,,1
1300,'3',633,,45580,25,0,10 18 19 20,1,75,,45581,25,,,1,35,,45582,25,0,10 18 19 20,1,75,,45583,25,,,1,11,,45587,25,0,10 18 19 20,1,16,,45584,25,,,1,56,,45588,25,0,10 18 19 20,1,16,,45585,25,,,1,16,,45589,25,,,1,16,,45586,25,0,10 18 19 20,1,56,,45590,25,,,1,15,,45591,25,0,10 18 19 20,1,15,,45596,25,,,1,15,,45592,25,0,10 18 19 20,1,55,,45597,25,,,1,15,,45593,25,0,10 18 19 20,1,15,,45598,25,,,1,15,,45594,25,0,10 18 19 20,1,56,,45599,25,,,1,15,,45595,25,,,1,15,,45600,25,0,10 18 19 20,1,15,,45609,25,,,1,55,,45601,25,0,10 18 19 20,1,15,,45610,25,,,1,15,,45602,25,0,10 18 19 20,1,15,,45611,25,,,1,55,,45603,25,0,10 18 19 20,1,15,,45612,25,,,1,15,,45604,25,0,10 18 19 20,1,15,,45613,25,,,1,55,,45605,25,0,10 18 19 20,1,15,,45614,25,,,1,15,,45606,25,0,10 18 19 20,1,15,,45615,25,,,1,55,,45607,25,0,10 18 19 20,1,15,,45616,25,,,1,15,,45608,25,0,10 18 19 20,1,10,,45617,25,,,1,55,,45620,25,0,10 18 19 20,1,15,,45618,25,,,1,15,,45621,25,0,10 18 19 20,1,15,,45619,25,,,1,55,,45622,25,,,1,15,,45623,25,0,10 18 19 20,1,15,,45647,25,,,1,15,,45627,25,,,1,55,,45624,25,0,10 18 19 20,1,20,,45628,25,,,1,15,,45625,25,0,10 18 19 20,1,20,,45629,25,,,1,60,,45626,25,0,10 18 19 20,1,20,,45630,25,,,1,20,,45634,25,,,1,69,,45631,25,0,10 18 19 20,1,25,,45635,25,,,1,65,,45632,25,0,10 18 19 20,1,30,,45636,25,,,1,70,,45633,25,0,10 18 19 20,1,19,,45637,25,,,1,20,,45638,25,0,10 18 19 20,1,70,,45640,25,,,1,79,,45639,25,0,10 18 19 20,1
1300,'30',704,,45670,25,,,1,41,,45672,25,0,10 18 19 20,1,75,,45671,25,,,1,35,,45673,25,0,10 18 19 20,1,75,,45658,25,,,1,70,,45669,25,0,10 18 19 20,1,15,,45657,25,,,1,30,,45668,25,0,10 18 19 20,1,70,,45656,25,,,1,30,,45667,25,0,10 18 19 20,1,65,,45655,25,,,1,31,,45666,25,0,10 18 19 20,1,70,,45654,25,,,1,30,,45665,25,0,10 18 19 20,1,70,,45653,25,,,1,30,,45664,25,0,10 18 19 20,1,70,,45652,25,,,1,30,,45663,25,0,10 18 19 20,1,70,,45651,25,,,1,30,,45662,25,0,10 18 19 20,1,70,,45650,25,,,1,30,,45661,25,0,10 18 19 20,1,65,,45649,25,,,1,30,,45660,25,0,10 18 19 20,1,71,,45648,25,,,1,24,,45674,25,0,10 18 19 20,1,20,,45677,25,,,1,70,,45675,25,0,10 18 19 20,1,30,,45678,25,,,1,70,,45676,25,0,10 18 19 20,1,30,,45679,25,0,10 18 19 20,1,71,,45680,25,,,1,83,,45659,25,0,10 18 19 20,1
1300,'4',704,,45703,25,,,1,41,,45705,25,0,10 18 19 20,1,75,,45704,25,,,1,35,,45706,25,0,10 18 19 20,1,75,,45691,25,,,1,70,,45702,25,0,10 18 19 20,1,15,,45690,25,,,1,30,,45701,25,0,10 18 19 20,1,70,,45689,25,,,1,30,,45700,25,0,10 18 19 20,1,65,,45688,25,,,1,31,,45699,25,0,10 18 19 20,1,70,,45687,25,,,1,30,,45698,25,0,10 18 19 20,1,70,,45686,25,,,1,30,,45697,25,0,10 18 19 20,1,70,,45685,25,,,1,30,,45696,25,0,10 18 19 20,1,70,,45684,25,,,1,30,,45695,25,0,10 18 19 20,1,70,,45683,25,,,1,30,,45694,25,0,10 18 19 20,1,65,,45682,25,,,1,30,,45693,25,0,10 18 19 20,1,71,,45681,25,,,1,24,,45707,25,0,10 18 19 20,1,20,,45710,25,,,1,70,,45708,25,0,10 18 19 20,1,30,,45711,25,,,1,70,,45709,25,0,10 18 19 20,1,30,,45712,25,0,10 18 19 20,1,71,,45713,25,,,1,83,,45692,25,0,10 18 19 20,1
1901,'2',701,,47179,69,,,1,39,,47180,69,,,1,67,,47181,69,,,1,27,,47182,69,,,1,69,,47183,69,,,1,25,,47184,69,,,1,27,,47185,69,,,1,67,,47186,69,,,1,27,,47187,69,,,1,67,,47188,69,,,1,27,,47189,69,,,1,67,,47190,69,,,1,27,,47191,69,,,1,67,,47192,69,,,1,27,,47193,69,,,1,24,,47194,69,,,1,67,,47195,69,,,1,27,,47196,69,,,1,71,,47197,69,,,1,27,,47198,69,,,1,70,,47199,69,,,1,28,,47200,69,,,1,69,,47201,69,,,1,28,,47202,69,,,1,68,,47203,69,,,1,28,,47204,69,,,1,68,,47205,69,,,1,24,,47206,69,,,1,27,,47207,69,,,1,67,,47208,69,,,1,27,,47209,69,,,1,67,,47210,69,,,1,27,,47211,69,,,1,60,,47212,69,,,1,27,,47213,69,,,1,27,,47214,69,,,1,76,,47215,69,,,1,12,,47216,69,,,1,85,,47217,69,,,1
1901,'3',832,,47218,53,,,1,72,,47220,69,,,1,32,,47221,69,,,1,72,,47222,69,,,1,32,,47223,69,,,1,72,,47224,69,,,1,32,,47225,69,,,1,72,,47226,69,,,1,32,,47227,69,,,1,72,,47228,69,,,1,32,,47229,69,,,1,70,,47230,69,,,1,27,,47231,69,,,1,64,,47232,69,,,1,27,,47233,69,,,1,67,,47234,69,,,1,27,,47235,69,,,1,67,,47236,69,,,1,27,,47237,69,,,1,27,,47238,69,,,1,79,,47240,69,,,1,72,,47241,69,,,1,32,,47242,69,,,1,72,,47243,69,,,1,32,,47244,69,,,1,72,,47245,69,,,1,35,,47246,69,,,1
1901,'30',909,,47270,69,,,1,35,,47250,69,,,1,75,,47264,69,,,1,35,,47251,69,,,1,75,,47252,69,,,1,80,,47253,69,,,1,40,,47268,69,,,1,80,,47254,69,,,1,80,,47255,69,,,1,40,,47256,69,,,1,80,,47257,69,,,1,80,,47265,69,,,1,40,,47258,69,,,1,75,,47259,69,,,1,35,,47269,69,,,1,75,,47260,69,,,1,75,,47261,69,,,1,35,,47266,69,,,1
1901,'4',909,,47291,69,,,1,35,,47271,69,,,1,75,,47285,69,,,1,35,,47272,69,,,1,75,,47273,69,,,1,80,,47274,69,,,1,40,,47289,69,,,1,80,,47275,69,,,1,80,,47276,69,,,1,40,,47277,69,,,1,80,,47278,69,,,1,80,,47286,69,,,1,40,,47279,69,,,1,75,,47280,69,,,1,35,,47290,69,,,1,75,,47281,69,,,1,75,,47282,69,,,1,35,,47287,69,,,1
2000,'2',632,,47293,37,,,1,16,,47296,37,,,1,66,,47299,2,,,1,8,,47294,37,,,1,15,,47295,37,,,1,15,,47297,37,,,1,55,,47319,37,,,1,15,,47320,37,,,1,15,,47321,37,,,1,15,,47322,37,,,1,55,,47323,37,,,1,15,,47324,37,,,1,15,,47325,37,,,1,15,,47326,37,,,1,55,,47327,37,,,1,15,,47328,37,,,1,15,,47329,37,,,1,15,,47330,37,,,1,55,,47331,37,,,1,10,,47332,37,,,1,15,,47333,37,,,1,15,,47334,37,,,1,55,,47335,37,,,1,15,,47336,37,,,1,15,,47337,37,,,1,15,,47338,37,,,1,55,,47339,37,,,1,15,,47340,37,,,1,15,,47341,37,,,1,15,,47342,37,,,1,10,,47343,37,,,1,55,,47344,37,,,1,15,,47345,37,,,1,15,,47346,37,,,1,15,,47347,37,,,1,55,,47348,37,,,1,15,,47349,37,,,1,15,,47350,37,,,1,15,,47351,37,,,1,55,,47352,37,,,1,15,,47353,37,,,1,15,,47354,37,,,1,15,,47355,37,,,1,55,,47356,37,,,1,19,,47357,37,,,1,21,,47298,37,,,1,55,,47300,37,,,1,16,,47301,37,,,1,16,,47302,37,,,1,13,,47311,37,,,1,53,,47303,37,,,1,15,,47304,37,,,1,20,,47305,37,,,1,72,,47306,37,,,1,13,,47307,37,,,1,27,,47308,37,,,1,66,,47309,37,,,1,19,,47312,37,,,1,71,,47313,37,,,1,26,,47314,37,,,1,66,,47315,37,,,1,26,,47292,37,,,1,30,,47317,37,,,1,65,,47318,37,,,1,81,,47316,37,,,1
2000,'3',632,,47361,37,,,1,26,,47364,37,,,1,70,,47365,37,,,1,81,,47366,37,,,1,28,,47367,37,,,1,66,,47368,37,,,1,26,,47369,37,,,1,26,,47370,37,,,1,72,,47371,37,,,1,22,,47372,37,,,1,60,,47373,37,,,1,20,,47374,37,,,1,20,,47375,37,,,1,60,,47376,37,,,1,20,,47377,37,,,1,22,,47378,37,,,1,60,,47379,37,,,1,20,,47380,37,,,1,20,,47381,37,,,1,60,,47382,37,,,1,20,,47383,37,,,1,19,,47384,37,,,1,60,,47385,37,,,1,20,,47386,37,,,1,20,,47387,37,,,1,60,,47388,37,,,1,20,,47389,37,,,1,20,,47390,37,,,1,60,,47391,37,,,1,20,,47392,37,,,1,20,,47393,37,,,1,54,,47394,37,,,1,20,,47395,37,,,1,24,,47396,37,,,1,67,,47397,37,,,1,27,,47398,37,,,1,67,,47399,37,,,1,27,,47400,37,,,1,67,,47401,37,,,1,27,,47402,37,,,1,23,,47403,37,,,1,67,,47404,37,,,1,27,,47405,37,,,1,67,,47406,37,,,1,27,,47407,37,,,1,61,,47408,37,,,1,19,,47409,37,,,1,81,,47363,37,,,1
2000,'30',657,,47411,37,,,1,82,,47412,37,,,1,85,,47413,37,,,1,87,,47414,37,,,1,29,,47415,37,,,1,66,,47416,37,,,1,25,,47417,37,,,1,26,,47418,37,,,1,67,,47419,37,,,1,26,,47420,37,,,1,66,,47421,37,,,1,29,,47422,37,,,1,66,,47423,37,,,1,26,,47424,37,,,1,66,,47425,37,,,1,26,,47426,37,,,1,26,,47427,37,,,1,66,,47428,37,,,1,26,,47429,37,,,1,66,,47430,37,,,1,26,,47431,37,,,1,66,,47432,37,,,1,26,,47433,37,,,1,24,,47434,37,,,1,65,,47435,37,,,1,25,,47436,37,,,1,65,,47437,37,,,1,25,,47438,37,,,1,65,,47439,37,,,1,25,,47440,37,,,1,25,,47441,37,,,1,65,,47442,37,,,1,25,,47443,37,,,1,66,,47444,37,,,1,21,,47445,37,,,1,20,,47446,37,,,1
2000,'4',657,,47448,37,,,1,82,,47449,37,,,1,85,,47450,37,,,1,87,,47451,37,,,1,29,,47452,37,,,1,66,,47453,37,,,1,25,,47454,37,,,1,26,,47455,37,,,1,67,,47456,37,,,1,26,,47457,37,,,1,66,,47458,37,,,1,29,,47459,37,,,1,66,,47460,37,,,1,26,,47461,37,,,1,66,,47462,37,,,1,26,,47463,37,,,1,26,,47464,37,,,1,66,,47465,37,,,1,26,,47466,37,,,1,66,,47467,37,,,1,26,,47468,37,,,1,66,,47469,37,,,1,26,,47470,37,,,1,24,,47471,37,,,1,65,,47472,37,,,1,25,,47473,37,,,1,65,,47474,37,,,1,25,,47475,37,,,1,65,,47476,37,,,1,25,,47477,37,,,1,25,,47478,37,,,1,65,,47479,37,,,1,25,,47480,37,,,1,66,,47481,37,,,1,21,,47482,37,,,1,20,,47483,37,,,1
9000,'2',644,,49464,7,,,1,15,,49465,7,,,1,58,,49466,7,,,1,15,,49467,7,,,1,15,,49468,7,,,1,55,,49469,7,,,1,15,,49470,7,,,1,15,,49471,7,,,1,15,,49472,7,,,1,55,,49473,7,,,1,13,,49474,7,,,1,15,,49475,7,,,1,15,,49476,7,,,1,55,,49477,7,,,1,15,,49478,7,,,1,15,,49479,7,,,1,15,,49480,7,,,1,55,,49481,7,,,1,15,,49482,7,,,1,15,,49483,7,,,1,15,,49484,7,,,1,55,,49485,7,,,1,15,,49486,7,,,1,15,,49487,7,,,1,15,,49488,7,,,1,55,,49489,7,,,1,15,,49490,7,,,1,15,,49491,7,,,1,15,,49492,7,,,1,55,,49493,7,,,1,17,,49494,7,,,1,15,,49495,7,,,1,15,,49496,7,,,1,55,,49497,7,,,1,19,,49498,7,,,1,15,,49499,7,,,1,15,,49500,7,,,1,55,,49501,7,,,1,17,,49502,7,,,1,15,,49503,7,,,1,15,,49504,7,,,1,55,,49505,7,,,1,12,,49506,7,,,1,16,,49507,7,,,1,17,,49508,7,,,1,55,,49509,7,,,1,38,,49511,7,,,1,67,,49512,7,,,1,27,,49513,7,,,1,67,,49514,7,,,1,27,,49515,7,,,1,67,,49516,7,,,1
9000,'3',829,,49537,7,,,1,30,,49538,7,,,1,70,,49539,7,,,1,30,,49540,7,,,1,70,,49541,7,,,1,25,,49536,7,,,1,65,,49535,7,,,1,25,,49534,7,,,1,65,,49533,7,,,1,25,,49532,7,,,1,25,,49531,7,,,1,65,,49530,7,,,1,25,,49529,7,,,1,65,,49528,7,,,1,25,,49527,7,,,1,65,,49526,7,,,1,25,,49525,7,,,1,25,,49524,7,,,1,65,,49523,7,,,1,25,,49522,7,,,1,65,,49521,7,,,1,25,,49520,7,,,1,25,,49519,7,,,1
9000,'4',1009,,49543,7,,,1,20,,49544,7,,,1,20,,49545,7,,,1,60,,49546,7,,,1,20,,49547,7,,,1,20,,49548,7,,,1,60,,49549,7,,,1,21,,49550,7,,,1,16,,49551,7,,,1,56,,49552,7,,,1,16,,49553,7,,,1,16,,49554,7,,,1,16,,49555,7,,,1,56,,49556,7,,,1,16,,49557,7,,,1,16,,49558,7,,,1,16,,49559,7,,,1,56,,49560,7,,,1,16,,49561,7,,,1,16,,49562,7,,,1,16,,49563,7,,,1,56,,49564,7,,,1,16,,49565,7,,,1,16,,49566,7,,,1,61,,49567,7,,,1,17,,49568,7,,,1,20,,49569,7,,,1,70,,49570,7,,,1,25,,49571,7,,,1,65,,49572,7,,,1,10,,49542,7,,,1
9400,'2',732,,50161,8,,,1,26,,50162,8,,,1,66,,50163,8,,,1,26,,50164,8,,,1,66,,50165,8,,,1,26,,50166,8,,,1,66,,50167,8,,,1,316,,50168,8,,,1,21,,50169,8,,,1,61,,50170,8,,,1,21,,50171,8,,,1,21,,50172,8,,,1,61,,50173,8,,,1,21,,50174,8,,,1,21,,50175,8,,,1,63,,50176,8,,,1,23,,50177,8,,,1,64,,50178,8,,,1,23,,50179,8,,,1,23,,50180,8,,,1,61,,50181,8,,,1
10601,'11802',903,,50671,18,,,1,649,,50669,18,,,1,90,,50670,18,,,1
10601,'3302',742,,50672,18,,,1,60,,50686,18,,,1,25,,50673,18,,,1,20,,50687,18,,,1,65,,50674,18,,,1,20,,50688,18,,,1,25,,50675,18,,,1,65,,50699,18,,,1,20,,50676,18,,,1,65,,50689,18,,,1,20,,50677,18,,,1,20,,50690,18,,,1,65,,50678,18,,,1,21,,50691,18,,,1,25,,50679,18,,,1,60,,50692,18,,,1,25,,50680,18,,,1,60,,50693,18,,,1,26,,50681,18,,,1,20,,50694,18,,,1,65,,50682,18,,,1,20,,50695,18,,,1,25,,50683,18,,,1,60,,50696,18,,,1,30,,50684,18,,,1,60,,50697,18,,,1,10,,50700,18,,,1,25,,50685,18,,,1,60,,50698,18,,,1,10,,50701,18,,,1,20,,50715,18,,,1,19,,50702,18,,,1,58,,50706,18,,,1,22,,50703,18,,,1,18,,50707,18,,,1,62,,50704,18,,,1,18,,50708,18,,,1,22,,50705,18,,,1,58,,50714,18,,,1,38,,50709,18,,,1,81,,50710,18,,,1,80,,50711,18,,,1,40,,50712,18,,,1
10601,'3602',752,,50716,18,,,1,60,,50730,18,,,1,25,,50717,18,,,1,20,,50731,18,,,1,65,,50718,18,,,1,20,,50732,18,,,1,65,,50719,18,,,1,25,,50733,18,,,1,20,,50720,18,,,1,65,,50734,18,,,1,20,,50721,18,,,1,20,,50735,18,,,1,66,,50722,18,,,1,20,,50736,18,,,1,65,,50723,18,,,1,20,,50737,18,,,1,25,,50724,18,,,1,60,,50738,18,,,1,26,,50725,18,,,1,20,,50739,18,,,1,65,,50726,18,,,1,20,,50740,18,,,1,65,,50727,18,,,1,25,,50741,18,,,1,25,,50728,18,,,1,75,,50742,18,,,1,20,,50729,18,,,1,70,,50750,18,,,1,20,,50743,18,,,1,58,,50744,18,,,1,20,,50745,18,,,1,21,,50746,18,,,1,58,,50747,18,,,1,22,,50748,18,,,1,18,,50751,18,,,1
10601,'3903',1140,,50752,18,,,1,86,,50753,18,,,1,80,,50754,18,,,1,40,,50755,18,,,1,81,,50756,18,,,1,85,,50757,18,,,1,45,,50758,18,,,1,90,,50759,18,,,1,90,,50760,18,,,1,84,,50761,18,,,1,80,,50762,18,,,1,40,,50763,18,,,1,80,,50764,18,,,1,80,,50765,18,,,1,39,,50766,18,,,1,80,,50767,18,,,1
10601,'6404',1140,,50769,18,,,1,86,,50770,18,,,1,80,,50771,18,,,1,40,,50772,18,,,1,81,,50773,18,,,1,85,,50774,18,,,1,45,,50775,18,,,1,90,,50776,18,,,1,90,,50777,18,,,1,84,,50778,18,,,1,80,,50779,18,,,1,40,,50780,18,,,1,80,,50781,18,,,1,80,,50782,18,,,1,39,,50783,18,,,1
