1000,'2',610,,36233,49,,,1,15,,36234,49,,,1,15,,36235,64,,,1,15,,36236,49,,,1,55,,36244,64,,,1,15,,36245,49,,,1,20,,36243,64,,,1,55,,36246,49,,,1,17,,36237,64,,,1,19,,36283,64,,,1,17,,36238,64,,,1,54,,36284,64,,,1,15,,36242,64,,,1,18,,36241,64,,,1,69,,36239,64,,,1,30,,36250,64,,,1,70,,36249,64,,,1,30,,36248,64,,,1,70,,36247,64,,,1,32,,36254,64,,,1,14,,36255,49,,,1,66,,36253,64,,,1,14,,36287,49,,,1,16,,36252,64,,,1,60,,36251,64,,,1,15,,36288,49,,,1,18,,36257,64,,,1,63,,36256,64,,,1,18,,36285,64,,,1,16,,36258,64,,,1,15,,36286,64,,,1,59,,36259,64,,,1,16,,36266,64,,,1,14,,36260,64,,,1,56,,36261,64,,,1,16,,36262,64,,,1,18,,36263,64,,,1,15,,36264,64,,,1,55,,36289,64,,,1,12,,36265,64,,,1,33,,36267,64,,,1,57,,36268,64,,,1,33,,36269,64,,,1,73,,36270,64,,,1,30,,36271,64,,,1,70,,36272,64,,,1,35,,36273,64,,,1,65,,36274,64,,,1,38,,36275,64,,,1,73,,36276,64,,,1,30,,36277,64,,,1,75,,36278,64,,,1,75,,36279,64,,,1,30,,36280,64,,,1
1000,'3',618,,36295,49,,,1,35,,36292,49,,,1,75,,36293,64,,,1,75,,36294,64,,,1,37,,36296,64,,,1,70,,36297,64,,,1,15,,36298,64,,,1,30,,36299,64,,,1,72,,36300,64,,,1,30,,36301,64,,,1,70,,36302,64,,,1,30,,36303,64,,,1,80,,36304,64,,,1,70,,36305,64,,,1,30,,36306,64,,,1,70,,36307,64,,,1,31,,36308,64,,,1,70,,36309,64,,,1,30,,36310,64,,,1,65,,36311,64,,,1,12,,36312,64,,,1,30,,36313,64,,,1,70,,36314,64,,,1,30,,36315,64,,,1,68,,36316,64,,,1,28,,36317,64,,,1,65,,36318,64,,,1,30,,36319,64,,,1,70,,36320,64,,,1,30,,36321,64,,,1,70,,36322,64,,,1,30,,36326,64,,,1,65,,36327,64,,,1,25,,36328,64,,,1,25,,36329,64,,,1,65,,36330,64,,,1,30,,36331,64,,,1,62,,36332,64,,,1,47,,36333,64,,,1
1000,'30',712,,36334,49,,,1,37,,36370,64,,,1,60,,36335,64,,,1,35,,36369,64,,,1,60,,36336,64,,,1,30,,36337,64,,,1,70,,36338,64,,,1,30,,36339,64,,,1,25,,36340,64,,,1,65,,36341,64,,,1,25,,36342,64,,,1,66,,36343,64,,,1,31,,36344,64,,,1,70,,36345,64,,,1,30,,36346,64,,,1,70,,36347,64,,,1,30,,36348,64,,,1,70,,36349,64,,,1,30,,36350,64,,,1,70,,36351,64,,,1,30,,36352,64,,,1,70,,36353,64,,,1,29,,36356,64,,,1,70,,36357,64,,,1,30,,36358,64,,,1,70,,36359,64,,,1,30,,36360,64,,,1,66,,36361,64,,,1,30,,36362,64,,,1,70,,36363,64,,,1,28,,36364,64,,,1,70,,36365,64,,,1,32,,36366,64,,,1,70,,36367,64,,,1
1000,'4',712,,36371,49,,,1,37,,36407,64,,,1,60,,36372,64,,,1,35,,36406,64,,,1,60,,36373,64,,,1,30,,36374,64,,,1,70,,36375,64,,,1,30,,36376,64,,,1,25,,36377,64,,,1,65,,36378,64,,,1,25,,36379,64,,,1,66,,36380,64,,,1,31,,36381,64,,,1,70,,36382,64,,,1,30,,36383,64,,,1,70,,36384,64,,,1,30,,36385,64,,,1,70,,36386,64,,,1,30,,36387,64,,,1,70,,36388,64,,,1,30,,36389,64,,,1,70,,36390,64,,,1,29,,36393,64,,,1,70,,36394,64,,,1,30,,36395,64,,,1,70,,36396,64,,,1,30,,36397,64,,,1,66,,36398,64,,,1,30,,36399,64,,,1,70,,36400,64,,,1,28,,36401,64,,,1,70,,36402,64,,,1,32,,36403,64,,,1,70,,36404,64,,,1
12700,'3302',638,,42080,1,,,1,88,,42081,1,,,1,18,,42082,1,,,1,94,,42083,1,,,1,18,,42084,1,,,1,91,,42085,1,,,1,63,,42086,1,,,1,46,,42087,1,,,1,63,,42088,1,,,1,85,,42089,1,,,1,23,,42090,1,,,1,86,,42091,1,,,1,24,,42092,1,,,1,85,,42093,1,,,1,30,,42094,1,,,1,85,,42095,1,,,1,70,,42096,1,,,1,48,,42097,1,,,1,76,,42098,1,,,1,80,,42099,1,,,1,37,,42100,1,,,1,74,,42101,1,,,1,34,,42102,1,,,1,74,,42103,1,,,1,102,,42104,1,,,1,104,,42105,1,,,1,101,,42106,1,,,1
12700,'3602',600,,42107,1,,,1,50,,42108,1,,,1,56,,42109,1,,,1,96,,42110,1,,,1,18,,42111,1,,,1,103,,42112,1,,,1,110,,42113,1,,,1,109,,42114,1,,,1,108,,42115,1,,,1,102,,42116,1,,,1,55,,42117,1,,,1,30,,42118,1,,,1,70,,42119,1,,,1,15,,42120,1,,,1,29,,42121,1,,,1,72,,42122,1,,,1,16,,42123,1,,,1,72,,42124,1,,,1
12700,'3903',600,,42125,1,,,1,100,,42126,1,,,1,100,,42127,1,,,1,102,,42128,1,,,1,102,,42129,1,,,1,34,,42130,1,,,1,74,,42131,1,,,1,34,,42132,1,,,1,73,,42133,1,,,1,35,,42134,1,,,1,75,,42135,1,,,1,76,,42136,1,,,1,35,,42137,1,,,1,75,,42138,1,,,1,35,,42139,1,,,1,75,,42140,1,,,1,75,,42141,1,,,1,35,,42142,1,,,1,78,,42143,1,,,1,34,,42144,1,,,1,74,,42145,1,,,1,34,,42146,1,,,1,74,,42147,1,,,1,104,,42148,1,,,1,102,,42149,1,,,1,102,,42150,1,,,1
12700,'6404',752,,42152,1,,,1,100,,42153,1,,,1,74,,42154,1,,,1,74,,42155,1,,,1,34,,42156,1,,,1,74,,42157,1,,,1,34,,42158,1,,,1,73,,42159,1,,,1,34,,42160,1,,,1,74,,42161,1,,,1,34,,42162,1,,,1,74,,42163,1,,,1,74,,42164,1,,,1,34,,42165,1,,,1,74,,42166,1,,,1,38,,42167,1,,,1,68,,42168,1,,,1,37,,42169,1,,,1,101,,42170,1,,,1,101,,42171,1,,,1,101,,42172,1,,,1,141,,42173,1,,,1,55,,42174,1,0,35 3 54,1
12701,'3302',732,,42175,21,4,,1,93,,42176,21,4,,1,18,,42177,21,4,,1,94,,42178,21,4,,1,21,,42179,21,4,,1,88,,42180,21,4,,1,63,,42181,21,4,,1,46,,42182,21,4,,1,63,,42183,21,4,,1,86,,42184,21,4,,1,23,,42185,21,4,,1,86,,42186,21,4,,1,30,,42187,21,4,,1,85,,42188,21,4,,1,30,,42189,21,4,,1,88,,42190,21,4,,1,72,,42191,21,4,,1,88,,42192,21,4,,1,28,,42193,21,4,,1,77,,42194,21,4,,1,34,,42195,21,4,,1,74,,42196,21,4,,1,34,,42197,21,4,,1,74,,42198,21,4,,1,98,,42199,21,4,,1,104,,42200,21,4,,1,98,,42201,21,4,,1
12701,'3602',653,,42202,21,4,,1,96,,42203,21,4,,1,58,,42204,21,4,,1,94,,42205,21,4,,1,18,,42206,21,4,,1,103,,42207,21,4,,1,110,,42208,21,4,,1,109,,42209,21,4,,1,111,,42210,21,4,,1,76,,42211,21,4,,1,30,,42212,21,4,,1,55,,42213,21,4,,1,30,,42214,21,4,,1,71,,42215,21,4,,1,16,,42216,21,4,,1,72,,42217,21,4,,1,32,,42218,21,4,,1,16,,42219,21,4,,1
12701,'3903',651,,42220,21,4,,1,99,,42221,21,4,,1,103,,42222,21,4,,1,102,,42223,21,4,,1,73,,42224,21,4,,1,74,,42225,21,4,,1,34,,42226,21,4,,1,74,,42227,21,4,,1,36,,42228,21,4,,1,75,,42229,21,4,,1,35,,42230,21,4,,1,76,,42231,21,4,,1,76,,42232,21,4,,1,35,,42233,21,4,,1,75,,42234,21,4,,1,35,,42235,21,4,,1,75,,42236,21,4,,1,77,,42237,21,4,,1,32,,42238,21,4,,1,74,,42239,21,4,,1,34,,42240,21,4,,1,74,,42241,21,4,,1,34,,42242,21,4,,1,72,,42245,21,4,,1,102,,42243,21,4,,1,102,,42244,21,4,,1
12701,'6404',740,,42246,21,4,,1,102,,42247,21,4,,1,78,,42268,10,4,,1,28,,42248,21,4,,1,74,,42249,21,4,,1,34,,42250,21,4,,1,74,,42251,21,4,,1,74,,42252,21,4,,1,36,,42253,21,4,,1,74,,42254,21,4,,1,34,,42255,21,4,,1,74,,42256,21,4,,1,34,,42257,21,4,,1,74,,42258,21,4,,1,74,,42259,21,4,,1,34,,42260,21,4,,1,74,,42261,21,4,,1,31,,42262,21,4,,1,104,,42263,21,4,,1,101,,42264,21,4,,1,101,,42265,21,4,,1,101,,42266,21,4,,1,101,,42267,21,4,,1
