600,'2',612,,35275,33,,,1,28,,35274,33,,,1,83,,35276,33,,,1,25,,35277,33,,,1,60,,35278,33,,,1,25,,35279,33,,,1,25,,35280,33,,,1,65,,35281,33,,,1,30,,35282,33,,,1,70,,35283,33,,,1,25,,35284,33,,,1,70,,35285,33,,,1,30,,35286,33,,,1,70,,35287,33,,,1,25,,35288,33,,,1,70,,35289,33,,,1,30,,35290,33,,,1,72,,35291,33,,,1,30,,35292,33,,,1,65,,35293,33,,,1,30,,35294,33,,,1,65,,35295,33,,,1,31,,35296,33,,,1,70,,35297,33,,,1,30,,35298,33,,,1,70,,35299,33,,,1,21,,35300,33,,,1,25,,35301,33,,,1,65,,35302,33,,,1,25,,35303,33,,,1,65,,35304,33,,,1,25,,35305,33,,,1,24,,35306,33,,,1,64,,35307,33,,,1,25,,35308,33,,,1,65,,35309,33,,,1,25,,35310,33,,,1,65,,35311,33,,,1,25,,35312,33,,,1,25,,35313,33,,,1,67,,35314,33,,,1,25,,35315,33,,,1,69,,35316,33,,,1
600,'3',605,,35317,16,,,1,33,,35318,33,,,1,67,,35319,33,,,1,35,,35320,33,,,1,77,,35321,33,,,1,35,,35322,33,,,1,75,,35323,33,,,1,24,,35325,16,,,1,51,,35324,33,,,1,32,,35326,33,,,1,68,,35327,33,,,1,25,,35328,33,,,1,25,,35329,33,,,1,64,,35330,33,,,1,18,,35331,33,,,1,20,,35332,33,,,1,58,,35333,33,,,1,20,,35334,33,,,1,19,,35335,33,,,1,61,,35336,33,,,1,20,,35337,33,,,1,20,,35338,33,,,1,60,,35339,33,,,1,20,,35340,33,,,1,20,,35341,33,,,1,60,,35342,33,,,1,20,,35343,33,,,1,20,,35344,33,,,1,60,,35345,33,,,1,20,,35346,33,,,1,20,,35347,33,,,1,60,,35348,33,,,1,20,,35349,33,,,1,15,,35350,33,,,1,65,,35351,33,,,1,25,,35352,33,,,1,65,,35353,33,,,1,25,,35354,33,,,1,25,,35355,33,,,1,65,,35356,33,,,1,25,,35357,33,,,1,79,,35358,33,,,1,33,,35359,33,,,1,76,,35360,33,,,1,76,,35361,33,,,1,36,,35362,33,,,1,69,,35363,33,,,1
600,'30',901,,35364,16,,,1,28,,35365,16,,,1,75,,35366,33,,,1,35,,35367,33,,,1,75,,35368,33,,,1,35,,35369,33,,,1,70,,35370,16,,,1,15,,35371,33,,,1,74,,35372,33,,,1,25,,35373,33,,,1,25,,35374,33,,,1,65,,35375,33,,,1,25,,35376,33,,,1,65,,35377,33,,,1,25,,35378,33,,,1,65,,35379,33,,,1,25,,35380,33,,,1,25,,35381,33,,,1,65,,35382,33,,,1,25,,35383,33,,,1,63,,35384,33,,,1,25,,35385,33,,,1,77,,35386,33,,,1,35,,35387,33,,,1,75,,35388,33,,,1,35,,35389,33,,,1,75,,35390,33,,,1,75,,35391,33,,,1,33,,35392,33,,,1,74,,35393,33,,,1
600,'4',901,,35394,16,,,1,28,,35395,16,,,1,75,,35396,33,,,1,35,,35397,33,,,1,75,,35398,33,,,1,35,,35399,33,,,1,70,,35423,16,,,1,15,,35400,33,,,1,74,,35401,33,,,1,25,,35402,33,,,1,25,,35403,33,,,1,65,,35404,33,,,1,25,,35405,33,,,1,65,,35406,33,,,1,25,,35407,33,,,1,65,,35408,33,,,1,25,,35409,33,,,1,25,,35410,33,,,1,65,,35411,33,,,1,25,,35412,33,,,1,63,,35413,33,,,1,25,,35414,33,,,1,77,,35415,33,,,1,35,,35416,33,,,1,75,,35417,33,,,1,35,,35418,33,,,1,75,,35419,33,,,1,75,,35420,33,,,1,33,,35421,33,,,1,74,,35422,33,,,1
1300,'2',614,,36854,8,0,10 18 19 20,1,18,,36855,8,,,1,14,,36856,8,0,10 18 19 20,1,13,,36857,8,,,1,49,,36858,8,0,10 18 19 20,1,15,,36859,8,,,1,15,,36860,8,0,10 18 19 20,1,15,,36861,8,,,1,55,,36862,8,0,10 18 19 20,1,15,,36863,8,,,1,15,,36864,8,0,10 18 19 20,1,15,,36865,8,,,1,55,,36866,8,0,10 18 19 20,1,15,,36867,8,,,1,15,,36868,8,0,10 18 19 20,1,10,,36869,8,,,1,55,,36870,8,0,10 18 19 20,1,15,,36871,8,,,1,15,,36872,8,0,10 18 19 20,1,15,,36873,8,,,1,55,,36874,8,0,10 18 19 20,1,15,,36875,8,,,1,15,,36876,8,0,10 18 19 20,1,10,,36877,8,,,1,15,,36878,8,0,10 18 19 20,1,55,,36879,8,,,1,15,,36880,8,0,10 18 19 20,1,15,,36881,8,,,1,15,,36882,8,0,10 18 19 20,1,55,,36883,8,,,1,15,,36884,8,0,10 18 19 20,1,15,,36885,8,,,1,14,,36886,8,0,10 18 19 20,1,56,,36887,8,,,1,15,,36888,8,0,10 18 19 20,1,15,,36889,8,,,1,15,,36890,8,0,10 18 19 20,1,55,,36891,8,,,1,15,,36892,8,0,10 18 19 20,1,15,,36893,8,,,1,12,,36894,8,0,10 18 19 20,1,54,,36895,8,,,1,15,,36896,8,0,10 18 19 20,1,15,,36897,8,,,1,15,,36898,8,0,10 18 19 20,1,55,,36899,8,,,1,15,,36900,8,0,10 18 19 20,1,15,,36901,8,,,1,18,,36902,8,0,10 18 19 20,1,60,,36907,8,,,1,20,,36903,8,0,10 18 19 20,1,20,,36908,8,,,1,60,,36904,8,0,10 18 19 20,1,20,,36909,8,,,1,20,,36905,8,0,10 18 19 20,1,60,,36910,8,,,1,20,,36906,8,,,1,72,,36911,8,0,10 18 19 20,1,25,,36914,8,,,1,25,,36912,8,0,10 18 19 20,1,67,,36915,8,,,1,33,,36913,8,0,10 18 19 20,1,70,,36916,8,,,1,28,,36918,8,0,10 18 19 20,1,87,,36917,8,,,1
1300,'3',614,,36923,8,0,10 18 19 20,1,38,,36924,8,,,1,75,,36925,8,0,10 18 19 20,1,73,,36926,8,,,1,11,,36930,8,0,10 18 19 20,1,16,,36927,8,,,1,16,,36931,8,0,10 18 19 20,1,16,,36928,8,,,1,56,,36932,8,,,1,16,,36929,8,0,10 18 19 20,1,16,,36933,8,,,1,55,,36934,8,0,10 18 19 20,1,15,,36939,8,,,1,15,,36935,8,0,10 18 19 20,1,15,,36940,8,,,1,55,,36936,8,0,10 18 19 20,1,15,,36941,8,,,1,15,,36937,8,0,10 18 19 20,1,15,,36942,8,,,1,54,,36938,8,,,1,15,,36943,8,0,10 18 19 20,1,15,,36952,8,,,1,15,,36944,8,0,10 18 19 20,1,55,,36953,8,,,1,15,,36945,8,0,10 18 19 20,1,15,,36954,8,,,1,15,,36946,8,0,10 18 19 20,1,55,,36955,8,,,1,15,,36947,8,0,10 18 19 20,1,15,,36956,8,,,1,15,,36948,8,0,10 18 19 20,1,55,,36957,8,,,1,15,,36949,8,0,10 18 19 20,1,15,,36958,8,,,1,15,,36950,8,0,10 18 19 20,1,55,,36959,8,,,1,15,,36951,8,0,10 18 19 20,1,10,,36960,8,,,1,15,,36963,8,0,10 18 19 20,1,15,,36961,8,,,1,55,,36964,8,0,10 18 19 20,1,15,,36962,8,,,1,15,,36965,8,,,1,13,,36966,8,0,10 18 19 20,1,55,,36990,8,,,1,15,,36970,8,,,1,15,,36967,8,0,10 18 19 20,1,20,,36971,8,,,1,55,,36968,8,0,10 18 19 20,1,20,,36972,8,,,1,20,,36969,8,0,10 18 19 20,1,60,,36973,8,,,1,20,,36977,8,,,1,71,,36974,8,0,10 18 19 20,1,25,,36978,8,,,1,25,,36975,8,0,10 18 19 20,1,70,,36979,8,,,1,30,,36976,8,0,10 18 19 20,1,59,,36980,8,,,1,20,,36981,8,0,10 18 19 20,1,73,,36983,8,,,1,37,,36982,8,0,10 18 19 20,1
1300,'30',642,,37013,8,,,1,83,,37015,8,0,10 18 19 20,1,75,,37014,8,,,1,35,,37016,8,0,10 18 19 20,1,75,,37001,8,,,1,30,,37012,8,0,10 18 19 20,1,15,,37000,8,,,1,70,,37011,8,0,10 18 19 20,1,30,,36999,8,,,1,70,,37010,8,0,10 18 19 20,1,24,,36998,8,,,1,70,,37009,8,0,10 18 19 20,1,30,,36997,8,,,1,70,,37008,8,0,10 18 19 20,1,30,,36996,8,,,1,70,,37007,8,0,10 18 19 20,1,30,,36995,8,,,1,70,,37006,8,0,10 18 19 20,1,30,,36994,8,,,1,70,,37005,8,0,10 18 19 20,1,30,,36993,8,,,1,70,,37004,8,0,10 18 19 20,1,25,,36992,8,,,1,70,,37003,8,0,10 18 19 20,1,31,,36991,8,,,1,67,,37017,8,0,10 18 19 20,1,20,,37020,8,,,1,70,,37018,8,0,10 18 19 20,1,30,,37021,8,,,1,70,,37019,8,0,10 18 19 20,1,30,,37022,8,0,10 18 19 20,1,71,,37023,8,,,1,42,,37002,8,0,10 18 19 20,1
1300,'4',642,,37046,8,,,1,83,,37048,8,0,10 18 19 20,1,75,,37047,8,,,1,35,,37049,8,0,10 18 19 20,1,75,,37034,8,,,1,30,,37045,8,0,10 18 19 20,1,15,,37033,8,,,1,70,,37044,8,0,10 18 19 20,1,30,,37032,8,,,1,70,,37043,8,0,10 18 19 20,1,24,,37031,8,,,1,70,,37042,8,0,10 18 19 20,1,30,,37030,8,,,1,70,,37041,8,0,10 18 19 20,1,30,,37029,8,,,1,70,,37040,8,0,10 18 19 20,1,30,,37028,8,,,1,70,,37039,8,0,10 18 19 20,1,30,,37027,8,,,1,70,,37038,8,0,10 18 19 20,1,30,,37026,8,,,1,70,,37037,8,0,10 18 19 20,1,25,,37025,8,,,1,70,,37036,8,0,10 18 19 20,1,31,,37024,8,,,1,67,,37050,8,0,10 18 19 20,1,20,,37053,8,,,1,70,,37051,8,0,10 18 19 20,1,30,,37054,8,,,1,70,,37052,8,0,10 18 19 20,1,30,,37055,8,0,10 18 19 20,1,71,,37056,8,,,1,42,,37035,8,0,10 18 19 20,1
3400,'2',625,,40263,38,0,14,1,79,,40264,38,0,14,1,35,,40279,38,0,14,1,80,,40274,38,0,14,1,82,,40273,38,0,14,1,41,,40275,38,0,14,1,80,,40265,38,0,14,1,80,,40266,38,0,14,1,40,,40267,38,0,14,1,85,,40268,38,0,14,1,80,,40269,38,0,14,1,40,,40270,38,0,14,1,83,,40271,38,0,14,1,80,,40272,38,0,14,1,40,,40280,38,0,14,1,78,,40281,38,0,14,1,80,,40282,38,0,14,1,40,,40283,38,0,14,1,78,,40284,38,0,14,1,80,,40285,38,0,14,1,40,,40291,38,0,14,1,80,,40286,38,0,14,1,80,,40287,38,0,14,1,39,,40288,38,0,14,1,80,,40290,38,0,14,1,80,,40289,38,0,14,1,40,,40276,38,0,14,1
3400,'3',811,,40301,38,0,14,1,39,,40299,38,0,14,1,80,,40300,38,0,14,1,82,,40292,38,0,14,1,42,,40293,38,0,14,1,80,,40294,38,0,14,1,80,,40295,38,0,14,1,40,,40296,38,0,14,1,80,,40297,38,0,14,1,80,,40298,38,0,14,1,42,,40302,38,0,14,1,80,,40303,38,0,14,1,80,,40304,38,0,14,1,40,,40305,38,0,14,1,80,,40306,38,0,14,1,80,,40307,38,0,14,1,42,,40308,38,0,14,1,80,,40309,38,0,14,1,80,,40310,38,0,14,1,40,,40311,38,0,14,1,74,,40312,38,0,14,1,80,,40313,38,0,14,1,40,,40314,38,0,14,1
3400,'30',1025,,40315,38,0,14,1,80,,40316,38,0,14,1,40,,40317,38,0,14,1,80,,40318,38,0,14,1,80,,40319,38,0,14,1,40,,40320,38,0,14,1,77,,40321,38,0,14,1,80,,40322,38,0,14,1,40,,40323,38,0,14,1,80,,40324,38,0,14,1,80,,40325,38,0,14,1,40,,40326,38,0,14,1,80,,40327,38,0,14,1,80,,40328,38,0,14,1,40,,40329,38,0,14,1,80,,40330,38,0,14,1,80,,40331,38,0,14,1
3400,'4',1025,,40332,38,0,14,1,80,,40333,38,0,14,1,40,,40334,38,0,14,1,80,,40335,38,0,14,1,80,,40336,38,0,14,1,40,,40337,38,0,14,1,77,,40338,38,0,14,1,80,,40339,38,0,14,1,40,,40340,38,0,14,1,80,,40341,38,0,14,1,80,,40342,38,0,14,1,40,,40343,38,0,14,1,80,,40344,38,0,14,1,80,,40345,38,0,14,1,40,,40346,38,0,14,1,80,,40347,38,0,14,1,80,,40348,38,0,14,1
