1000,'2',546,,36233,27,,,1,55,,36234,27,,,1,15,,36235,42,,,1,15,,36236,27,,,1,15,,36244,42,,,1,55,,36245,27,,,1,15,,36243,42,,,1,15,,36246,27,,,1,17,,36237,42,,,1,56,,36283,42,,,1,17,,36238,42,,,1,14,,36284,42,,,1,15,,36242,42,,,1,58,,36241,42,,,1,34,,36239,42,,,1,70,,36250,42,,,1,30,,36249,42,,,1,70,,36248,42,,,1,30,,36247,42,,,1,70,,36254,42,,,1,16,,36255,27,,,1,15,,36253,42,,,1,64,,36287,27,,,1,6,,36252,42,,,1,25,,36251,42,,,1,64,,36288,27,,,1,11,,36257,42,,,1,21,,36256,42,,,1,20,,36285,42,,,1,55,,36258,42,,,1,15,,36286,42,,,1,15,,36259,42,,,1,17,,36266,42,,,1,53,,36260,42,,,1,17,,36261,42,,,1,16,,36262,42,,,1,14,,36263,42,,,1,56,,36264,42,,,1,15,,36289,42,,,1,15,,36265,42,,,1,58,,36290,42,0,18 19 20,1,15,,36267,42,,,1,15,,36268,42,,,1,74,,36269,42,,,1,36,,36270,42,,,1,76,,36271,42,,,1,29,,36272,42,,,1,70,,36273,42,,,1,33,,36274,42,,,1,78,,36275,42,,,1,33,,36276,42,,,1,70,,36277,42,,,1,75,,36278,42,,,1,35,,36279,42,,,1,70,,36280,42,,,1
1000,'3',559,,36295,27,,,1,75,,36292,27,,,1,71,,36293,42,,,1,35,,36294,42,,,1,75,,36296,42,,,1,30,,36297,42,,,1,55,,36298,42,,,1,30,,36299,42,,,1,70,,36300,42,,,1,30,,36301,42,,,1,70,,36302,42,,,1,30,,36303,42,,,1,70,,36304,42,,,1,30,,36305,42,,,1,70,,36306,42,,,1,30,,36307,42,,,1,70,,36308,42,,,1,30,,36309,42,,,1,70,,36310,42,,,1,25,,36311,42,,,1,20,,36312,42,,,1,70,,36313,42,,,1,30,,36314,42,,,1,70,,36315,42,,,1,30,,36316,42,,,1,70,,36317,42,,,1,25,,36318,42,,,1,70,,36319,42,,,1,30,,36320,42,,,1,70,,36321,42,,,1,30,,36322,42,,,1,65,,36326,42,,,1,25,,36327,42,,,1,25,,36328,42,,,1,65,,36329,42,,,1,25,,36330,42,,,1,70,,36331,42,,,1,30,,36332,42,,,1,92,,36333,42,,,1,16,,36323,42,0,18 19 20,1
1000,'30',652,,36334,27,,,1,75,,36370,42,,,1,20,,36335,42,,,1,75,,36369,42,,,1,20,,36336,42,,,1,68,,36337,42,,,1,30,,36338,42,,,1,70,,36339,42,,,1,25,,36340,42,,,1,65,,36341,42,,,1,25,,36342,42,,,1,25,,36343,42,,,1,70,,36344,42,,,1,30,,36345,42,,,1,70,,36346,42,,,1,30,,36347,42,,,1,70,,36348,42,,,1,30,,36349,42,,,1,70,,36350,42,,,1,30,,36351,42,,,1,70,,36352,42,,,1,30,,36353,42,,,1,70,,36356,42,,,1,30,,36357,42,,,1,70,,36358,42,,,1,30,,36359,42,,,1,70,,36360,42,,,1,26,,36361,42,,,1,70,,36362,42,,,1,30,,36363,42,,,1,70,,36364,42,,,1,30,,36365,42,,,1,70,,36366,42,,,1,34,,36367,42,,,1
1000,'4',652,,36371,27,,,1,75,,36407,42,,,1,20,,36372,42,,,1,75,,36406,42,,,1,20,,36373,42,,,1,68,,36374,42,,,1,30,,36375,42,,,1,70,,36376,42,,,1,25,,36377,42,,,1,65,,36378,42,,,1,25,,36379,42,,,1,25,,36380,42,,,1,70,,36381,42,,,1,30,,36382,42,,,1,70,,36383,42,,,1,30,,36384,42,,,1,70,,36385,42,,,1,30,,36386,42,,,1,70,,36387,42,,,1,30,,36388,42,,,1,70,,36389,42,,,1,30,,36390,42,,,1,70,,36393,42,,,1,30,,36394,42,,,1,70,,36395,42,,,1,30,,36396,42,,,1,70,,36397,42,,,1,26,,36398,42,,,1,70,,36399,42,,,1,30,,36400,42,,,1,70,,36401,42,,,1,30,,36402,42,,,1,70,,36403,42,,,1,34,,36404,42,,,1
1001,'2',611,,36409,49,,,1,16,,36456,49,,,1,16,,36408,49,,,1,16,,36457,49,,,1,56,,36413,49,,,1,18,,36412,49,,,1,16,,36411,49,,,1,55,,36410,49,,,1,17,,36419,49,0,21 3 22,1,16,,36418,49,,,1,14,,36417,49,0,21 3 22,1,59,,36416,49,,,1,23,,36415,49,,,1,75,,36414,49,,,1,30,,36421,49,,,1,20,,36423,49,,,1,73,,36422,49,,,1,70,,36420,49,,,1,31,,36426,49,,,1,72,,36425,49,,,1,30,,36424,49,,,1,75,,36428,49,,,1,18,,36427,49,,,1,23,,36429,49,,,1,57,,36458,49,,,1,17,,36430,49,,,1,21,,36459,49,,,1,11,,36431,49,,,1,56,,36460,49,,,1,15,,36432,49,,,1,16,,36433,49,,,1,59,,36461,49,,,1,23,,36434,49,,,1,12,,36462,49,0,21 3 22,1,12,,36435,49,,,1,61,,36439,49,,,1,16,,36436,49,0,21 3 22,1,12,,36437,49,,,1,11,,36440,49,0,21 3 22,1,64,,36438,49,,,1,15,,36441,49,0,21 3 22,1,26,,36442,49,,,1,66,,36443,49,0,21 3 22,1,17,,36444,49,,,1,73,,36445,49,,,1,33,,36446,49,,,1,61,,36463,49,,,1,30,,36447,49,,,1,77,,36448,49,,,1,25,,36449,49,,,1,68,,36450,49,,,1,30,,36451,49,,,1,71,,36452,49,,,1,35,,36453,49,0,21 3 22,1
1001,'3',705,,36468,49,,,1,30,,36467,49,,,1,75,,36471,49,,,1,30,,36472,49,,,1,70,,36473,49,,,1,25,,36474,49,,,1,70,,36475,49,,,1,30,,36476,49,,,1,65,,36477,49,,,1,30,,36478,49,,,1,70,,36479,49,,,1,30,,36480,49,,,1,70,,36481,49,,,1,30,,36482,49,,,1,70,,36483,49,,,1,15,,36484,49,,,1,30,,36485,49,,,1,70,,36486,49,,,1,30,,36487,49,,,1,70,,36488,49,,,1,30,,36489,49,,,1,70,,36490,49,,,1,30,,36491,49,,,1,70,,36492,49,,,1,30,,36493,49,,,1,70,,36494,49,,,1,30,,36495,49,,,1,65,,36496,49,,,1,25,,36497,49,,,1,70,,36498,49,,,1,25,,36499,49,,,1,70,,36500,49,,,1,25,,36501,49,,,1,30,,36505,49,,,1,70,,36506,49,,,1,25,,36507,49,,,1,57,,36504,49,0,21 3 22,1,30,,36508,49,,,1,64,,36502,49,0,21 3 22,1
1001,'30',732,,36509,49,,,1,71,,36546,49,,,1,24,,36510,49,,,1,27,,36545,49,,,1,61,,36511,49,,,1,20,,36512,49,,,1,70,,36513,49,,,1,25,,36514,49,,,1,70,,36515,49,,,1,30,,36516,49,,,1,70,,36518,49,,,1,30,,36519,49,,,1,25,,36520,49,,,1,70,,36521,49,,,1,30,,36522,49,,,1,70,,36523,49,,,1,30,,36524,49,,,1,70,,36525,49,,,1,30,,36526,49,,,1,70,,36527,49,,,1,30,,36528,49,,,1,65,,36529,49,,,1,30,,36530,49,,,1,68,,36541,49,,,1,29,,36531,49,,,1,65,,36534,49,,,1,30,,36535,49,,,1,70,,36536,49,,,1,30,,36537,49,,,1,72,,36538,49,,,1,28,,36539,49,,,1,60,,36540,49,,,1,25,,36542,49,,,1,30,,36533,49,0,21 3 22,1,70,,36532,49,0,21 3 22,1
1001,'4',732,,36547,49,,,1,71,,36584,49,,,1,24,,36548,49,,,1,27,,36583,49,,,1,61,,36549,49,,,1,20,,36550,49,,,1,70,,36551,49,,,1,25,,36552,49,,,1,70,,36553,49,,,1,30,,36554,49,,,1,70,,36556,49,,,1,30,,36557,49,,,1,25,,36558,49,,,1,70,,36559,49,,,1,30,,36560,49,,,1,70,,36561,49,,,1,30,,36562,49,,,1,70,,36563,49,,,1,30,,36564,49,,,1,70,,36565,49,,,1,30,,36566,49,,,1,65,,36567,49,,,1,30,,36568,49,,,1,68,,36579,49,,,1,29,,36569,49,,,1,65,,36572,49,,,1,30,,36573,49,,,1,70,,36574,49,,,1,30,,36575,49,,,1,72,,36576,49,,,1,28,,36577,49,,,1,60,,36578,49,,,1,25,,36580,49,,,1,30,,36571,49,0,21 3 22,1,70,,36570,49,0,21 3 22,1
1300,'2',625,,36853,21,,,1,77,,36854,66,0,10 18 19 20,1,0,,36855,43,,,1,30,,36857,43,,,1,25,,36859,43,,,1,70,,36861,43,,,1,30,,36863,43,,,1,69,,36864,66,0,10 18 19 20,1,2,,36865,43,,,1,29,,36866,66,0,10 18 19 20,1,1,,36867,43,,,1,65,,36869,43,,,1,4,,36868,66,0,10 18 19 20,1,25,,36870,66,0,10 18 19 20,1,1,,36871,43,,,1,69,,36872,66,0,10 18 19 20,1,1,,36873,43,,,1,29,,36874,66,0,10 18 19 20,1,1,,36875,43,,,1,67,,36877,43,,,1,2,,36876,66,0,10 18 19 20,1,28,,36878,66,0,10 18 19 20,1,1,,36879,43,,,1,69,,36880,66,0,10 18 19 20,1,1,,36881,43,,,1,29,,36882,66,0,10 18 19 20,1,1,,36883,43,,,1,71,,36884,66,0,10 18 19 20,1,1,,36885,43,,,1,30,,36887,43,,,1,0,,36886,66,0,10 18 19 20,1,70,,36889,43,,,1,0,,36888,66,0,10 18 19 20,1,30,,36891,43,,,1,0,,36890,66,0,10 18 19 20,1,70,,36892,66,0,10 18 19 20,1,1,,36893,43,,,1,30,,36895,43,,,1,0,,36894,66,0,10 18 19 20,1,70,,36897,43,,,1,0,,36896,66,0,10 18 19 20,1,30,,36899,43,,,1,0,,36898,66,0,10 18 19 20,1,65,,36901,43,,,1,4,,36900,66,0,10 18 19 20,1,27,,36902,66,0,10 18 19 20,1,4,,36907,43,,,1,76,,36903,66,0,10 18 19 20,1,4,,36908,43,,,1,76,,36904,66,0,10 18 19 20,1,4,,36909,43,,,1,36,,36905,66,0,10 18 19 20,1,4,,36910,43,,,1,58,,36906,43,,,1,43,,36911,66,0,10 18 19 20,1,50,,36914,43,,,1,40,,36912,66,0,10 18 19 20,1,12,,36915,43,,,1,88,,36913,66,0,10 18 19 20,1,55,,36916,43,,,1,37,,36918,66,0,10 18 19 20,1,77,,36917,43,,,1
1300,'3',700,,36923,66,0,10 18 19 20,1,20,,36924,43,,,1,90,,36925,66,0,10 18 19 20,1,23,,36926,43,,,1,25,,36930,66,0,10 18 19 20,1,42,,36927,43,,,1,30,,36931,66,0,10 18 19 20,1,2,,36928,43,,,1,16,,36932,43,,,1,70,,36929,66,0,10 18 19 20,1,3,,36933,43,,,1,29,,36934,66,0,10 18 19 20,1,1,,36939,43,,,1,69,,36935,66,0,10 18 19 20,1,1,,36940,43,,,1,29,,36936,66,0,10 18 19 20,1,1,,36941,43,,,1,70,,36937,66,0,10 18 19 20,1,3,,36942,43,,,1,15,,36938,43,,,1,70,,36952,43,,,1,0,,36943,66,0,10 18 19 20,1,30,,36953,43,,,1,0,,36944,66,0,10 18 19 20,1,69,,36945,66,0,10 18 19 20,1,2,,36954,43,,,1,27,,36946,66,0,10 18 19 20,1,2,,36955,43,,,1,68,,36947,66,0,10 18 19 20,1,2,,36956,43,,,1,28,,36948,66,0,10 18 19 20,1,2,,36957,43,,,1,68,,36949,66,0,10 18 19 20,1,2,,36958,43,,,1,28,,36950,66,0,10 18 19 20,1,2,,36959,43,,,1,65,,36960,43,,,1,3,,36951,66,0,10 18 19 20,1,25,,36963,66,0,10 18 19 20,1,2,,36961,43,,,1,68,,36964,66,0,10 18 19 20,1,1,,36962,43,,,1,13,,36965,43,,,1,30,,36990,43,,,1,55,,36970,43,,,1,30,,36967,66,0,10 18 19 20,1,5,,36971,43,,,1,70,,36968,66,0,10 18 19 20,1,5,,36972,43,,,1,35,,36969,66,0,10 18 19 20,1,5,,36973,43,,,1,58,,36977,43,,,1,41,,36974,66,0,10 18 19 20,1,52,,36978,43,,,1,38,,36975,66,0,10 18 19 20,1,17,,36979,43,,,1,83,,36976,66,0,10 18 19 20,1,6,,36980,43,,,1,71,,36981,66,0,10 18 19 20,1,20,,36983,43,,,1,89,,36982,66,0,10 18 19 20,1
1300,'30',720,,37013,43,,,1,93,,37015,66,0,10 18 19 20,1,23,,37014,43,,,1,87,,37016,66,0,10 18 19 20,1,23,,37001,43,,,1,82,,37012,66,0,10 18 19 20,1,3,,37000,43,,,1,82,,37011,66,0,10 18 19 20,1,18,,36999,43,,,1,82,,37010,66,0,10 18 19 20,1,14,,36998,43,,,1,84,,37009,66,0,10 18 19 20,1,17,,36997,43,,,1,83,,37008,66,0,10 18 19 20,1,17,,36996,43,,,1,83,,37007,66,0,10 18 19 20,1,17,,36995,43,,,1,83,,37006,66,0,10 18 19 20,1,17,,36994,43,,,1,83,,37005,66,0,10 18 19 20,1,17,,36993,43,,,1,83,,37004,66,0,10 18 19 20,1,12,,36992,43,,,1,83,,37003,66,0,10 18 19 20,1,13,,36991,43,,,1,37,,37017,66,0,10 18 19 20,1,47,,37020,43,,,1,43,,37018,66,0,10 18 19 20,1,57,,37021,43,,,1,43,,37019,66,0,10 18 19 20,1,70,,37022,66,0,10 18 19 20,1,18,,37023,43,,,1,96,,37002,66,0,10 18 19 20,1
1300,'4',720,,37046,43,,,1,93,,37048,66,0,10 18 19 20,1,23,,37047,43,,,1,87,,37049,66,0,10 18 19 20,1,23,,37034,43,,,1,82,,37045,66,0,10 18 19 20,1,3,,37033,43,,,1,82,,37044,66,0,10 18 19 20,1,18,,37032,43,,,1,82,,37043,66,0,10 18 19 20,1,14,,37031,43,,,1,84,,37042,66,0,10 18 19 20,1,17,,37030,43,,,1,83,,37041,66,0,10 18 19 20,1,17,,37029,43,,,1,83,,37040,66,0,10 18 19 20,1,17,,37028,43,,,1,83,,37039,66,0,10 18 19 20,1,17,,37027,43,,,1,83,,37038,66,0,10 18 19 20,1,17,,37026,43,,,1,83,,37037,66,0,10 18 19 20,1,12,,37025,43,,,1,83,,37036,66,0,10 18 19 20,1,13,,37024,43,,,1,37,,37050,66,0,10 18 19 20,1,47,,37053,43,,,1,43,,37051,66,0,10 18 19 20,1,57,,37054,43,,,1,43,,37052,66,0,10 18 19 20,1,70,,37055,66,0,10 18 19 20,1,18,,37056,43,,,1,96,,37035,66,0,10 18 19 20,1
