400,'11802',1455,,43357,10,0,13 18 19 20,1,287,,43358,10,0,10 18 19 20,1
400,'2',617,,43385,10,0,13 18 19 20,1,39,,43384,10,0,10 18 19 20,1,55,,43383,10,0,13 18 19 20,1,15,,43382,10,0,10 18 19 20,1,15,,43381,10,0,13 18 19 20,1,15,,43380,10,0,10 18 19 20,1,55,,43379,10,0,13 18 19 20,1,15,,43378,10,0,10 18 19 20,1,15,,43377,10,0,13 18 19 20,1,60,,43376,10,0,10 18 19 20,1,20,,43375,10,0,13 18 19 20,1,20,,43374,10,0,10 18 19 20,1,60,,43373,10,0,13 18 19 20,1,20,,43372,10,0,10 18 19 20,1,20,,43371,10,0,13 18 19 20,1,60,,43370,10,0,10 18 19 20,1,20,,43369,10,0,13 18 19 20,1,20,,43368,10,0,10 18 19 20,1,60,,43367,10,0,13 18 19 20,1,20,,43366,10,0,10 18 19 20,1,20,,43365,10,0,13 18 19 20,1,60,,43364,10,0,10 18 19 20,1,20,,43363,10,0,13 18 19 20,1,17,,43362,10,0,10 18 19 20,1,14,,43387,10,0,13 18 19 20,1,50,,43388,10,0,10 18 19 20,1,15,,43396,10,0,13 18 19 20,1,15,,43389,10,0,10 18 19 20,1,15,,43397,10,0,13 18 19 20,1,55,,43390,10,0,10 18 19 20,1,15,,43398,10,0,13 18 19 20,1,15,,43391,10,0,10 18 19 20,1,14,,43399,10,0,13 18 19 20,1,54,,43392,10,0,10 18 19 20,1,15,,43400,10,0,13 18 19 20,1,10,,43393,10,0,10 18 19 20,1,15,,43401,10,0,13 18 19 20,1,15,,43394,10,0,10 18 19 20,1,50,,43402,10,0,13 18 19 20,1,15,,43395,10,0,10 18 19 20,1,10,,43403,10,0,13 18 19 20,1,23,,43404,10,0,10 18 19 20,1,60,,43405,10,0,13 18 19 20,1,15,,43409,10,0,10 18 19 20,1,20,,43406,10,0,13 18 19 20,1,60,,43410,10,0,10 18 19 20,1,20,,43407,10,0,13 18 19 20,1,20,,43411,10,0,10 18 19 20,1,60,,43408,10,0,13 18 19 20,1,17,,43412,10,0,10 18 19 20,1,15,,43413,10,0,13 18 19 20,1,67,,43416,10,0,10 18 19 20,1,30,,43414,10,0,13 18 19 20,1,70,,43417,10,0,10 18 19 20,1,30,,43415,10,0,13 18 19 20,1,71,,43418,10,0,10 18 19 20,1,40,,43419,10,0,13 18 19 20,1,99,,43420,10,0,13 18 19 20,1
400,'3',605,,43423,10,0,13 18 19 20,1,13,,43422,10,0,10 18 19 20,1,32,,43425,10,0,13 18 19 20,1,70,,43432,10,0,10 18 19 20,1,30,,43426,10,0,13 18 19 20,1,69,,43433,10,0,10 18 19 20,1,30,,43427,10,0,13 18 19 20,1,70,,43434,10,0,10 18 19 20,1,30,,43428,10,0,13 18 19 20,1,68,,43435,10,0,10 18 19 20,1,30,,43429,10,0,13 18 19 20,1,70,,43436,10,0,10 18 19 20,1,30,,43430,10,0,13 18 19 20,1,67,,43437,10,0,10 18 19 20,1,29,,43431,10,0,13 18 19 20,1,63,,43438,10,0,10 18 19 20,1,20,,43443,10,0,13 18 19 20,1,25,,43439,10,0,10 18 19 20,1,64,,43444,10,0,13 18 19 20,1,25,,43440,10,0,10 18 19 20,1,65,,43445,10,0,13 18 19 20,1,25,,43441,10,0,10 18 19 20,1,25,,43446,10,0,13 18 19 20,1,65,,43442,10,0,10 18 19 20,1,25,,43447,10,0,13 18 19 20,1,65,,43454,10,0,10 18 19 20,1,25,,43450,10,0,13 18 19 20,1,65,,43455,10,0,10 18 19 20,1,25,,43451,10,0,13 18 19 20,1,25,,43456,10,0,10 18 19 20,1,65,,43452,10,0,13 18 19 20,1,25,,43457,10,0,10 18 19 20,1,65,,43453,10,0,13 18 19 20,1,25,,43458,10,0,10 18 19 20,1,23,,43459,10,0,13 18 19 20,1,70,,43462,10,0,10 18 19 20,1,35,,43460,10,0,13 18 19 20,1,70,,43463,10,0,10 18 19 20,1,30,,43461,10,0,13 18 19 20,1,70,,43464,10,0,10 18 19 20,1,26,,43448,10,0,13 18 19 20,1,94,,43449,10,0,10 18 19 20,1
400,'30',648,,43495,10,0,13 18 19 20,1,82,,43496,10,0,10 18 19 20,1,80,,43497,10,0,13 18 19 20,1,43,,43467,10,0,10 18 19 20,1,75,,43468,10,0,13 18 19 20,1,25,,43469,10,0,10 18 19 20,1,70,,43470,10,0,13 18 19 20,1,30,,43471,10,0,10 18 19 20,1,70,,43472,10,0,13 18 19 20,1,30,,43473,10,0,10 18 19 20,1,66,,43474,10,0,13 18 19 20,1,30,,43475,10,0,10 18 19 20,1,70,,43476,10,0,13 18 19 20,1,30,,43477,10,0,10 18 19 20,1,70,,43478,10,0,13 18 19 20,1,30,,43479,10,0,10 18 19 20,1,70,,43480,10,0,13 18 19 20,1,30,,43481,10,0,10 18 19 20,1,70,,43482,10,0,13 18 19 20,1,30,,43483,10,0,10 18 19 20,1,70,,43484,10,0,13 18 19 20,1,30,,43485,10,0,10 18 19 20,1,72,,43486,10,0,13 18 19 20,1,30,,43487,10,0,10 18 19 20,1,70,,43488,10,0,13 18 19 20,1,30,,43489,10,0,10 18 19 20,1,70,,43490,10,0,13 18 19 20,1,30,,43491,10,0,10 18 19 20,1,70,,43492,10,0,13 18 19 20,1,30,,43493,10,0,10 18 19 20,1,66,,43494,10,0,13 18 19 20,1,29,,43465,10,0,10 18 19 20,1
400,'4',648,,43528,10,0,13 18 19 20,1,82,,43529,10,0,10 18 19 20,1,80,,43530,10,0,13 18 19 20,1,43,,43500,10,0,10 18 19 20,1,75,,43501,10,0,13 18 19 20,1,25,,43502,10,0,10 18 19 20,1,70,,43503,10,0,13 18 19 20,1,30,,43504,10,0,10 18 19 20,1,70,,43505,10,0,13 18 19 20,1,30,,43506,10,0,10 18 19 20,1,66,,43507,10,0,13 18 19 20,1,30,,43508,10,0,10 18 19 20,1,70,,43509,10,0,13 18 19 20,1,30,,43510,10,0,10 18 19 20,1,70,,43511,10,0,13 18 19 20,1,30,,43512,10,0,10 18 19 20,1,70,,43513,10,0,13 18 19 20,1,30,,43514,10,0,10 18 19 20,1,70,,43515,10,0,13 18 19 20,1,30,,43516,10,0,10 18 19 20,1,70,,43517,10,0,13 18 19 20,1,30,,43518,10,0,10 18 19 20,1,72,,43519,10,0,13 18 19 20,1,30,,43520,10,0,10 18 19 20,1,70,,43521,10,0,13 18 19 20,1,30,,43522,10,0,10 18 19 20,1,70,,43523,10,0,13 18 19 20,1,30,,43524,10,0,10 18 19 20,1,70,,43525,10,0,13 18 19 20,1,30,,43526,10,0,10 18 19 20,1,66,,43527,10,0,13 18 19 20,1,29,,43498,10,0,10 18 19 20,1
1701,'11802',1544,,46896,9,0,54 3 35,1,80,,46897,9,0,54 3 35,1
1701,'2',622,,46912,23,0,13 33,1,18,,46953,23,0,10 31,1,16,,46913,23,0,13 33,1,59,,46914,23,0,10 31,1,20,,46915,23,0,13 33,1,20,,46916,23,0,10 31,1,60,,46917,23,0,13 33,1,20,,46918,23,0,10 31,1,21,,46919,23,0,13 33,1,60,,46920,23,0,10 31,1,20,,46921,23,0,13 33,1,20,,46922,23,0,10 31,1,60,,46923,23,0,13 33,1,20,,46924,23,0,10 31,1,19,,46925,23,0,13 33,1,60,,46926,23,0,10 31,1,19,,46927,23,0,13 33,1,20,,46928,23,0,10 31,1,60,,46929,23,0,13 33,1,20,,46930,23,0,10 31,1,21,,46931,23,0,13 33,1,60,,46932,23,0,10 31,1,21,,46933,23,0,13 33,1,21,,46934,23,0,10 31,1,61,,46935,23,0,13 33,1,16,,46936,23,0,10 31,1,20,,46937,23,0,13 33,1,60,,46938,23,0,10 31,1,20,,46939,23,0,13 33,1,20,,46940,23,0,10 31,1,60,,46941,23,0,13 33,1,20,,46942,23,0,10 31,1,15,,46943,23,0,13 33,1,55,,46944,23,0,10 31,1,20,,46945,23,0,13 33,1,18,,46946,23,0,10 31,1,63,,46947,23,0,13 33,1,19,,46908,23,0,10 31,1,19,,46907,23,0,10 31,1,59,,46906,23,0,10 31,1,19,,46905,23,0,10 31,1,19,,46904,23,0,10 31,1,19,,46903,23,0,10 31,1,59,,46902,23,0,10 31,1,25,,46901,23,0,10 31,1,68,,46899,23,0,10 31,1,30,,46900,23,0,10 31,1,60,,46948,23,0,10 31,1,25,,46949,23,0,10 31,1,25,,46950,23,0,10 31,1,65,,46951,23,0,10 31,1,22,,46952,23,0,10 31,1,65,,46909,23,0,10 31,1,50,,46955,23,0,10 31,1
1701,'3',609,,46990,23,0,10 31,1,35,,46989,23,0,10 31,1,75,,46988,23,0,10 31,1,35,,46956,23,0,10 31,1,75,,46987,23,0,10 31,1,75,,46986,23,0,10 31,1,30,,46985,23,0,10 31,1,67,,46992,23,0,10 31,1,29,,46984,23,0,10 31,1,70,,46983,23,0,10 31,1,30,,46982,23,0,10 31,1,70,,46981,23,0,10 31,1,30,,46980,23,0,10 31,1,70,,46979,23,0,10 31,1,30,,46978,23,0,10 31,1,70,,46977,23,0,10 31,1,30,,46976,23,0,10 31,1,70,,46975,23,0,10 31,1,30,,46974,23,0,10 31,1,70,,46973,23,0,10 31,1,30,,46972,23,0,10 31,1,70,,46971,23,0,10 31,1,30,,46970,23,0,10 31,1,73,,46969,23,0,10 31,1,30,,46968,23,0,10 31,1,20,,46967,23,0,10 31,1,70,,46966,23,0,10 31,1,30,,46965,23,0,10 31,1,70,,46964,23,0,10 31,1,20,,46963,23,0,10 31,1,71,,46962,23,0,10 31,1,30,,46961,23,0,10 31,1,70,,46960,23,0,10 31,1,15,,46993,23,0,10 31,1,30,,46959,23,0,10 31,1,65,,46958,23,0,10 31,1,20,,46957,23,0,10 31,1,60,,46994,23,0,10 31,1,30,,46995,23,0,10 31,1
1701,'30',627,,47026,23,0,10 31,1,75,,47027,23,0,10 31,1,35,,47028,23,0,10 31,1,75,,47029,23,0,10 31,1,32,,46998,23,0,10 31,1,70,,46999,23,0,10 31,1,30,,47000,23,0,10 31,1,15,,47001,23,0,10 31,1,65,,47002,23,0,10 31,1,30,,47003,23,0,10 31,1,70,,47004,23,0,10 31,1,28,,47005,23,0,10 31,1,64,,47006,23,0,10 31,1,25,,47007,23,0,10 31,1,70,,47008,23,0,10 31,1,30,,47009,23,0,10 31,1,65,,47010,23,0,10 31,1,28,,47011,23,0,10 31,1,70,,47012,23,0,10 31,1,30,,47013,23,0,10 31,1,70,,47014,23,0,10 31,1,30,,47015,23,0,10 31,1,25,,47016,23,0,10 31,1,70,,47017,23,0,10 31,1,30,,47018,23,0,10 31,1,70,,47019,23,0,10 31,1,80,,47020,23,0,10 31,1,35,,47021,23,0,10 31,1,70,,47022,23,0,10 31,1,40,,47023,23,0,10 31,1,75,,47024,23,0,10 31,1,30,,47025,23,0,10 31,1,75,,46996,23,0,10 31,1,70,,46997,23,0,10 31,1
1701,'4',627,,47060,23,0,10 31,1,75,,47061,23,0,10 31,1,35,,47062,23,0,10 31,1,75,,47063,23,0,10 31,1,32,,47032,23,0,10 31,1,70,,47033,23,0,10 31,1,30,,47034,23,0,10 31,1,15,,47035,23,0,10 31,1,65,,47036,23,0,10 31,1,30,,47037,23,0,10 31,1,70,,47038,23,0,10 31,1,28,,47039,23,0,10 31,1,64,,47040,23,0,10 31,1,25,,47041,23,0,10 31,1,70,,47042,23,0,10 31,1,30,,47043,23,0,10 31,1,65,,47044,23,0,10 31,1,28,,47045,23,0,10 31,1,70,,47046,23,0,10 31,1,30,,47047,23,0,10 31,1,70,,47048,23,0,10 31,1,30,,47049,23,0,10 31,1,25,,47050,23,0,10 31,1,70,,47051,23,0,10 31,1,30,,47052,23,0,10 31,1,70,,47053,23,0,10 31,1,80,,47054,23,0,10 31,1,35,,47055,23,0,10 31,1,70,,47056,23,0,10 31,1,40,,47057,23,0,10 31,1,75,,47058,23,0,10 31,1,30,,47059,23,0,10 31,1,75,,47030,23,0,10 31,1,70,,47031,23,0,10 31,1
10401,'3302',735,,50511,10,,,1,70,,50512,10,,,1,32,,50513,10,,,1,72,,50514,10,,,1,30,,50515,10,,,1,70,,50516,10,,,1,29,,50517,10,,,1,71,,50518,10,,,1,28,,50519,10,,,1,74,,50520,10,,,1,27,,50521,10,,,1,72,,50522,10,,,1,24,,50523,10,,,1,69,,50524,10,,,1,28,,50525,10,,,1,72,,50526,10,,,1,29,,50527,10,,,1,70,,50528,10,,,1,30,,50529,10,,,1,73,,50530,10,,,1,31,,50531,10,,,1,70,,50532,10,,,1
10401,'3903',1010,,50549,10,,,1,21,,50535,10,,,1,70,,50536,10,,,1,27,,50537,10,,,1,29,,50538,10,,,1,60,,50539,10,,,1,30,,50540,10,,,1,65,,50541,10,,,1,29,,50542,10,,,1,68,,50543,10,,,1,31,,50544,10,,,1,70,,50545,10,,,1,30,,50546,10,,,1,69,,50547,10,,,1,30,,50548,10,,,1,70,,50534,10,,,1,30,,50533,10,,,1
