2500,'11802',1503,,47872,3,,,1
2500,'2',611,,47873,3,,,1,22,,47874,3,,,1,68,,47875,3,,,1,26,,47876,3,,,1,26,,47877,3,,,1,60,,47878,3,,,1,20,,47879,3,,,1,20,,47880,3,,,1,60,,47881,3,,,1,20,,47882,3,,,1,20,,47883,3,,,1,60,,47884,3,,,1,20,,47885,3,,,1,20,,47886,3,,,1,60,,47887,3,,,1,20,,47888,3,,,1,20,,47889,3,,,1,60,,47890,3,,,1,20,,47891,3,,,1,20,,47892,3,,,1,60,,47893,3,,,1,20,,47894,3,,,1,20,,47895,3,,,1,60,,47896,3,,,1,20,,47897,3,,,1,20,,47898,3,,,1,60,,47899,3,,,1,20,,47900,3,,,1,20,,47901,3,,,1,62,,47902,3,,,1,21,,47903,3,,,1,21,,47904,3,,,1,61,,47905,3,,,1,21,,47906,3,,,1,61,,47907,3,,,1,19,,47908,3,,,1,20,,47909,3,,,1,20,,47910,3,,,1,60,,47911,3,,,1,20,,47912,3,,,1,20,,47913,3,,,1,60,,47914,3,,,1,14,,47915,3,,,1,20,,47916,3,,,1,60,,47917,3,,,1,25,,47918,3,,,1,65,,47919,3,,,1,25,,47920,3,,,1,25,,47921,3,,,1,65,,47922,3,,,1,25,,47923,3,,,1
2500,'3',627,,47924,3,,,1,23,,47955,3,,,1,64,,47925,3,,,1,25,,47956,3,,,1,65,,47926,3,,,1,24,,47927,3,,,1,27,,47928,3,,,1,66,,47929,3,,,1,29,,47930,3,,,1,65,,47931,3,,,1,30,,47932,3,,,1,67,,47933,3,,,1,30,,47934,3,,,1,65,,47935,3,,,1,25,,47936,3,,,1,70,,47937,3,,,1,25,,47938,3,,,1,30,,47939,3,,,1,65,,47940,3,,,1,30,,47941,3,,,1,70,,47942,3,,,1,30,,47943,3,,,1,70,,47944,3,,,1,30,,47945,3,,,1,70,,47946,3,,,1,30,,47947,3,,,1,70,,47948,3,,,1,30,,47949,3,,,1,70,,47950,3,,,1,28,,47957,3,,,1,67,,47951,3,,,1,28,,47958,3,,,1,66,,47952,3,,,1,25,,47959,3,,,1,65,,47953,3,,,1,25,,47960,3,,,1,25,,47954,3,,,1
2500,'30',850,,47969,3,,,1,63,,47976,3,,,1,30,,47977,3,,,1,70,,47978,3,,,1,30,,47979,3,,,1,70,,47980,3,,,1,30,,47981,3,,,1,70,,47982,3,,,1,30,,47983,3,,,1,70,,47984,3,,,1,30,,47985,3,,,1,70,,47986,3,,,1,30,,47970,3,,,1,70,,47968,3,,,1,27,,47972,3,,,1,67,,47967,3,,,1,27,,47971,3,,,1,67,,47966,3,,,1,22,,47973,3,,,1,27,,47965,3,,,1,67,,47974,3,,,1,24,,47975,3,,,1,70,,47964,3,,,1,28,,47987,3,,,1,70,,47963,3,,,1,33,,47988,3,,,1,70,,47962,3,,,1,30,,47989,3,,,1,66,,47961,3,,,1,30,,47990,3,,,1
2500,'4',850,,47999,3,,,1,63,,48006,3,,,1,30,,48007,3,,,1,70,,48008,3,,,1,30,,48009,3,,,1,70,,48010,3,,,1,30,,48011,3,,,1,70,,48012,3,,,1,30,,48013,3,,,1,70,,48014,3,,,1,30,,48015,3,,,1,70,,48016,3,,,1,30,,48000,3,,,1,70,,47998,3,,,1,27,,48002,3,,,1,67,,47997,3,,,1,27,,48001,3,,,1,67,,47996,3,,,1,22,,48003,3,,,1,27,,47995,3,,,1,67,,48004,3,,,1,24,,48005,3,,,1,70,,47994,3,,,1,28,,48017,3,,,1,70,,47993,3,,,1,33,,48018,3,,,1,70,,47992,3,,,1,30,,48019,3,,,1,66,,47991,3,,,1,30,,48020,3,,,1
2700,'11802',745,,48173,3,,,1,90,,48174,3,,,1,879,,48175,3,,,1
2700,'2',556,,48246,3,,,1,73,,48176,3,,,1,71,,48177,3,,,1,13,,48178,3,,,1,13,,48179,3,,,1,13,,48180,3,,,1,13,,48181,3,,,1,53,,48182,3,,,1,13,,48183,3,,,1,13,,48184,3,,,1,13,,48185,3,,,1,11,,48186,3,,,1,53,,48187,3,,,1,12,,48188,3,,,1,14,,48189,3,,,1,13,,48190,3,,,1,53,,48191,3,,,1,13,,48192,3,,,1,13,,48193,3,,,1,13,,48194,3,,,1,13,,48195,3,,,1,53,,48196,3,,,1,13,,48197,3,,,1,13,,48198,3,,,1,12,,48199,3,,,1,12,,48200,3,,,1,52,,48201,3,,,1,12,,48202,3,,,1,12,,48203,3,,,1,12,,48204,3,,,1,12,,48205,3,,,1,52,,48206,3,,,1,12,,48207,3,,,1,12,,48208,3,,,1,11,,48209,3,,,1,13,,48210,3,,,1,53,,48211,3,,,1,13,,48212,3,,,1,13,,48213,3,,,1,13,,48214,3,,,1,53,,48215,3,,,1,13,,48216,3,,,1,12,,48217,3,,,1,12,,48218,3,,,1,9,,48219,3,,,1,11,,48220,3,,,1,51,,48221,3,,,1,11,,48222,3,,,1,11,,48223,3,,,1,11,,48224,3,,,1,11,,48225,3,,,1,51,,48226,3,,,1,11,,48227,3,,,1,11,,48228,3,,,1,11,,48229,3,,,1,13,,48230,3,,,1,55,,48231,3,,,1,13,,48232,3,,,1,14,,48233,3,,,1,13,,48234,3,,,1,57,,48235,3,,,1,17,,48236,3,,,1,17,,48237,3,,,1,17,,48238,3,,,1,57,,48239,3,,,1,17,,48240,3,,,1,21,,48241,3,,,1,70,,48242,3,,,1,27,,48243,3,,,1,67,,48244,3,,,1,30,,48245,3,,,1
2700,'3',852,,48247,3,,,1,73,,48249,3,,,1,84,,48258,3,,,1,42,,48250,3,,,1,74,,48268,3,,,1,30,,48259,3,,,1,74,,48251,3,,,1,72,,48248,3,,,1,32,,48260,3,,,1,72,,48252,3,,,1,32,,48267,3,,,1,70,,48261,3,,,1,34,,48253,3,,,1,72,,48269,3,,,1,30,,48262,3,,,1,74,,48254,3,,,1,32,,48270,3,,,1,60,,48263,3,,,1,45,,48255,3,,,1,85,,48264,3,,,1,85,,48256,3,,,1,85,,48265,3,,,1,40,,48257,3,,,1,80,,48266,3,,,1
2700,'30',833,,48271,3,,,1,85,,48278,3,,,1,85,,48272,3,,,1,45,,48279,3,,,1,85,,48273,3,,,1,85,,48280,3,,,1,32,,48282,3,,,1,62,,48274,3,,,1,42,,48281,3,,,1,72,,48283,3,,,1,32,,48275,3,,,1,72,,48284,3,,,1,72,,48286,3,,,1,32,,48276,3,,,1,72,,48285,3,,,1,52,,48277,3,,,1,85,,48288,3,,,1,85,,48287,3,,,1
2700,'4',833,,48289,3,,,1,85,,48296,3,,,1,85,,48290,3,,,1,45,,48297,3,,,1,85,,48291,3,,,1,85,,48298,3,,,1,32,,48300,3,,,1,62,,48292,3,,,1,42,,48299,3,,,1,72,,48301,3,,,1,32,,48293,3,,,1,72,,48302,3,,,1,72,,48304,3,,,1,32,,48294,3,,,1,72,,48303,3,,,1,52,,48295,3,,,1,85,,48306,3,,,1,85,,48305,3,,,1
