1000,'11802',626,,44877,1,0,18 19 20,1,181,,44878,1,0,18 19 20,1,611,,44879,1,0,18 19 20,1,185,,44880,1,0,18 19 20,1,141,,44881,1,0,21 3 32,1
1000,'2',540,,44884,1,,,1,70,,44893,1,,,1,30,,44892,1,,,1,68,,44886,1,,,1,16,,44932,1,,,1,17,,44887,1,,,1,14,,44933,1,,,1,55,,44891,1,,,1,18,,44890,1,,,1,16,,44889,1,0,21 3 32,1,61,,44888,1,,,1,30,,44899,1,,,1,70,,44898,1,,,1,30,,44897,1,,,1,70,,44896,1,,,1,30,,44903,1,,,1,69,,44902,1,,,1,30,,44901,1,,,1,25,,44900,1,,,1,75,,44906,1,,,1,18,,44905,1,,,1,60,,44934,1,,,1,15,,44907,1,,,1,15,,44935,1,,,1,15,,44908,1,,,1,59,,44915,1,,,1,11,,44909,1,,,1,15,,44910,1,,,1,15,,44911,1,,,1,55,,44912,1,,,1,15,,44913,1,,,1,15,,44938,1,,,1,15,,44914,1,,,1,58,,44939,1,0,18 19 20,1,15,,44916,1,,,1,25,,44917,1,,,1,74,,44918,1,,,1,13,,44940,1,0,21 3 32,1,63,,44919,1,,,1,31,,44920,1,,,1,74,,44921,1,,,1,30,,44922,1,,,1,78,,44923,1,,,1,38,,44924,1,,,1,73,,44925,1,,,1,30,,44926,1,,,1,75,,44927,1,,,1,75,,44928,1,,,1,30,,44929,1,,,1,70,,44930,1,0,21 3 32,1,31,,44931,1,0,21 3 32,1
1000,'3',637,,44942,1,,,1,75,,44943,1,,,1,32,,44945,1,,,1,68,,44946,1,,,1,15,,44947,1,,,1,30,,44948,1,,,1,69,,44949,1,,,1,28,,44950,1,,,1,70,,44951,1,,,1,30,,44952,1,,,1,70,,44953,1,,,1,28,,44954,1,,,1,70,,44955,1,,,1,30,,44956,1,,,1,69,,44957,1,,,1,31,,44958,1,,,1,70,,44959,1,,,1,25,,44960,1,,,1,60,,44961,1,,,1,30,,44962,1,,,1,70,,44963,1,,,1,30,,44964,1,,,1,70,,44965,1,,,1,32,,44966,1,,,1,68,,44967,1,,,1,30,,44968,1,,,1,70,,44969,1,,,1,30,,44970,1,,,1,70,,44971,1,,,1,30,,44975,1,,,1,65,,44976,1,,,1,25,,44977,1,,,1,25,,44978,1,,,1,65,,44979,1,,,1,30,,44980,1,,,1,70,,44981,1,,,1,16,,44974,1,0,21 3 32,1,78,,44982,1,,,1,16,,44972,1,0,18 19 20,1,85,,44973,1,0,21 3 32,1
1000,'30',656,,45019,1,,,1,60,,44984,1,,,1,35,,45018,1,,,1,60,,44985,1,,,1,28,,44986,1,,,1,68,,44987,1,,,1,30,,44988,1,,,1,65,,44989,1,,,1,25,,44990,1,,,1,25,,44991,1,,,1,65,,44992,1,,,1,29,,44993,1,,,1,68,,44994,1,,,1,30,,44995,1,,,1,70,,44996,1,,,1,30,,44997,1,,,1,70,,44998,1,,,1,30,,44999,1,,,1,70,,45000,1,,,1,30,,45001,1,,,1,70,,45002,1,,,1,31,,45005,1,,,1,73,,45006,1,,,1,30,,45007,1,,,1,70,,45008,1,,,1,30,,45009,1,,,1,66,,45010,1,,,1,30,,45011,1,,,1,70,,45012,1,,,1,30,,45013,1,,,1,70,,45014,1,,,1,33,,45015,1,,,1,74,,45016,1,,,1,5,,45017,1,0,21 3 32,1,13,,45004,1,0,21 3 32,1,65,,45003,1,0,21 3 32,1
1000,'4',656,,45056,1,,,1,60,,45021,1,,,1,35,,45055,1,,,1,60,,45022,1,,,1,28,,45023,1,,,1,68,,45024,1,,,1,30,,45025,1,,,1,65,,45026,1,,,1,25,,45027,1,,,1,25,,45028,1,,,1,65,,45029,1,,,1,29,,45030,1,,,1,68,,45031,1,,,1,30,,45032,1,,,1,70,,45033,1,,,1,30,,45034,1,,,1,70,,45035,1,,,1,30,,45036,1,,,1,70,,45037,1,,,1,30,,45038,1,,,1,70,,45039,1,,,1,31,,45042,1,,,1,73,,45043,1,,,1,30,,45044,1,,,1,70,,45045,1,,,1,30,,45046,1,,,1,66,,45047,1,,,1,30,,45048,1,,,1,70,,45049,1,,,1,30,,45050,1,,,1,70,,45051,1,,,1,33,,45052,1,,,1,74,,45053,1,,,1,5,,45054,1,0,21 3 32,1,13,,45041,1,0,21 3 32,1,65,,45040,1,0,21 3 32,1
1001,'11802',621,,45058,20,4,,1,181,,45057,47,4,,1,609,,45059,20,4,,1,141,,45060,47,4,,1,185,,45061,47,4,,1
1001,'2',610,,45108,20,4,,1,20,,45109,20,4,,1,71,,45063,96,4,,1,19,,45110,96,4,,1,16,,45062,96,4,,1,13,,45111,96,4,,1,56,,45067,96,4,,1,18,,45066,96,4,,1,16,,45065,96,4,,1,15,,45064,96,4,,1,72,,45072,96,4,,1,79,,45070,96,4,,1,23,,45069,96,4,,1,75,,45068,96,4,,1,30,,45075,96,4,,1,20,,45077,96,4,,1,71,,45076,96,4,,1,30,,45074,96,4,,1,75,,45080,96,4,,1,23,,45079,96,4,,1,54,,45120,20,4,,1,14,,45078,96,4,,1,14,,45119,20,4,,1,13,,45118,47,4,,1,55,,45082,96,4,,1,18,,45081,96,4,,1,22,,45083,96,4,,1,61,,45112,96,4,,1,17,,45084,96,4,,1,15,,45113,96,4,,1,15,,45085,96,4,,1,56,,45114,96,4,,1,18,,45086,96,4,,1,19,,45087,96,4,,1,58,,45115,96,4,,1,19,,45088,96,4,,1,17,,45089,96,4,,1,65,,45093,96,4,,1,27,,45091,96,4,,1,74,,45092,96,4,,1,37,,45096,96,4,,1,78,,45098,96,4,,1,38,,45099,96,4,,1,73,,45100,96,4,,1,17,,45117,96,4,,1,75,,45101,96,4,,1,35,,45102,96,4,,1,65,,45103,96,4,,1,18,,45104,96,4,,1,70,,45105,96,4,,1,31,,45106,96,4,,1
1001,'3',637,,45123,20,4,,1,75,,45124,20,4,,1,27,,45122,96,4,,1,70,,45121,96,4,,1,18,,45157,20,4,,1,19,,45125,96,4,,1,70,,45126,96,4,,1,30,,45127,96,4,,1,68,,45128,96,4,,1,33,,45129,96,4,,1,70,,45130,96,4,,1,25,,45131,96,4,,1,70,,45132,96,4,,1,31,,45133,96,4,,1,70,,45134,96,4,,1,30,,45135,96,4,,1,70,,45136,96,4,,1,30,,45137,96,4,,1,15,,45138,96,4,,1,70,,45139,96,4,,1,30,,45140,96,4,,1,70,,45141,96,4,,1,30,,45142,96,4,,1,70,,45143,96,4,,1,30,,45144,96,4,,1,68,,45145,96,4,,1,29,,45146,96,4,,1,70,,45147,96,4,,1,30,,45148,96,4,,1,70,,45149,96,4,,1,25,,45150,96,4,,1,64,,45151,96,4,,1,29,,45152,96,4,,1,65,,45153,96,4,,1,30,,45154,96,4,,1,65,,45155,96,4,,1,30,,45159,96,4,,1,70,,45160,96,4,,1,24,,45161,96,4,,1,85,,45162,96,4,,1
1001,'30',654,,45197,20,4,,1,62,,45171,20,4,,1,33,,45198,20,4,,1,57,,45163,96,4,,1,33,,45200,96,4,,1,62,,45164,96,4,,1,29,,45199,96,4,,1,21,,45165,96,4,,1,60,,45166,96,4,,1,30,,45167,96,4,,1,65,,45168,96,4,,1,30,,45169,96,4,,1,70,,45170,96,4,,1,36,,45172,96,4,,1,70,,45173,96,4,,1,25,,45174,96,4,,1,70,,45175,96,4,,1,30,,45176,96,4,,1,70,,45177,96,4,,1,30,,45178,96,4,,1,70,,45179,96,4,,1,30,,45180,96,4,,1,70,,45181,96,4,,1,33,,45182,96,4,,1,65,,45183,96,4,,1,30,,45184,96,4,,1,68,,45195,96,4,,1,29,,45185,96,4,,1,25,,45188,96,4,,1,70,,45189,96,4,,1,30,,45190,96,4,,1,70,,45191,96,4,,1,75,,45192,96,4,,1,24,,45193,96,4,,1,13,,45194,96,4,,1,65,,45196,96,4,,1
1001,'4',654,,45235,20,4,,1,62,,45209,20,4,,1,33,,45236,20,4,,1,57,,45201,96,4,,1,33,,45238,96,4,,1,62,,45202,96,4,,1,29,,45237,96,4,,1,21,,45203,96,4,,1,60,,45204,96,4,,1,30,,45205,96,4,,1,65,,45206,96,4,,1,30,,45207,96,4,,1,70,,45208,96,4,,1,36,,45210,96,4,,1,70,,45211,96,4,,1,25,,45212,96,4,,1,70,,45213,96,4,,1,30,,45214,96,4,,1,70,,45215,96,4,,1,30,,45216,96,4,,1,70,,45217,96,4,,1,30,,45218,96,4,,1,70,,45219,96,4,,1,33,,45220,96,4,,1,65,,45221,96,4,,1,30,,45222,96,4,,1,68,,45233,96,4,,1,29,,45223,96,4,,1,25,,45226,96,4,,1,70,,45227,96,4,,1,30,,45228,96,4,,1,70,,45229,96,4,,1,75,,45230,96,4,,1,24,,45231,96,4,,1,13,,45232,96,4,,1,65,,45234,96,4,,1
2701,'11802',815,,48307,27,,,1,838,,48308,27,,,1
2701,'2',612,,48380,26,,,1,92,,48309,27,,,1,25,,48310,26,,,1,13,,48311,27,,,1,13,,48312,26,,,1,53,,48313,26,,,1,13,,48314,27,,,1,13,,48315,27,,,1,8,,48316,27,,,1,13,,48317,27,,,1,54,,48318,27,,,1,12,,48319,27,,,1,14,,48320,27,,,1,13,,48321,27,,,1,53,,48322,27,,,1,13,,48323,27,,,1,13,,48324,27,,,1,13,,48325,27,,,1,13,,48326,27,,,1,53,,48327,27,,,1,13,,48328,27,,,1,13,,48329,27,,,1,13,,48330,27,,,1,13,,48331,27,,,1,52,,48332,27,,,1,13,,48333,27,,,1,12,,48334,27,,,1,12,,48335,27,,,1,12,,48336,27,,,1,52,,48337,27,,,1,12,,48338,27,,,1,12,,48339,27,,,1,12,,48340,27,,,1,12,,48341,27,,,1,52,,48342,27,,,1,12,,48343,27,,,1,14,,48344,27,,,1,13,,48345,27,,,1,53,,48346,27,,,1,13,,48347,27,,,1,13,,48348,27,,,1,13,,48349,27,,,1,9,,48350,26,,,1,52,,48351,27,,,1,12,,48352,27,,,1,11,,48353,27,,,1,11,,48354,27,,,1,11,,48355,26,,,1,11,,48356,27,,,1,51,,48357,27,,,1,11,,48358,27,,,1,11,,48359,27,,,1,11,,48360,27,,,1,11,,48361,27,,,1,51,,48362,27,,,1,7,,48363,27,,,1,13,,48364,27,,,1,9,,48365,27,,,1,13,,48366,27,,,1,11,,48367,27,,,1,51,,48368,27,,,1,17,,48369,27,,,1,17,,48370,27,,,1,57,,48371,27,,,1,17,,48372,27,,,1,17,,48373,27,,,1,17,,48374,27,,,1,56,,48375,27,,,1,20,,48376,27,,,1,27,,48377,27,,,1,67,,48378,27,,,1,27,,48379,27,,,1
2701,'3',912,,48381,26,,,1,43,,48391,27,,,1,73,,48382,27,,,1,104,,48392,27,,,1,73,,48383,27,,,1,32,,48400,27,,,1,72,,48393,27,,,1,32,,48384,27,,,1,72,,48401,27,,,1,31,,48394,27,,,1,74,,48385,27,,,1,32,,48402,27,,,1,70,,48395,27,,,1,34,,48386,27,,,1,72,,48403,27,,,1,30,,48396,27,,,1,75,,48387,27,,,1,85,,48397,27,,,1,85,,48388,27,,,1,45,,48398,27,,,1,81,,48389,27,,,1,80,,48399,27,,,1,40,,48390,27,,,1,80,,48404,27,,,1
2701,'30',857,,48405,26,,,1,85,,48406,27,,,1,85,,48412,27,,,1,85,,48407,27,,,1,45,,48413,27,,,1,86,,48408,27,,,1,88,,48414,27,,,1,72,,48415,27,,,1,32,,48409,27,,,1,72,,48417,27,,,1,32,,48416,27,,,1,72,,48410,27,,,1,32,,48418,27,,,1,72,,48420,27,,,1,28,,48411,27,,,1,77,,48419,27,,,1,85,,48421,27,,,1,45,,48422,27,,,1
2701,'4',857,,48423,26,,,1,85,,48424,27,,,1,85,,48430,27,,,1,85,,48425,27,,,1,45,,48431,27,,,1,86,,48426,27,,,1,88,,48432,27,,,1,72,,48433,27,,,1,32,,48427,27,,,1,72,,48435,27,,,1,32,,48434,27,,,1,72,,48428,27,,,1,32,,48436,27,,,1,72,,48438,27,,,1,28,,48429,27,,,1,77,,48437,27,,,1,85,,48439,27,,,1,45,,48440,27,,,1
