200,'2',621,,34018,11,0,10 22 27,1,30,,34017,11,0,10 22 27,1,57,,34055,50,0,10 23 20,1,30,,34056,50,0,10 23 20,1,70,,34057,50,0,10 23 20,1,30,,34058,50,0,10 23 20,1,70,,34059,50,0,10 23 20,1,30,,34060,50,0,10 23 20,1,70,,34061,50,0,10 23 20,1,30,,34062,50,0,10 23 20,1,70,,34063,50,0,10 23 20,1,30,,34064,50,0,10 23 20,1,73,,34065,50,0,10 23 20,1,27,,34066,50,0,10 23 20,1,70,,34067,50,0,10 23 20,1,30,,34068,50,0,10 23 20,1,71,,34069,50,0,10 23 20,1,30,,34070,50,0,10 23 20,1,68,,34071,50,0,10 23 20,1,29,,34072,50,0,10 23 20,1,74,,34073,50,0,10 23 20,1,34,,34074,50,0,10 23 20,1,70,,34075,50,0,10 23 20,1,28,,34076,50,0,10 23 20,1,70,,34077,50,0,10 23 20,1,29,,34078,50,0,10 23 20,1,67,,34079,50,0,10 23 20,1,30,,34080,50,0,10 23 20,1,70,,34081,50,0,10 23 20,1,30,,34082,50,0,10 23 20,1,70,,34083,50,0,10 23 20,1,35,,34084,50,0,10 23 20,1,80,,34085,50,0,10 23 20,1,80,,34086,50,0,10 23 20,1,37,,34087,50,0,10 23 20,1,72,,34088,50,0,10 23 20,1,35,,34089,50,0,10 23 20,1
200,'3',625,,34093,11,0,10 22 27,1,94,,34095,50,0,10 23 20,1,32,,34096,11,0,10 22 27,1,65,,34098,11,0,10 22 27,1,20,,34100,50,0,10 23 20,1,70,,34102,50,0,10 23 20,1,30,,34104,50,0,10 23 20,1,65,,34106,50,0,10 23 20,1,31,,34108,50,0,10 23 20,1,70,,34110,50,0,10 23 20,1,25,,34112,50,0,10 23 20,1,25,,34114,50,0,10 23 20,1,71,,34116,50,0,10 23 20,1,30,,34118,50,0,10 23 20,1,65,,34130,50,0,10 23 20,1,25,,34131,50,0,10 23 20,1,70,,34132,50,0,10 23 20,1,29,,34133,50,0,10 23 20,1,70,,34134,50,0,10 23 20,1,30,,34135,50,0,10 23 20,1,60,,34136,50,0,10 23 20,1,30,,34137,50,0,10 23 20,1,70,,34138,50,0,10 23 20,1,30,,34139,50,0,10 23 20,1,70,,34140,50,0,10 23 20,1,31,,34142,50,0,10 23 20,1,70,,34143,50,0,10 23 20,1,30,,34144,50,0,10 23 20,1,70,,34145,50,0,10 23 20,1,30,,34146,50,0,10 23 20,1,70,,34147,50,0,10 23 20,1,43,,34157,50,0,10 23 20,1,100,,34158,50,0,10 23 20,1,99,,34091,50,0,10 23 20,1,100,,34161,50,0,10 23 20,1
200,'30',655,,34168,11,0,10 22 27,1,96,,34169,50,0,10 23 20,1,100,,34170,50,0,10 23 20,1,95,,34173,50,0,10 23 20,1,90,,34174,50,0,10 23 20,1,90,,34175,50,0,10 23 20,1,26,,34179,50,0,10 23 20,1,67,,34176,50,0,10 23 20,1,30,,34192,50,0,10 23 20,1,70,,34193,50,0,10 23 20,1,30,,34194,50,0,10 23 20,1,70,,34195,50,0,10 23 20,1,30,,34196,50,0,10 23 20,1,70,,34197,50,0,10 23 20,1,30,,34198,50,0,10 23 20,1,70,,34199,50,0,10 23 20,1,30,,34200,50,0,10 23 20,1,70,,34201,50,0,10 23 20,1,30,,34202,50,0,10 23 20,1,66,,34203,50,0,10 23 20,1,90,,34212,50,0,10 23 20,1,50,,34213,50,0,10 23 20,1,90,,34214,50,0,10 23 20,1,90,,34215,50,0,10 23 20,1,90,,34216,50,0,10 23 20,1,95,,34165,50,0,10 23 20,1
200,'4',655,,34222,11,0,10 22 27,1,96,,34223,50,0,10 23 20,1,100,,34224,50,0,10 23 20,1,95,,34227,50,0,10 23 20,1,90,,34228,50,0,10 23 20,1,90,,34229,50,0,10 23 20,1,26,,34233,50,0,10 23 20,1,67,,34230,50,0,10 23 20,1,30,,34246,50,0,10 23 20,1,70,,34247,50,0,10 23 20,1,30,,34248,50,0,10 23 20,1,70,,34249,50,0,10 23 20,1,30,,34250,50,0,10 23 20,1,70,,34251,50,0,10 23 20,1,30,,34252,50,0,10 23 20,1,70,,34253,50,0,10 23 20,1,30,,34254,50,0,10 23 20,1,70,,34255,50,0,10 23 20,1,30,,34256,50,0,10 23 20,1,66,,34257,50,0,10 23 20,1,90,,34266,50,0,10 23 20,1,50,,34267,50,0,10 23 20,1,90,,34268,50,0,10 23 20,1,90,,34269,50,0,10 23 20,1,90,,34270,50,0,10 23 20,1,95,,34219,50,0,10 23 20,1
301,'2',614,,34620,35,,,1,97,,34621,35,,,1,30,,34622,35,,,1,73,,34623,35,,,1,27,,34624,35,,,1,70,,34625,35,,,1,28,,34626,35,,,1,70,,34627,35,,,1,30,,34628,35,,,1,70,,34629,35,,,1,30,,34630,35,,,1,70,,34631,35,,,1,32,,34632,35,,,1,70,,34633,35,,,1,30,,34634,35,,,1,71,,34635,35,,,1,33,,34636,35,,,1,70,,34637,35,,,1,30,,34638,35,,,1,70,,34639,35,,,1,30,,34640,35,,,1,70,,34641,35,,,1,30,,34642,35,,,1,69,,34643,35,,,1,26,,34644,35,,,1,68,,34648,35,,,1,30,,34649,35,,,1,70,,34650,35,,,1,30,,34651,35,,,1,70,,34652,35,,,1,28,,34653,35,,,1,66,,34654,35,,,1,30,,34655,35,,,1,70,,34656,35,,,1,30,,34657,35,,,1,19,,34645,35,,,1
301,'3',724,,34658,35,,,1,100,,34659,35,,,1,102,,34660,35,,,1,104,,34661,35,,,1,71,,34665,35,,,1,35,,34666,35,,,1,75,,34667,35,,,1,36,,34668,35,,,1,75,,34669,35,,,1,35,,34670,35,,,1,75,,34671,35,,,1,75,,34672,35,,,1,35,,34673,35,,,1,75,,34674,35,,,1,35,,34675,35,,,1,75,,34676,35,,,1,75,,34677,35,,,1,33,,34678,35,,,1,100,,34679,35,,,1,100,,34680,35,,,1,100,,34681,35,,,1,100,,34682,35,,,1,108,,34662,35,,,1
301,'30',943,,34683,35,,,1,87,,34684,35,,,1,87,,34685,35,,,1,88,,34686,35,,,1,48,,34687,35,,,1,87,,34688,35,,,1,87,,34689,35,,,1,87,,34690,35,,,1,87,,34691,35,,,1,47,,34692,35,,,1,86,,34693,35,,,1,87,,34694,35,,,1,87,,34695,35,,,1,107,,34696,35,,,1,100,,34697,35,,,1,99,,34698,35,,,1,100,,34699,35,,,1
301,'4',943,,34700,35,,,1,87,,34701,35,,,1,87,,34702,35,,,1,88,,34703,35,,,1,48,,34704,35,,,1,87,,34705,35,,,1,87,,34706,35,,,1,87,,34707,35,,,1,87,,34708,35,,,1,47,,34709,35,,,1,86,,34710,35,,,1,87,,34711,35,,,1,87,,34712,35,,,1,107,,34713,35,,,1,100,,34714,35,,,1,99,,34715,35,,,1,100,,34716,35,,,1
501,'2',653,,35168,74,0,10 23 20,1,74,,35169,78,0,13 36,1,30,,35170,74,0,10 23 20,1,70,,35171,78,0,13 36,1,32,,35172,74,0,10 23 20,1,66,,35182,78,0,13 36,1,30,,35173,74,0,10 23 20,1,70,,35183,78,0,13 36,1,30,,35174,74,0,10 23 20,1,70,,35184,78,0,13 36,1,30,,35175,74,0,10 23 20,1,72,,35185,78,0,13 36,1,30,,35176,74,0,10 23 20,1,70,,35186,78,0,13 36,1,30,,35177,74,0,10 23 20,1,74,,35187,78,0,13 36,1,70,,35178,74,0,10 23 20,1,30,,35188,78,0,13 36,1,70,,35179,74,0,10 23 20,1,30,,35189,78,0,13 36,1,70,,35180,74,0,10 23 20,1,30,,35190,78,0,13 36,1,72,,35181,74,0,10 23 20,1,26,,35191,78,0,13 36,1,30,,35192,74,0,10 23 20,1,78,,35197,74,0,10 23 20,1,70,,35198,74,0,10 23 20,1,30,,35199,74,0,10 23 20,1,70,,35200,74,0,10 23 20,1,26,,35201,74,0,10 23 20,1,69,,35202,74,0,10 23 20,1,30,,35203,74,0,10 23 20,1,24,,35204,74,0,10 23 20,1,71,,35205,74,0,10 23 20,1,98,,35206,74,0,10 23 20,1
501,'3',654,,35208,74,0,10 23 20,1,100,,35209,74,0,10 23 20,1,100,,35210,74,0,10 23 20,1,147,,35211,74,0,10 23 20,1,43,,35215,74,0,10 23 20,1,75,,35222,78,0,13 36,1,35,,35216,74,0,10 23 20,1,79,,35223,78,0,13 36,1,75,,35217,74,0,10 23 20,1,35,,35224,78,0,13 36,1,75,,35218,74,0,10 23 20,1,35,,35225,78,0,13 36,1,74,,35219,74,0,10 23 20,1,76,,35226,78,0,13 36,1,34,,35220,74,0,10 23 20,1,76,,35227,78,0,13 36,1,34,,35221,74,0,10 23 20,1,76,,35228,78,0,13 36,1,29,,35229,74,0,10 23 20,1,75,,35230,78,0,13 36,1,78,,35231,74,0,10 23 20,1,100,,35232,74,0,10 23 20,1,99,,35233,74,0,10 23 20,1,110,,35234,74,0,10 23 20,1,110,,35212,74,0,10 23 20,1
501,'30',920,,35236,74,0,10 23 20,1,87,,35237,74,0,10 23 20,1,47,,35238,74,0,10 23 20,1,87,,35239,74,0,10 23 20,1,89,,35240,74,0,10 23 20,1,87,,35241,74,0,10 23 20,1,87,,35242,74,0,10 23 20,1,47,,35243,74,0,10 23 20,1,87,,35244,74,0,10 23 20,1,87,,35245,74,0,10 23 20,1,86,,35246,74,0,10 23 20,1,47,,35247,74,0,10 23 20,1,87,,35248,74,0,10 23 20,1,100,,35249,74,0,10 23 20,1,100,,35250,74,0,10 23 20,1,95,,35251,74,0,10 23 20,1,92,,35252,74,0,10 23 20,1,88,,35253,74,0,10 23 20,1
501,'4',920,,35255,74,0,10 23 20,1,87,,35256,74,0,10 23 20,1,47,,35257,74,0,10 23 20,1,87,,35258,74,0,10 23 20,1,89,,35259,74,0,10 23 20,1,87,,35260,74,0,10 23 20,1,87,,35261,74,0,10 23 20,1,47,,35262,74,0,10 23 20,1,87,,35263,74,0,10 23 20,1,87,,35264,74,0,10 23 20,1,86,,35265,74,0,10 23 20,1,47,,35266,74,0,10 23 20,1,87,,35267,74,0,10 23 20,1,100,,35268,74,0,10 23 20,1,100,,35269,74,0,10 23 20,1,95,,35270,74,0,10 23 20,1,92,,35271,74,0,10 23 20,1,88,,35272,74,0,10 23 20,1
