1601,'2',543,,46517,22,,,1,13,,46519,22,,,1,59,,46518,39,,,1,22,,46522,39,,,1,18,,46523,39,,,1,58,,46524,39,,,1,23,,46525,39,,,1,10,,46526,39,,,1,56,,46527,39,,,1,16,,46528,39,,,1,16,,46529,39,,,1,16,,46530,39,,,1,56,,46531,39,,,1,13,,46532,39,,,1,18,,46533,39,,,1,22,,46534,39,,,1,58,,46535,39,,,1,18,,46536,39,,,1,18,,46537,39,,,1,58,,46538,39,,,1,18,,46539,39,,,1,18,,46540,39,,,1,58,,46541,39,,,1,20,,46542,39,,,1,16,,46543,39,,,1,10,,46544,39,,,1,56,,46545,39,,,1,16,,46546,39,,,1,16,,46547,39,,,1,16,,46548,39,,,1,56,,46549,39,,,1,18,,46550,39,,,1,6,,46551,39,,,1,15,,46552,39,,,1,55,,46553,39,,,1,15,,46554,39,,,1,15,,46555,39,,,1,15,,46556,39,,,1,55,,46557,39,,,1,15,,46558,39,,,1,18,,46559,39,,,1,15,,46560,39,,,1,55,,46561,39,,,1,15,,46562,39,,,1,15,,46563,39,,,1,15,,46564,39,,,1,55,,46565,39,,,1,28,,46566,39,,,1,19,,46568,39,,,1,63,,46569,39,,,1,22,,46570,39,,,1,62,,46571,39,,,1,22,,46572,39,,,1,22,,46573,39,,,1,62,,46574,39,,,1,20,,46575,39,,,1,77,,46577,39,,,1,25,,46578,39,,,1,25,,46579,39,,,1,65,,46580,39,,,1,25,,46581,39,,,1,65,,46582,39,,,1,23,,46583,39,,,1,23,,46520,39,,,1
1601,'3',607,,46642,22,,,1,25,,46643,22,,,1,12,,46584,39,,,1,65,,46585,39,,,1,25,,46586,39,,,1,25,,46587,39,,,1,66,,46588,39,,,1,25,,46589,39,,,1,65,,46590,39,,,1,25,,46591,39,,,1,19,,46644,22,,,1,46,,46592,39,,,1,24,,46593,39,,,1,21,,46594,39,,,1,61,,46595,39,,,1,16,,46596,39,,,1,18,,46645,22,,,1,3,,46597,39,,,1,61,,46598,39,,,1,15,,46599,39,,,1,15,,46600,39,,,1,15,,46601,39,,,1,55,,46602,39,,,1,10,,46603,39,,,1,15,,46604,39,,,1,15,,46605,39,,,1,55,,46606,39,,,1,16,,46607,39,,,1,15,,46608,39,,,1,15,,46609,39,,,1,55,,46610,39,,,1,15,,46611,39,,,1,15,,46612,39,,,1,15,,46613,39,,,1,55,,46614,39,,,1,15,,46615,39,,,1,15,,46616,39,,,1,15,,46617,39,,,1,55,,46618,39,,,1,15,,46619,39,,,1,15,,46620,39,,,1,15,,46621,39,,,1,55,,46622,39,,,1,16,,46623,39,,,1,20,,46624,39,,,1,60,,46625,39,,,1,20,,46626,39,,,1,20,,46627,39,,,1,60,,46628,39,,,1,20,,46629,39,,,1,20,,46630,39,,,1,60,,46631,39,,,1,19,,46632,39,,,1,26,,46633,39,,,1,65,,46634,39,,,1,25,,46635,39,,,1,65,,46636,39,,,1,25,,46637,39,,,1,21,,46638,39,,,1,63,,46639,39,,,1,29,,46640,39,,,1,70,,46641,39,,,1
1601,'30',646,,46682,22,,,1,73,,46646,39,,,1,35,,46647,39,,,1,75,,46648,39,,,1,20,,46683,22,,,1,55,,46649,39,,,1,34,,46650,39,,,1,65,,46651,39,,,1,30,,46652,39,,,1,70,,46653,39,,,1,30,,46654,39,,,1,70,,46655,39,,,1,10,,46684,22,,,1,21,,46656,39,,,1,22,,46658,39,,,1,63,,46659,39,,,1,22,,46657,39,,,1,62,,46660,39,,,1,22,,46661,39,,,1,22,,46662,39,,,1,62,,46663,39,,,1,22,,46664,39,,,1,22,,46665,39,,,1,62,,46666,39,,,1,22,,46667,39,,,1,22,,46668,39,,,1,58,,46669,39,,,1,30,,46670,39,,,1,70,,46671,39,,,1,30,,46672,39,,,1,70,,46673,39,,,1,30,,46674,39,,,1,70,,46675,39,,,1,30,,46676,39,,,1,70,,46677,39,,,1,30,,46678,39,,,1,68,,46679,39,,,1,30,,46680,39,,,1,70,,46681,39,,,1
1601,'4',646,,46721,22,,,1,73,,46685,39,,,1,35,,46686,39,,,1,75,,46687,39,,,1,20,,46722,22,,,1,55,,46688,39,,,1,34,,46689,39,,,1,65,,46690,39,,,1,30,,46691,39,,,1,70,,46692,39,,,1,30,,46693,39,,,1,70,,46694,39,,,1,10,,46723,22,,,1,21,,46695,39,,,1,22,,46697,39,,,1,63,,46698,39,,,1,22,,46696,39,,,1,62,,46699,39,,,1,22,,46700,39,,,1,22,,46701,39,,,1,62,,46702,39,,,1,22,,46703,39,,,1,22,,46704,39,,,1,62,,46705,39,,,1,22,,46706,39,,,1,22,,46707,39,,,1,58,,46708,39,,,1,30,,46709,39,,,1,70,,46710,39,,,1,30,,46711,39,,,1,70,,46712,39,,,1,30,,46713,39,,,1,70,,46714,39,,,1,30,,46715,39,,,1,70,,46716,39,,,1,30,,46717,39,,,1,68,,46718,39,,,1,30,,46719,39,,,1,70,,46720,39,,,1
1901,'2',612,,47179,19,,,1,33,,47180,19,,,1,67,,47181,19,,,1,30,,47182,19,,,1,75,,47183,19,,,1,19,,47184,19,,,1,67,,47185,19,,,1,26,,47186,19,,,1,27,,47187,19,,,1,69,,47188,19,,,1,27,,47189,19,,,1,67,,47190,19,,,1,27,,47191,19,,,1,67,,47192,19,,,1,27,,47193,19,,,1,67,,47194,19,,,1,25,,47195,19,,,1,27,,47196,19,,,1,67,,47197,19,,,1,27,,47198,19,,,1,70,,47199,19,,,1,28,,47200,19,,,1,69,,47201,19,,,1,28,,47202,19,,,1,68,,47203,19,,,1,28,,47204,19,,,1,68,,47205,19,,,1,26,,47206,19,,,1,67,,47207,19,,,1,27,,47208,19,,,1,27,,47209,19,,,1,67,,47210,19,,,1,27,,47211,19,,,1,67,,47212,19,,,1,27,,47213,19,,,1,67,,47214,19,,,1,27,,47215,19,,,1,61,,47216,19,,,1,45,,47217,19,,,1
1901,'3',800,,47218,3,,,1,16,,47220,19,,,1,36,,47221,19,,,1,68,,47222,19,,,1,32,,47223,19,,,1,72,,47224,19,,,1,32,,47225,19,,,1,74,,47226,19,,,1,72,,47227,19,,,1,32,,47228,19,,,1,72,,47229,19,,,1,32,,47230,19,,,1,67,,47231,19,,,1,22,,47232,19,,,1,20,,47233,19,,,1,69,,47234,19,,,1,32,,47235,19,,,1,67,,47236,19,,,1,27,,47237,19,,,1,67,,47238,19,,,1,12,,47239,19,0,9 3 37,1,27,,47240,19,,,1,75,,47241,19,,,1,29,,47242,19,,,1,68,,47243,19,,,1,36,,47244,19,,,1,72,,47245,19,,,1,75,,47246,19,,,1,29,,47247,19,0,9 3 37,1,72,,47248,19,0,9 3 37,1,21,,47219,19,0,9 3 37,1
1901,'30',828,,47270,19,,,1,74,,47250,19,,,1,35,,47264,19,,,1,75,,47251,19,,,1,35,,47252,19,,,1,75,,47253,19,,,1,35,,47268,19,,,1,81,,47254,19,,,1,80,,47255,19,,,1,40,,47256,19,,,1,80,,47257,19,,,1,80,,47265,19,,,1,40,,47258,19,,,1,80,,47259,19,,,1,76,,47269,19,,,1,35,,47260,19,,,1,76,,47261,19,,,1,75,,47266,19,,,1,35,,47267,19,0,9 3 37,1
1901,'4',828,,47291,19,,,1,74,,47271,19,,,1,35,,47285,19,,,1,75,,47272,19,,,1,35,,47273,19,,,1,75,,47274,19,,,1,35,,47289,19,,,1,81,,47275,19,,,1,80,,47276,19,,,1,40,,47277,19,,,1,80,,47278,19,,,1,80,,47286,19,,,1,40,,47279,19,,,1,80,,47280,19,,,1,76,,47290,19,,,1,35,,47281,19,,,1,76,,47282,19,,,1,75,,47287,19,,,1,35,,47288,19,0,9 3 37,1
2500,'11802',1525,,47872,27,,,1
2500,'2',627,,47873,27,,,1,22,,47874,27,,,1,68,,47875,27,,,1,28,,47876,27,,,1,66,,47877,27,,,1,20,,47878,27,,,1,20,,47879,27,,,1,60,,47880,27,,,1,20,,47881,27,,,1,20,,47882,27,,,1,60,,47883,27,,,1,20,,47884,27,,,1,20,,47885,27,,,1,60,,47886,27,,,1,20,,47887,27,,,1,20,,47888,27,,,1,60,,47889,27,,,1,20,,47890,27,,,1,20,,47891,27,,,1,60,,47892,27,,,1,20,,47893,27,,,1,20,,47894,27,,,1,60,,47895,27,,,1,24,,47896,27,,,1,20,,47897,27,,,1,60,,47898,27,,,1,20,,47899,27,,,1,20,,47900,27,,,1,60,,47901,27,,,1,22,,47902,27,,,1,21,,47903,27,,,1,61,,47904,27,,,1,21,,47905,27,,,1,61,,47906,27,,,1,21,,47907,27,,,1,15,,47908,27,,,1,20,,47909,27,,,1,60,,47910,27,,,1,20,,47911,27,,,1,20,,47912,27,,,1,60,,47913,27,,,1,20,,47914,27,,,1,14,,47915,27,,,1,60,,47916,27,,,1,19,,47917,27,,,1,25,,47918,27,,,1,65,,47919,27,,,1,25,,47920,27,,,1,65,,47921,27,,,1,25,,47922,27,,,1,65,,47923,27,,,1
2500,'3',643,,47924,27,,,1,63,,47955,27,,,1,24,,47925,27,,,1,25,,47956,27,,,1,66,,47926,27,,,1,24,,47927,27,,,1,67,,47928,27,,,1,26,,47929,27,,,1,69,,47930,27,,,1,23,,47931,27,,,1,70,,47932,27,,,1,27,,47933,27,,,1,30,,47934,27,,,1,68,,47935,27,,,1,25,,47936,27,,,1,70,,47937,27,,,1,25,,47938,27,,,1,70,,47939,27,,,1,27,,47940,27,,,1,70,,47941,27,,,1,30,,47942,27,,,1,70,,47943,27,,,1,30,,47944,27,,,1,70,,47945,27,,,1,30,,47946,27,,,1,69,,47947,27,,,1,29,,47948,27,,,1,70,,47949,27,,,1,30,,47950,27,,,1,68,,47957,27,,,1,27,,47951,27,,,1,68,,47958,27,,,1,25,,47952,27,,,1,25,,47959,27,,,1,65,,47953,27,,,1,25,,47960,27,,,1,65,,47954,27,,,1
2500,'30',905,,47969,27,,,1,25,,47976,27,,,1,70,,47977,27,,,1,30,,47978,27,,,1,70,,47979,27,,,1,30,,47980,27,,,1,70,,47981,27,,,1,30,,47982,27,,,1,70,,47983,27,,,1,30,,47984,27,,,1,70,,47985,27,,,1,30,,47986,27,,,1,70,,47970,27,,,1,30,,47968,27,,,1,27,,47972,27,,,1,67,,47967,27,,,1,27,,47971,27,,,1,67,,47966,27,,,1,22,,47973,27,,,1,67,,47965,27,,,1,27,,47974,27,,,1,24,,47975,27,,,1,70,,47964,27,,,1,28,,47987,27,,,1,70,,47963,27,,,1,33,,47988,27,,,1,70,,47962,27,,,1,30,,47989,27,,,1,65,,47961,27,,,1,30,,47990,27,,,1
2500,'4',905,,47999,27,,,1,25,,48006,27,,,1,70,,48007,27,,,1,30,,48008,27,,,1,70,,48009,27,,,1,30,,48010,27,,,1,70,,48011,27,,,1,30,,48012,27,,,1,70,,48013,27,,,1,30,,48014,27,,,1,70,,48015,27,,,1,30,,48016,27,,,1,70,,48000,27,,,1,30,,47998,27,,,1,27,,48002,27,,,1,67,,47997,27,,,1,27,,48001,27,,,1,67,,47996,27,,,1,22,,48003,27,,,1,67,,47995,27,,,1,27,,48004,27,,,1,24,,48005,27,,,1,70,,47994,27,,,1,28,,48017,27,,,1,70,,47993,27,,,1,33,,48018,27,,,1,70,,47992,27,,,1,30,,48019,27,,,1,65,,47991,27,,,1,30,,48020,27,,,1
3401,'2',622,,49048,54,0,14,1,83,,49051,54,0,14,1,35,,49034,54,0,14,1,85,,49035,54,0,14,1,82,,49037,54,0,14,1,42,,49036,54,0,14,1,81,,49038,54,0,14,1,80,,49039,54,0,14,1,45,,49040,54,0,14,1,80,,49041,54,0,14,1,80,,49042,54,0,14,1,40,,49043,54,0,14,1,78,,49044,54,0,14,1,82,,49045,54,0,14,1,40,,49046,54,0,14,1,80,,49047,54,0,14,1,79,,49052,54,0,14,1,40,,49053,54,0,14,1,80,,49054,54,0,14,1,74,,49055,54,0,14,1,42,,49056,54,0,14,1,80,,49057,54,0,14,1,80,,49061,54,0,14,1,37,,49058,54,0,14,1,82,,49059,54,0,14,1,80,,49049,54,0,14,1,40,,49050,54,0,14,1,80,,49060,54,0,14,1
3401,'3',850,,49062,54,0,14,1,76,,49072,54,0,14,1,81,,49071,54,0,14,1,40,,49063,54,0,14,1,85,,49064,54,0,14,1,85,,49065,54,0,14,1,41,,49066,54,0,14,1,80,,49067,54,0,14,1,80,,49068,54,0,14,1,40,,49069,54,0,14,1,80,,49070,54,0,14,1,80,,49073,54,0,14,1,40,,49074,54,0,14,1,80,,49075,54,0,14,1,78,,49076,54,0,14,1,40,,49077,54,0,14,1,80,,49078,54,0,14,1,79,,49079,54,0,14,1,40,,49080,54,0,14,1,79,,49081,54,0,14,1,80,,49082,54,0,14,1,40,,49083,54,0,14,1,80,,49084,54,0,14,1
3401,'30',1147,,49085,54,0,14,1,80,,49086,54,0,14,1,80,,49087,54,0,14,1,40,,49088,54,0,14,1,80,,49089,54,0,14,1,80,,49090,54,0,14,1,40,,49091,54,0,14,1,80,,49092,54,0,14,1,78,,49093,54,0,14,1,40,,49094,54,0,14,1,80,,49095,54,0,14,1,80,,49096,54,0,14,1,40,,49097,54,0,14,1,80,,49098,54,0,14,1,80,,49099,54,0,14,1
3401,'4',1147,,49100,54,0,14,1,80,,49101,54,0,14,1,80,,49102,54,0,14,1,40,,49103,54,0,14,1,80,,49104,54,0,14,1,80,,49105,54,0,14,1,40,,49106,54,0,14,1,80,,49107,54,0,14,1,78,,49108,54,0,14,1,40,,49109,54,0,14,1,80,,49110,54,0,14,1,80,,49111,54,0,14,1,40,,49112,54,0,14,1,80,,49113,54,0,14,1,80,,49114,54,0,14,1
9200,'2',737,,49862,11,,,1,22,,49863,11,,,1,62,,49864,11,,,1,22,,49865,11,,,1,62,,49866,11,,,1,22,,49867,11,,,1,399,,49868,11,,,1,32,,49869,11,,,1,74,,49870,11,,,1,68,,49871,11,,,1,25,,49872,11,,,1,25,,49873,11,,,1,65,,49874,11,,,1,27,,49875,11,,,1,65,,49876,11,,,1,25,,49877,11,,,1,25,,49878,11,,,1,67,,49879,11,,,1,29,,49880,11,,,1,81,,49881,11,,,1
