100,'2',632,,42269,29,0,13 9 15,1,20,,42270,29,0,10 16 17,1,58,,42271,29,0,13 9 15,1,18,,42276,29,0,10 16 17,1,15,,42272,29,0,13 9 15,1,15,,42277,29,0,10 16 17,1,55,,42273,29,0,13 9 15,1,15,,42278,29,0,10 16 17,1,15,,42274,29,0,13 9 15,1,15,,42279,29,0,10 16 17,1,59,,42275,29,0,13 9 15,1,15,,42284,29,0,10 16 17,1,20,,42291,29,0,13 9 15,1,55,,42285,29,0,10 16 17,1,20,,42292,29,0,13 9 15,1,20,,42286,29,0,10 16 17,1,60,,42293,29,0,13 9 15,1,20,,42287,29,0,10 16 17,1,20,,42294,29,0,13 9 15,1,60,,42288,29,0,10 16 17,1,20,,42295,29,0,13 9 15,1,20,,42289,29,0,10 16 17,1,60,,42296,29,0,13 9 15,1,20,,42290,29,0,10 16 17,1,20,,42297,29,0,13 9 15,1,61,,42299,29,0,10 16 17,1,15,,42303,29,0,13 9 15,1,11,,42300,29,0,10 16 17,1,15,,42304,29,0,13 9 15,1,55,,42301,29,0,10 16 17,1,15,,42305,29,0,13 9 15,1,15,,42302,29,0,10 16 17,1,15,,42306,29,0,13 9 15,1,55,,42307,29,0,10 16 17,1,16,,42311,29,0,13 9 15,1,16,,42308,29,0,10 16 17,1,16,,42312,29,0,13 9 15,1,56,,42309,29,0,10 16 17,1,16,,42313,29,0,13 9 15,1,16,,42310,29,0,10 16 17,1,16,,42314,29,0,13 9 15,1,66,,42315,29,0,10 16 17,1,18,,42319,29,0,13 9 15,1,65,,42316,29,0,10 16 17,1,25,,42320,29,0,13 9 15,1,25,,42317,29,0,10 16 17,1,65,,42321,29,0,13 9 15,1,25,,42318,29,0,10 16 17,1,60,,42324,29,0,13 9 15,1,25,,42327,29,0,10 16 17,1,70,,42325,29,0,13 9 15,1,30,,42328,29,0,10 16 17,1,70,,42326,29,0,13 9 15,1,30,,42329,29,0,10 16 17,1,72,,42330,29,0,13 9 15,1
100,'3',632,,42333,29,0,10 16 17,1,80,,42335,29,0,13 9 15,1,40,,42334,29,0,10 16 17,1,71,,42336,29,0,13 9 15,1,30,,42338,29,0,10 16 17,1,70,,42337,29,0,13 9 15,1,25,,42339,29,0,10 16 17,1,70,,42342,29,0,13 9 15,1,20,,42354,29,0,10 16 17,1,15,,42343,29,0,13 9 15,1,60,,42355,29,0,10 16 17,1,20,,42344,29,0,13 9 15,1,20,,42356,29,0,10 16 17,1,60,,42345,29,0,13 9 15,1,15,,42357,29,0,10 16 17,1,20,,42346,29,0,13 9 15,1,60,,42358,29,0,10 16 17,1,20,,42347,29,0,13 9 15,1,20,,42359,29,0,10 16 17,1,60,,42348,29,0,13 9 15,1,15,,42360,29,0,10 16 17,1,20,,42349,29,0,13 9 15,1,60,,42361,29,0,10 16 17,1,20,,42350,29,0,13 9 15,1,20,,42362,29,0,10 16 17,1,60,,42351,29,0,13 9 15,1,15,,42363,29,0,10 16 17,1,20,,42352,29,0,13 9 15,1,20,,42364,29,0,10 16 17,1,60,,42353,29,0,13 9 15,1,20,,42365,29,0,10 16 17,1,20,,42366,29,0,13 9 15,1,70,,42373,29,0,10 16 17,1,25,,42367,29,0,13 9 15,1,70,,42374,29,0,10 16 17,1,30,,42368,29,0,13 9 15,1,70,,42375,29,0,10 16 17,1,30,,42369,29,0,13 9 15,1,70,,42376,29,0,10 16 17,1,30,,42370,29,0,13 9 15,1,65,,42377,29,0,10 16 17,1,30,,42371,29,0,13 9 15,1,70,,42378,29,0,10 16 17,1,30,,42372,29,0,13 9 15,1,61,,42380,29,0,10 16 17,1
100,'30',858,,42383,29,0,10 16 17,1,67,,42386,29,0,13 9 15,1,27,,42384,29,0,10 16 17,1,72,,42387,29,0,13 9 15,1,32,,42385,29,0,10 16 17,1,72,,42388,29,0,13 9 15,1,72,,42390,29,0,10 16 17,1,25,,42391,29,0,13 9 15,1,25,,42398,29,0,10 16 17,1,65,,42392,29,0,13 9 15,1,25,,42399,29,0,10 16 17,1,65,,42393,29,0,13 9 15,1,25,,42400,29,0,10 16 17,1,25,,42394,29,0,13 9 15,1,65,,42401,29,0,10 16 17,1,25,,42395,29,0,13 9 15,1,65,,42402,29,0,10 16 17,1,25,,42396,29,0,13 9 15,1,20,,42403,29,0,10 16 17,1,65,,42397,29,0,13 9 15,1,20,,42404,29,0,10 16 17,1,70,,42406,29,0,13 9 15,1,30,,42411,29,0,10 16 17,1,70,,42407,29,0,13 9 15,1,30,,42412,29,0,10 16 17,1,70,,42408,29,0,13 9 15,1,30,,42413,29,0,10 16 17,1,70,,42409,29,0,13 9 15,1,30,,42414,29,0,10 16 17,1,70,,42410,29,0,13 9 15,1,25,,42415,29,0,10 16 17,1,67,,42416,29,0,13 9 15,1
100,'4',858,,42419,29,0,10 16 17,1,67,,42422,29,0,13 9 15,1,27,,42420,29,0,10 16 17,1,72,,42423,29,0,13 9 15,1,32,,42421,29,0,10 16 17,1,72,,42424,29,0,13 9 15,1,72,,42426,29,0,10 16 17,1,25,,42427,29,0,13 9 15,1,25,,42434,29,0,10 16 17,1,65,,42428,29,0,13 9 15,1,25,,42435,29,0,10 16 17,1,65,,42429,29,0,13 9 15,1,25,,42436,29,0,10 16 17,1,25,,42430,29,0,13 9 15,1,65,,42437,29,0,10 16 17,1,25,,42431,29,0,13 9 15,1,65,,42438,29,0,10 16 17,1,25,,42432,29,0,13 9 15,1,20,,42439,29,0,10 16 17,1,65,,42433,29,0,13 9 15,1,20,,42440,29,0,10 16 17,1,70,,42442,29,0,13 9 15,1,30,,42447,29,0,10 16 17,1,70,,42443,29,0,13 9 15,1,30,,42448,29,0,10 16 17,1,70,,42444,29,0,13 9 15,1,30,,42449,29,0,10 16 17,1,70,,42445,29,0,13 9 15,1,30,,42450,29,0,10 16 17,1,70,,42446,29,0,13 9 15,1,25,,42451,29,0,10 16 17,1,67,,42452,29,0,13 9 15,1
301,'11802',1535,,43258,5,,,1,167,,43259,5,,,1
301,'2',554,,43260,5,,,1,95,,43261,5,,,1,70,,43262,5,,,1,33,,43263,5,,,1,67,,43264,5,,,1,30,,43265,5,,,1,70,,43266,5,,,1,30,,43267,5,,,1,70,,43268,5,,,1,30,,43269,5,,,1,70,,43270,5,,,1,30,,43271,5,,,1,70,,43272,5,,,1,30,,43273,5,,,1,70,,43274,5,,,1,30,,43275,5,,,1,71,,43276,5,,,1,30,,43277,5,,,1,70,,43278,5,,,1,30,,43279,5,,,1,70,,43280,5,,,1,30,,43281,5,,,1,70,,43282,5,,,1,30,,43283,5,,,1,68,,43284,5,,,1,28,,43288,5,,,1,70,,43289,5,,,1,30,,43290,5,,,1,70,,43291,5,,,1,30,,43292,5,,,1,70,,43293,5,,,1,26,,43294,5,,,1,70,,43295,5,,,1,30,,43296,5,,,1,70,,43297,5,,,1,19,,43285,5,,,1
301,'3',704,,43298,5,,,1,100,,43299,5,,,1,102,,43300,5,,,1,104,,43301,5,,,1,31,,43305,5,,,1,75,,43306,5,,,1,35,,43307,5,,,1,76,,43308,5,,,1,75,,43309,5,,,1,35,,43310,5,,,1,75,,43311,5,,,1,35,,43312,5,,,1,75,,43313,5,,,1,35,,43314,5,,,1,75,,43315,5,,,1,75,,43316,5,,,1,35,,43317,5,,,1,73,,43318,5,,,1,100,,43319,5,,,1,100,,43320,5,,,1,100,,43321,5,,,1,100,,43322,5,,,1,108,,43302,5,,,1
301,'30',924,,43323,5,,,1,87,,43324,5,,,1,47,,43325,5,,,1,87,,43326,5,,,1,87,,43327,5,,,1,87,,43328,5,,,1,87,,43329,5,,,1,47,,43330,5,,,1,87,,43331,5,,,1,87,,43332,5,,,1,87,,43333,5,,,1,87,,43334,5,,,1,47,,43335,5,,,1,107,,43336,5,,,1,100,,43337,5,,,1,100,,43338,5,,,1,102,,43339,5,,,1
301,'4',924,,43340,5,,,1,87,,43341,5,,,1,47,,43342,5,,,1,87,,43343,5,,,1,87,,43344,5,,,1,87,,43345,5,,,1,87,,43346,5,,,1,47,,43347,5,,,1,87,,43348,5,,,1,87,,43349,5,,,1,87,,43350,5,,,1,87,,43351,5,,,1,47,,43352,5,,,1,107,,43353,5,,,1,100,,43354,5,,,1,100,,43355,5,,,1,102,,43356,5,,,1
501,'2',633,,43812,45,0,10 23 20,1,72,,43813,49,0,13 36,1,30,,43814,45,0,10 23 20,1,70,,43815,49,0,13 36,1,32,,43816,45,0,10 23 20,1,68,,43826,49,0,13 36,1,30,,43817,45,0,10 23 20,1,70,,43827,49,0,13 36,1,30,,43818,45,0,10 23 20,1,70,,43828,49,0,13 36,1,30,,43819,45,0,10 23 20,1,70,,43829,49,0,13 36,1,30,,43820,45,0,10 23 20,1,70,,43830,49,0,13 36,1,30,,43821,45,0,10 23 20,1,71,,43831,49,0,13 36,1,30,,43822,45,0,10 23 20,1,70,,43832,49,0,13 36,1,30,,43823,45,0,10 23 20,1,70,,43833,49,0,13 36,1,30,,43824,45,0,10 23 20,1,70,,43834,49,0,13 36,1,32,,43825,45,0,10 23 20,1,69,,43835,49,0,13 36,1,30,,43836,45,0,10 23 20,1,78,,43841,45,0,10 23 20,1,30,,43842,45,0,10 23 20,1,70,,43843,45,0,10 23 20,1,30,,43844,45,0,10 23 20,1,68,,43845,45,0,10 23 20,1,29,,43846,45,0,10 23 20,1,70,,43847,45,0,10 23 20,1,24,,43848,45,0,10 23 20,1,71,,43849,45,0,10 23 20,1,98,,43850,45,0,10 23 20,1
501,'3',634,,43852,45,0,10 23 20,1,100,,43853,45,0,10 23 20,1,100,,43854,45,0,10 23 20,1,107,,43855,45,0,10 23 20,1,81,,43859,45,0,10 23 20,1,35,,43866,49,0,13 36,1,75,,43860,45,0,10 23 20,1,76,,43867,49,0,13 36,1,35,,43861,45,0,10 23 20,1,75,,43868,49,0,13 36,1,35,,43862,45,0,10 23 20,1,75,,43869,49,0,13 36,1,75,,43863,45,0,10 23 20,1,35,,43870,49,0,13 36,1,75,,43864,45,0,10 23 20,1,35,,43871,49,0,13 36,1,75,,43865,45,0,10 23 20,1,35,,43872,49,0,13 36,1,73,,43873,45,0,10 23 20,1,75,,43874,49,0,13 36,1,38,,43875,45,0,10 23 20,1,100,,43876,45,0,10 23 20,1,100,,43877,45,0,10 23 20,1,110,,43878,45,0,10 23 20,1,150,,43856,45,0,10 23 20,1
501,'30',901,,43880,45,0,10 23 20,1,47,,43881,45,0,10 23 20,1,87,,43882,45,0,10 23 20,1,87,,43883,45,0,10 23 20,1,87,,43884,45,0,10 23 20,1,47,,43885,45,0,10 23 20,1,87,,43886,45,0,10 23 20,1,87,,43887,45,0,10 23 20,1,87,,43888,45,0,10 23 20,1,87,,43889,45,0,10 23 20,1,47,,43890,45,0,10 23 20,1,87,,43891,45,0,10 23 20,1,87,,43892,45,0,10 23 20,1,100,,43893,45,0,10 23 20,1,100,,43894,45,0,10 23 20,1,95,,43895,45,0,10 23 20,1,95,,43896,45,0,10 23 20,1,88,,43897,45,0,10 23 20,1
501,'4',901,,43899,45,0,10 23 20,1,47,,43900,45,0,10 23 20,1,87,,43901,45,0,10 23 20,1,87,,43902,45,0,10 23 20,1,87,,43903,45,0,10 23 20,1,47,,43904,45,0,10 23 20,1,87,,43905,45,0,10 23 20,1,87,,43906,45,0,10 23 20,1,87,,43907,45,0,10 23 20,1,87,,43908,45,0,10 23 20,1,47,,43909,45,0,10 23 20,1,87,,43910,45,0,10 23 20,1,87,,43911,45,0,10 23 20,1,100,,43912,45,0,10 23 20,1,100,,43913,45,0,10 23 20,1,95,,43914,45,0,10 23 20,1,95,,43915,45,0,10 23 20,1,88,,43916,45,0,10 23 20,1
