401,'2',600,,34915,39,0,10 40 41,1,36,,34914,45,0,13 40 41,1,11,,34956,39,0,10 40 41,1,71,,34913,39,0,10 40 41,1,15,,34912,45,0,13 40 41,1,10,,34911,11,,,1,57,,34910,39,0,10 40 41,1,15,,34909,39,0,10 40 41,1,15,,34908,45,0,13 40 41,1,15,,34907,39,0,10 40 41,1,55,,34906,45,0,13 40 41,1,15,,34905,39,0,10 40 41,1,15,,34904,45,0,13 40 41,1,15,,34903,39,0,10 40 41,1,55,,34902,45,0,13 40 41,1,20,,34901,39,0,10 40 41,1,20,,34900,45,0,13 40 41,1,60,,34899,39,0,10 40 41,1,20,,34898,45,0,13 40 41,1,21,,34897,39,0,10 40 41,1,60,,34896,45,0,13 40 41,1,20,,34895,39,0,10 40 41,1,20,,34894,45,0,13 40 41,1,60,,34893,39,0,10 40 41,1,20,,34892,45,0,13 40 41,1,20,,34891,39,0,10 40 41,1,60,,34890,45,0,13 40 41,1,21,,34889,39,0,10 40 41,1,15,,34918,45,0,13 40 41,1,19,,34926,39,0,10 40 41,1,55,,34919,45,0,13 40 41,1,15,,34927,39,0,10 40 41,1,15,,34920,45,0,13 40 41,1,15,,34928,39,0,10 40 41,1,56,,34921,45,0,13 40 41,1,15,,34929,39,0,10 40 41,1,15,,34922,45,0,13 40 41,1,15,,34930,39,0,10 40 41,1,55,,34923,45,0,13 40 41,1,15,,34931,39,0,10 40 41,1,15,,34924,45,0,13 40 41,1,15,,34932,39,0,10 40 41,1,50,,34925,45,0,13 40 41,1,17,,34935,39,0,10 40 41,1,21,,34940,45,0,13 40 41,1,60,,34936,39,0,10 40 41,1,20,,34941,45,0,13 40 41,1,20,,34937,39,0,10 40 41,1,60,,34942,45,0,13 40 41,1,20,,34938,39,0,10 40 41,1,20,,34943,45,0,13 40 41,1,68,,34939,39,0,10 40 41,1,33,,34944,45,0,13 40 41,1,70,,34947,39,0,10 40 41,1,30,,34945,45,0,13 40 41,1,70,,34948,39,0,10 40 41,1,30,,34946,45,0,13 40 41,1,70,,34949,39,0,10 40 41,1,90,,34950,45,0,13 40 41,1
401,'3',635,,34957,39,0,10 40 41,1,70,,34958,45,0,13 40 41,1,20,,34965,39,0,10 40 41,1,30,,34959,45,0,13 40 41,1,71,,34966,39,0,10 40 41,1,30,,34960,45,0,13 40 41,1,70,,34967,39,0,10 40 41,1,30,,34961,45,0,13 40 41,1,72,,34968,39,0,10 40 41,1,30,,34962,45,0,13 40 41,1,70,,34969,39,0,10 40 41,1,30,,34963,45,0,13 40 41,1,70,,34970,39,0,10 40 41,1,30,,34964,45,0,13 40 41,1,66,,34971,39,0,10 40 41,1,27,,34977,45,0,13 40 41,1,66,,34972,39,0,10 40 41,1,25,,34978,45,0,13 40 41,1,65,,34973,39,0,10 40 41,1,25,,34979,45,0,13 40 41,1,25,,34974,39,0,10 40 41,1,65,,34980,45,0,13 40 41,1,25,,34975,39,0,10 40 41,1,65,,34981,45,0,13 40 41,1,25,,34976,39,0,10 40 41,1,65,,34989,45,0,13 40 41,1,24,,34985,39,0,10 40 41,1,25,,34990,45,0,13 40 41,1,65,,34986,39,0,10 40 41,1,25,,34991,45,0,13 40 41,1,65,,34987,39,0,10 40 41,1,25,,34992,45,0,13 40 41,1,25,,34988,39,0,10 40 41,1,64,,34993,45,0,13 40 41,1,17,,34994,39,0,10 40 41,1,70,,34998,45,0,13 40 41,1,30,,34995,39,0,10 40 41,1,70,,34999,45,0,13 40 41,1,30,,34996,39,0,10 40 41,1,70,,35000,45,0,13 40 41,1,28,,34997,39,0,10 40 41,1,72,,34983,45,0,13 40 41,1
401,'30',705,,35033,39,0,10 40 41,1,45,,35032,45,0,13 40 41,1,85,,35031,39,0,10 40 41,1,86,,35002,45,0,13 40 41,1,85,,35003,39,0,10 40 41,1,30,,35004,45,0,13 40 41,1,64,,35005,39,0,10 40 41,1,30,,35006,45,0,13 40 41,1,27,,35007,39,0,10 40 41,1,71,,35008,45,0,13 40 41,1,29,,35009,39,0,10 40 41,1,72,,35010,45,0,13 40 41,1,30,,35011,39,0,10 40 41,1,70,,35012,45,0,13 40 41,1,30,,35013,39,0,10 40 41,1,70,,35014,45,0,13 40 41,1,30,,35015,39,0,10 40 41,1,70,,35016,45,0,13 40 41,1,30,,35017,39,0,10 40 41,1,69,,35018,45,0,13 40 41,1,30,,35019,39,0,10 40 41,1,70,,35020,45,0,13 40 41,1,30,,35021,39,0,10 40 41,1,70,,35022,45,0,13 40 41,1,28,,35023,39,0,10 40 41,1,72,,35024,45,0,13 40 41,1,30,,35025,39,0,10 40 41,1,72,,35026,45,0,13 40 41,1,28,,35027,39,0,10 40 41,1,70,,35028,45,0,13 40 41,1,78,,35001,39,0,10 40 41,1
401,'4',705,,35066,39,0,10 40 41,1,45,,35065,45,0,13 40 41,1,85,,35064,39,0,10 40 41,1,86,,35035,45,0,13 40 41,1,85,,35036,39,0,10 40 41,1,30,,35037,45,0,13 40 41,1,64,,35038,39,0,10 40 41,1,30,,35039,45,0,13 40 41,1,27,,35040,39,0,10 40 41,1,71,,35041,45,0,13 40 41,1,29,,35042,39,0,10 40 41,1,72,,35043,45,0,13 40 41,1,30,,35044,39,0,10 40 41,1,70,,35045,45,0,13 40 41,1,30,,35046,39,0,10 40 41,1,70,,35047,45,0,13 40 41,1,30,,35048,39,0,10 40 41,1,70,,35049,45,0,13 40 41,1,30,,35050,39,0,10 40 41,1,69,,35051,45,0,13 40 41,1,30,,35052,39,0,10 40 41,1,70,,35053,45,0,13 40 41,1,30,,35054,39,0,10 40 41,1,70,,35055,45,0,13 40 41,1,28,,35056,39,0,10 40 41,1,72,,35057,45,0,13 40 41,1,30,,35058,39,0,10 40 41,1,72,,35059,45,0,13 40 41,1,28,,35060,39,0,10 40 41,1,70,,35061,45,0,13 40 41,1,78,,35034,39,0,10 40 41,1
1700,'2',630,,38074,37,0,10 23 20,1,20,,38075,45,0,13 23 20,1,60,,38115,37,0,10 23 20,1,20,,38076,45,0,13 23 20,1,21,,38116,37,0,10 23 20,1,59,,38077,45,0,13 23 20,1,20,,38078,37,0,10 23 20,1,18,,38079,45,0,13 23 20,1,61,,38080,37,0,10 23 20,1,20,,38081,45,0,13 23 20,1,20,,38082,37,0,10 23 20,1,60,,38083,45,0,13 23 20,1,20,,38084,37,0,10 23 20,1,20,,38085,45,0,13 23 20,1,60,,38086,37,0,10 23 20,1,20,,38087,45,0,13 23 20,1,20,,38088,37,0,10 23 20,1,59,,38089,45,0,13 23 20,1,20,,38090,37,0,10 23 20,1,21,,38091,45,0,13 23 20,1,61,,38092,37,0,10 23 20,1,25,,38093,45,0,13 23 20,1,23,,38094,37,0,10 23 20,1,61,,38095,45,0,13 23 20,1,20,,38096,37,0,10 23 20,1,20,,38097,45,0,13 23 20,1,58,,38098,37,0,10 23 20,1,20,,38099,45,0,13 23 20,1,17,,38100,37,0,10 23 20,1,55,,38101,45,0,13 23 20,1,21,,38102,37,0,10 23 20,1,23,,38103,45,0,13 23 20,1,60,,38104,37,0,10 23 20,1,20,,38105,45,0,13 23 20,1,22,,38106,37,0,10 23 20,1,53,,38107,45,0,13 23 20,1,23,,38108,37,0,10 23 20,1,23,,38117,37,0,10 23 20,1,61,,38110,45,0,13 23 20,1,14,,38064,37,0,10 23 20,1,19,,38073,37,0,10 23 20,1,59,,38072,37,0,10 23 20,1,19,,38071,37,0,10 23 20,1,19,,38070,37,0,10 23 20,1,59,,38069,37,0,10 23 20,1,17,,38068,37,0,10 23 20,1,21,,38066,37,0,10 23 20,1,70,,38067,37,0,10 23 20,1,25,,38065,37,0,10 23 20,1,20,,38111,37,0,10 23 20,1,65,,38112,37,0,10 23 20,1,25,,38113,37,0,10 23 20,1,65,,38114,37,0,10 23 20,1,22,,38118,37,0,10 23 20,1,25,,38119,37,0,10 23 20,1
1700,'3',624,,38154,37,0,10 23 20,1,78,,38152,37,0,10 23 20,1,36,,38153,37,0,10 23 20,1,80,,38151,37,0,10 23 20,1,35,,38150,37,0,10 23 20,1,70,,38149,37,0,10 23 20,1,82,,38148,37,0,10 23 20,1,31,,38147,37,0,10 23 20,1,72,,38146,37,0,10 23 20,1,30,,38155,37,0,10 23 20,1,70,,38145,37,0,10 23 20,1,31,,38144,37,0,10 23 20,1,70,,38143,37,0,10 23 20,1,30,,38142,37,0,10 23 20,1,70,,38141,37,0,10 23 20,1,30,,38140,37,0,10 23 20,1,70,,38139,37,0,10 23 20,1,30,,38138,37,0,10 23 20,1,70,,38137,37,0,10 23 20,1,30,,38136,37,0,10 23 20,1,70,,38135,37,0,10 23 20,1,30,,38134,37,0,10 23 20,1,68,,38133,37,0,10 23 20,1,30,,38132,37,0,10 23 20,1,68,,38131,37,0,10 23 20,1,30,,38130,37,0,10 23 20,1,20,,38129,37,0,10 23 20,1,70,,38128,37,0,10 23 20,1,30,,38127,37,0,10 23 20,1,70,,38126,37,0,10 23 20,1,14,,38125,37,0,10 23 20,1,69,,38124,37,0,10 23 20,1,30,,38123,37,0,10 23 20,1,70,,38122,37,0,10 23 20,1,15,,38156,37,0,10 23 20,1,30,,38121,37,0,10 23 20,1,63,,38157,37,0,10 23 20,1,19,,38158,37,0,10 23 20,1,20,,38159,37,0,10 23 20,1
1700,'30',650,,38190,37,0,10 23 20,1,75,,38191,37,0,10 23 20,1,75,,38192,37,0,10 23 20,1,35,,38193,37,0,10 23 20,1,75,,38163,37,0,10 23 20,1,30,,38164,37,0,10 23 20,1,70,,38165,37,0,10 23 20,1,30,,38166,37,0,10 23 20,1,65,,38167,37,0,10 23 20,1,25,,38168,37,0,10 23 20,1,22,,38169,37,0,10 23 20,1,72,,38170,37,0,10 23 20,1,30,,38171,37,0,10 23 20,1,65,,38172,37,0,10 23 20,1,25,,38173,37,0,10 23 20,1,70,,38174,37,0,10 23 20,1,30,,38175,37,0,10 23 20,1,68,,38176,37,0,10 23 20,1,30,,38177,37,0,10 23 20,1,70,,38178,37,0,10 23 20,1,30,,38179,37,0,10 23 20,1,70,,38180,37,0,10 23 20,1,30,,38181,37,0,10 23 20,1,60,,38182,37,0,10 23 20,1,28,,38183,37,0,10 23 20,1,70,,38184,37,0,10 23 20,1,30,,38185,37,0,10 23 20,1,80,,38186,37,0,10 23 20,1,35,,38187,37,0,10 23 20,1,75,,38188,37,0,10 23 20,1,35,,38189,37,0,10 23 20,1,71,,38162,37,0,10 23 20,1,30,,38195,37,0,10 23 20,1,75,,38194,37,0,10 23 20,1
1700,'4',650,,38225,37,0,10 23 20,1,75,,38226,37,0,10 23 20,1,75,,38227,37,0,10 23 20,1,35,,38228,37,0,10 23 20,1,75,,38198,37,0,10 23 20,1,30,,38199,37,0,10 23 20,1,70,,38200,37,0,10 23 20,1,30,,38201,37,0,10 23 20,1,65,,38202,37,0,10 23 20,1,25,,38203,37,0,10 23 20,1,22,,38204,37,0,10 23 20,1,72,,38205,37,0,10 23 20,1,30,,38206,37,0,10 23 20,1,65,,38207,37,0,10 23 20,1,25,,38208,37,0,10 23 20,1,70,,38209,37,0,10 23 20,1,30,,38210,37,0,10 23 20,1,68,,38211,37,0,10 23 20,1,30,,38212,37,0,10 23 20,1,70,,38213,37,0,10 23 20,1,30,,38214,37,0,10 23 20,1,70,,38215,37,0,10 23 20,1,30,,38216,37,0,10 23 20,1,60,,38217,37,0,10 23 20,1,28,,38218,37,0,10 23 20,1,70,,38219,37,0,10 23 20,1,30,,38220,37,0,10 23 20,1,80,,38221,37,0,10 23 20,1,35,,38222,37,0,10 23 20,1,75,,38223,37,0,10 23 20,1,35,,38224,37,0,10 23 20,1,71,,38197,37,0,10 23 20,1,30,,38230,37,0,10 23 20,1,75,,38229,37,0,10 23 20,1
10400,'3302',719,,41771,10,,,1,27,,41772,10,,,1,69,,41773,16,,,1,30,,41774,16,,,1,72,,41775,16,,,1,30,,41776,16,,,1,70,,41777,16,,,1,30,,41778,16,,,1,69,,41779,16,,,1,31,,41780,16,,,1,68,,41781,16,,,1,32,,41782,16,,,1,67,,41783,16,,,1,32,,41784,16,,,1,66,,41785,16,,,1,29,,41786,16,,,1,71,,41787,16,,,1,32,,41788,16,,,1,71,,41789,16,,,1,30,,41790,16,,,1,71,,41791,16,,,1,33,,41792,16,,,1,68,,41793,16,,,1,26,,41794,16,,,1
10400,'3903',1014,,41812,10,,,1,29,,41797,16,,,1,61,,41798,16,,,1,30,,41799,16,,,1,67,,41800,16,,,1,30,,41801,16,,,1,20,,41802,16,,,1,70,,41803,16,,,1,25,,41804,16,,,1,71,,41805,16,,,1,28,,41806,16,,,1,71,,41807,16,,,1,30,,41808,16,,,1,70,,41809,16,,,1,29,,41810,16,,,1,70,,41811,16,,,1,30,,41796,16,,,1,70,,41795,16,,,1
