1600,'2',547,,46308,6,,,1,56,,46312,6,,,1,22,,46313,6,,,1,13,,46373,6,,,1,11,,46314,6,,,1,61,,46315,6,,,1,16,,46316,6,,,1,20,,46317,6,,,1,12,,46318,6,,,1,56,,46319,6,,,1,16,,46320,6,0,7 4 8,1,16,,46321,6,,,1,56,,46322,6,,,1,18,,46323,6,,,1,18,,46324,6,,,1,18,,46325,6,,,1,58,,46326,6,,,1,18,,46327,6,,,1,18,,46328,6,,,1,58,,46329,6,,,1,18,,46330,6,,,1,21,,46331,6,,,1,56,,46332,6,,,1,16,,46333,6,,,1,18,,46334,6,,,1,16,,46335,6,,,1,54,,46336,6,,,1,16,,46337,6,,,1,16,,46338,6,,,1,12,,46339,6,,,1,58,,46340,6,,,1,16,,46341,6,,,1,16,,46342,6,,,1,10,,46343,6,,,1,55,,46344,6,,,1,15,,46345,6,,,1,15,,46346,6,,,1,15,,46347,6,,,1,55,,46348,6,,,1,15,,46349,6,,,1,15,,46350,6,,,1,15,,46351,6,,,1,54,,46371,6,0,7 4 8,1,14,,46352,6,,,1,17,,46353,6,,,1,66,,46354,6,,,1,22,,46355,6,,,1,22,,46356,6,,,1,62,,46357,6,,,1,22,,46358,6,,,1,22,,46359,6,,,1,62,,46360,6,,,1,22,,46361,6,,,1,23,,46362,6,,,1,65,,46363,6,,,1,25,,46364,6,,,1,65,,46365,6,,,1,25,,46366,6,,,1,65,,46367,6,,,1,25,,46368,6,,,1,25,,46369,6,,,1,65,,46370,6,,,1,20,,46310,6,0,7 4 8,1,65,,46311,6,0,7 4 8,1
1600,'3',611,,46374,6,,,1,25,,46375,6,,,1,20,,46376,6,,,1,65,,46377,6,,,1,25,,46378,6,,,1,64,,46379,6,,,1,25,,46380,6,,,1,65,,46381,6,,,1,24,,46382,6,,,1,22,,46383,6,,,1,60,,46384,6,,,1,11,,46385,6,,,1,21,,46386,6,,,1,21,,46387,6,,,1,61,,46388,6,,,1,21,,46389,6,,,1,14,,46390,6,,,1,50,,46391,6,,,1,15,,46392,6,,,1,15,,46393,6,,,1,15,,46394,6,,,1,55,,46395,6,,,1,15,,46396,6,,,1,15,,46397,6,,,1,15,,46398,6,,,1,54,,46399,6,,,1,15,,46400,6,,,1,15,,46401,6,,,1,15,,46402,6,,,1,55,,46403,6,,,1,15,,46404,6,,,1,15,,46405,6,,,1,15,,46406,6,,,1,55,,46407,6,,,1,15,,46408,6,,,1,15,,46409,6,,,1,15,,46410,6,,,1,55,,46411,6,,,1,15,,46412,6,0,7 4 8,1,15,,46413,6,,,1,21,,46414,6,,,1,4,,46435,6,0,5 3 9,1,56,,46415,6,,,1,16,,46416,6,,,1,20,,46417,6,,,1,60,,46418,6,,,1,20,,46419,6,,,1,20,,46420,6,,,1,60,,46421,6,,,1,20,,46422,6,0,7 4 8,1,17,,46423,6,,,1,61,,46424,6,,,1,22,,46425,6,,,1,25,,46426,6,,,1,65,,46427,6,,,1,25,,46428,6,,,1,65,,46429,6,,,1,25,,46430,6,,,1,16,,46434,6,0,5 3 9,1,65,,46431,6,,,1,37,,46432,6,0,7 4 8,1,60,,46433,6,0,5 3 9,1
1600,'30',652,,46437,6,,,1,75,,46438,6,,,1,75,,46439,6,,,1,35,,46440,6,,,1,16,,46441,6,,,1,65,,46442,6,,,1,30,,46443,6,,,1,70,,46444,6,,,1,30,,46445,6,,,1,70,,46446,6,,,1,27,,46448,6,,,1,64,,46449,6,,,1,22,,46447,6,,,1,22,,46450,6,,,1,62,,46451,6,,,1,22,,46452,6,,,1,22,,46453,6,,,1,62,,46454,6,,,1,22,,46455,6,,,1,62,,46456,6,,,1,22,,46457,6,,,1,22,,46458,6,,,1,62,,46459,6,,,1,22,,46460,6,,,1,22,,46461,6,,,1,59,,46462,6,0,5 3 9,1,20,,46463,6,,,1,70,,46464,6,,,1,30,,46465,6,,,1,70,,46466,6,,,1,30,,46473,6,,,1,70,,46467,6,,,1,30,,46468,6,,,1,70,,46469,6,,,1,30,,46470,6,,,1,68,,46471,6,,,1,30,,46472,6,,,1,17,,46475,6,0,5 3 9,1,70,,46476,6,0,5 3 9,1
1600,'4',652,,46477,6,,,1,75,,46478,6,,,1,75,,46479,6,,,1,35,,46480,6,,,1,16,,46481,6,,,1,65,,46482,6,,,1,30,,46483,6,,,1,70,,46484,6,,,1,30,,46485,6,,,1,70,,46486,6,,,1,27,,46488,6,,,1,64,,46489,6,,,1,22,,46487,6,,,1,22,,46490,6,,,1,62,,46491,6,,,1,22,,46492,6,,,1,22,,46493,6,,,1,62,,46494,6,,,1,22,,46495,6,,,1,62,,46496,6,,,1,22,,46497,6,,,1,22,,46498,6,,,1,62,,46499,6,,,1,22,,46500,6,,,1,22,,46501,6,,,1,59,,46502,6,0,5 3 9,1,20,,46503,6,,,1,70,,46504,6,,,1,30,,46505,6,,,1,70,,46506,6,,,1,30,,46513,6,,,1,70,,46507,6,,,1,30,,46508,6,,,1,70,,46509,6,,,1,30,,46510,6,,,1,68,,46511,6,,,1,30,,46512,6,,,1,17,,46515,6,0,5 3 9,1,70,,46516,6,0,5 3 9,1
2501,'11802',709,,48021,6,,,1,844,,48022,6,,,1,106,,48023,6,,,1
2501,'2',608,,48024,6,,,1,24,,48025,6,,,1,70,,48026,6,,,1,20,,48027,6,,,1,20,,48028,6,,,1,60,,48029,6,,,1,20,,48030,6,,,1,20,,48031,6,,,1,60,,48032,6,,,1,20,,48033,6,,,1,20,,48034,6,,,1,60,,48035,6,,,1,20,,48036,6,,,1,20,,48037,6,,,1,60,,48038,6,,,1,20,,48039,6,,,1,20,,48040,6,,,1,61,,48041,6,,,1,20,,48042,6,,,1,20,,48043,6,,,1,60,,48044,6,,,1,20,,48045,6,,,1,20,,48046,6,,,1,60,,48047,6,,,1,20,,48048,6,,,1,20,,48049,6,,,1,60,,48050,6,,,1,20,,48051,6,,,1,20,,48052,6,,,1,62,,48053,6,,,1,21,,48054,6,,,1,21,,48055,6,,,1,61,,48056,6,,,1,21,,48057,6,,,1,21,,48058,6,,,1,59,,48059,6,,,1,20,,48060,6,,,1,20,,48061,6,,,1,60,,48062,6,,,1,20,,48063,6,,,1,20,,48064,6,,,1,60,,48065,6,,,1,20,,48066,6,,,1,20,,48067,6,,,1,69,,48068,6,,,1,24,,48069,6,,,1,65,,48070,6,,,1,25,,48071,6,,,1,25,,48072,6,,,1,65,,48073,6,,,1,21,,48074,6,,,1
2501,'3',621,,48108,6,,,1,25,,48075,6,,,1,66,,48107,6,,,1,25,,48076,6,,,1,66,,48106,6,,,1,26,,48077,6,,,1,27,,48078,6,,,1,67,,48079,6,,,1,25,,48080,6,,,1,70,,48081,6,,,1,25,,48082,6,,,1,70,,48083,6,,,1,24,,48084,6,,,1,67,,48085,6,,,1,30,,48086,6,,,1,25,,48087,6,,,1,70,,48088,6,,,1,26,,48089,6,,,1,69,,48090,6,,,1,30,,48091,6,,,1,70,,48092,6,,,1,30,,48093,6,,,1,70,,48094,6,,,1,30,,48095,6,,,1,70,,48096,6,,,1,30,,48097,6,,,1,70,,48098,6,,,1,30,,48099,6,,,1,64,,48105,6,,,1,31,,48100,6,,,1,67,,48109,6,,,1,29,,48101,6,,,1,66,,48110,6,,,1,27,,48102,6,,,1,65,,48111,6,,,1,25,,48103,6,,,1,25,,48112,6,,,1,62,,48104,6,,,1
2501,'30',913,,48120,6,,,1,34,,48129,6,,,1,66,,48130,6,,,1,30,,48131,6,,,1,70,,48132,6,,,1,30,,48133,6,,,1,70,,48134,6,,,1,30,,48135,6,,,1,70,,48136,6,,,1,30,,48137,6,,,1,70,,48138,6,,,1,30,,48139,6,,,1,68,,48121,6,,,1,27,,48119,6,,,1,67,,48122,6,,,1,27,,48118,6,,,1,26,,48123,6,,,1,67,,48117,6,,,1,27,,48124,6,,,1,67,,48116,6,,,1,27,,48125,6,,,1,65,,48128,6,,,1,30,,48126,6,,,1,70,,48140,6,,,1,30,,48115,6,,,1,72,,48141,6,,,1,31,,48114,6,,,1,69,,48142,6,,,1,15,,48113,6,,,1,82,,48127,6,,,1
2501,'4',913,,48150,6,,,1,34,,48159,6,,,1,66,,48160,6,,,1,30,,48161,6,,,1,70,,48162,6,,,1,30,,48163,6,,,1,70,,48164,6,,,1,30,,48165,6,,,1,70,,48166,6,,,1,30,,48167,6,,,1,70,,48168,6,,,1,30,,48169,6,,,1,68,,48151,6,,,1,27,,48149,6,,,1,67,,48152,6,,,1,27,,48148,6,,,1,26,,48153,6,,,1,67,,48147,6,,,1,27,,48154,6,,,1,67,,48146,6,,,1,27,,48155,6,,,1,65,,48158,6,,,1,30,,48156,6,,,1,70,,48170,6,,,1,30,,48145,6,,,1,72,,48171,6,,,1,31,,48144,6,,,1,69,,48172,6,,,1,15,,48143,6,,,1,82,,48157,6,,,1
3400,'2',603,,48948,6,0,14,1,40,,48949,6,0,14,1,70,,48964,6,0,14,1,40,,48959,6,0,14,1,82,,48958,6,0,14,1,83,,48960,6,0,14,1,40,,48950,6,0,14,1,80,,48951,6,0,14,1,80,,48952,6,0,14,1,85,,48953,6,0,14,1,40,,48954,6,0,14,1,80,,48955,6,0,14,1,81,,48956,6,0,14,1,40,,48957,6,0,14,1,80,,48965,6,0,14,1,80,,48966,6,0,14,1,40,,48967,6,0,14,1,80,,48968,6,0,14,1,80,,48969,6,0,14,1,40,,48970,6,0,14,1,80,,48976,6,0,14,1,80,,48971,6,0,14,1,40,,48972,6,0,14,1,79,,48973,6,0,14,1,80,,48975,6,0,14,1,40,,48974,6,0,14,1,80,,48961,6,0,14,1,31,,48963,5,0,49 3 40 50 51,1,80,,48962,5,0,49 3 40 50 51,1
3400,'3',753,,48986,6,0,14,1,80,,48984,6,0,14,1,80,,48985,6,0,14,1,40,,48977,6,0,14,1,80,,48978,6,0,14,1,80,,48979,6,0,14,1,40,,48980,6,0,14,1,80,,48981,6,0,14,1,80,,48982,6,0,14,1,40,,48983,6,0,14,1,82,,48987,6,0,14,1,80,,48988,6,0,14,1,40,,48989,6,0,14,1,80,,48990,6,0,14,1,80,,48991,6,0,14,1,40,,48992,6,0,14,1,81,,48993,6,0,14,1,80,,48994,6,0,14,1,40,,48995,6,0,14,1,80,,48996,6,0,14,1,77,,48997,6,0,14,1,40,,48998,6,0,14,1,80,,48999,6,0,14,1
3400,'30',1004,,49000,6,0,14,1,40,,49001,6,0,14,1,80,,49002,6,0,14,1,81,,49003,6,0,14,1,40,,49004,6,0,14,1,80,,49005,6,0,14,1,78,,49006,6,0,14,1,40,,49007,6,0,14,1,80,,49008,6,0,14,1,80,,49009,6,0,14,1,40,,49010,6,0,14,1,80,,49011,6,0,14,1,80,,49012,6,0,14,1,40,,49013,6,0,14,1,80,,49014,6,0,14,1,80,,49015,6,0,14,1,40,,49016,6,0,14,1
3400,'4',1004,,49017,6,0,14,1,40,,49018,6,0,14,1,80,,49019,6,0,14,1,81,,49020,6,0,14,1,40,,49021,6,0,14,1,80,,49022,6,0,14,1,78,,49023,6,0,14,1,40,,49024,6,0,14,1,80,,49025,6,0,14,1,80,,49026,6,0,14,1,40,,49027,6,0,14,1,80,,49028,6,0,14,1,80,,49029,6,0,14,1,40,,49030,6,0,14,1,80,,49031,6,0,14,1,80,,49032,6,0,14,1,40,,49033,6,0,14,1
