601,'2',643,,35425,32,,,1,75,,35427,32,,,1,35,,35428,32,,,1,65,,35429,32,,,1,25,,35430,32,,,1,65,,35431,32,,,1,30,,35433,32,,,1,65,,35434,32,,,1,30,,35435,32,,,1,70,,35436,32,,,1,25,,35437,32,,,1,30,,35438,32,,,1,70,,35439,32,,,1,30,,35440,32,,,1,70,,35441,32,,,1,25,,35442,32,,,1,71,,35443,32,,,1,30,,35444,32,,,1,70,,35445,32,,,1,30,,35446,32,,,1,70,,35447,32,,,1,25,,35448,32,,,1,70,,35449,32,,,1,28,,35450,32,,,1,69,,35451,32,,,1,25,,35452,32,,,1,65,,35453,32,,,1,25,,35454,32,,,1,25,,35455,32,,,1,61,,35456,32,,,1,25,,35457,32,,,1,65,,35458,32,,,1,25,,35459,32,,,1,25,,35460,32,,,1,65,,35461,32,,,1,25,,35462,32,,,1,65,,35463,32,,,1,25,,35464,32,,,1,66,,35465,32,,,1,27,,35466,32,,,1,83,,35467,32,,,1
601,'3',629,,35469,32,,,1,73,,35470,32,,,1,35,,35471,32,,,1,76,,35472,32,,,1,35,,35473,32,,,1,75,,35474,32,,,1,35,,35475,32,,,1,65,,35476,32,,,1,20,,35477,32,,,1,70,,35478,32,,,1,25,,35479,32,,,1,20,,35480,32,,,1,70,,35482,32,,,1,20,,35483,32,,,1,60,,35484,32,,,1,20,,35485,32,,,1,20,,35486,32,,,1,60,,35487,32,,,1,20,,35488,32,,,1,20,,35489,32,,,1,60,,35490,32,,,1,20,,35491,32,,,1,20,,35492,32,,,1,60,,35493,32,,,1,20,,35494,32,,,1,20,,35495,32,,,1,60,,35496,32,,,1,20,,35497,32,,,1,20,,35498,32,,,1,60,,35499,32,,,1,19,,35500,32,,,1,20,,35502,32,,,1,76,,35503,32,,,1,25,,35504,32,,,1,65,,35505,32,,,1,25,,35506,32,,,1,68,,35507,32,,,1,41,,35509,32,,,1,70,,35510,32,,,1,36,,35511,32,,,1,76,,35512,32,,,1,76,,35513,32,,,1,33,,35514,32,,,1,75,,35515,32,,,1
601,'30',928,,35516,32,,,1,73,,35517,32,,,1,35,,35518,32,,,1,75,,35519,32,,,1,38,,35520,32,,,1,79,,35521,32,,,1,25,,35522,32,,,1,65,,35523,32,,,1,25,,35524,32,,,1,65,,35525,32,,,1,25,,35526,32,,,1,25,,35527,32,,,1,65,,35528,32,,,1,25,,35529,32,,,1,65,,35530,32,,,1,25,,35531,32,,,1,65,,35532,32,,,1,29,,35533,32,,,1,25,,35534,32,,,1,77,,35536,32,,,1,72,,35537,32,,,1,35,,35538,32,,,1,75,,35539,32,,,1,35,,35540,32,,,1,75,,35541,32,,,1,75,,35542,32,,,1,33,,35543,32,,,1,77,,35545,32,,,1
601,'4',928,,35546,32,,,1,73,,35547,32,,,1,35,,35548,32,,,1,75,,35549,32,,,1,38,,35550,32,,,1,79,,35551,32,,,1,25,,35552,32,,,1,65,,35553,32,,,1,25,,35554,32,,,1,65,,35555,32,,,1,25,,35556,32,,,1,25,,35557,32,,,1,65,,35558,32,,,1,25,,35559,32,,,1,65,,35560,32,,,1,25,,35561,32,,,1,65,,35562,32,,,1,29,,35563,32,,,1,25,,35564,32,,,1,77,,35566,32,,,1,72,,35567,32,,,1,35,,35568,32,,,1,75,,35569,32,,,1,35,,35570,32,,,1,75,,35571,32,,,1,75,,35572,32,,,1,33,,35573,32,,,1,77,,35575,32,,,1
2400,'2',615,,39004,20,,,1,22,,39005,20,,,1,70,,39006,20,,,1,32,,39007,20,,,1,70,,39008,20,,,1,30,,39009,20,,,1,70,,39010,20,,,1,29,,39011,20,,,1,70,,39012,20,,,1,30,,39013,20,,,1,70,,39014,20,,,1,30,,39015,20,,,1,70,,39016,20,,,1,30,,39017,20,,,1,70,,39018,20,,,1,30,,39019,20,,,1,70,,39020,20,,,1,32,,39021,20,,,1,70,,39022,20,,,1,30,,39023,20,,,1,70,,39029,20,,,1,35,,39026,20,,,1,73,,39027,20,,,1,33,,39028,20,,,1,72,,39030,20,,,1,32,,39031,20,,,1,72,,39032,20,,,1,30,,39033,20,,,1,70,,39034,20,,,1,30,,39035,20,0,42 20,1
2400,'3',621,,39053,11,,,1,32,,39052,20,,,1,80,,39051,20,,,1,80,,39037,20,,,1,40,,39044,20,,,1,80,,39038,20,,,1,80,,39045,20,,,1,41,,39039,20,,,1,77,,39046,20,,,1,83,,39040,20,,,1,38,,39047,20,,,1,85,,39041,20,,,1,86,,39048,20,,,1,84,,39042,20,,,1,46,,39049,20,,,1,84,,39043,20,,,1,86,,39050,20,,,1,84,,39054,20,,,1,40,,39055,20,,,1,84,,39056,20,,,1,80,,39057,20,,,1
2400,'30',704,,39060,11,,,1,30,,39059,20,,,1,82,,39061,20,,,1,42,,39062,20,,,1,81,,39063,20,,,1,80,,39064,20,,,1,40,,39065,20,,,1,80,,39066,20,,,1,82,,39067,20,,,1,80,,39068,20,,,1,40,,39069,20,,,1,80,,39070,20,,,1,80,,39071,20,,,1,40,,39072,20,,,1,80,,39073,20,,,1,80,,39074,20,,,1,42,,39075,20,,,1,80,,39076,20,,,1,80,,39077,20,,,1,40,,39078,20,,,1,80,,39079,20,,,1
2400,'4',704,,39082,11,,,1,30,,39081,20,,,1,82,,39083,20,,,1,42,,39084,20,,,1,81,,39085,20,,,1,80,,39086,20,,,1,40,,39087,20,,,1,80,,39088,20,,,1,82,,39089,20,,,1,80,,39090,20,,,1,40,,39091,20,,,1,80,,39092,20,,,1,80,,39093,20,,,1,40,,39094,20,,,1,80,,39095,20,,,1,80,,39096,20,,,1,42,,39097,20,,,1,80,,39098,20,,,1,80,,39099,20,,,1,40,,39100,20,,,1,80,,39101,20,,,1
2401,'2',638,,39103,26,,,1,70,,39104,26,,,1,30,,39105,26,,,1,71,,39106,26,,,1,30,,39107,26,,,1,70,,39108,26,,,1,29,,39109,26,,,1,70,,39110,26,,,1,30,,39111,26,,,1,70,,39112,26,,,1,30,,39113,26,,,1,70,,39114,26,,,1,30,,39115,26,,,1,70,,39116,26,,,1,30,,39117,26,,,1,70,,39118,26,,,1,30,,39119,26,,,1,71,,39120,26,,,1,30,,39121,26,,,1,73,,39122,26,,,1,32,,39125,26,,,1,73,,39126,26,,,1,33,,39127,26,,,1,73,,39128,26,,,1,32,,39129,26,,,1,70,,39130,26,,,1,30,,39131,26,,,1,70,,39132,26,,,1,30,,39133,26,,,1,60,,39134,26,,,1
2401,'3',704,,39150,26,,,1,40,,39149,26,,,1,80,,39135,26,,,1,80,,39136,26,,,1,40,,39143,26,,,1,81,,39137,26,,,1,78,,39144,26,,,1,42,,39138,26,,,1,77,,39145,26,,,1,84,,39139,26,,,1,46,,39146,26,,,1,85,,39140,26,,,1,85,,39147,26,,,1,84,,39141,26,,,1,46,,39148,26,,,1,84,,39142,26,,,1,80,,39152,26,,,1,84,,39153,26,,,1,40,,39154,26,,,1,84,,39155,26,,,1
2401,'30',747,,39156,26,,,1,80,,39158,26,,,1,80,,39159,26,,,1,42,,39160,26,,,1,80,,39161,26,,,1,80,,39162,26,,,1,40,,39163,26,,,1,82,,39164,26,,,1,82,,39165,26,,,1,40,,39166,26,,,1,80,,39167,26,,,1,80,,39168,26,,,1,40,,39169,26,,,1,80,,39170,26,,,1,80,,39171,26,,,1,41,,39172,26,,,1,80,,39173,26,,,1,80,,39174,26,,,1,40,,39175,26,,,1,80,,39176,26,,,1
2401,'4',747,,39178,26,,,1,80,,39180,26,,,1,80,,39181,26,,,1,42,,39182,26,,,1,80,,39183,26,,,1,80,,39184,26,,,1,40,,39185,26,,,1,82,,39186,26,,,1,82,,39187,26,,,1,40,,39188,26,,,1,80,,39189,26,,,1,80,,39190,26,,,1,40,,39191,26,,,1,80,,39192,26,,,1,80,,39193,26,,,1,41,,39194,26,,,1,80,,39195,26,,,1,80,,39196,26,,,1,40,,39197,26,,,1,80,,39198,26,,,1
