601,'2',619,,44069,4,,,1,36,,44071,4,,,1,75,,44072,4,,,1,25,,44073,4,,,1,65,,44074,4,,,1,25,,44075,4,,,1,69,,44077,4,,,1,25,,44078,4,,,1,70,,44079,4,,,1,30,,44080,4,,,1,65,,44081,4,,,1,30,,44082,4,,,1,68,,44083,4,,,1,30,,44084,4,,,1,70,,44085,4,,,1,25,,44086,4,,,1,31,,44087,4,,,1,70,,44088,4,,,1,30,,44089,4,,,1,70,,44090,4,,,1,29,,44091,4,,,1,65,,44092,4,,,1,30,,44093,4,,,1,70,,44094,4,,,1,30,,44095,4,,,1,65,,44096,4,,,1,25,,44097,4,,,1,65,,44098,4,,,1,25,,44099,4,,,1,21,,44100,4,,,1,65,,44101,4,,,1,27,,44102,4,,,1,65,,44103,4,,,1,25,,44104,4,,,1,65,,44105,4,,,1,25,,44106,4,,,1,25,,44107,4,,,1,65,,44108,4,,,1,26,,44109,4,,,1,67,,44110,4,,,1,43,,44111,4,,,1
601,'3',609,,44113,4,,,1,33,,44114,4,,,1,75,,44115,4,,,1,34,,44116,4,,,1,75,,44117,4,,,1,75,,44118,4,,,1,35,,44119,4,,,1,66,,44120,4,,,1,20,,44121,4,,,1,30,,44122,4,,,1,65,,44123,4,,,1,20,,44124,4,,,1,68,,44126,4,,,1,20,,44127,4,,,1,20,,44128,4,,,1,60,,44129,4,,,1,20,,44130,4,,,1,20,,44131,4,,,1,59,,44132,4,,,1,20,,44133,4,,,1,20,,44134,4,,,1,60,,44135,4,,,1,20,,44136,4,,,1,20,,44137,4,,,1,60,,44138,4,,,1,20,,44139,4,,,1,20,,44140,4,,,1,60,,44141,4,,,1,20,,44142,4,,,1,20,,44143,4,,,1,60,,44144,4,,,1,20,,44146,4,,,1,18,,44145,4,0,37 3 45,1,58,,44147,4,,,1,25,,44148,4,,,1,25,,44149,4,,,1,65,,44150,4,,,1,28,,44151,4,,,1,60,,44152,4,0,37 3 45,1,21,,44153,4,,,1,30,,44154,4,,,1,76,,44155,4,,,1,76,,44156,4,,,1,36,,44157,4,,,1,73,,44158,4,,,1,35,,44159,4,,,1
601,'30',906,,44160,4,,,1,33,,44161,4,,,1,75,,44162,4,,,1,35,,44163,4,,,1,78,,44164,4,,,1,79,,44165,4,,,1,25,,44166,4,,,1,25,,44167,4,,,1,65,,44168,4,,,1,25,,44169,4,,,1,65,,44170,4,,,1,25,,44171,4,,,1,65,,44172,4,,,1,25,,44173,4,,,1,25,,44174,4,,,1,65,,44175,4,,,1,25,,44176,4,,,1,69,,44177,4,,,1,25,,44178,4,,,1,13,,44179,4,0,37 3 45,1,64,,44180,4,,,1,32,,44181,4,,,1,75,,44182,4,,,1,35,,44183,4,,,1,75,,44184,4,,,1,75,,44185,4,,,1,35,,44186,4,,,1,75,,44187,4,,,1,35,,44189,4,,,1,73,,44188,4,0,37 3 45,1
601,'4',906,,44190,4,,,1,33,,44191,4,,,1,75,,44192,4,,,1,35,,44193,4,,,1,78,,44194,4,,,1,79,,44195,4,,,1,25,,44196,4,,,1,25,,44197,4,,,1,65,,44198,4,,,1,25,,44199,4,,,1,65,,44200,4,,,1,25,,44201,4,,,1,65,,44202,4,,,1,25,,44203,4,,,1,25,,44204,4,,,1,65,,44205,4,,,1,25,,44206,4,,,1,69,,44207,4,,,1,25,,44208,4,,,1,13,,44209,4,0,37 3 45,1,64,,44210,4,,,1,32,,44211,4,,,1,75,,44212,4,,,1,35,,44213,4,,,1,75,,44214,4,,,1,75,,44215,4,,,1,35,,44216,4,,,1,75,,44217,4,,,1,35,,44219,4,,,1,73,,44218,4,0,37 3 45,1
1300,'11802',827,,45507,12,,,1,727,,45508,12,,,1,170,,45509,12,,,1
1300,'2',618,,45511,12,0,10 18 19 20,1,18,,45512,12,,,1,14,,45513,12,0,10 18 19 20,1,54,,45514,12,,,1,10,,45515,12,0,10 18 19 20,1,15,,45516,12,,,1,15,,45517,12,0,10 18 19 20,1,15,,45518,12,,,1,55,,45519,12,0,10 18 19 20,1,15,,45520,12,,,1,15,,45521,12,0,10 18 19 20,1,15,,45522,12,,,1,55,,45523,12,0,10 18 19 20,1,15,,45524,12,,,1,15,,45525,12,0,10 18 19 20,1,10,,45526,12,,,1,55,,45527,12,0,10 18 19 20,1,15,,45528,12,,,1,15,,45529,12,0,10 18 19 20,1,15,,45530,12,,,1,55,,45531,12,0,10 18 19 20,1,15,,45532,12,,,1,15,,45533,12,0,10 18 19 20,1,10,,45534,12,,,1,55,,45535,12,0,10 18 19 20,1,15,,45536,12,,,1,15,,45537,12,0,10 18 19 20,1,15,,45538,12,,,1,55,,45539,12,0,10 18 19 20,1,15,,45540,12,,,1,15,,45541,12,0,10 18 19 20,1,15,,45542,12,,,1,54,,45543,12,0,10 18 19 20,1,15,,45544,12,,,1,15,,45545,12,0,10 18 19 20,1,15,,45546,12,,,1,55,,45547,12,0,10 18 19 20,1,15,,45548,12,,,1,15,,45549,12,0,10 18 19 20,1,15,,45550,12,,,1,53,,45551,12,0,10 18 19 20,1,15,,45552,12,,,1,15,,45553,12,0,10 18 19 20,1,15,,45554,12,,,1,55,,45555,12,0,10 18 19 20,1,15,,45556,12,,,1,15,,45557,12,0,10 18 19 20,1,15,,45558,12,,,1,57,,45559,12,0,10 18 19 20,1,20,,45564,12,,,1,20,,45560,12,0,10 18 19 20,1,60,,45565,12,,,1,20,,45561,12,0,10 18 19 20,1,20,,45566,12,,,1,60,,45562,12,0,10 18 19 20,1,20,,45567,12,,,1,20,,45563,12,,,1,71,,45568,12,0,10 18 19 20,1,25,,45571,12,,,1,65,,45569,12,0,10 18 19 20,1,27,,45572,12,,,1,73,,45570,12,0,10 18 19 20,1,30,,45573,12,,,1,67,,45575,12,0,10 18 19 20,1,47,,45574,12,,,1
1300,'3',618,,45580,12,0,10 18 19 20,1,38,,45581,12,,,1,75,,45582,12,0,10 18 19 20,1,73,,45583,12,,,1,11,,45587,12,0,10 18 19 20,1,16,,45584,12,,,1,16,,45588,12,0,10 18 19 20,1,56,,45585,12,,,1,16,,45589,12,,,1,16,,45586,12,0,10 18 19 20,1,16,,45590,12,,,1,55,,45591,12,0,10 18 19 20,1,15,,45596,12,,,1,15,,45592,12,0,10 18 19 20,1,15,,45597,12,,,1,55,,45593,12,0,10 18 19 20,1,15,,45598,12,,,1,15,,45594,12,0,10 18 19 20,1,15,,45599,12,,,1,55,,45595,12,,,1,15,,45600,12,0,10 18 19 20,1,15,,45609,12,,,1,15,,45601,12,0,10 18 19 20,1,55,,45610,12,,,1,15,,45602,12,0,10 18 19 20,1,15,,45611,12,,,1,15,,45603,12,0,10 18 19 20,1,55,,45612,12,,,1,15,,45604,12,0,10 18 19 20,1,15,,45613,12,,,1,15,,45605,12,0,10 18 19 20,1,55,,45614,12,,,1,15,,45606,12,0,10 18 19 20,1,15,,45615,12,,,1,15,,45607,12,0,10 18 19 20,1,55,,45616,12,,,1,15,,45608,12,0,10 18 19 20,1,10,,45617,12,,,1,15,,45620,12,0,10 18 19 20,1,55,,45618,12,,,1,15,,45621,12,0,10 18 19 20,1,15,,45619,12,,,1,15,,45622,12,,,1,13,,45623,12,0,10 18 19 20,1,55,,45647,12,,,1,15,,45627,12,,,1,15,,45624,12,0,10 18 19 20,1,60,,45628,12,,,1,15,,45625,12,0,10 18 19 20,1,20,,45629,12,,,1,20,,45626,12,0,10 18 19 20,1,60,,45630,12,,,1,20,,45634,12,,,1,71,,45631,12,0,10 18 19 20,1,25,,45635,12,,,1,65,,45632,12,0,10 18 19 20,1,30,,45636,12,,,1,70,,45633,12,0,10 18 19 20,1,19,,45637,12,,,1,20,,45638,12,0,10 18 19 20,1,72,,45640,12,,,1,37,,45639,12,0,10 18 19 20,1
1300,'30',646,,45670,12,,,1,83,,45672,12,0,10 18 19 20,1,75,,45671,12,,,1,35,,45673,12,0,10 18 19 20,1,75,,45658,12,,,1,30,,45669,12,0,10 18 19 20,1,15,,45657,12,,,1,70,,45668,12,0,10 18 19 20,1,30,,45656,12,,,1,70,,45667,12,0,10 18 19 20,1,24,,45655,12,,,1,71,,45666,12,0,10 18 19 20,1,30,,45654,12,,,1,70,,45665,12,0,10 18 19 20,1,30,,45653,12,,,1,70,,45664,12,0,10 18 19 20,1,30,,45652,12,,,1,70,,45663,12,0,10 18 19 20,1,30,,45651,12,,,1,70,,45662,12,0,10 18 19 20,1,30,,45650,12,,,1,70,,45661,12,0,10 18 19 20,1,25,,45649,12,,,1,70,,45660,12,0,10 18 19 20,1,31,,45648,12,,,1,66,,45674,12,0,10 18 19 20,1,20,,45677,12,,,1,70,,45675,12,0,10 18 19 20,1,30,,45678,12,,,1,70,,45676,12,0,10 18 19 20,1,30,,45679,12,0,10 18 19 20,1,71,,45680,12,,,1,42,,45659,12,0,10 18 19 20,1
1300,'4',646,,45703,12,,,1,83,,45705,12,0,10 18 19 20,1,75,,45704,12,,,1,35,,45706,12,0,10 18 19 20,1,75,,45691,12,,,1,30,,45702,12,0,10 18 19 20,1,15,,45690,12,,,1,70,,45701,12,0,10 18 19 20,1,30,,45689,12,,,1,70,,45700,12,0,10 18 19 20,1,24,,45688,12,,,1,71,,45699,12,0,10 18 19 20,1,30,,45687,12,,,1,70,,45698,12,0,10 18 19 20,1,30,,45686,12,,,1,70,,45697,12,0,10 18 19 20,1,30,,45685,12,,,1,70,,45696,12,0,10 18 19 20,1,30,,45684,12,,,1,70,,45695,12,0,10 18 19 20,1,30,,45683,12,,,1,70,,45694,12,0,10 18 19 20,1,25,,45682,12,,,1,70,,45693,12,0,10 18 19 20,1,31,,45681,12,,,1,66,,45707,12,0,10 18 19 20,1,20,,45710,12,,,1,70,,45708,12,0,10 18 19 20,1,30,,45711,12,,,1,70,,45709,12,0,10 18 19 20,1,30,,45712,12,0,10 18 19 20,1,71,,45713,12,,,1,42,,45692,12,0,10 18 19 20,1
2701,'11802',803,,48307,15,,,1,837,,48308,15,,,1
2701,'2',600,,48380,14,,,1,52,,48309,15,,,1,65,,48310,14,,,1,13,,48311,15,,,1,13,,48312,14,,,1,13,,48313,14,,,1,53,,48314,15,,,1,13,,48315,15,,,1,8,,48316,15,,,1,13,,48317,15,,,1,13,,48318,15,,,1,52,,48319,15,,,1,14,,48320,15,,,1,13,,48321,15,,,1,13,,48322,15,,,1,53,,48323,15,,,1,13,,48324,15,,,1,13,,48325,15,,,1,13,,48326,15,,,1,13,,48327,15,,,1,53,,48328,15,,,1,13,,48329,15,,,1,13,,48330,15,,,1,13,,48331,15,,,1,13,,48332,15,,,1,52,,48333,15,,,1,12,,48334,15,,,1,12,,48335,15,,,1,12,,48336,15,,,1,12,,48337,15,,,1,52,,48338,15,,,1,12,,48339,15,,,1,12,,48340,15,,,1,12,,48341,15,,,1,12,,48342,15,,,1,52,,48343,15,,,1,14,,48344,15,,,1,13,,48345,15,,,1,13,,48346,15,,,1,53,,48347,15,,,1,13,,48348,15,,,1,13,,48349,15,,,1,9,,48350,14,,,1,12,,48351,15,,,1,52,,48352,15,,,1,11,,48353,15,,,1,11,,48354,15,,,1,11,,48355,14,,,1,11,,48356,15,,,1,11,,48357,15,,,1,51,,48358,15,,,1,11,,48359,15,,,1,11,,48360,15,,,1,11,,48361,15,,,1,11,,48362,15,,,1,7,,48363,15,,,1,53,,48364,15,,,1,9,,48365,15,,,1,13,,48366,15,,,1,11,,48367,15,,,1,11,,48368,15,,,1,57,,48369,15,,,1,17,,48370,15,,,1,17,,48371,15,,,1,57,,48372,15,,,1,17,,48373,15,,,1,17,,48374,15,,,1,17,,48375,15,,,1,61,,48376,15,,,1,27,,48377,15,,,1,67,,48378,15,,,1,27,,48379,15,,,1
2701,'3',902,,48381,14,,,1,43,,48391,15,,,1,71,,48382,15,,,1,104,,48392,15,,,1,34,,48383,15,,,1,72,,48400,15,,,1,32,,48393,15,,,1,72,,48384,15,,,1,72,,48401,15,,,1,31,,48394,15,,,1,74,,48385,15,,,1,32,,48402,15,,,1,70,,48395,15,,,1,34,,48386,15,,,1,72,,48403,15,,,1,30,,48396,15,,,1,75,,48387,15,,,1,85,,48397,15,,,1,45,,48388,15,,,1,85,,48398,15,,,1,83,,48389,15,,,1,40,,48399,15,,,1,80,,48390,15,,,1,80,,48404,15,,,1
2701,'30',846,,48405,14,,,1,85,,48406,15,,,1,85,,48412,15,,,1,85,,48407,15,,,1,45,,48413,15,,,1,85,,48408,15,,,1,88,,48414,15,,,1,32,,48415,15,,,1,72,,48409,15,,,1,32,,48417,15,,,1,72,,48416,15,,,1,32,,48410,15,,,1,72,,48418,15,,,1,72,,48420,15,,,1,30,,48411,15,,,1,77,,48419,15,,,1,45,,48421,15,,,1,85,,48422,15,,,1
2701,'4',846,,48423,14,,,1,85,,48424,15,,,1,85,,48430,15,,,1,85,,48425,15,,,1,45,,48431,15,,,1,85,,48426,15,,,1,88,,48432,15,,,1,32,,48433,15,,,1,72,,48427,15,,,1,32,,48435,15,,,1,72,,48434,15,,,1,32,,48428,15,,,1,72,,48436,15,,,1,72,,48438,15,,,1,30,,48429,15,,,1,77,,48437,15,,,1,45,,48439,15,,,1,85,,48440,15,,,1
