701,'2',645,,44365,53,,,1,60,,44366,53,,,1,38,,44367,53,,,1,65,,44368,53,,,1,20,,44369,53,,,1,20,,44370,53,,,1,60,,44371,53,,,1,19,,44372,53,,,1,30,,44373,53,,,1,55,,44374,53,,,1,30,,44375,53,,,1,70,,44376,53,,,1,30,,44377,53,,,1,71,,44378,53,,,1,31,,44379,53,,,1,70,,44380,53,,,1,30,,44381,53,,,1,70,,44382,53,,,1,25,,44383,53,,,1,20,,44384,53,,,1,60,,44385,53,,,1,20,,44386,53,,,1,20,,44387,53,,,1,63,,44388,53,,,1,20,,44389,53,,,1,60,,44390,53,,,1,20,,44391,53,,,1,20,,44392,53,,,1,60,,44393,53,,,1,15,,44394,53,,,1,25,,44395,53,,,1,65,,44396,53,,,1,25,,44397,53,,,1,25,,44398,53,,,1,65,,44399,53,,,1,30,,44400,53,,,1,78,,44401,53,,,1,70,,44402,53,,,1,30,,44403,53,,,1,70,,44404,53,,,1,30,,44405,53,,,1,70,,44406,53,,,1
701,'3',646,,44449,53,,,1,77,,44450,53,,,1,30,,44448,53,,,1,73,,44412,53,,,1,30,,44413,53,,,1,65,,44414,53,,,1,30,,44415,53,,,1,71,,44416,53,,,1,25,,44417,53,,,1,65,,44418,53,,,1,30,,44419,53,,,1,71,,44420,53,,,1,25,,44421,53,,,1,65,,44422,53,,,1,30,,44423,53,,,1,70,,44424,53,,,1,29,,44425,53,,,1,70,,44426,53,,,1,30,,44427,53,,,1,70,,44428,53,,,1,30,,44429,53,,,1,70,,44430,53,,,1,30,,44431,53,,,1,70,,44432,53,,,1,30,,44433,53,,,1,70,,44434,53,,,1,25,,44435,53,,,1,25,,44436,53,,,1,70,,44437,53,,,1,25,,44438,53,,,1,61,,44439,53,,,1,29,,44440,53,,,1,70,,44441,53,,,1,30,,44442,53,,,1,70,,44443,53,,,1,30,,44444,53,,,1,70,,44445,53,,,1
701,'30',917,,44451,53,,,1,25,,44452,53,,,1,75,,44453,53,,,1,20,,44454,53,,,1,65,,44455,53,,,1,30,,44456,53,,,1,70,,44457,53,,,1,27,,44458,53,,,1,25,,44459,53,,,1,70,,44460,53,,,1,30,,44461,53,,,1,70,,44462,53,,,1,25,,44463,53,,,1,70,,44464,53,,,1,30,,44465,53,,,1,70,,44466,53,,,1,30,,44467,53,,,1,69,,44468,53,,,1,30,,44469,53,,,1,70,,44470,53,,,1,30,,44471,53,,,1,70,,44473,53,,,1,30,,44474,53,,,1,70,,44475,53,,,1,30,,44476,53,,,1,70,,44477,53,,,1,30,,44478,53,,,1,67,,44481,53,,,1,30,,44482,53,,,1,70,,44479,53,,,1
701,'4',917,,44483,53,,,1,25,,44484,53,,,1,75,,44485,53,,,1,20,,44486,53,,,1,65,,44487,53,,,1,30,,44488,53,,,1,70,,44489,53,,,1,27,,44490,53,,,1,25,,44491,53,,,1,70,,44492,53,,,1,30,,44493,53,,,1,70,,44494,53,,,1,25,,44495,53,,,1,70,,44496,53,,,1,30,,44497,53,,,1,70,,44498,53,,,1,30,,44499,53,,,1,69,,44500,53,,,1,30,,44501,53,,,1,70,,44502,53,,,1,30,,44503,53,,,1,70,,44505,53,,,1,30,,44506,53,,,1,70,,44507,53,,,1,30,,44508,53,,,1,70,,44509,53,,,1,30,,44510,53,,,1,67,,44513,53,,,1,30,,44514,53,,,1,70,,44511,53,,,1
1001,'2',552,,45063,25,,,1,56,,45110,25,,,1,16,,45062,25,,,1,16,,45111,25,,,1,16,,45067,25,,,1,57,,45066,25,,,1,16,,45065,25,,,1,15,,45064,25,,,1,57,,45073,25,0,21 3 22,1,16,,45072,25,,,1,14,,45071,25,0,21 3 22,1,18,,45070,25,,,1,62,,45069,25,,,1,35,,45068,25,,,1,70,,45075,25,,,1,20,,45077,25,,,1,73,,45076,25,,,1,30,,45074,25,,,1,70,,45080,25,,,1,32,,45079,25,,,1,70,,45078,25,,,1,35,,45082,25,,,1,58,,45081,25,,,1,23,,45083,25,,,1,17,,45112,25,,,1,57,,45084,25,,,1,19,,45113,25,,,1,13,,45085,25,,,1,14,,45114,25,,,1,55,,45086,25,,,1,18,,45087,25,,,1,19,,45115,25,,,1,61,,45088,25,,,1,12,,45116,25,0,21 3 22,1,17,,45089,25,,,1,18,,45093,25,,,1,54,,45090,25,0,21 3 22,1,17,,45091,25,,,1,11,,45094,25,0,21 3 22,1,24,,45092,25,,,1,55,,45095,25,0,21 3 22,1,28,,45096,25,,,1,64,,45097,25,0,21 3 22,1,17,,45098,25,,,1,33,,45099,25,,,1,73,,45100,25,,,1,24,,45117,25,,,1,70,,45101,25,,,1,37,,45102,25,,,1,65,,45103,25,,,1,28,,45104,25,,,1,70,,45105,25,,,1,31,,45106,25,,,1,75,,45107,25,0,21 3 22,1
1001,'3',649,,45122,25,,,1,70,,45121,25,,,1,33,,45125,25,,,1,69,,45126,25,,,1,30,,45127,25,,,1,65,,45128,25,,,1,29,,45129,25,,,1,68,,45130,25,,,1,25,,45131,25,,,1,70,,45132,25,,,1,29,,45133,25,,,1,69,,45134,25,,,1,30,,45135,25,,,1,70,,45136,25,,,1,30,,45137,25,,,1,15,,45138,25,,,1,70,,45139,25,,,1,30,,45140,25,,,1,70,,45141,25,,,1,30,,45142,25,,,1,70,,45143,25,,,1,30,,45144,25,,,1,70,,45145,25,,,1,35,,45146,25,,,1,70,,45147,25,,,1,30,,45148,25,,,1,70,,45149,25,,,1,25,,45150,25,,,1,65,,45151,25,,,1,32,,45152,25,,,1,66,,45153,25,,,1,30,,45154,25,,,1,65,,45155,25,,,1,30,,45159,25,,,1,70,,45160,25,,,1,25,,45161,25,,,1,17,,45158,25,0,21 3 22,1,72,,45162,25,,,1,24,,45156,25,0,21 3 22,1
1001,'30',712,,45163,25,,,1,31,,45200,25,,,1,64,,45164,25,,,1,27,,45199,25,,,1,21,,45165,25,,,1,60,,45166,25,,,1,30,,45167,25,,,1,65,,45168,25,,,1,30,,45169,25,,,1,70,,45170,25,,,1,29,,45172,25,,,1,69,,45173,25,,,1,25,,45174,25,,,1,70,,45175,25,,,1,30,,45176,25,,,1,70,,45177,25,,,1,30,,45178,25,,,1,70,,45179,25,,,1,30,,45180,25,,,1,70,,45181,25,,,1,30,,45182,25,,,1,67,,45183,25,,,1,30,,45184,25,,,1,28,,45195,25,,,1,69,,45185,25,,,1,25,,45188,25,,,1,70,,45189,25,,,1,30,,45190,25,,,1,70,,45191,25,,,1,32,,45192,25,,,1,68,,45193,25,,,1,20,,45194,25,,,1,67,,45196,25,,,1,30,,45187,25,0,21 3 22,1,70,,45186,25,0,21 3 22,1
1001,'4',712,,45201,25,,,1,31,,45238,25,,,1,64,,45202,25,,,1,27,,45237,25,,,1,21,,45203,25,,,1,60,,45204,25,,,1,30,,45205,25,,,1,65,,45206,25,,,1,30,,45207,25,,,1,70,,45208,25,,,1,29,,45210,25,,,1,69,,45211,25,,,1,25,,45212,25,,,1,70,,45213,25,,,1,30,,45214,25,,,1,70,,45215,25,,,1,30,,45216,25,,,1,70,,45217,25,,,1,30,,45218,25,,,1,70,,45219,25,,,1,30,,45220,25,,,1,67,,45221,25,,,1,30,,45222,25,,,1,28,,45233,25,,,1,69,,45223,25,,,1,25,,45226,25,,,1,70,,45227,25,,,1,30,,45228,25,,,1,70,,45229,25,,,1,32,,45230,25,,,1,68,,45231,25,,,1,20,,45232,25,,,1,67,,45234,25,,,1,30,,45225,25,0,21 3 22,1,70,,45224,25,0,21 3 22,1
2400,'11802',1543,,47672,38,,,1,169,,47673,38,0,42 20,1
2400,'2',628,,47674,38,,,1,22,,47675,38,,,1,70,,47676,38,,,1,34,,47677,38,,,1,70,,47678,38,,,1,30,,47679,38,,,1,70,,47680,38,,,1,28,,47681,38,,,1,70,,47682,38,,,1,30,,47683,38,,,1,70,,47684,38,,,1,30,,47685,38,,,1,70,,47686,38,,,1,30,,47687,38,,,1,70,,47688,38,,,1,30,,47689,38,,,1,70,,47690,38,,,1,36,,47691,38,,,1,70,,47692,38,,,1,73,,47693,38,,,1,31,,47699,38,,,1,76,,47696,38,,,1,33,,47697,38,,,1,73,,47698,38,,,1,26,,47700,38,,,1,69,,47701,38,,,1,32,,47702,38,,,1,70,,47703,38,,,1,30,,47704,38,,,1,70,,47705,38,0,42 20,1
2400,'3',634,,47723,29,,,1,71,,47722,38,,,1,40,,47721,38,,,1,80,,47707,38,,,1,80,,47714,38,,,1,40,,47708,38,,,1,80,,47715,38,,,1,82,,47709,38,,,1,37,,47716,38,,,1,83,,47710,38,,,1,80,,47717,38,,,1,45,,47711,38,,,1,84,,47718,38,,,1,84,,47712,38,,,1,86,,47719,38,,,1,44,,47713,38,,,1,86,,47720,38,,,1,84,,47724,38,,,1,80,,47725,38,,,1,44,,47726,38,,,1,80,,47727,38,,,1
2400,'30',717,,47730,29,,,1,30,,47729,38,,,1,82,,47731,38,,,1,82,,47732,38,,,1,42,,47733,38,,,1,80,,47734,38,,,1,80,,47735,38,,,1,40,,47736,38,,,1,83,,47737,38,,,1,80,,47738,38,,,1,40,,47739,38,,,1,80,,47740,38,,,1,80,,47741,38,,,1,40,,47742,38,,,1,80,,47743,38,,,1,80,,47744,38,,,1,41,,47745,38,,,1,80,,47746,38,,,1,80,,47747,38,,,1,40,,47748,38,,,1,80,,47749,38,,,1
2400,'4',717,,47752,29,,,1,30,,47751,38,,,1,82,,47753,38,,,1,82,,47754,38,,,1,42,,47755,38,,,1,80,,47756,38,,,1,80,,47757,38,,,1,40,,47758,38,,,1,83,,47759,38,,,1,80,,47760,38,,,1,40,,47761,38,,,1,80,,47762,38,,,1,80,,47763,38,,,1,40,,47764,38,,,1,80,,47765,38,,,1,80,,47766,38,,,1,41,,47767,38,,,1,80,,47768,38,,,1,80,,47769,38,,,1,40,,47770,38,,,1,80,,47771,38,,,1
12701,'3302',730,,50880,20,,,1,93,,50881,20,,,1,18,,50882,20,,,1,94,,50883,20,,,1,21,,50884,20,,,1,88,,50885,20,,,1,63,,50886,20,,,1,46,,50887,20,,,1,63,,50888,20,,,1,86,,50889,20,,,1,23,,50890,20,,,1,86,,50891,20,,,1,30,,50892,20,,,1,85,,50893,20,,,1,30,,50894,20,,,1,88,,50895,20,,,1,72,,50896,20,,,1,88,,50897,20,,,1,28,,50898,20,,,1,77,,50899,20,,,1,34,,50900,20,,,1,74,,50901,20,,,1,34,,50902,20,,,1,74,,50903,20,,,1,98,,50904,20,,,1,104,,50905,20,,,1,98,,50906,20,,,1
12701,'3602',651,,50907,20,,,1,96,,50908,20,,,1,58,,50909,20,,,1,54,,50910,20,,,1,58,,50911,20,,,1,103,,50912,20,,,1,110,,50913,20,,,1,109,,50914,20,,,1,111,,50915,20,,,1,76,,50916,20,,,1,30,,50917,20,,,1,55,,50918,20,,,1,30,,50919,20,,,1,71,,50920,20,,,1,16,,50921,20,,,1,72,,50922,20,,,1,32,,50923,20,,,1,16,,50924,20,,,1
12701,'3903',649,,50925,20,,,1,99,,50926,20,,,1,103,,50927,20,,,1,102,,50928,20,,,1,73,,50929,20,,,1,74,,50930,20,,,1,34,,50931,20,,,1,74,,50932,20,,,1,36,,50933,20,,,1,75,,50934,20,,,1,35,,50935,20,,,1,76,,50936,20,,,1,76,,50937,20,,,1,35,,50938,20,,,1,75,,50939,20,,,1,35,,50940,20,,,1,75,,50941,20,,,1,77,,50942,20,,,1,32,,50943,20,,,1,74,,50944,20,,,1,34,,50945,20,,,1,74,,50946,20,,,1,34,,50947,20,,,1,72,,50950,20,,,1,102,,50948,20,,,1,102,,50949,20,,,1
12701,'6404',738,,50951,20,,,1,102,,50952,20,,,1,78,,50973,9,,,1,28,,50953,20,,,1,74,,50954,20,,,1,34,,50955,20,,,1,74,,50956,20,,,1,74,,50957,20,,,1,36,,50958,20,,,1,74,,50959,20,,,1,34,,50960,20,,,1,74,,50961,20,,,1,34,,50962,20,,,1,74,,50963,20,,,1,74,,50964,20,,,1,34,,50965,20,,,1,74,,50966,20,,,1,31,,50967,20,,,1,104,,50968,20,,,1,101,,50969,20,,,1,101,,50970,20,,,1,101,,50971,20,,,1,101,,50972,20,,,1
