2500,'11802',1504,,47872,4,,,1
2500,'2',612,,47873,4,,,1,22,,47874,4,,,1,68,,47875,4,,,1,26,,47876,4,,,1,26,,47877,4,,,1,60,,47878,4,,,1,20,,47879,4,,,1,20,,47880,4,,,1,60,,47881,4,,,1,20,,47882,4,,,1,20,,47883,4,,,1,60,,47884,4,,,1,20,,47885,4,,,1,20,,47886,4,,,1,60,,47887,4,,,1,20,,47888,4,,,1,20,,47889,4,,,1,60,,47890,4,,,1,20,,47891,4,,,1,20,,47892,4,,,1,60,,47893,4,,,1,20,,47894,4,,,1,20,,47895,4,,,1,60,,47896,4,,,1,20,,47897,4,,,1,20,,47898,4,,,1,60,,47899,4,,,1,20,,47900,4,,,1,20,,47901,4,,,1,62,,47902,4,,,1,21,,47903,4,,,1,21,,47904,4,,,1,61,,47905,4,,,1,21,,47906,4,,,1,61,,47907,4,,,1,19,,47908,4,,,1,20,,47909,4,,,1,60,,47910,4,,,1,20,,47911,4,,,1,20,,47912,4,,,1,60,,47913,4,,,1,20,,47914,4,,,1,14,,47915,4,,,1,20,,47916,4,,,1,60,,47917,4,,,1,25,,47918,4,,,1,65,,47919,4,,,1,25,,47920,4,,,1,25,,47921,4,,,1,65,,47922,4,,,1,25,,47923,4,,,1
2500,'3',628,,47924,4,,,1,23,,47955,4,,,1,64,,47925,4,,,1,25,,47956,4,,,1,65,,47926,4,,,1,24,,47927,4,,,1,27,,47928,4,,,1,66,,47929,4,,,1,29,,47930,4,,,1,65,,47931,4,,,1,30,,47932,4,,,1,67,,47933,4,,,1,30,,47934,4,,,1,65,,47935,4,,,1,25,,47936,4,,,1,70,,47937,4,,,1,25,,47938,4,,,1,30,,47939,4,,,1,65,,47940,4,,,1,30,,47941,4,,,1,70,,47942,4,,,1,30,,47943,4,,,1,70,,47944,4,,,1,30,,47945,4,,,1,70,,47946,4,,,1,30,,47947,4,,,1,70,,47948,4,,,1,30,,47949,4,,,1,70,,47950,4,,,1,28,,47957,4,,,1,67,,47951,4,,,1,28,,47958,4,,,1,66,,47952,4,,,1,25,,47959,4,,,1,65,,47953,4,,,1,25,,47960,4,,,1,25,,47954,4,,,1
2500,'30',851,,47969,4,,,1,63,,47976,4,,,1,30,,47977,4,,,1,70,,47978,4,,,1,30,,47979,4,,,1,70,,47980,4,,,1,30,,47981,4,,,1,70,,47982,4,,,1,30,,47983,4,,,1,70,,47984,4,,,1,30,,47985,4,,,1,70,,47986,4,,,1,30,,47970,4,,,1,70,,47968,4,,,1,27,,47972,4,,,1,67,,47967,4,,,1,27,,47971,4,,,1,67,,47966,4,,,1,22,,47973,4,,,1,27,,47965,4,,,1,67,,47974,4,,,1,24,,47975,4,,,1,70,,47964,4,,,1,28,,47987,4,,,1,70,,47963,4,,,1,33,,47988,4,,,1,70,,47962,4,,,1,30,,47989,4,,,1,66,,47961,4,,,1,30,,47990,4,,,1
2500,'4',851,,47999,4,,,1,63,,48006,4,,,1,30,,48007,4,,,1,70,,48008,4,,,1,30,,48009,4,,,1,70,,48010,4,,,1,30,,48011,4,,,1,70,,48012,4,,,1,30,,48013,4,,,1,70,,48014,4,,,1,30,,48015,4,,,1,70,,48016,4,,,1,30,,48000,4,,,1,70,,47998,4,,,1,27,,48002,4,,,1,67,,47997,4,,,1,27,,48001,4,,,1,67,,47996,4,,,1,22,,48003,4,,,1,27,,47995,4,,,1,67,,48004,4,,,1,24,,48005,4,,,1,70,,47994,4,,,1,28,,48017,4,,,1,70,,47993,4,,,1,33,,48018,4,,,1,70,,47992,4,,,1,30,,48019,4,,,1,66,,47991,4,,,1,30,,48020,4,,,1
2700,'11802',746,,48173,4,,,1,90,,48174,4,,,1,880,,48175,4,,,1
2700,'2',557,,48246,4,,,1,73,,48176,4,,,1,71,,48177,4,,,1,13,,48178,4,,,1,13,,48179,4,,,1,13,,48180,4,,,1,13,,48181,4,,,1,53,,48182,4,,,1,13,,48183,4,,,1,13,,48184,4,,,1,13,,48185,4,,,1,11,,48186,4,,,1,53,,48187,4,,,1,12,,48188,4,,,1,14,,48189,4,,,1,13,,48190,4,,,1,53,,48191,4,,,1,13,,48192,4,,,1,13,,48193,4,,,1,13,,48194,4,,,1,13,,48195,4,,,1,53,,48196,4,,,1,13,,48197,4,,,1,13,,48198,4,,,1,12,,48199,4,,,1,12,,48200,4,,,1,52,,48201,4,,,1,12,,48202,4,,,1,12,,48203,4,,,1,12,,48204,4,,,1,12,,48205,4,,,1,52,,48206,4,,,1,12,,48207,4,,,1,12,,48208,4,,,1,11,,48209,4,,,1,14,,48210,4,,,1,53,,48211,4,,,1,13,,48212,4,,,1,13,,48213,4,,,1,13,,48214,4,,,1,53,,48215,4,,,1,13,,48216,4,,,1,12,,48217,4,,,1,12,,48218,4,,,1,9,,48219,4,,,1,11,,48220,4,,,1,51,,48221,4,,,1,11,,48222,4,,,1,11,,48223,4,,,1,11,,48224,4,,,1,11,,48225,4,,,1,51,,48226,4,,,1,11,,48227,4,,,1,11,,48228,4,,,1,11,,48229,4,,,1,13,,48230,4,,,1,54,,48231,4,,,1,13,,48232,4,,,1,14,,48233,4,,,1,13,,48234,4,,,1,57,,48235,4,,,1,17,,48236,4,,,1,17,,48237,4,,,1,17,,48238,4,,,1,57,,48239,4,,,1,17,,48240,4,,,1,21,,48241,4,,,1,70,,48242,4,,,1,27,,48243,4,,,1,67,,48244,4,,,1,30,,48245,4,,,1
2700,'3',853,,48247,4,,,1,73,,48249,4,,,1,84,,48258,4,,,1,42,,48250,4,,,1,74,,48268,4,,,1,30,,48259,4,,,1,74,,48251,4,,,1,72,,48248,4,,,1,32,,48260,4,,,1,72,,48252,4,,,1,32,,48267,4,,,1,70,,48261,4,,,1,34,,48253,4,,,1,72,,48269,4,,,1,30,,48262,4,,,1,74,,48254,4,,,1,32,,48270,4,,,1,60,,48263,4,,,1,45,,48255,4,,,1,85,,48264,4,,,1,85,,48256,4,,,1,85,,48265,4,,,1,40,,48257,4,,,1,80,,48266,4,,,1
2700,'30',834,,48271,4,,,1,85,,48278,4,,,1,85,,48272,4,,,1,45,,48279,4,,,1,85,,48273,4,,,1,85,,48280,4,,,1,32,,48282,4,,,1,62,,48274,4,,,1,42,,48281,4,,,1,72,,48283,4,,,1,32,,48275,4,,,1,72,,48284,4,,,1,72,,48286,4,,,1,32,,48276,4,,,1,72,,48285,4,,,1,52,,48277,4,,,1,85,,48288,4,,,1,85,,48287,4,,,1
2700,'4',834,,48289,4,,,1,85,,48296,4,,,1,85,,48290,4,,,1,45,,48297,4,,,1,85,,48291,4,,,1,85,,48298,4,,,1,32,,48300,4,,,1,62,,48292,4,,,1,42,,48299,4,,,1,72,,48301,4,,,1,32,,48293,4,,,1,72,,48302,4,,,1,72,,48304,4,,,1,32,,48294,4,,,1,72,,48303,4,,,1,52,,48295,4,,,1,85,,48306,4,,,1,85,,48305,4,,,1
