400,'2',627,,34743,26,0,13 18 19 20,1,82,,34742,26,0,10 18 19 20,1,15,,34741,26,0,13 18 19 20,1,15,,34740,26,0,10 18 19 20,1,15,,34739,26,0,13 18 19 20,1,55,,34738,26,0,10 18 19 20,1,15,,34737,26,0,13 18 19 20,1,15,,34736,26,0,10 18 19 20,1,15,,34735,26,0,13 18 19 20,1,60,,34734,26,0,10 18 19 20,1,20,,34733,26,0,13 18 19 20,1,20,,34732,26,0,10 18 19 20,1,60,,34731,26,0,13 18 19 20,1,20,,34730,26,0,10 18 19 20,1,20,,34729,26,0,13 18 19 20,1,60,,34728,26,0,10 18 19 20,1,20,,34727,26,0,13 18 19 20,1,20,,34726,26,0,10 18 19 20,1,60,,34725,26,0,13 18 19 20,1,20,,34724,26,0,10 18 19 20,1,20,,34723,26,0,13 18 19 20,1,60,,34722,26,0,10 18 19 20,1,20,,34721,26,0,13 18 19 20,1,17,,34720,26,0,10 18 19 20,1,55,,34745,26,0,13 18 19 20,1,10,,34746,26,0,10 18 19 20,1,15,,34754,26,0,13 18 19 20,1,15,,34747,26,0,10 18 19 20,1,55,,34755,26,0,13 18 19 20,1,15,,34748,26,0,10 18 19 20,1,15,,34756,26,0,13 18 19 20,1,15,,34749,26,0,10 18 19 20,1,55,,34757,26,0,13 18 19 20,1,15,,34750,26,0,10 18 19 20,1,15,,34758,26,0,13 18 19 20,1,10,,34751,26,0,10 18 19 20,1,15,,34759,26,0,13 18 19 20,1,55,,34752,26,0,10 18 19 20,1,10,,34760,26,0,13 18 19 20,1,15,,34753,26,0,10 18 19 20,1,10,,34761,26,0,13 18 19 20,1,60,,34762,26,0,10 18 19 20,1,20,,34763,26,0,13 18 19 20,1,15,,34767,26,0,10 18 19 20,1,60,,34764,26,0,13 18 19 20,1,20,,34768,26,0,10 18 19 20,1,20,,34765,26,0,13 18 19 20,1,60,,34769,26,0,10 18 19 20,1,20,,34766,26,0,13 18 19 20,1,17,,34770,26,0,10 18 19 20,1,15,,34771,26,0,13 18 19 20,1,65,,34774,26,0,10 18 19 20,1,30,,34772,26,0,13 18 19 20,1,70,,34775,26,0,10 18 19 20,1,30,,34773,26,0,13 18 19 20,1,70,,34776,26,0,10 18 19 20,1,40,,34777,26,0,13 18 19 20,1,99,,34778,26,0,13 18 19 20,1
400,'3',614,,34781,26,0,13 18 19 20,1,13,,34780,26,0,10 18 19 20,1,32,,34783,26,0,13 18 19 20,1,70,,34790,26,0,10 18 19 20,1,30,,34784,26,0,13 18 19 20,1,70,,34791,26,0,10 18 19 20,1,30,,34785,26,0,13 18 19 20,1,70,,34792,26,0,10 18 19 20,1,30,,34786,26,0,13 18 19 20,1,70,,34793,26,0,10 18 19 20,1,30,,34787,26,0,13 18 19 20,1,70,,34794,26,0,10 18 19 20,1,30,,34788,26,0,13 18 19 20,1,67,,34795,26,0,10 18 19 20,1,29,,34789,26,0,13 18 19 20,1,63,,34796,26,0,10 18 19 20,1,20,,34801,26,0,13 18 19 20,1,65,,34797,26,0,10 18 19 20,1,25,,34802,26,0,13 18 19 20,1,25,,34798,26,0,10 18 19 20,1,65,,34803,26,0,13 18 19 20,1,25,,34799,26,0,10 18 19 20,1,65,,34804,26,0,13 18 19 20,1,25,,34800,26,0,10 18 19 20,1,25,,34805,26,0,13 18 19 20,1,65,,34812,26,0,10 18 19 20,1,25,,34808,26,0,13 18 19 20,1,65,,34813,26,0,10 18 19 20,1,25,,34809,26,0,13 18 19 20,1,65,,34814,26,0,10 18 19 20,1,25,,34810,26,0,13 18 19 20,1,25,,34815,26,0,10 18 19 20,1,65,,34811,26,0,13 18 19 20,1,25,,34816,26,0,10 18 19 20,1,61,,34817,26,0,13 18 19 20,1,30,,34820,26,0,10 18 19 20,1,75,,34818,26,0,13 18 19 20,1,30,,34821,26,0,10 18 19 20,1,70,,34819,26,0,13 18 19 20,1,30,,34822,26,0,10 18 19 20,1,66,,34806,26,0,13 18 19 20,1,54,,34807,26,0,10 18 19 20,1
400,'30',657,,34853,26,0,13 18 19 20,1,82,,34854,26,0,10 18 19 20,1,80,,34855,26,0,13 18 19 20,1,85,,34825,26,0,10 18 19 20,1,35,,34826,26,0,13 18 19 20,1,65,,34827,26,0,10 18 19 20,1,30,,34828,26,0,13 18 19 20,1,70,,34829,26,0,10 18 19 20,1,30,,34830,26,0,13 18 19 20,1,70,,34831,26,0,10 18 19 20,1,26,,34832,26,0,13 18 19 20,1,70,,34833,26,0,10 18 19 20,1,30,,34834,26,0,13 18 19 20,1,70,,34835,26,0,10 18 19 20,1,30,,34836,26,0,13 18 19 20,1,70,,34837,26,0,10 18 19 20,1,30,,34838,26,0,13 18 19 20,1,70,,34839,26,0,10 18 19 20,1,30,,34840,26,0,13 18 19 20,1,70,,34841,26,0,10 18 19 20,1,30,,34842,26,0,13 18 19 20,1,70,,34843,26,0,10 18 19 20,1,32,,34844,26,0,13 18 19 20,1,70,,34845,26,0,10 18 19 20,1,30,,34846,26,0,13 18 19 20,1,70,,34847,26,0,10 18 19 20,1,30,,34848,26,0,13 18 19 20,1,70,,34849,26,0,10 18 19 20,1,30,,34850,26,0,13 18 19 20,1,70,,34851,26,0,10 18 19 20,1,26,,34852,26,0,13 18 19 20,1,29,,34823,26,0,10 18 19 20,1
400,'4',657,,34886,26,0,13 18 19 20,1,82,,34887,26,0,10 18 19 20,1,80,,34888,26,0,13 18 19 20,1,85,,34858,26,0,10 18 19 20,1,35,,34859,26,0,13 18 19 20,1,65,,34860,26,0,10 18 19 20,1,30,,34861,26,0,13 18 19 20,1,70,,34862,26,0,10 18 19 20,1,30,,34863,26,0,13 18 19 20,1,70,,34864,26,0,10 18 19 20,1,26,,34865,26,0,13 18 19 20,1,70,,34866,26,0,10 18 19 20,1,30,,34867,26,0,13 18 19 20,1,70,,34868,26,0,10 18 19 20,1,30,,34869,26,0,13 18 19 20,1,70,,34870,26,0,10 18 19 20,1,30,,34871,26,0,13 18 19 20,1,70,,34872,26,0,10 18 19 20,1,30,,34873,26,0,13 18 19 20,1,70,,34874,26,0,10 18 19 20,1,30,,34875,26,0,13 18 19 20,1,70,,34876,26,0,10 18 19 20,1,32,,34877,26,0,13 18 19 20,1,70,,34878,26,0,10 18 19 20,1,30,,34879,26,0,13 18 19 20,1,70,,34880,26,0,10 18 19 20,1,30,,34881,26,0,13 18 19 20,1,70,,34882,26,0,10 18 19 20,1,30,,34883,26,0,13 18 19 20,1,70,,34884,26,0,10 18 19 20,1,26,,34885,26,0,13 18 19 20,1,29,,34856,26,0,10 18 19 20,1
10200,'3302',645,,41600,19,,,1,65,,41599,19,,,1,25,,41598,19,,,1,20,,41597,19,,,1,70,,41596,19,,,1,23,,41541,19,,,1,10,,41542,19,,,1,59,,41543,19,,,1,21,,41544,19,,,1,10,,41545,19,,,1,60,,41546,19,,,1,20,,41547,19,,,1,5,,41548,19,,,1,18,,41549,19,,,1,62,,41550,19,,,1,11,,41551,19,,,1,11,,41552,19,,,1,22,,41553,19,,,1,51,,41554,19,,,1,11,,41555,19,,,1,22,,41556,19,,,1,11,,41557,19,,,1,51,,41558,19,,,1,22,,41559,19,,,1,11,,41560,19,,,1,11,,41561,19,,,1,62,,41562,19,,,1,11,,41563,19,,,1,13,,41564,19,,,1,25,,41565,19,,,1,52,,41566,19,,,1,12,,41567,19,,,1,22,,41568,19,,,1,14,,41569,19,,,1,52,,41570,19,,,1,24,,41571,19,,,1,12,,41572,19,,,1,12,,41573,19,,,1,64,,41574,19,,,1,14,,41575,19,,,1,12,,41576,19,,,1,54,,41578,19,4,,1,14,,41577,19,,,1,12,,41579,19,,,1,30,,41580,19,,,1,55,,41581,19,,,1,30,,41582,19,,,1,15,,41583,19,,,1,70,,41584,19,,,1,17,,41585,19,,,1,67,,41586,19,,,1,20,,41587,19,,,1,20,,41588,19,,,1,60,,41589,19,,,1,20,,41590,19,,,1,20,,41591,19,,,1,60,,41592,19,,,1,20,,41593,19,,,1,14,,41595,19,4,,1,60,,41594,19,4,,1
10200,'3602',906,,41601,19,,,1,22,,41602,19,,,1,30,,41603,19,,,1,60,,41604,19,,,1,17,,41608,19,4,,1,67,,41605,19,,,1,44,,41606,19,,,1,84,,41607,19,,,1,84,,41609,19,,,1,44,,41610,19,,,1,88,,41611,19,,,1,88,,41612,19,,,1,88,,41613,19,,,1,88,,41614,19,,,1,48,,41615,19,,,1,85,,41616,19,,,1,85,,41617,19,,,1,85,,41618,19,,,1,38,,41619,19,4,,1
10200,'3903',1117,,41620,19,,,1,42,,41621,19,,,1,84,,41622,19,,,1,80,,41623,19,,,1,80,,41624,19,,,1,41,,41625,19,,,1,80,,41626,19,,,1,82,,41627,19,,,1,44,,41628,19,,,1,85,,41629,19,,,1,82,,41630,19,,,1,40,,41631,19,,,1,80,,41632,19,,,1,80,,41633,19,,,1,40,,41634,19,,,1,74,,41635,19,,,1,75,,41636,19,,,1,35,,41637,19,,,1,75,,41638,19,,,1
10200,'6404',1117,,41639,19,,,1,42,,41640,19,,,1,84,,41641,19,,,1,80,,41642,19,,,1,80,,41643,19,,,1,41,,41644,19,,,1,80,,41645,19,,,1,82,,41646,19,,,1,44,,41647,19,,,1,85,,41648,19,,,1,82,,41649,19,,,1,40,,41650,19,,,1,80,,41651,19,,,1,80,,41652,19,,,1,40,,41653,19,,,1,74,,41654,19,,,1,75,,41655,19,,,1
10401,'3302',749,,41813,26,,,1,70,,41814,26,,,1,32,,41815,26,,,1,71,,41816,26,,,1,30,,41817,26,,,1,70,,41818,26,,,1,29,,41819,26,,,1,71,,41820,26,,,1,28,,41821,26,,,1,73,,41822,26,,,1,27,,41823,26,,,1,72,,41824,26,,,1,24,,41825,26,,,1,69,,41826,26,,,1,30,,41827,26,,,1,72,,41828,26,,,1,29,,41829,26,,,1,70,,41830,26,,,1,31,,41831,26,,,1,73,,41832,26,,,1,31,,41833,26,,,1,68,,41834,26,,,1
10401,'3903',1021,,41851,26,,,1,21,,41837,26,,,1,70,,41838,26,,,1,27,,41839,26,,,1,71,,41840,26,,,1,20,,41841,26,,,1,70,,41842,26,,,1,25,,41843,26,,,1,29,,41844,26,,,1,68,,41845,26,,,1,31,,41846,26,,,1,70,,41847,26,,,1,30,,41848,26,,,1,69,,41849,26,,,1,30,,41850,26,,,1,70,,41836,26,,,1,30,,41835,26,,,1
