200,'11802',1430,,42641,2,0,13 30,1,271,,42642,2,0,10 23 20,1
200,'2',614,,42650,2,0,13 30,1,16,,42686,2,0,10 23 20,1,15,,42651,2,0,13 30,1,55,,42687,2,0,10 23 20,1,15,,42652,2,0,13 30,1,15,,42688,2,0,10 23 20,1,15,,42653,2,0,13 30,1,55,,42689,2,0,10 23 20,1,15,,42654,2,0,13 30,1,15,,42690,2,0,10 23 20,1,15,,42655,2,0,13 30,1,55,,42691,2,0,10 23 20,1,15,,42656,2,0,13 30,1,15,,42692,2,0,10 23 20,1,15,,42657,2,0,13 30,1,55,,42693,2,0,10 23 20,1,15,,42658,2,0,13 30,1,15,,42694,2,0,10 23 20,1,15,,42659,2,0,13 30,1,55,,42695,2,0,10 23 20,1,15,,42660,2,0,13 30,1,15,,42696,2,0,10 23 20,1,12,,42661,2,0,13 30,1,15,,42697,2,0,10 23 20,1,55,,42662,2,0,13 30,1,15,,42698,2,0,10 23 20,1,15,,42663,2,0,13 30,1,15,,42699,2,0,10 23 20,1,55,,42664,2,0,13 30,1,13,,42700,2,0,10 23 20,1,15,,42665,2,0,13 30,1,15,,42701,2,0,10 23 20,1,55,,42666,2,0,13 30,1,13,,42702,2,0,10 23 20,1,14,,42667,2,0,13 30,1,15,,42703,2,0,10 23 20,1,55,,42668,2,0,13 30,1,10,,42704,2,0,10 23 20,1,19,,42669,2,0,13 30,1,15,,42705,2,0,10 23 20,1,55,,42670,2,0,13 30,1,15,,42706,2,0,10 23 20,1,15,,42671,2,0,13 30,1,13,,42707,2,0,10 23 20,1,59,,42672,2,0,13 30,1,11,,42708,2,0,10 23 20,1,28,,42673,2,0,13 30,1,55,,42709,2,0,10 23 20,1,15,,42674,2,0,13 30,1,12,,42710,2,0,10 23 20,1,15,,42675,2,0,13 30,1,15,,42711,2,0,10 23 20,1,55,,42676,2,0,13 30,1,15,,42712,2,0,10 23 20,1,15,,42677,2,0,13 30,1,15,,42713,2,0,10 23 20,1,50,,42678,2,0,13 30,1,25,,42714,2,0,10 23 20,1,12,,42679,2,0,13 30,1,63,,42715,2,0,10 23 20,1,17,,42680,2,0,13 30,1,23,,42716,2,0,10 23 20,1,57,,42681,2,0,13 30,1,23,,42717,2,0,10 23 20,1,20,,42682,2,0,13 30,1,57,,42718,2,0,10 23 20,1,17,,42683,2,0,13 30,1,20,,42719,2,0,10 23 20,1,15,,42684,2,0,13 30,1,60,,42720,2,0,10 23 20,1,20,,42685,2,0,13 30,1,72,,42721,2,0,45 3 21,1
200,'3',620,,42725,2,0,13 30,1,30,,42726,2,0,10 23 20,1,70,,42728,2,0,13 30,1,28,,42730,2,0,13 30,1,55,,42731,2,0,10 23 20,1,15,,42732,2,0,13 30,1,15,,42733,2,0,10 23 20,1,15,,42734,2,0,13 30,1,55,,42735,2,0,10 23 20,1,15,,42736,2,0,13 30,1,10,,42737,2,0,10 23 20,1,15,,42738,2,0,13 30,1,12,,42739,2,0,10 23 20,1,55,,42740,2,0,13 30,1,15,,42741,2,0,10 23 20,1,15,,42742,2,0,13 30,1,10,,42743,2,0,10 23 20,1,55,,42744,2,0,13 30,1,10,,42745,2,0,10 23 20,1,15,,42746,2,0,13 30,1,15,,42747,2,0,10 23 20,1,55,,42748,2,0,13 30,1,15,,42749,2,0,10 23 20,1,15,,42750,2,0,13 30,1,10,,42761,2,0,10 23 20,1,15,,42751,2,0,13 30,1,50,,42762,2,0,10 23 20,1,15,,42752,2,0,13 30,1,15,,42763,2,0,10 23 20,1,15,,42753,2,0,13 30,1,54,,42764,2,0,10 23 20,1,15,,42754,2,0,13 30,1,15,,42765,2,0,10 23 20,1,15,,42755,2,0,13 30,1,55,,42766,2,0,10 23 20,1,10,,42756,2,0,13 30,1,10,,42767,2,0,10 23 20,1,15,,42757,2,0,13 30,1,15,,42768,2,0,10 23 20,1,55,,42758,2,0,13 30,1,15,,42769,2,0,10 23 20,1,15,,42759,2,0,13 30,1,15,,42770,2,0,10 23 20,1,55,,42760,2,0,13 30,1,15,,42771,2,0,10 23 20,1,15,,42772,2,0,13 30,1,3,,42784,2,0,45 3 21,1,13,,42773,2,0,10 23 20,1,57,,42779,2,0,13 30,1,14,,42774,2,0,10 23 20,1,16,,42780,2,0,13 30,1,14,,42775,2,0,10 23 20,1,56,,42781,2,0,13 30,1,14,,42776,2,0,10 23 20,1,16,,42782,2,0,13 30,1,14,,42777,2,0,10 23 20,1,56,,42783,2,0,13 30,1,14,,42778,2,0,10 23 20,1,16,,42785,2,0,13 30,1,5,,42790,2,0,45 3 21,1,65,,42788,2,0,10 23 20,1,4,,42791,2,0,45 3 21,1,26,,42786,2,0,13 30,1,70,,42789,2,0,10 23 20,1,30,,42787,2,0,13 30,1,70,,42722,2,0,10 23 20,1,30,,42723,2,0,13 30,1,70,,42792,2,0,10 23 20,1,35,,42793,2,0,13 30,1,69,,42794,2,0,45 3 21,1
200,'30',649,,42797,2,0,13 30,1,70,,42800,2,0,10 23 20,1,30,,42802,2,0,13 30,1,70,,42801,2,0,10 23 20,1,30,,42803,2,0,13 30,1,64,,42804,2,0,10 23 20,1,25,,42808,2,0,13 30,1,65,,42805,2,0,10 23 20,1,25,,42809,2,0,13 30,1,25,,42806,2,0,10 23 20,1,65,,42810,2,0,10 23 20,1,24,,42807,2,0,10 23 20,1,15,,42811,2,0,13 30,1,55,,42823,2,0,10 23 20,1,15,,42812,2,0,13 30,1,15,,42824,2,0,10 23 20,1,15,,42813,2,0,13 30,1,55,,42825,2,0,10 23 20,1,15,,42814,2,0,13 30,1,15,,42826,2,0,10 23 20,1,15,,42815,2,0,13 30,1,55,,42827,2,0,10 23 20,1,15,,42816,2,0,13 30,1,15,,42828,2,0,10 23 20,1,15,,42817,2,0,13 30,1,55,,42829,2,0,10 23 20,1,15,,42818,2,0,13 30,1,15,,42830,2,0,10 23 20,1,15,,42819,2,0,13 30,1,55,,42831,2,0,10 23 20,1,15,,42820,2,0,13 30,1,15,,42832,2,0,10 23 20,1,15,,42821,2,0,13 30,1,55,,42833,2,0,10 23 20,1,15,,42822,2,0,13 30,1,14,,42834,2,0,10 23 20,1,65,,42837,2,0,13 30,1,6,,42848,2,0,45 3 21,1,19,,42843,2,0,10 23 20,1,25,,42838,2,0,13 30,1,65,,42844,2,0,10 23 20,1,25,,42839,2,0,13 30,1,65,,42845,2,0,10 23 20,1,25,,42840,2,0,13 30,1,65,,42846,2,0,10 23 20,1,25,,42841,2,0,13 30,1,25,,42847,2,0,10 23 20,1,65,,42842,2,0,13 30,1,30,,42796,2,0,10 23 20,1,71,,42795,2,0,45 3 21,1
200,'4',649,,42851,2,0,13 30,1,70,,42854,2,0,10 23 20,1,30,,42856,2,0,13 30,1,70,,42855,2,0,10 23 20,1,30,,42857,2,0,13 30,1,64,,42858,2,0,10 23 20,1,25,,42862,2,0,13 30,1,65,,42859,2,0,10 23 20,1,25,,42863,2,0,13 30,1,25,,42860,2,0,10 23 20,1,65,,42864,2,0,10 23 20,1,24,,42861,2,0,10 23 20,1,15,,42865,2,0,13 30,1,55,,42877,2,0,10 23 20,1,15,,42866,2,0,13 30,1,15,,42878,2,0,10 23 20,1,15,,42867,2,0,13 30,1,55,,42879,2,0,10 23 20,1,15,,42868,2,0,13 30,1,15,,42880,2,0,10 23 20,1,15,,42869,2,0,13 30,1,55,,42881,2,0,10 23 20,1,15,,42870,2,0,13 30,1,15,,42882,2,0,10 23 20,1,15,,42871,2,0,13 30,1,55,,42883,2,0,10 23 20,1,15,,42872,2,0,13 30,1,15,,42884,2,0,10 23 20,1,15,,42873,2,0,13 30,1,55,,42885,2,0,10 23 20,1,15,,42874,2,0,13 30,1,15,,42886,2,0,10 23 20,1,15,,42875,2,0,13 30,1,55,,42887,2,0,10 23 20,1,15,,42876,2,0,13 30,1,14,,42888,2,0,10 23 20,1,65,,42891,2,0,13 30,1,6,,42902,2,0,45 3 21,1,19,,42897,2,0,10 23 20,1,25,,42892,2,0,13 30,1,65,,42898,2,0,10 23 20,1,25,,42893,2,0,13 30,1,65,,42899,2,0,10 23 20,1,25,,42894,2,0,13 30,1,65,,42900,2,0,10 23 20,1,25,,42895,2,0,13 30,1,25,,42901,2,0,10 23 20,1,65,,42896,2,0,13 30,1,30,,42850,2,0,10 23 20,1,71,,42849,2,0,45 3 21,1
2700,'11802',812,,48173,27,,,1,90,,48174,27,,,1,846,,48175,27,,,1
2700,'2',619,,48246,27,,,1,33,,48176,27,,,1,75,,48177,27,,,1,13,,48178,27,,,1,13,,48179,27,,,1,53,,48180,27,,,1,13,,48181,27,,,1,13,,48182,27,,,1,13,,48183,27,,,1,13,,48184,27,,,1,53,,48185,27,,,1,13,,48186,27,,,1,13,,48187,27,,,1,13,,48188,27,,,1,53,,48189,27,,,1,13,,48190,27,,,1,13,,48191,27,,,1,13,,48192,27,,,1,13,,48193,27,,,1,53,,48194,27,,,1,13,,48195,27,,,1,13,,48196,27,,,1,13,,48197,27,,,1,53,,48198,27,,,1,12,,48199,27,,,1,12,,48200,27,,,1,12,,48201,27,,,1,12,,48202,27,,,1,52,,48203,27,,,1,12,,48204,27,,,1,12,,48205,27,,,1,12,,48206,27,,,1,12,,48207,27,,,1,52,,48208,27,,,1,14,,48209,27,,,1,13,,48210,27,,,1,13,,48211,27,,,1,13,,48212,27,,,1,53,,48213,27,,,1,13,,48214,27,,,1,13,,48215,27,,,1,13,,48216,27,,,1,12,,48217,27,,,1,54,,48218,27,,,1,9,,48219,27,,,1,11,,48220,27,,,1,11,,48221,27,,,1,11,,48222,27,,,1,51,,48223,27,,,1,11,,48224,27,,,1,11,,48225,27,,,1,11,,48226,27,,,1,11,,48227,27,,,1,11,,48228,27,,,1,47,,48229,27,,,1,13,,48230,27,,,1,15,,48231,27,,,1,13,,48232,27,,,1,54,,48233,27,,,1,13,,48234,27,,,1,17,,48235,27,,,1,17,,48236,27,,,1,57,,48237,27,,,1,17,,48238,27,,,1,17,,48239,27,,,1,17,,48240,27,,,1,57,,48241,27,,,1,27,,48242,27,,,1,67,,48243,27,,,1,27,,48244,27,,,1,70,,48245,27,,,1
2700,'3',918,,48247,27,,,1,29,,48249,27,,,1,98,,48258,27,,,1,76,,48250,27,,,1,32,,48268,27,,,1,72,,48259,27,,,1,32,,48251,27,,,1,72,,48248,27,,,1,72,,48260,27,,,1,34,,48252,27,,,1,72,,48267,27,,,1,30,,48261,27,,,1,74,,48253,27,,,1,32,,48269,27,,,1,70,,48262,27,,,1,34,,48254,27,,,1,72,,48270,27,,,1,18,,48263,27,,,1,85,,48255,27,,,1,85,,48264,27,,,1,45,,48256,27,,,1,80,,48265,27,,,1,80,,48257,27,,,1,40,,48266,27,,,1
2700,'30',900,,48271,27,,,1,45,,48278,27,,,1,85,,48272,27,,,1,85,,48279,27,,,1,85,,48273,27,,,1,48,,48280,27,,,1,72,,48282,27,,,1,27,,48274,27,,,1,77,,48281,27,,,1,32,,48283,27,,,1,72,,48275,27,,,1,72,,48284,27,,,1,32,,48286,27,,,1,72,,48276,27,,,1,35,,48285,27,,,1,86,,48277,27,,,1,85,,48288,27,,,1,45,,48287,27,,,1
2700,'4',900,,48289,27,,,1,45,,48296,27,,,1,85,,48290,27,,,1,85,,48297,27,,,1,85,,48291,27,,,1,48,,48298,27,,,1,72,,48300,27,,,1,27,,48292,27,,,1,77,,48299,27,,,1,32,,48301,27,,,1,72,,48293,27,,,1,72,,48302,27,,,1,32,,48304,27,,,1,72,,48294,27,,,1,35,,48303,27,,,1,86,,48295,27,,,1,85,,48306,27,,,1,45,,48305,27,,,1
3401,'2',552,,49048,21,0,14,1,78,,49051,21,0,14,1,79,,49034,21,0,14,1,41,,49035,21,0,14,1,82,,49037,21,0,14,1,83,,49036,21,0,14,1,41,,49038,21,0,14,1,80,,49039,21,0,14,1,85,,49040,21,0,14,1,80,,49041,21,0,14,1,40,,49042,21,0,14,1,80,,49043,21,0,14,1,38,,49044,21,0,14,1,81,,49045,21,0,14,1,80,,49046,21,0,14,1,80,,49047,21,0,14,1,40,,49052,21,0,14,1,80,,49053,21,0,14,1,80,,49054,21,0,14,1,37,,49055,21,0,14,1,82,,49056,21,0,14,1,40,,49057,21,0,14,1,80,,49061,21,0,14,1,78,,49058,21,0,14,1,42,,49059,21,0,14,1,80,,49049,21,0,14,1,80,,49050,21,0,14,1,39,,49060,21,0,14,1
3401,'3',822,,49062,21,0,14,1,36,,49072,21,0,14,1,80,,49071,21,0,14,1,80,,49063,21,0,14,1,85,,49064,21,0,14,1,45,,49065,21,0,14,1,80,,49066,21,0,14,1,80,,49067,21,0,14,1,40,,49068,21,0,14,1,80,,49069,21,0,14,1,80,,49070,21,0,14,1,40,,49073,21,0,14,1,80,,49074,21,0,14,1,80,,49075,21,0,14,1,40,,49076,21,0,14,1,80,,49077,21,0,14,1,80,,49078,21,0,14,1,40,,49079,21,0,14,1,80,,49080,21,0,14,1,79,,49081,21,0,14,1,40,,49082,21,0,14,1,80,,49083,21,0,14,1,80,,49084,21,0,14,1
3401,'30',1117,,49085,21,0,14,1,40,,49086,21,0,14,1,80,,49087,21,0,14,1,80,,49088,21,0,14,1,40,,49089,21,0,14,1,80,,49090,21,0,14,1,80,,49091,21,0,14,1,40,,49092,21,0,14,1,79,,49093,21,0,14,1,80,,49094,21,0,14,1,40,,49095,21,0,14,1,80,,49096,21,0,14,1,80,,49097,21,0,14,1,40,,49098,21,0,14,1,80,,49099,21,0,14,1
3401,'4',1117,,49100,21,0,14,1,40,,49101,21,0,14,1,80,,49102,21,0,14,1,80,,49103,21,0,14,1,40,,49104,21,0,14,1,80,,49105,21,0,14,1,80,,49106,21,0,14,1,40,,49107,21,0,14,1,79,,49108,21,0,14,1,80,,49109,21,0,14,1,40,,49110,21,0,14,1,80,,49111,21,0,14,1,80,,49112,21,0,14,1,40,,49113,21,0,14,1,80,,49114,21,0,14,1
10601,'11802',845,,50671,2,,,1,687,,50669,2,,,1,87,,50670,2,,,1
10601,'3302',724,,50672,2,,,1,20,,50686,2,,,1,65,,50673,2,,,1,20,,50687,2,,,1,25,,50674,2,,,1,60,,50688,2,,,1,25,,50675,2,,,1,65,,50699,2,,,1,20,,50676,2,,,1,25,,50689,2,,,1,60,,50677,2,,,1,20,,50690,2,,,1,25,,50678,2,,,1,60,,50691,2,,,1,25,,50679,2,,,1,20,,50692,2,,,1,65,,50680,2,,,1,20,,50693,2,,,1,65,,50681,2,,,1,20,,50694,2,,,1,25,,50682,2,,,1,60,,50695,2,,,1,25,,50683,2,,,1,20,,50696,2,,,1,67,,50684,2,,,1,20,,50697,2,,,1,10,,50700,2,,,1,65,,50685,2,,,1,20,,50698,2,,,1,10,,50701,2,,,1,64,,50715,2,,,1,19,,50702,2,,,1,18,,50706,2,,,1,62,,50703,2,,,1,18,,50707,2,,,1,22,,50704,2,,,1,58,,50708,2,,,1,22,,50705,2,,,1,18,,50714,2,,,1,80,,50709,2,,,1,80,,50710,2,,,1,40,,50711,2,,,1,80,,50712,2,,,1,75,,50713,2,,,1
10601,'3602',734,,50716,2,,,1,20,,50730,2,,,1,65,,50717,2,,,1,20,,50731,2,,,1,65,,50718,2,,,1,20,,50732,2,,,1,25,,50719,2,,,1,65,,50733,2,,,1,20,,50720,2,,,1,25,,50734,2,,,1,60,,50721,2,,,1,20,,50735,2,,,1,65,,50722,2,,,1,20,,50736,2,,,1,25,,50723,2,,,1,60,,50737,2,,,1,25,,50724,2,,,1,20,,50738,2,,,1,65,,50725,2,,,1,20,,50739,2,,,1,65,,50726,2,,,1,20,,50740,2,,,1,25,,50727,2,,,1,62,,50741,2,,,1,25,,50728,2,,,1,75,,50742,2,,,1,20,,50729,2,,,1,74,,50750,2,,,1,20,,50743,2,,,1,18,,50744,2,,,1,60,,50745,2,,,1,21,,50746,2,,,1,18,,50747,2,,,1,62,,50748,2,,,1,18,,50751,2,,,1,20,,50749,2,,,1
10601,'3903',1122,,50752,2,,,1,85,,50753,2,,,1,40,,50754,2,,,1,80,,50755,2,,,1,80,,50756,2,,,1,45,,50757,2,,,1,85,,50758,2,,,1,87,,50759,2,,,1,90,,50760,2,,,1,88,,50761,2,,,1,40,,50762,2,,,1,80,,50763,2,,,1,80,,50764,2,,,1,40,,50765,2,,,1,80,,50766,2,,,1,80,,50767,2,,,1,40,,50768,2,,,1
10601,'6404',1122,,50769,2,,,1,85,,50770,2,,,1,40,,50771,2,,,1,80,,50772,2,,,1,80,,50773,2,,,1,45,,50774,2,,,1,85,,50775,2,,,1,87,,50776,2,,,1,90,,50777,2,,,1,88,,50778,2,,,1,40,,50779,2,,,1,80,,50780,2,,,1,80,,50781,2,,,1,40,,50782,2,,,1,80,,50783,2,,,1,80,,50784,2,,,1
12701,'3302',708,,50880,2,,,1,93,,50881,2,,,1,18,,50882,2,,,1,94,,50883,2,,,1,21,,50884,2,,,1,88,,50885,2,,,1,23,,50886,2,,,1,86,,50887,2,,,1,23,,50888,2,,,1,86,,50889,2,,,1,63,,50890,2,,,1,43,,50891,2,,,1,70,,50892,2,,,1,85,,50893,2,,,1,30,,50894,2,,,1,86,,50895,2,,,1,32,,50896,2,,,1,88,,50897,2,,,1,75,,50898,2,,,1,37,,50899,2,,,1,74,,50900,2,,,1,34,,50901,2,,,1,74,,50902,2,,,1,74,,50903,2,,,1,98,,50904,2,,,1,104,,50905,2,,,1,98,,50906,2,,,1
12701,'3602',631,,50907,2,,,1,94,,50908,2,,,1,18,,50909,2,,,1,94,,50910,2,,,1,18,,50911,2,,,1,103,,50912,2,,,1,150,,50913,2,,,1,109,,50914,2,,,1,111,,50915,2,,,1,73,,50916,2,,,1,30,,50917,2,,,1,15,,50918,2,,,1,70,,50919,2,,,1,29,,50920,2,,,1,56,,50921,2,,,1,32,,50922,2,,,1,72,,50923,2,,,1,16,,50924,2,,,1
12701,'3903',631,,50925,2,,,1,99,,50926,2,,,1,101,,50927,2,,,1,102,,50928,2,,,1,72,,50929,2,,,1,34,,50930,2,,,1,74,,50931,2,,,1,34,,50932,2,,,1,75,,50933,2,,,1,35,,50934,2,,,1,75,,50935,2,,,1,75,,50936,2,,,1,36,,50937,2,,,1,75,,50938,2,,,1,35,,50939,2,,,1,75,,50940,2,,,1,75,,50941,2,,,1,37,,50942,2,,,1,75,,50943,2,,,1,34,,50944,2,,,1,74,,50945,2,,,1,34,,50946,2,,,1,74,,50947,2,,,1,73,,50950,2,,,1,102,,50948,2,,,1,102,,50949,2,,,1
12701,'6404',720,,50951,2,,,1,102,,50952,2,,,1,104,,50953,2,,,1,74,,50954,2,,,1,34,,50955,2,,,1,74,,50956,2,,,1,34,,50957,2,,,1,73,,50958,2,,,1,34,,50959,2,,,1,74,,50960,2,,,1,34,,50961,2,,,1,74,,50962,2,,,1,74,,50963,2,,,1,34,,50964,2,,,1,74,,50965,2,,,1,34,,50966,2,,,1,75,,50967,2,,,1,104,,50968,2,,,1,101,,50969,2,,,1,101,,50970,2,,,1,101,,50971,2,,,1,101,,50972,2,,,1
