400,'11802',1456,,43357,11,0,13 18 19 20,1,286,,43358,11,0,10 18 19 20,1
400,'2',617,,43385,11,0,13 18 19 20,1,39,,43384,11,0,10 18 19 20,1,55,,43383,11,0,13 18 19 20,1,15,,43382,11,0,10 18 19 20,1,15,,43381,11,0,13 18 19 20,1,15,,43380,11,0,10 18 19 20,1,55,,43379,11,0,13 18 19 20,1,15,,43378,11,0,10 18 19 20,1,15,,43377,11,0,13 18 19 20,1,61,,43376,11,0,10 18 19 20,1,20,,43375,11,0,13 18 19 20,1,20,,43374,11,0,10 18 19 20,1,60,,43373,11,0,13 18 19 20,1,20,,43372,11,0,10 18 19 20,1,20,,43371,11,0,13 18 19 20,1,60,,43370,11,0,10 18 19 20,1,20,,43369,11,0,13 18 19 20,1,20,,43368,11,0,10 18 19 20,1,60,,43367,11,0,13 18 19 20,1,20,,43366,11,0,10 18 19 20,1,20,,43365,11,0,13 18 19 20,1,60,,43364,11,0,10 18 19 20,1,20,,43363,11,0,13 18 19 20,1,17,,43362,11,0,10 18 19 20,1,14,,43387,11,0,13 18 19 20,1,50,,43388,11,0,10 18 19 20,1,15,,43396,11,0,13 18 19 20,1,15,,43389,11,0,10 18 19 20,1,15,,43397,11,0,13 18 19 20,1,55,,43390,11,0,10 18 19 20,1,15,,43398,11,0,13 18 19 20,1,15,,43391,11,0,10 18 19 20,1,14,,43399,11,0,13 18 19 20,1,53,,43392,11,0,10 18 19 20,1,15,,43400,11,0,13 18 19 20,1,10,,43393,11,0,10 18 19 20,1,15,,43401,11,0,13 18 19 20,1,15,,43394,11,0,10 18 19 20,1,50,,43402,11,0,13 18 19 20,1,15,,43395,11,0,10 18 19 20,1,10,,43403,11,0,13 18 19 20,1,23,,43404,11,0,10 18 19 20,1,61,,43405,11,0,13 18 19 20,1,15,,43409,11,0,10 18 19 20,1,20,,43406,11,0,13 18 19 20,1,60,,43410,11,0,10 18 19 20,1,20,,43407,11,0,13 18 19 20,1,20,,43411,11,0,10 18 19 20,1,60,,43408,11,0,13 18 19 20,1,17,,43412,11,0,10 18 19 20,1,15,,43413,11,0,13 18 19 20,1,66,,43416,11,0,10 18 19 20,1,30,,43414,11,0,13 18 19 20,1,70,,43417,11,0,10 18 19 20,1,30,,43415,11,0,13 18 19 20,1,71,,43418,11,0,10 18 19 20,1,40,,43419,11,0,13 18 19 20,1,99,,43420,11,0,13 18 19 20,1
400,'3',605,,43423,11,0,13 18 19 20,1,13,,43422,11,0,10 18 19 20,1,32,,43425,11,0,13 18 19 20,1,70,,43432,11,0,10 18 19 20,1,30,,43426,11,0,13 18 19 20,1,69,,43433,11,0,10 18 19 20,1,30,,43427,11,0,13 18 19 20,1,70,,43434,11,0,10 18 19 20,1,30,,43428,11,0,13 18 19 20,1,69,,43435,11,0,10 18 19 20,1,30,,43429,11,0,13 18 19 20,1,70,,43436,11,0,10 18 19 20,1,30,,43430,11,0,13 18 19 20,1,66,,43437,11,0,10 18 19 20,1,29,,43431,11,0,13 18 19 20,1,63,,43438,11,0,10 18 19 20,1,20,,43443,11,0,13 18 19 20,1,25,,43439,11,0,10 18 19 20,1,65,,43444,11,0,13 18 19 20,1,25,,43440,11,0,10 18 19 20,1,65,,43445,11,0,13 18 19 20,1,25,,43441,11,0,10 18 19 20,1,25,,43446,11,0,13 18 19 20,1,65,,43442,11,0,10 18 19 20,1,25,,43447,11,0,13 18 19 20,1,65,,43454,11,0,10 18 19 20,1,25,,43450,11,0,13 18 19 20,1,65,,43455,11,0,10 18 19 20,1,25,,43451,11,0,13 18 19 20,1,25,,43456,11,0,10 18 19 20,1,65,,43452,11,0,13 18 19 20,1,25,,43457,11,0,10 18 19 20,1,65,,43453,11,0,13 18 19 20,1,25,,43458,11,0,10 18 19 20,1,22,,43459,11,0,13 18 19 20,1,70,,43462,11,0,10 18 19 20,1,35,,43460,11,0,13 18 19 20,1,70,,43463,11,0,10 18 19 20,1,30,,43461,11,0,13 18 19 20,1,70,,43464,11,0,10 18 19 20,1,26,,43448,11,0,13 18 19 20,1,94,,43449,11,0,10 18 19 20,1
400,'30',648,,43495,11,0,13 18 19 20,1,82,,43496,11,0,10 18 19 20,1,80,,43497,11,0,13 18 19 20,1,43,,43467,11,0,10 18 19 20,1,75,,43468,11,0,13 18 19 20,1,25,,43469,11,0,10 18 19 20,1,70,,43470,11,0,13 18 19 20,1,30,,43471,11,0,10 18 19 20,1,70,,43472,11,0,13 18 19 20,1,30,,43473,11,0,10 18 19 20,1,66,,43474,11,0,13 18 19 20,1,30,,43475,11,0,10 18 19 20,1,70,,43476,11,0,13 18 19 20,1,30,,43477,11,0,10 18 19 20,1,70,,43478,11,0,13 18 19 20,1,30,,43479,11,0,10 18 19 20,1,70,,43480,11,0,13 18 19 20,1,30,,43481,11,0,10 18 19 20,1,70,,43482,11,0,13 18 19 20,1,30,,43483,11,0,10 18 19 20,1,70,,43484,11,0,13 18 19 20,1,30,,43485,11,0,10 18 19 20,1,72,,43486,11,0,13 18 19 20,1,30,,43487,11,0,10 18 19 20,1,70,,43488,11,0,13 18 19 20,1,30,,43489,11,0,10 18 19 20,1,70,,43490,11,0,13 18 19 20,1,30,,43491,11,0,10 18 19 20,1,70,,43492,11,0,13 18 19 20,1,30,,43493,11,0,10 18 19 20,1,66,,43494,11,0,13 18 19 20,1,29,,43465,11,0,10 18 19 20,1
400,'4',648,,43528,11,0,13 18 19 20,1,82,,43529,11,0,10 18 19 20,1,80,,43530,11,0,13 18 19 20,1,43,,43500,11,0,10 18 19 20,1,75,,43501,11,0,13 18 19 20,1,25,,43502,11,0,10 18 19 20,1,70,,43503,11,0,13 18 19 20,1,30,,43504,11,0,10 18 19 20,1,70,,43505,11,0,13 18 19 20,1,30,,43506,11,0,10 18 19 20,1,66,,43507,11,0,13 18 19 20,1,30,,43508,11,0,10 18 19 20,1,70,,43509,11,0,13 18 19 20,1,30,,43510,11,0,10 18 19 20,1,70,,43511,11,0,13 18 19 20,1,30,,43512,11,0,10 18 19 20,1,70,,43513,11,0,13 18 19 20,1,30,,43514,11,0,10 18 19 20,1,70,,43515,11,0,13 18 19 20,1,30,,43516,11,0,10 18 19 20,1,70,,43517,11,0,13 18 19 20,1,30,,43518,11,0,10 18 19 20,1,72,,43519,11,0,13 18 19 20,1,30,,43520,11,0,10 18 19 20,1,70,,43521,11,0,13 18 19 20,1,30,,43522,11,0,10 18 19 20,1,70,,43523,11,0,13 18 19 20,1,30,,43524,11,0,10 18 19 20,1,70,,43525,11,0,13 18 19 20,1,30,,43526,11,0,10 18 19 20,1,66,,43527,11,0,13 18 19 20,1,29,,43498,11,0,10 18 19 20,1
1701,'11802',1544,,46896,10,0,54 3 35,1,80,,46897,10,0,54 3 35,1
1701,'2',622,,46912,24,0,13 33,1,18,,46953,24,0,10 31,1,16,,46913,24,0,13 33,1,60,,46914,24,0,10 31,1,20,,46915,24,0,13 33,1,20,,46916,24,0,10 31,1,60,,46917,24,0,13 33,1,20,,46918,24,0,10 31,1,20,,46919,24,0,13 33,1,60,,46920,24,0,10 31,1,20,,46921,24,0,13 33,1,20,,46922,24,0,10 31,1,60,,46923,24,0,13 33,1,20,,46924,24,0,10 31,1,19,,46925,24,0,13 33,1,60,,46926,24,0,10 31,1,19,,46927,24,0,13 33,1,20,,46928,24,0,10 31,1,61,,46929,24,0,13 33,1,20,,46930,24,0,10 31,1,21,,46931,24,0,13 33,1,60,,46932,24,0,10 31,1,20,,46933,24,0,13 33,1,21,,46934,24,0,10 31,1,61,,46935,24,0,13 33,1,16,,46936,24,0,10 31,1,20,,46937,24,0,13 33,1,60,,46938,24,0,10 31,1,20,,46939,24,0,13 33,1,20,,46940,24,0,10 31,1,60,,46941,24,0,13 33,1,20,,46942,24,0,10 31,1,15,,46943,24,0,13 33,1,55,,46944,24,0,10 31,1,20,,46945,24,0,13 33,1,18,,46946,24,0,10 31,1,64,,46947,24,0,13 33,1,19,,46908,24,0,10 31,1,19,,46907,24,0,10 31,1,59,,46906,24,0,10 31,1,19,,46905,24,0,10 31,1,19,,46904,24,0,10 31,1,59,,46903,24,0,10 31,1,19,,46902,24,0,10 31,1,25,,46901,24,0,10 31,1,68,,46899,24,0,10 31,1,30,,46900,24,0,10 31,1,60,,46948,24,0,10 31,1,25,,46949,24,0,10 31,1,25,,46950,24,0,10 31,1,65,,46951,24,0,10 31,1,22,,46952,24,0,10 31,1,65,,46909,24,0,10 31,1,50,,46955,24,0,10 31,1
1701,'3',609,,46990,24,0,10 31,1,35,,46989,24,0,10 31,1,75,,46988,24,0,10 31,1,35,,46956,24,0,10 31,1,75,,46987,24,0,10 31,1,75,,46986,24,0,10 31,1,30,,46985,24,0,10 31,1,67,,46992,24,0,10 31,1,30,,46984,24,0,10 31,1,70,,46983,24,0,10 31,1,30,,46982,24,0,10 31,1,70,,46981,24,0,10 31,1,30,,46980,24,0,10 31,1,70,,46979,24,0,10 31,1,30,,46978,24,0,10 31,1,70,,46977,24,0,10 31,1,30,,46976,24,0,10 31,1,70,,46975,24,0,10 31,1,30,,46974,24,0,10 31,1,70,,46973,24,0,10 31,1,30,,46972,24,0,10 31,1,70,,46971,24,0,10 31,1,30,,46970,24,0,10 31,1,73,,46969,24,0,10 31,1,30,,46968,24,0,10 31,1,20,,46967,24,0,10 31,1,70,,46966,24,0,10 31,1,30,,46965,24,0,10 31,1,70,,46964,24,0,10 31,1,20,,46963,24,0,10 31,1,70,,46962,24,0,10 31,1,30,,46961,24,0,10 31,1,70,,46960,24,0,10 31,1,15,,46993,24,0,10 31,1,30,,46959,24,0,10 31,1,65,,46958,24,0,10 31,1,20,,46957,24,0,10 31,1,60,,46994,24,0,10 31,1,30,,46995,24,0,10 31,1
1701,'30',627,,47026,24,0,10 31,1,75,,47027,24,0,10 31,1,35,,47028,24,0,10 31,1,75,,47029,24,0,10 31,1,32,,46998,24,0,10 31,1,70,,46999,24,0,10 31,1,30,,47000,24,0,10 31,1,15,,47001,24,0,10 31,1,65,,47002,24,0,10 31,1,30,,47003,24,0,10 31,1,70,,47004,24,0,10 31,1,28,,47005,24,0,10 31,1,65,,47006,24,0,10 31,1,25,,47007,24,0,10 31,1,70,,47008,24,0,10 31,1,30,,47009,24,0,10 31,1,65,,47010,24,0,10 31,1,28,,47011,24,0,10 31,1,70,,47012,24,0,10 31,1,30,,47013,24,0,10 31,1,70,,47014,24,0,10 31,1,30,,47015,24,0,10 31,1,65,,47016,24,0,10 31,1,30,,47017,24,0,10 31,1,70,,47018,24,0,10 31,1,30,,47019,24,0,10 31,1,80,,47020,24,0,10 31,1,35,,47021,24,0,10 31,1,70,,47022,24,0,10 31,1,40,,47023,24,0,10 31,1,75,,47024,24,0,10 31,1,70,,47025,24,0,10 31,1,35,,46996,24,0,10 31,1,70,,46997,24,0,10 31,1
1701,'4',627,,47060,24,0,10 31,1,75,,47061,24,0,10 31,1,35,,47062,24,0,10 31,1,75,,47063,24,0,10 31,1,32,,47032,24,0,10 31,1,70,,47033,24,0,10 31,1,30,,47034,24,0,10 31,1,15,,47035,24,0,10 31,1,65,,47036,24,0,10 31,1,30,,47037,24,0,10 31,1,70,,47038,24,0,10 31,1,28,,47039,24,0,10 31,1,65,,47040,24,0,10 31,1,25,,47041,24,0,10 31,1,70,,47042,24,0,10 31,1,30,,47043,24,0,10 31,1,65,,47044,24,0,10 31,1,28,,47045,24,0,10 31,1,70,,47046,24,0,10 31,1,30,,47047,24,0,10 31,1,70,,47048,24,0,10 31,1,30,,47049,24,0,10 31,1,65,,47050,24,0,10 31,1,30,,47051,24,0,10 31,1,70,,47052,24,0,10 31,1,30,,47053,24,0,10 31,1,80,,47054,24,0,10 31,1,35,,47055,24,0,10 31,1,70,,47056,24,0,10 31,1,40,,47057,24,0,10 31,1,75,,47058,24,0,10 31,1,70,,47059,24,0,10 31,1,35,,47030,24,0,10 31,1,70,,47031,24,0,10 31,1
10401,'3302',736,,50511,11,,,1,70,,50512,11,,,1,32,,50513,11,,,1,72,,50514,11,,,1,30,,50515,11,,,1,70,,50516,11,,,1,29,,50517,11,,,1,71,,50518,11,,,1,28,,50519,11,,,1,74,,50520,11,,,1,27,,50521,11,,,1,72,,50522,11,,,1,24,,50523,11,,,1,69,,50524,11,,,1,28,,50525,11,,,1,72,,50526,11,,,1,29,,50527,11,,,1,70,,50528,11,,,1,30,,50529,11,,,1,73,,50530,11,,,1,31,,50531,11,,,1,70,,50532,11,,,1
10401,'3903',1010,,50549,11,,,1,21,,50535,11,,,1,70,,50536,11,,,1,27,,50537,11,,,1,30,,50538,11,,,1,60,,50539,11,,,1,30,,50540,11,,,1,65,,50541,11,,,1,29,,50542,11,,,1,68,,50543,11,,,1,31,,50544,11,,,1,70,,50545,11,,,1,30,,50546,11,,,1,69,,50547,11,,,1,30,,50548,11,,,1,70,,50534,11,,,1,30,,50533,11,,,1
