700,'2',604,,35578,1,,,1,27,,35579,1,,,1,25,,35580,1,,,1,60,,35581,1,,,1,20,,35582,1,,,1,20,,35583,1,,,1,60,,35584,1,,,1,21,,35585,1,,,1,66,,35586,1,,,1,30,,35587,1,,,1,70,,35588,1,,,1,25,,35589,1,,,1,30,,35590,1,,,1,70,,35591,1,,,1,29,,35592,1,,,1,70,,35593,1,,,1,30,,35594,1,,,1,70,,35596,1,,,1,25,,35597,1,,,1,60,,35598,1,,,1,20,,35599,1,,,1,20,,35600,1,,,1,60,,35601,1,,,1,20,,35602,1,,,1,19,,35603,1,,,1,60,,35604,1,,,1,20,,35605,1,,,1,25,,35606,1,,,1,55,,35607,1,,,1,20,,35608,1,,,1,28,,35609,1,,,1,65,,35610,1,,,1,25,,35611,1,,,1,65,,35612,1,,,1,25,,35613,1,,,1,65,,35614,1,,,1,25,,35615,1,,,1,79,,35616,1,,,1,30,,35617,1,,,1,70,,35618,1,,,1,30,,35619,1,,,1,70,,35620,1,,,1,27,,35621,1,,,1
700,'3',609,,35657,1,,,1,29,,35658,1,,,1,70,,35656,1,,,1,39,,35622,1,,,1,66,,35655,1,,,1,30,,35623,1,,,1,65,,35624,1,,,1,25,,35625,1,,,1,71,,35626,1,,,1,30,,35627,1,,,1,25,,35628,1,,,1,65,,35629,1,,,1,29,,35630,1,,,1,70,,35631,1,,,1,30,,35632,1,,,1,65,,35633,1,,,1,30,,35634,1,,,1,70,,35635,1,,,1,30,,35636,1,,,1,70,,35637,1,,,1,30,,35638,1,,,1,70,,35639,1,,,1,30,,35640,1,,,1,70,,35641,1,,,1,26,,35642,1,,,1,71,,35643,1,,,1,30,,35644,1,,,1,70,,35645,1,,,1,25,,35646,1,,,1,70,,35647,1,,,1,31,,35648,1,,,1,71,,35649,1,,,1,28,,35650,1,,,1,72,,35651,1,,,1,30,,35652,1,,,1,70,,35653,1,,,1,30,,35654,1,,,1
700,'30',839,,35660,1,,,1,85,,35662,1,,,1,30,,35663,1,,,1,70,,35664,1,,,1,25,,35665,1,,,1,65,,35666,1,,,1,29,,35667,1,,,1,70,,35668,1,,,1,30,,35669,1,,,1,65,,35670,1,,,1,30,,35671,1,,,1,70,,35672,1,,,1,30,,35673,1,,,1,65,,35674,1,,,1,30,,35675,1,,,1,70,,35676,1,,,1,22,,35677,1,,,1,30,,35678,1,,,1,70,,35679,1,,,1,30,,35680,1,,,1,70,,35681,1,,,1,30,,35682,1,,,1,70,,35683,1,,,1,30,,35684,1,,,1,70,,35685,1,,,1,30,,35686,1,,,1,70,,35687,1,,,1,33,,35689,1,,,1,85,,35688,1,,,1
700,'4',839,,35691,1,,,1,85,,35693,1,,,1,30,,35694,1,,,1,70,,35695,1,,,1,25,,35696,1,,,1,65,,35697,1,,,1,29,,35698,1,,,1,70,,35699,1,,,1,30,,35700,1,,,1,65,,35701,1,,,1,30,,35702,1,,,1,70,,35703,1,,,1,30,,35704,1,,,1,65,,35705,1,,,1,30,,35706,1,,,1,70,,35707,1,,,1,22,,35708,1,,,1,30,,35709,1,,,1,70,,35710,1,,,1,30,,35711,1,,,1,70,,35712,1,,,1,30,,35713,1,,,1,70,,35714,1,,,1,30,,35715,1,,,1,70,,35716,1,,,1,30,,35717,1,,,1,70,,35718,1,,,1,33,,35720,1,,,1,85,,35719,1,,,1
701,'2',647,,35721,54,4,,1,60,,35722,54,4,,1,38,,35723,54,4,,1,65,,35724,54,4,,1,20,,35725,54,4,,1,20,,35726,54,4,,1,60,,35727,54,4,,1,19,,35728,54,4,,1,30,,35729,54,4,,1,55,,35730,54,4,,1,30,,35731,54,4,,1,70,,35732,54,4,,1,30,,35733,54,4,,1,71,,35734,54,4,,1,31,,35735,54,4,,1,70,,35736,54,4,,1,30,,35737,54,4,,1,70,,35738,54,4,,1,25,,35739,54,4,,1,60,,35740,54,4,,1,20,,35741,54,4,,1,20,,35742,54,4,,1,60,,35743,54,4,,1,23,,35744,54,4,,1,20,,35745,54,4,,1,60,,35746,54,4,,1,20,,35747,54,4,,1,20,,35748,54,4,,1,60,,35749,54,4,,1,15,,35750,54,4,,1,25,,35751,54,4,,1,65,,35752,54,4,,1,25,,35753,54,4,,1,25,,35754,54,4,,1,65,,35755,54,4,,1,30,,35756,54,4,,1,78,,35757,54,4,,1,70,,35758,54,4,,1,30,,35759,54,4,,1,70,,35760,54,4,,1,30,,35761,54,4,,1,70,,35762,54,4,,1
701,'3',648,,35805,54,4,,1,77,,35806,54,4,,1,30,,35804,54,4,,1,73,,35768,54,4,,1,30,,35769,54,4,,1,65,,35770,54,4,,1,30,,35771,54,4,,1,71,,35772,54,4,,1,25,,35773,54,4,,1,65,,35774,54,4,,1,30,,35775,54,4,,1,71,,35776,54,4,,1,25,,35777,54,4,,1,65,,35778,54,4,,1,30,,35779,54,4,,1,70,,35780,54,4,,1,29,,35781,54,4,,1,70,,35782,54,4,,1,30,,35783,54,4,,1,70,,35784,54,4,,1,30,,35785,54,4,,1,70,,35786,54,4,,1,30,,35787,54,4,,1,70,,35788,54,4,,1,30,,35789,54,4,,1,70,,35790,54,4,,1,25,,35791,54,4,,1,25,,35792,54,4,,1,70,,35793,54,4,,1,25,,35794,54,4,,1,61,,35795,54,4,,1,29,,35796,54,4,,1,70,,35797,54,4,,1,30,,35798,54,4,,1,70,,35799,54,4,,1,30,,35800,54,4,,1,70,,35801,54,4,,1
701,'30',919,,35807,54,4,,1,25,,35808,54,4,,1,75,,35809,54,4,,1,20,,35810,54,4,,1,65,,35811,54,4,,1,30,,35812,54,4,,1,70,,35813,54,4,,1,27,,35814,54,4,,1,25,,35815,54,4,,1,70,,35816,54,4,,1,30,,35817,54,4,,1,70,,35818,54,4,,1,25,,35819,54,4,,1,70,,35820,54,4,,1,30,,35821,54,4,,1,70,,35822,54,4,,1,30,,35823,54,4,,1,69,,35824,54,4,,1,30,,35825,54,4,,1,70,,35826,54,4,,1,30,,35827,54,4,,1,70,,35829,54,4,,1,30,,35830,54,4,,1,70,,35831,54,4,,1,30,,35832,54,4,,1,70,,35833,54,4,,1,30,,35834,54,4,,1,67,,35837,54,4,,1,30,,35838,54,4,,1,70,,35835,54,4,,1
701,'4',919,,35839,54,4,,1,25,,35840,54,4,,1,75,,35841,54,4,,1,20,,35842,54,4,,1,65,,35843,54,4,,1,30,,35844,54,4,,1,70,,35845,54,4,,1,27,,35846,54,4,,1,25,,35847,54,4,,1,70,,35848,54,4,,1,30,,35849,54,4,,1,70,,35850,54,4,,1,25,,35851,54,4,,1,70,,35852,54,4,,1,30,,35853,54,4,,1,70,,35854,54,4,,1,30,,35855,54,4,,1,69,,35856,54,4,,1,30,,35857,54,4,,1,70,,35858,54,4,,1,30,,35859,54,4,,1,70,,35861,54,4,,1,30,,35862,54,4,,1,70,,35863,54,4,,1,30,,35864,54,4,,1,70,,35865,54,4,,1,30,,35866,54,4,,1,67,,35869,54,4,,1,30,,35870,54,4,,1,70,,35867,54,4,,1
2401,'2',623,3,39103,8,,,1,30,3,39104,8,,,1,68,,39105,8,,,1,31,,39106,8,,,1,70,,39107,8,,,1,30,,39108,8,,,1,71,3,39109,8,,,1,30,3,39110,8,,,1,70,3,39111,8,,,1,30,3,39112,8,,,1,70,3,39113,8,,,1,30,3,39114,8,,,1,70,3,39115,8,,,1,30,3,39116,8,,,1,70,3,39117,8,,,1,30,3,39118,8,,,1,67,,39119,8,,,1,31,,39120,8,,,1,70,,39121,8,,,1,30,,39122,8,,,1,75,,39125,8,,,1,33,,39126,8,,,1,73,,39127,8,,,1,73,,39128,8,,,1,37,3,39129,8,,,1,70,3,39130,8,,,1,30,3,39131,8,,,1,70,3,39132,8,,,1,30,3,39133,8,,,1,60,43,39134,8,,,1
2401,'3',651,4,39150,8,,,1,80,4,39149,8,,,1,80,4,39135,8,,,1,40,4,39136,8,,,1,80,4,39143,8,,,1,80,3,39137,8,,,1,38,,39144,8,,,1,82,,39138,8,,,1,75,,39145,8,,,1,44,,39139,8,,,1,86,,39146,8,,,1,87,2,39140,8,,,1,85,2,39147,8,,,1,44,2,39141,8,,,1,86,2,39148,8,,,1,84,2,39142,8,,,1,80,2,39152,8,,,1,44,2,39153,8,,,1,80,2,39154,8,,,1,84,2,39155,8,,,1
2401,'30',733,,39156,8,,,1,82,,39158,8,,,1,40,,39159,8,,,1,80,,39160,8,,,1,80,,39161,8,,,1,40,,39162,8,,,1,80,,39163,8,,,1,81,2,39164,8,,,1,42,4,39165,8,,,1,80,4,39166,8,,,1,80,4,39167,8,,,1,40,4,39168,8,,,1,80,4,39169,8,,,1,80,4,39170,8,,,1,40,4,39171,8,,,1,83,7,39172,8,,,1,80,7,39173,8,,,1,80,47,39174,8,,,1,40,7,39175,8,,,1,80,7,39176,8,,,1,33,,39177,8,4,,1
2401,'4',733,,39178,8,,,1,82,,39180,8,,,1,40,,39181,8,,,1,80,,39182,8,,,1,80,,39183,8,,,1,40,,39184,8,,,1,80,,39185,8,,,1,81,2,39186,8,,,1,42,4,39187,8,,,1,80,4,39188,8,,,1,80,4,39189,8,,,1,40,4,39190,8,,,1,80,4,39191,8,,,1,80,4,39192,8,,,1,40,4,39193,8,,,1,83,7,39194,8,,,1,80,7,39195,8,,,1,80,47,39196,8,,,1,40,7,39197,8,,,1,80,7,39198,8,,,1,33,,39199,8,4,,1
