401,'2',600,,34915,38,0,10 40 41,1,36,,34914,44,0,13 40 41,1,10,,34956,38,0,10 40 41,1,71,,34913,38,0,10 40 41,1,15,,34912,44,0,13 40 41,1,11,,34911,10,,,1,16,,34910,38,0,10 40 41,1,55,,34909,38,0,10 40 41,1,15,,34908,44,0,13 40 41,1,15,,34907,38,0,10 40 41,1,15,,34906,44,0,13 40 41,1,55,,34905,38,0,10 40 41,1,15,,34904,44,0,13 40 41,1,15,,34903,38,0,10 40 41,1,15,,34902,44,0,13 40 41,1,60,,34901,38,0,10 40 41,1,20,,34900,44,0,13 40 41,1,20,,34899,38,0,10 40 41,1,60,,34898,44,0,13 40 41,1,21,,34897,38,0,10 40 41,1,60,,34896,44,0,13 40 41,1,20,,34895,38,0,10 40 41,1,20,,34894,44,0,13 40 41,1,60,,34893,38,0,10 40 41,1,20,,34892,44,0,13 40 41,1,20,,34891,38,0,10 40 41,1,60,,34890,44,0,13 40 41,1,21,,34889,38,0,10 40 41,1,15,,34918,44,0,13 40 41,1,19,,34926,38,0,10 40 41,1,55,,34919,44,0,13 40 41,1,15,,34927,38,0,10 40 41,1,15,,34920,44,0,13 40 41,1,15,,34928,38,0,10 40 41,1,56,,34921,44,0,13 40 41,1,15,,34929,38,0,10 40 41,1,15,,34922,44,0,13 40 41,1,15,,34930,38,0,10 40 41,1,55,,34923,44,0,13 40 41,1,15,,34931,38,0,10 40 41,1,15,,34924,44,0,13 40 41,1,15,,34932,38,0,10 40 41,1,50,,34925,44,0,13 40 41,1,17,,34935,38,0,10 40 41,1,21,,34940,44,0,13 40 41,1,60,,34936,38,0,10 40 41,1,20,,34941,44,0,13 40 41,1,20,,34937,38,0,10 40 41,1,60,,34942,44,0,13 40 41,1,20,,34938,38,0,10 40 41,1,20,,34943,44,0,13 40 41,1,69,,34939,38,0,10 40 41,1,33,,34944,44,0,13 40 41,1,70,,34947,38,0,10 40 41,1,30,,34945,44,0,13 40 41,1,70,,34948,38,0,10 40 41,1,30,,34946,44,0,13 40 41,1,70,,34949,38,0,10 40 41,1,90,,34950,44,0,13 40 41,1
401,'3',635,,34957,38,0,10 40 41,1,70,,34958,44,0,13 40 41,1,20,,34965,38,0,10 40 41,1,30,,34959,44,0,13 40 41,1,71,,34966,38,0,10 40 41,1,30,,34960,44,0,13 40 41,1,70,,34967,38,0,10 40 41,1,30,,34961,44,0,13 40 41,1,71,,34968,38,0,10 40 41,1,30,,34962,44,0,13 40 41,1,70,,34969,38,0,10 40 41,1,30,,34963,44,0,13 40 41,1,70,,34970,38,0,10 40 41,1,30,,34964,44,0,13 40 41,1,66,,34971,38,0,10 40 41,1,27,,34977,44,0,13 40 41,1,66,,34972,38,0,10 40 41,1,25,,34978,44,0,13 40 41,1,65,,34973,38,0,10 40 41,1,25,,34979,44,0,13 40 41,1,25,,34974,38,0,10 40 41,1,65,,34980,44,0,13 40 41,1,25,,34975,38,0,10 40 41,1,65,,34981,44,0,13 40 41,1,25,,34976,38,0,10 40 41,1,65,,34989,44,0,13 40 41,1,24,,34985,38,0,10 40 41,1,25,,34990,44,0,13 40 41,1,65,,34986,38,0,10 40 41,1,25,,34991,44,0,13 40 41,1,65,,34987,38,0,10 40 41,1,25,,34992,44,0,13 40 41,1,25,,34988,38,0,10 40 41,1,65,,34993,44,0,13 40 41,1,17,,34994,38,0,10 40 41,1,70,,34998,44,0,13 40 41,1,30,,34995,38,0,10 40 41,1,70,,34999,44,0,13 40 41,1,30,,34996,38,0,10 40 41,1,70,,35000,44,0,13 40 41,1,28,,34997,38,0,10 40 41,1,72,,34983,44,0,13 40 41,1
401,'30',705,,35033,38,0,10 40 41,1,45,,35032,44,0,13 40 41,1,85,,35031,38,0,10 40 41,1,86,,35002,44,0,13 40 41,1,85,,35003,38,0,10 40 41,1,30,,35004,44,0,13 40 41,1,64,,35005,38,0,10 40 41,1,30,,35006,44,0,13 40 41,1,27,,35007,38,0,10 40 41,1,71,,35008,44,0,13 40 41,1,29,,35009,38,0,10 40 41,1,72,,35010,44,0,13 40 41,1,30,,35011,38,0,10 40 41,1,70,,35012,44,0,13 40 41,1,30,,35013,38,0,10 40 41,1,70,,35014,44,0,13 40 41,1,30,,35015,38,0,10 40 41,1,70,,35016,44,0,13 40 41,1,30,,35017,38,0,10 40 41,1,69,,35018,44,0,13 40 41,1,30,,35019,38,0,10 40 41,1,70,,35020,44,0,13 40 41,1,30,,35021,38,0,10 40 41,1,70,,35022,44,0,13 40 41,1,28,,35023,38,0,10 40 41,1,72,,35024,44,0,13 40 41,1,30,,35025,38,0,10 40 41,1,72,,35026,44,0,13 40 41,1,28,,35027,38,0,10 40 41,1,70,,35028,44,0,13 40 41,1,78,,35001,38,0,10 40 41,1
401,'4',705,,35066,38,0,10 40 41,1,45,,35065,44,0,13 40 41,1,85,,35064,38,0,10 40 41,1,86,,35035,44,0,13 40 41,1,85,,35036,38,0,10 40 41,1,30,,35037,44,0,13 40 41,1,64,,35038,38,0,10 40 41,1,30,,35039,44,0,13 40 41,1,27,,35040,38,0,10 40 41,1,71,,35041,44,0,13 40 41,1,29,,35042,38,0,10 40 41,1,72,,35043,44,0,13 40 41,1,30,,35044,38,0,10 40 41,1,70,,35045,44,0,13 40 41,1,30,,35046,38,0,10 40 41,1,70,,35047,44,0,13 40 41,1,30,,35048,38,0,10 40 41,1,70,,35049,44,0,13 40 41,1,30,,35050,38,0,10 40 41,1,69,,35051,44,0,13 40 41,1,30,,35052,38,0,10 40 41,1,70,,35053,44,0,13 40 41,1,30,,35054,38,0,10 40 41,1,70,,35055,44,0,13 40 41,1,28,,35056,38,0,10 40 41,1,72,,35057,44,0,13 40 41,1,30,,35058,38,0,10 40 41,1,72,,35059,44,0,13 40 41,1,28,,35060,38,0,10 40 41,1,70,,35061,44,0,13 40 41,1,78,,35034,38,0,10 40 41,1
1700,'2',630,,38074,36,0,10 23 20,1,20,,38075,44,0,13 23 20,1,60,,38115,36,0,10 23 20,1,20,,38076,44,0,13 23 20,1,21,,38116,36,0,10 23 20,1,59,,38077,44,0,13 23 20,1,20,,38078,36,0,10 23 20,1,18,,38079,44,0,13 23 20,1,60,,38080,36,0,10 23 20,1,20,,38081,44,0,13 23 20,1,20,,38082,36,0,10 23 20,1,60,,38083,44,0,13 23 20,1,20,,38084,36,0,10 23 20,1,20,,38085,44,0,13 23 20,1,60,,38086,36,0,10 23 20,1,20,,38087,44,0,13 23 20,1,20,,38088,36,0,10 23 20,1,60,,38089,44,0,13 23 20,1,20,,38090,36,0,10 23 20,1,21,,38091,44,0,13 23 20,1,61,,38092,36,0,10 23 20,1,24,,38093,44,0,13 23 20,1,23,,38094,36,0,10 23 20,1,61,,38095,44,0,13 23 20,1,20,,38096,36,0,10 23 20,1,20,,38097,44,0,13 23 20,1,58,,38098,36,0,10 23 20,1,20,,38099,44,0,13 23 20,1,17,,38100,36,0,10 23 20,1,55,,38101,44,0,13 23 20,1,21,,38102,36,0,10 23 20,1,23,,38103,44,0,13 23 20,1,60,,38104,36,0,10 23 20,1,20,,38105,44,0,13 23 20,1,22,,38106,36,0,10 23 20,1,54,,38107,44,0,13 23 20,1,23,,38108,36,0,10 23 20,1,23,,38117,36,0,10 23 20,1,61,,38110,44,0,13 23 20,1,14,,38064,36,0,10 23 20,1,19,,38073,36,0,10 23 20,1,59,,38072,36,0,10 23 20,1,19,,38071,36,0,10 23 20,1,19,,38070,36,0,10 23 20,1,59,,38069,36,0,10 23 20,1,17,,38068,36,0,10 23 20,1,21,,38066,36,0,10 23 20,1,70,,38067,36,0,10 23 20,1,25,,38065,36,0,10 23 20,1,20,,38111,36,0,10 23 20,1,65,,38112,36,0,10 23 20,1,25,,38113,36,0,10 23 20,1,65,,38114,36,0,10 23 20,1,22,,38118,36,0,10 23 20,1,25,,38119,36,0,10 23 20,1
1700,'3',624,,38154,36,0,10 23 20,1,78,,38152,36,0,10 23 20,1,36,,38153,36,0,10 23 20,1,80,,38151,36,0,10 23 20,1,35,,38150,36,0,10 23 20,1,70,,38149,36,0,10 23 20,1,81,,38148,36,0,10 23 20,1,31,,38147,36,0,10 23 20,1,72,,38146,36,0,10 23 20,1,30,,38155,36,0,10 23 20,1,70,,38145,36,0,10 23 20,1,31,,38144,36,0,10 23 20,1,70,,38143,36,0,10 23 20,1,30,,38142,36,0,10 23 20,1,70,,38141,36,0,10 23 20,1,30,,38140,36,0,10 23 20,1,70,,38139,36,0,10 23 20,1,30,,38138,36,0,10 23 20,1,70,,38137,36,0,10 23 20,1,30,,38136,36,0,10 23 20,1,70,,38135,36,0,10 23 20,1,30,,38134,36,0,10 23 20,1,69,,38133,36,0,10 23 20,1,30,,38132,36,0,10 23 20,1,68,,38131,36,0,10 23 20,1,30,,38130,36,0,10 23 20,1,20,,38129,36,0,10 23 20,1,70,,38128,36,0,10 23 20,1,30,,38127,36,0,10 23 20,1,70,,38126,36,0,10 23 20,1,14,,38125,36,0,10 23 20,1,69,,38124,36,0,10 23 20,1,30,,38123,36,0,10 23 20,1,70,,38122,36,0,10 23 20,1,15,,38156,36,0,10 23 20,1,30,,38121,36,0,10 23 20,1,63,,38157,36,0,10 23 20,1,19,,38158,36,0,10 23 20,1,20,,38159,36,0,10 23 20,1
1700,'30',649,,38190,36,0,10 23 20,1,75,,38191,36,0,10 23 20,1,35,,38192,36,0,10 23 20,1,75,,38193,36,0,10 23 20,1,75,,38163,36,0,10 23 20,1,30,,38164,36,0,10 23 20,1,70,,38165,36,0,10 23 20,1,30,,38166,36,0,10 23 20,1,65,,38167,36,0,10 23 20,1,25,,38168,36,0,10 23 20,1,22,,38169,36,0,10 23 20,1,72,,38170,36,0,10 23 20,1,30,,38171,36,0,10 23 20,1,65,,38172,36,0,10 23 20,1,25,,38173,36,0,10 23 20,1,70,,38174,36,0,10 23 20,1,30,,38175,36,0,10 23 20,1,68,,38176,36,0,10 23 20,1,30,,38177,36,0,10 23 20,1,70,,38178,36,0,10 23 20,1,30,,38179,36,0,10 23 20,1,70,,38180,36,0,10 23 20,1,30,,38181,36,0,10 23 20,1,60,,38182,36,0,10 23 20,1,29,,38183,36,0,10 23 20,1,70,,38184,36,0,10 23 20,1,30,,38185,36,0,10 23 20,1,80,,38186,36,0,10 23 20,1,35,,38187,36,0,10 23 20,1,75,,38188,36,0,10 23 20,1,35,,38189,36,0,10 23 20,1,71,,38162,36,0,10 23 20,1,30,,38195,36,0,10 23 20,1,75,,38194,36,0,10 23 20,1
1700,'4',649,,38225,36,0,10 23 20,1,75,,38226,36,0,10 23 20,1,35,,38227,36,0,10 23 20,1,75,,38228,36,0,10 23 20,1,75,,38198,36,0,10 23 20,1,30,,38199,36,0,10 23 20,1,70,,38200,36,0,10 23 20,1,30,,38201,36,0,10 23 20,1,65,,38202,36,0,10 23 20,1,25,,38203,36,0,10 23 20,1,22,,38204,36,0,10 23 20,1,72,,38205,36,0,10 23 20,1,30,,38206,36,0,10 23 20,1,65,,38207,36,0,10 23 20,1,25,,38208,36,0,10 23 20,1,70,,38209,36,0,10 23 20,1,30,,38210,36,0,10 23 20,1,68,,38211,36,0,10 23 20,1,30,,38212,36,0,10 23 20,1,70,,38213,36,0,10 23 20,1,30,,38214,36,0,10 23 20,1,70,,38215,36,0,10 23 20,1,30,,38216,36,0,10 23 20,1,60,,38217,36,0,10 23 20,1,29,,38218,36,0,10 23 20,1,70,,38219,36,0,10 23 20,1,30,,38220,36,0,10 23 20,1,80,,38221,36,0,10 23 20,1,35,,38222,36,0,10 23 20,1,75,,38223,36,0,10 23 20,1,35,,38224,36,0,10 23 20,1,71,,38197,36,0,10 23 20,1,30,,38230,36,0,10 23 20,1,75,,38229,36,0,10 23 20,1
10400,'3302',718,,41771,9,,,1,27,,41772,9,,,1,69,,41773,15,,,1,30,,41774,15,,,1,72,,41775,15,,,1,30,,41776,15,,,1,70,,41777,15,,,1,30,,41778,15,,,1,69,,41779,15,,,1,31,,41780,15,,,1,68,,41781,15,,,1,32,,41782,15,,,1,67,,41783,15,,,1,32,,41784,15,,,1,66,,41785,15,,,1,29,,41786,15,,,1,71,,41787,15,,,1,32,,41788,15,,,1,71,,41789,15,,,1,30,,41790,15,,,1,71,,41791,15,,,1,33,,41792,15,,,1,68,,41793,15,,,1,26,,41794,15,,,1
10400,'3903',1014,,41812,9,,,1,28,,41797,15,,,1,61,,41798,15,,,1,30,,41799,15,,,1,67,,41800,15,,,1,30,,41801,15,,,1,20,,41802,15,,,1,70,,41803,15,,,1,25,,41804,15,,,1,71,,41805,15,,,1,28,,41806,15,,,1,71,,41807,15,,,1,30,,41808,15,,,1,70,,41809,15,,,1,29,,41810,15,,,1,70,,41811,15,,,1,30,,41796,15,,,1,70,,41795,15,,,1
