2501,'11802',724,,48021,24,,,1,886,,48022,24,,,1,106,,48023,24,,,1
2501,'2',619,,48024,24,,,1,24,,48025,24,,,1,74,,48026,24,,,1,20,,48027,24,,,1,20,,48028,24,,,1,60,,48029,24,,,1,20,,48030,24,,,1,20,,48031,24,,,1,59,,48032,24,,,1,20,,48033,24,,,1,20,,48034,24,,,1,60,,48035,24,,,1,20,,48036,24,,,1,20,,48037,24,,,1,60,,48038,24,,,1,20,,48039,24,,,1,20,,48040,24,,,1,60,,48041,24,,,1,20,,48042,24,,,1,20,,48043,24,,,1,60,,48044,24,,,1,20,,48045,24,,,1,20,,48046,24,,,1,64,,48047,24,,,1,20,,48048,24,,,1,60,,48049,24,,,1,20,,48050,24,,,1,20,,48051,24,,,1,60,,48052,24,,,1,22,,48053,24,,,1,21,,48054,24,,,1,61,,48055,24,,,1,21,,48056,24,,,1,21,,48057,24,,,1,61,,48058,24,,,1,14,,48059,24,,,1,20,,48060,24,,,1,60,,48061,24,,,1,20,,48062,24,,,1,20,,48063,24,,,1,60,,48064,24,,,1,20,,48065,24,,,1,20,,48066,24,,,1,60,,48067,24,,,1,27,,48068,24,,,1,24,,48069,24,,,1,65,,48070,24,,,1,25,,48071,24,,,1,65,,48072,24,,,1,25,,48073,24,,,1,21,,48074,24,,,1
2501,'3',631,,48108,24,,,1,25,,48075,24,,,1,66,,48107,24,,,1,25,,48076,24,,,1,66,,48106,24,,,1,26,,48077,24,,,1,67,,48078,24,,,1,27,,48079,24,,,1,25,,48080,24,,,1,72,,48081,24,,,1,25,,48082,24,,,1,70,,48083,24,,,1,24,,48084,24,,,1,69,,48085,24,,,1,30,,48086,24,,,1,65,,48087,24,,,1,30,,48088,24,,,1,65,,48089,24,,,1,29,,48090,24,,,1,70,,48091,24,,,1,30,,48092,24,,,1,70,,48093,24,,,1,30,,48094,24,,,1,70,,48095,24,,,1,30,,48096,24,,,1,70,,48097,24,,,1,30,,48098,24,,,1,70,,48099,24,,,1,24,,48105,24,,,1,71,,48100,24,,,1,27,,48109,24,,,1,29,,48101,24,,,1,63,,48110,24,,,1,27,,48102,24,,,1,65,,48111,24,,,1,25,,48103,24,,,1,65,,48112,24,,,1,22,,48104,24,,,1
2501,'30',926,,48120,24,,,1,30,,48129,24,,,1,70,,48130,24,,,1,30,,48131,24,,,1,70,,48132,24,,,1,30,,48133,24,,,1,70,,48134,24,,,1,30,,48135,24,,,1,70,,48136,24,,,1,30,,48137,24,,,1,70,,48138,24,,,1,30,,48139,24,,,1,68,,48121,24,,,1,27,,48119,24,,,1,67,,48122,24,,,1,27,,48118,24,,,1,64,,48123,24,,,1,27,,48117,24,,,1,67,,48124,24,,,1,27,,48116,24,,,1,27,,48125,24,,,1,65,,48128,24,,,1,30,,48126,24,,,1,70,,48140,24,,,1,30,,48115,24,,,1,72,,48141,24,,,1,31,,48114,24,,,1,68,,48142,24,,,1,15,,48113,24,,,1,82,,48127,24,,,1
2501,'4',926,,48150,24,,,1,30,,48159,24,,,1,70,,48160,24,,,1,30,,48161,24,,,1,70,,48162,24,,,1,30,,48163,24,,,1,70,,48164,24,,,1,30,,48165,24,,,1,70,,48166,24,,,1,30,,48167,24,,,1,70,,48168,24,,,1,30,,48169,24,,,1,68,,48151,24,,,1,27,,48149,24,,,1,67,,48152,24,,,1,27,,48148,24,,,1,64,,48153,24,,,1,27,,48147,24,,,1,67,,48154,24,,,1,27,,48146,24,,,1,27,,48155,24,,,1,65,,48158,24,,,1,30,,48156,24,,,1,70,,48170,24,,,1,30,,48145,24,,,1,72,,48171,24,,,1,31,,48144,24,,,1,68,,48172,24,,,1,15,,48143,24,,,1,82,,48157,24,,,1
2701,'11802',820,,48307,33,,,1,839,,48308,33,,,1
2701,'2',617,,48380,32,,,1,92,,48309,33,,,1,25,,48310,32,,,1,13,,48311,33,,,1,53,,48312,32,,,1,13,,48313,32,,,1,13,,48314,33,,,1,13,,48315,33,,,1,8,,48316,33,,,1,53,,48317,33,,,1,15,,48318,33,,,1,12,,48319,33,,,1,14,,48320,33,,,1,13,,48321,33,,,1,53,,48322,33,,,1,13,,48323,33,,,1,13,,48324,33,,,1,13,,48325,33,,,1,13,,48326,33,,,1,53,,48327,33,,,1,13,,48328,33,,,1,13,,48329,33,,,1,13,,48330,33,,,1,53,,48331,33,,,1,12,,48332,33,,,1,13,,48333,33,,,1,12,,48334,33,,,1,12,,48335,33,,,1,52,,48336,33,,,1,12,,48337,33,,,1,12,,48338,33,,,1,12,,48339,33,,,1,12,,48340,33,,,1,52,,48341,33,,,1,12,,48342,33,,,1,12,,48343,33,,,1,14,,48344,33,,,1,13,,48345,33,,,1,53,,48346,33,,,1,13,,48347,33,,,1,13,,48348,33,,,1,13,,48349,33,,,1,9,,48350,32,,,1,52,,48351,33,,,1,12,,48352,33,,,1,11,,48353,33,,,1,11,,48354,33,,,1,11,,48355,32,,,1,51,,48356,33,,,1,11,,48357,33,,,1,11,,48358,33,,,1,11,,48359,33,,,1,11,,48360,33,,,1,51,,48361,33,,,1,11,,48362,33,,,1,7,,48363,33,,,1,13,,48364,33,,,1,9,,48365,33,,,1,13,,48366,33,,,1,51,,48367,33,,,1,11,,48368,33,,,1,17,,48369,33,,,1,17,,48370,33,,,1,57,,48371,33,,,1,17,,48372,33,,,1,17,,48373,33,,,1,17,,48374,33,,,1,54,,48375,33,,,1,20,,48376,33,,,1,27,,48377,33,,,1,67,,48378,33,,,1,27,,48379,33,,,1
2701,'3',916,,48381,32,,,1,43,,48391,33,,,1,73,,48382,33,,,1,104,,48392,33,,,1,73,,48383,33,,,1,32,,48400,33,,,1,72,,48393,33,,,1,32,,48384,33,,,1,72,,48401,33,,,1,31,,48394,33,,,1,74,,48385,33,,,1,32,,48402,33,,,1,70,,48395,33,,,1,34,,48386,33,,,1,72,,48403,33,,,1,70,,48396,33,,,1,35,,48387,33,,,1,85,,48397,33,,,1,85,,48388,33,,,1,45,,48398,33,,,1,80,,48389,33,,,1,80,,48399,33,,,1,40,,48390,33,,,1,80,,48404,33,,,1
2701,'30',901,,48405,32,,,1,45,,48406,33,,,1,85,,48412,33,,,1,85,,48407,33,,,1,85,,48413,33,,,1,46,,48408,33,,,1,88,,48414,33,,,1,72,,48415,33,,,1,32,,48409,33,,,1,72,,48417,33,,,1,32,,48416,33,,,1,72,,48410,33,,,1,32,,48418,33,,,1,72,,48420,33,,,1,28,,48411,33,,,1,77,,48419,33,,,1,85,,48421,33,,,1,45,,48422,33,,,1
2701,'4',901,,48423,32,,,1,45,,48424,33,,,1,85,,48430,33,,,1,85,,48425,33,,,1,85,,48431,33,,,1,46,,48426,33,,,1,88,,48432,33,,,1,72,,48433,33,,,1,32,,48427,33,,,1,72,,48435,33,,,1,32,,48434,33,,,1,72,,48428,33,,,1,32,,48436,33,,,1,72,,48438,33,,,1,28,,48429,33,,,1,77,,48437,33,,,1,85,,48439,33,,,1,45,,48440,33,,,1
