201,'11802',714,11,42903,17,0,13 24 25,1,102,10,42904,17,0,13 24 25,1,710,,42907,17,4,,1
201,'2',623,11,42944,17,0,13 24 25,1,30,11,42945,17,0,13 24 25,1,70,11,42946,17,0,13 24 25,1,30,11,42947,17,0,13 24 25,1,70,11,42948,17,0,13 24 25,1,27,10,42949,17,0,13 24 25,1,70,10,42950,17,0,13 24 25,1,30,10,42951,17,0,13 24 25,1,70,10,42952,17,0,13 24 25,1,30,10,42953,17,0,13 24 25,1,70,10,42954,17,0,13 24 25,1,30,9,42955,17,0,13 24 25,1,70,9,42956,17,0,13 24 25,1,30,9,42957,17,0,13 24 25,1,70,9,42958,17,0,13 24 25,1,27,7,42959,17,0,13 24 25,1,70,7,42960,17,0,13 24 25,1,30,7,42961,17,0,13 24 25,1,70,7,42962,17,0,13 24 25,1,29,8,42963,17,0,13 24 25,1,70,8,42964,17,0,13 24 25,1,38,8,42965,17,0,13 24 25,1,70,8,42966,17,0,13 24 25,1,27,6,42967,17,0,13 24 25,1,72,6,42968,17,0,13 24 25,1,25,6,42969,17,0,13 24 25,1,70,6,42970,17,0,13 24 25,1,27,6,42971,17,0,13 24 25,1,72,10,42972,17,0,13 24 25,1,30,10,42973,17,0,13 24 25,1,63,10,42974,17,0,13 24 25,1,42,10,42975,17,0,13 24 25,1,74,10,42976,17,0,13 24 25,1,76,50,42977,17,0,13 24 25,1,41,5,42978,17,0,13 24 25,1,59,,42981,17,4,,1,41,5,42979,17,0,13 24 25,1,74,,42982,17,4,,1
201,'3',611,53,42983,17,0,13 24 25,1,100,10,42985,17,0,13 24 25,1,42,6,42987,17,0,13 24 25,1,65,16,42989,17,0,13 24 25,1,25,9,42991,17,0,13 24 25,1,70,9,42993,17,0,13 24 25,1,29,8,42995,17,0,13 24 25,1,67,5,42997,17,0,13 24 25,1,30,7,42998,17,0,13 24 25,1,70,7,42999,17,0,13 24 25,1,31,8,43000,17,0,13 24 25,1,64,47,43001,17,0,13 24 25,1,25,5,43002,17,0,13 24 25,1,30,4,43003,17,0,13 24 25,1,70,4,43004,17,0,13 24 25,1,30,9,43005,17,0,13 24 25,1,60,5,43006,17,0,13 24 25,1,30,6,43007,17,0,13 24 25,1,70,6,43008,17,0,13 24 25,1,30,6,43009,17,0,13 24 25,1,70,11,43010,17,0,13 24 25,1,25,11,43011,17,0,13 24 25,1,65,6,43012,17,0,13 24 25,1,30,6,43013,17,0,13 24 25,1,70,7,43014,17,0,13 24 25,1,30,9,43015,17,0,13 24 25,1,70,9,43016,17,0,13 24 25,1,30,9,43017,17,0,13 24 25,1,70,9,43040,17,0,13 24 25,1,30,9,43042,17,0,13 24 25,1,20,,43053,17,4,,1,75,7,43043,17,0,13 24 25,1,97,5,43044,17,0,13 24 25,1,101,8,43045,17,0,13 24 25,1,108,17,43046,17,0,13 24 25,1,88,,43052,17,4,,1
201,'30',639,11,43058,17,0,13 24 25,1,99,,43062,17,0,13 24 25,1,106,,43063,17,0,13 24 25,1,95,,43068,17,0,13 24 25,1,90,,43069,17,0,13 24 25,1,79,,43094,1,,,1,10,,43070,17,0,13 24 25,1,39,,43071,17,0,13 24 25,1,70,,43072,17,0,13 24 25,1,30,,43073,17,0,13 24 25,1,70,,43074,17,0,13 24 25,1,30,6,43075,17,0,13 24 25,1,70,6,43076,17,0,13 24 25,1,30,6,43077,17,0,13 24 25,1,70,6,43078,17,0,13 24 25,1,30,6,43079,17,0,13 24 25,1,70,6,43080,17,0,13 24 25,1,30,6,43081,17,0,13 24 25,1,70,6,43082,17,0,13 24 25,1,21,,43107,17,4,,1,72,,43101,17,0,13 24 25,1,80,46,43102,17,0,13 24 25,1,50,6,43103,17,0,13 24 25,1,90,6,43104,17,0,13 24 25,1,90,6,43105,17,0,13 24 25,1,90,6,43106,17,0,13 24 25,1,80,,43055,17,4,,1
201,'4',639,11,43112,17,0,13 24 25,1,99,,43116,17,0,13 24 25,1,106,,43117,17,0,13 24 25,1,95,,43122,17,0,13 24 25,1,90,,43123,17,0,13 24 25,1,79,,43148,1,,,1,10,,43124,17,0,13 24 25,1,39,,43125,17,0,13 24 25,1,70,,43126,17,0,13 24 25,1,30,,43127,17,0,13 24 25,1,70,,43128,17,0,13 24 25,1,30,6,43129,17,0,13 24 25,1,70,6,43130,17,0,13 24 25,1,30,6,43131,17,0,13 24 25,1,70,6,43132,17,0,13 24 25,1,30,6,43133,17,0,13 24 25,1,70,6,43134,17,0,13 24 25,1,30,6,43135,17,0,13 24 25,1,70,6,43136,17,0,13 24 25,1,21,,43161,17,4,,1,72,,43155,17,0,13 24 25,1,80,46,43156,17,0,13 24 25,1,50,6,43157,17,0,13 24 25,1,90,6,43158,17,0,13 24 25,1,90,6,43159,17,0,13 24 25,1,90,6,43160,17,0,13 24 25,1,80,,43109,17,4,,1
700,'2',556,,44220,10,,,1,67,,44221,10,,,1,25,,44222,54,,,1,61,,44223,54,,,1,34,,44224,54,,,1,60,,44225,54,,,1,20,,44226,54,,,1,20,,44227,54,,,1,60,,44228,54,,,1,18,,44229,54,,,1,25,,44230,54,,,1,70,,44231,54,,,1,30,,44232,54,,,1,65,,44233,54,,,1,30,,44234,54,,,1,70,,44235,54,,,1,31,,44236,54,,,1,70,,44237,54,,,1,30,,44238,54,,,1,61,,44239,10,,,1,10,,44240,54,,,1,25,,44241,54,,,1,20,,44242,54,,,1,60,,44243,54,,,1,20,,44244,54,,,1,20,,44245,54,,,1,60,,44246,54,,,1,21,,44247,54,,,1,20,,44248,54,,,1,60,,44249,54,,,1,25,,44250,54,,,1,10,,44251,54,,,1,63,,44252,54,,,1,22,,44253,54,,,1,65,,44254,54,,,1,25,,44255,54,,,1,25,,44256,54,,,1,65,,44257,54,,,1,25,,44258,54,,,1,65,,44259,54,,,1,35,,44260,54,,,1,70,,44261,54,,,1,30,,44262,54,,,1,70,,44263,54,,,1,30,,44264,54,,,1,67,,44265,54,,,1
700,'3',644,,44301,54,,,1,69,,44302,54,,,1,30,,44300,54,,,1,82,,44266,54,,,1,30,,44299,54,,,1,70,,44267,54,,,1,25,,44268,54,,,1,65,,44269,54,,,1,30,,44270,54,,,1,70,,44271,54,,,1,25,,44272,54,,,1,65,,44273,54,,,1,32,,44274,54,,,1,70,,44275,54,,,1,30,,44276,54,,,1,65,,44277,54,,,1,30,,44278,54,,,1,70,,44279,54,,,1,30,,44280,54,,,1,70,,44281,54,,,1,30,,44282,54,,,1,70,,44283,54,,,1,30,,44284,54,,,1,70,,44285,54,,,1,24,,44286,54,,,1,30,,44287,54,,,1,70,,44288,54,,,1,30,,44289,54,,,1,65,,44290,54,,,1,30,,44291,54,,,1,68,,44292,54,,,1,30,,44293,54,,,1,68,,44294,54,,,1,32,,44295,54,,,1,70,,44296,54,,,1,30,,44297,54,,,1,70,,44298,54,,,1
700,'30',856,,44303,10,,,1,64,,44304,54,,,1,21,,44305,27,,,1,64,,44306,54,,,1,30,,44307,54,,,1,70,,44308,54,,,1,25,,44309,54,,,1,25,,44310,54,,,1,70,,44311,54,,,1,30,,44312,54,,,1,70,,44313,54,,,1,25,,44314,54,,,1,70,,44315,54,,,1,30,,44316,54,,,1,70,,44317,54,,,1,25,,44318,54,,,1,70,,44319,54,,,1,30,,44320,54,,,1,62,,44321,54,,,1,27,,44322,54,,,1,70,,44323,54,,,1,30,,44324,54,,,1,70,,44325,54,,,1,30,,44326,54,,,1,70,,44327,54,,,1,30,,44328,54,,,1,70,,44329,54,,,1,30,,44330,54,,,1,70,,44331,54,,,1,29,,44333,54,,,1,85,,44332,54,,,1
700,'4',856,,44334,10,,,1,64,,44335,54,,,1,21,,44336,27,,,1,64,,44337,54,,,1,30,,44338,54,,,1,70,,44339,54,,,1,25,,44340,54,,,1,25,,44341,54,,,1,70,,44342,54,,,1,30,,44343,54,,,1,70,,44344,54,,,1,25,,44345,54,,,1,70,,44346,54,,,1,30,,44347,54,,,1,70,,44348,54,,,1,25,,44349,54,,,1,70,,44350,54,,,1,30,,44351,54,,,1,62,,44352,54,,,1,27,,44353,54,,,1,70,,44354,54,,,1,30,,44355,54,,,1,70,,44356,54,,,1,30,,44357,54,,,1,70,,44358,54,,,1,30,,44359,54,,,1,70,,44360,54,,,1,30,,44361,54,,,1,70,,44362,54,,,1,29,,44364,54,,,1,85,,44363,54,,,1
1700,'11802',728,,46724,46,4,,1,81,,46726,16,4,,1,21,,46727,16,4,,1,123,,46728,46,4,,1,480,,46725,17,4,,1
1700,'2',650,,46739,66,4,,1,61,,46740,74,4,,1,20,,46780,66,4,,1,20,,46741,74,4,,1,61,,46781,66,4,,1,19,,46742,74,4,,1,20,,46743,66,4,,1,58,,46744,74,4,,1,20,,46745,66,4,,1,20,,46746,74,4,,1,60,,46747,66,4,,1,20,,46748,74,4,,1,20,,46749,66,4,,1,60,,46750,74,4,,1,20,,46751,66,4,,1,20,,46752,74,4,,1,61,,46753,66,4,,1,20,,46754,74,4,,1,20,,46755,66,4,,1,61,,46756,74,4,,1,21,,46757,66,4,,1,25,,46758,74,4,,1,63,,46759,66,4,,1,21,,46760,74,4,,1,60,,46761,66,4,,1,20,,46762,74,4,,1,20,,46763,66,4,,1,60,,46764,74,4,,1,17,,46765,66,4,,1,15,,46766,74,4,,1,21,,46767,66,4,,1,63,,46768,74,4,,1,20,,46769,66,4,,1,20,,46770,74,4,,1,59,,46771,66,4,,1,12,,46772,74,4,,1,23,,46773,66,4,,1,63,,46782,66,4,,1,21,,46775,74,4,,1,14,,46729,66,4,,1,59,,46738,66,4,,1,19,,46737,66,4,,1,19,,46736,66,4,,1,59,,46735,66,4,,1,18,,46734,66,4,,1,17,,46733,66,4,,1,61,,46731,66,4,,1,30,,46732,66,4,,1,25,,46730,66,4,,1,60,,46776,66,4,,1,25,,46777,66,4,,1,65,,46778,66,4,,1,25,,46779,66,4,,1,22,,46783,66,4,,1,65,,46784,66,4,,1
1700,'3',642,,46819,66,4,,1,80,,46817,66,4,,1,36,,46818,66,4,,1,80,,46816,66,4,,1,75,,46815,66,4,,1,30,,46814,66,4,,1,82,,46813,66,4,,1,31,,46812,66,4,,1,72,,46811,66,4,,1,30,,46820,66,4,,1,71,,46810,66,4,,1,71,,46809,66,4,,1,30,,46808,66,4,,1,70,,46807,66,4,,1,30,,46806,66,4,,1,70,,46805,66,4,,1,30,,46804,66,4,,1,70,,46803,66,4,,1,30,,46802,66,4,,1,70,,46801,66,4,,1,30,,46800,66,4,,1,70,,46799,66,4,,1,27,,46798,66,4,,1,30,,46797,66,4,,1,68,,46796,66,4,,1,30,,46795,66,4,,1,60,,46794,66,4,,1,30,,46793,66,4,,1,69,,46792,66,4,,1,30,,46791,66,4,,1,14,,46790,66,4,,1,69,,46789,66,4,,1,30,,46788,66,4,,1,70,,46787,66,4,,1,15,,46821,66,4,,1,70,,46786,66,4,,1,21,,46822,66,4,,1,19,,46823,66,4,,1,60,,46824,66,4,,1
1700,'30',711,,46855,66,4,,1,35,,46856,66,4,,1,75,,46857,66,4,,1,35,,46858,66,4,,1,75,,46828,66,4,,1,70,,46829,66,4,,1,30,,46830,66,4,,1,70,,46831,66,4,,1,25,,46832,66,4,,1,25,,46833,66,4,,1,62,,46834,66,4,,1,32,,46835,66,4,,1,70,,46836,66,4,,1,25,,46837,66,4,,1,65,,46838,66,4,,1,30,,46839,66,4,,1,70,,46840,66,4,,1,28,,46841,66,4,,1,70,,46842,66,4,,1,30,,46843,66,4,,1,70,,46844,66,4,,1,30,,46845,66,4,,1,70,,46846,66,4,,1,19,,46847,66,4,,1,28,,46848,66,4,,1,70,,46849,66,4,,1,30,,46850,66,4,,1,80,,46851,66,4,,1,75,,46852,66,4,,1,35,,46853,66,4,,1,75,,46854,66,4,,1,31,,46827,66,4,,1,70,,46860,66,4,,1,35,,46859,66,4,,1
1700,'4',711,,46890,66,4,,1,35,,46891,66,4,,1,75,,46892,66,4,,1,35,,46893,66,4,,1,75,,46863,66,4,,1,70,,46864,66,4,,1,30,,46865,66,4,,1,70,,46866,66,4,,1,25,,46867,66,4,,1,25,,46868,66,4,,1,62,,46869,66,4,,1,32,,46870,66,4,,1,70,,46871,66,4,,1,25,,46872,66,4,,1,65,,46873,66,4,,1,30,,46874,66,4,,1,70,,46875,66,4,,1,28,,46876,66,4,,1,70,,46877,66,4,,1,30,,46878,66,4,,1,70,,46879,66,4,,1,30,,46880,66,4,,1,70,,46881,66,4,,1,19,,46882,66,4,,1,28,,46883,66,4,,1,70,,46884,66,4,,1,30,,46885,66,4,,1,80,,46886,66,4,,1,75,,46887,66,4,,1,35,,46888,66,4,,1,75,,46889,66,4,,1,31,,46862,66,4,,1,70,,46895,66,4,,1,35,,46894,66,4,,1
1701,'11802',1443,,46898,1,0,40 41,1
1701,'2',606,,46912,1,0,13 33,1,18,,46953,1,0,10 31,1,16,,46913,1,0,13 33,1,19,,46914,1,0,10 31,1,60,,46915,1,0,13 33,1,20,,46916,1,0,10 31,1,20,,46917,1,0,13 33,1,60,,46918,1,0,10 31,1,20,,46919,1,0,13 33,1,20,,46920,1,0,10 31,1,60,,46921,1,0,13 33,1,20,,46922,1,0,10 31,1,20,,46923,1,0,13 33,1,60,,46924,1,0,10 31,1,19,,46925,1,0,13 33,1,20,,46926,1,0,10 31,1,59,,46927,1,0,13 33,1,20,,46928,1,0,10 31,1,21,,46929,1,0,13 33,1,60,,46930,1,0,10 31,1,21,,46931,1,0,13 33,1,20,,46932,1,0,10 31,1,59,,46933,1,0,13 33,1,21,,46934,1,0,10 31,1,61,,46935,1,0,13 33,1,16,,46936,1,0,10 31,1,20,,46937,1,0,13 33,1,20,,46938,1,0,10 31,1,60,,46939,1,0,13 33,1,20,,46940,1,0,10 31,1,20,,46941,1,0,13 33,1,60,,46942,1,0,10 31,1,15,,46943,1,0,13 33,1,15,,46944,1,0,10 31,1,60,,46945,1,0,13 33,1,18,,46946,1,0,10 31,1,24,,46947,1,0,13 33,1,59,,46908,1,0,10 31,1,19,,46907,1,0,10 31,1,19,,46906,1,0,10 31,1,59,,46905,1,0,10 31,1,19,,46904,1,0,10 31,1,19,,46903,1,0,10 31,1,59,,46902,1,0,10 31,1,25,,46901,1,0,10 31,1,29,,46899,1,0,10 31,1,71,,46900,1,0,10 31,1,20,,46948,1,0,10 31,1,65,,46949,1,0,10 31,1,25,,46950,1,0,10 31,1,65,,46951,1,0,10 31,1,22,,46952,1,0,10 31,1,25,,46909,1,0,10 31,1,90,,46955,1,0,10 31,1
1701,'3',555,,46990,1,0,10 31,1,75,,46989,1,0,10 31,1,73,,46988,1,0,10 31,1,35,,46956,1,0,10 31,1,75,,46987,1,0,10 31,1,35,,46986,1,0,10 31,1,70,,46985,1,0,10 31,1,27,,46992,1,0,10 31,1,69,,46984,1,0,10 31,1,30,,46983,1,0,10 31,1,70,,46982,1,0,10 31,1,30,,46981,1,0,10 31,1,70,,46980,1,0,10 31,1,30,,46979,1,0,10 31,1,70,,46978,1,0,10 31,1,30,,46977,1,0,10 31,1,70,,46976,1,0,10 31,1,30,,46975,1,0,10 31,1,70,,46974,1,0,10 31,1,30,,46973,1,0,10 31,1,70,,46972,1,0,10 31,1,30,,46971,1,0,10 31,1,70,,46970,1,0,10 31,1,33,,46969,1,0,10 31,1,70,,46968,1,0,10 31,1,20,,46967,1,0,10 31,1,70,,46966,1,0,10 31,1,30,,46965,1,0,10 31,1,70,,46964,1,0,10 31,1,20,,46963,1,0,10 31,1,31,,46962,1,0,10 31,1,70,,46961,1,0,10 31,1,30,,46960,1,0,10 31,1,55,,46993,1,0,10 31,1,30,,46959,1,0,10 31,1,65,,46958,1,0,10 31,1,20,,46957,1,0,10 31,1,20,,46994,1,0,10 31,1,70,,46995,1,0,10 31,1
1701,'30',611,,47026,1,0,10 31,1,35,,47027,1,0,10 31,1,75,,47028,1,0,10 31,1,35,,47029,1,0,10 31,1,72,,46998,1,0,10 31,1,30,,46999,1,0,10 31,1,70,,47000,1,0,10 31,1,15,,47001,1,0,10 31,1,65,,47002,1,0,10 31,1,30,,47003,1,0,10 31,1,70,,47004,1,0,10 31,1,28,,47005,1,0,10 31,1,23,,47006,1,0,10 31,1,65,,47007,1,0,10 31,1,30,,47008,1,0,10 31,1,70,,47009,1,0,10 31,1,25,,47010,1,0,10 31,1,68,,47011,1,0,10 31,1,30,,47012,1,0,10 31,1,70,,47013,1,0,10 31,1,30,,47014,1,0,10 31,1,70,,47015,1,0,10 31,1,25,,47016,1,0,10 31,1,70,,47017,1,0,10 31,1,30,,47018,1,0,10 31,1,70,,47019,1,0,10 31,1,40,,47020,1,0,10 31,1,75,,47021,1,0,10 31,1,30,,47022,1,0,10 31,1,80,,47023,1,0,10 31,1,75,,47024,1,0,10 31,1,30,,47025,1,0,10 31,1,75,,46996,1,0,10 31,1,30,,46997,1,0,10 31,1
1701,'4',611,,47060,1,0,10 31,1,35,,47061,1,0,10 31,1,75,,47062,1,0,10 31,1,35,,47063,1,0,10 31,1,72,,47032,1,0,10 31,1,30,,47033,1,0,10 31,1,70,,47034,1,0,10 31,1,15,,47035,1,0,10 31,1,65,,47036,1,0,10 31,1,30,,47037,1,0,10 31,1,70,,47038,1,0,10 31,1,28,,47039,1,0,10 31,1,23,,47040,1,0,10 31,1,65,,47041,1,0,10 31,1,30,,47042,1,0,10 31,1,70,,47043,1,0,10 31,1,25,,47044,1,0,10 31,1,68,,47045,1,0,10 31,1,30,,47046,1,0,10 31,1,70,,47047,1,0,10 31,1,30,,47048,1,0,10 31,1,70,,47049,1,0,10 31,1,25,,47050,1,0,10 31,1,70,,47051,1,0,10 31,1,30,,47052,1,0,10 31,1,70,,47053,1,0,10 31,1,40,,47054,1,0,10 31,1,75,,47055,1,0,10 31,1,30,,47056,1,0,10 31,1,80,,47057,1,0,10 31,1,75,,47058,1,0,10 31,1,30,,47059,1,0,10 31,1,75,,47030,1,0,10 31,1,30,,47031,1,0,10 31,1
3700,'2',642,,49428,1,,,1,70,,49427,1,,,1,30,,49426,1,,,1,70,,49425,1,,,1,716,,49421,1,,,1,30,,49424,1,,,1,70,,49423,1,,,1,30,,49422,1,,,1
3701,'2',705,,49436,15,4,,1,30,,49435,15,4,,1,70,,49434,15,4,,1,746,,49432,15,4,,1,70,,49431,15,4,,1,30,,49430,15,4,,1,70,,49429,15,4,,1
9100,'2',745,,49685,13,4,,1,57,,49686,13,4,,1,17,,49687,13,4,,1,17,,49688,13,4,,1,17,,49689,13,4,,1,57,,49690,13,4,,1,15,,49691,13,4,,1,17,,49692,13,4,,1,17,,49693,13,4,,1,57,,49694,13,4,,1,17,,49695,13,4,,1,17,,49696,13,4,,1,57,,49697,13,4,,1,17,,49698,13,4,,1,17,,49699,13,4,,1,17,,49700,13,4,,1,57,,49701,13,4,,1,17,,49702,13,4,,1,17,,49703,13,4,,1,57,,49704,13,4,,1,17,,49705,13,4,,1,17,,49706,13,4,,1,17,,49707,13,4,,1,57,,49708,13,4,,1,18,,49709,13,4,,1,17,,49710,13,4,,1,57,,49711,13,4,,1,17,,49712,13,4,,1,17,,49713,13,4,,1,17,,49714,13,4,,1,57,,49715,13,4,,1,18,,49716,13,4,,1,17,,49717,13,4,,1,57,,49718,13,4,,1,17,,49719,13,4,,1,18,,49720,13,4,,1,17,,49721,13,4,,1,57,,49722,13,4,,1,14,,49723,13,4,,1,17,,49724,13,4,,1,57,,49725,13,4,,1,17,,49726,13,4,,1,17,,49727,13,4,,1,17,,49728,13,4,,1,58,,49729,13,4,,1
9100,'3',1146,,49730,13,4,,1,67,,49731,13,4,,1,26,,49732,13,4,,1,66,,49733,13,4,,1,26,,49734,13,4,,1,26,,49735,13,4,,1,66,,49736,13,4,,1,26,,49737,13,4,,1,66,,49738,13,4,,1,26,,49739,13,4,,1,66,,49740,13,4,,1,26,,49741,13,4,,1,26,,49742,13,4,,1,66,,49743,13,4,,1,26,,49744,13,4,,1,66,,49745,13,4,,1,26,,49746,13,4,,1,66,,49747,13,4,,1,26,,49748,13,4,,1,66,,49749,13,4,,1,26,,49750,13,4,,1,26,,49751,13,4,,1,66,,49752,13,4,,1,26,,49753,13,4,,1
9100,'4',1247,,49772,13,4,,1,67,,49754,13,4,,1,26,,49755,13,4,,1,66,,49756,13,4,,1,26,,49757,13,4,,1,26,,49758,13,4,,1,66,,49759,13,4,,1,26,,49760,13,4,,1,66,,49761,13,4,,1,26,,49762,13,4,,1,66,,49763,13,4,,1,27,,49764,13,4,,1,66,,49765,13,4,,1,26,,49766,13,4,,1,26,,49767,13,4,,1,66,,49768,13,4,,1,26,,49769,13,4,,1,66,,49770,13,4,,1,28,,49771,13,4,,1
9101,'11802',800,,49773,1,,,1
9101,'2',733,,49775,1,,,1,17,,49776,1,,,1,57,,49777,1,,,1,17,,49778,1,,,1,17,,49779,1,,,1,17,,49780,1,,,1,57,,49781,1,,,1,17,,49782,1,,,1,17,,49783,1,,,1,57,,49784,1,,,1,17,,49785,1,,,1,17,,49786,1,,,1,17,,49787,1,,,1,57,,49788,1,,,1,17,,49789,1,,,1,17,,49790,1,,,1,57,,49791,1,,,1,17,,49792,1,,,1,17,,49793,1,,,1,17,,49794,1,,,1,57,,49795,1,,,1,17,,49796,1,,,1,15,,49797,1,,,1,57,,49798,1,,,1,17,,49799,1,,,1,17,,49800,1,,,1,17,,49801,1,,,1,57,,49802,1,,,1,17,,49803,1,,,1,17,,49804,1,,,1,57,,49805,1,,,1,17,,49806,1,,,1,18,,49807,1,,,1,17,,49808,1,,,1,57,,49809,1,,,1,17,,49810,1,,,1,18,,49811,1,,,1,57,,49812,1,,,1,17,,49813,1,,,1,17,,49814,1,,,1,17,,49815,1,,,1,57,,49816,1,,,1,17,,49817,1,,,1,14,,49818,1,,,1
9101,'3',1039,,49819,1,,,1,64,,49820,1,,,1,26,,49821,1,,,1,26,,49822,1,,,1,66,,49823,1,,,1,26,,49824,1,,,1,66,,49825,1,,,1,26,,49826,1,,,1,66,,49827,1,,,1,26,,49828,1,,,1,26,,49829,1,,,1,66,,49830,1,,,1,26,,49831,1,,,1,66,,49832,1,,,1,26,,49833,1,,,1,66,,49834,1,,,1,26,,49835,1,,,1,26,,49836,1,,,1,66,,49837,1,,,1,26,,49838,1,,,1,66,,49839,1,,,1,26,,49840,1,,,1,66,,49841,1,,,1,30,,49842,1,,,1
9101,'4',1140,,49861,1,,,1,66,,49843,1,,,1,26,,49844,1,,,1,26,,49845,1,,,1,66,,49846,1,,,1,26,,49847,1,,,1,66,,49848,1,,,1,26,,49849,1,,,1,66,,49850,1,,,1,26,,49851,1,,,1,66,,49852,1,,,1,26,,49853,1,,,1,26,,49854,1,,,1,66,,49855,1,,,1,26,,49856,1,,,1,66,,49857,1,,,1,27,,49858,1,,,1,66,,49859,1,,,1,29,,49860,1,,,1
9400,'2',748,,50161,16,4,,1,66,,50162,16,4,,1,26,,50163,16,4,,1,66,,50164,16,4,,1,25,,50165,16,4,,1,26,,50166,16,4,,1,66,,50167,16,4,,1,319,,50168,16,4,,1,61,,50169,16,4,,1,22,,50170,16,4,,1,21,,50171,16,4,,1,61,,50172,16,4,,1,21,,50173,16,4,,1,21,,50174,16,4,,1,62,,50175,16,4,,1,24,,50176,16,4,,1,23,,50177,16,4,,1,64,,50178,16,4,,1,23,,50179,16,4,,1,61,,50180,16,4,,1,16,,50181,16,4,,1
9401,'11802',825,,50182,1,,,1
9401,'2',659,,50183,1,,,1,66,,50184,1,,,1,26,,50185,1,,,1,66,,50186,1,,,1,26,,50187,1,,,1,66,,50188,1,,,1,26,,50189,1,,,1,312,,50190,1,,,1,61,,50191,1,,,1,21,,50192,1,,,1,20,,50193,1,,,1,60,,50194,1,,,1,21,,50195,1,,,1,21,,50196,1,,,1,61,,50197,1,,,1,21,,50198,1,,,1,22,,50199,1,,,1,63,,50200,1,,,1,23,,50201,1,,,1,63,,50202,1,,,1,23,,50203,1,,,1
