401,'11802',718,,43532,37,0,13 40 41,1,82,,43531,37,0,13 40 41,1
401,'2',555,,43559,31,0,10 40 41,1,76,,43558,37,0,13 40 41,1,9,,43600,31,0,10 40 41,1,71,,43557,31,0,10 40 41,1,15,,43556,37,0,13 40 41,1,12,,43555,3,,,1,15,,43554,31,0,10 40 41,1,55,,43553,31,0,10 40 41,1,15,,43552,37,0,13 40 41,1,15,,43551,31,0,10 40 41,1,15,,43550,37,0,13 40 41,1,55,,43549,31,0,10 40 41,1,15,,43548,37,0,13 40 41,1,15,,43547,31,0,10 40 41,1,15,,43546,37,0,13 40 41,1,60,,43545,31,0,10 40 41,1,20,,43544,37,0,13 40 41,1,20,,43543,31,0,10 40 41,1,60,,43542,37,0,13 40 41,1,21,,43541,31,0,10 40 41,1,20,,43540,37,0,13 40 41,1,59,,43539,31,0,10 40 41,1,20,,43538,37,0,13 40 41,1,20,,43537,31,0,10 40 41,1,60,,43536,37,0,13 40 41,1,20,,43535,31,0,10 40 41,1,19,,43534,37,0,13 40 41,1,61,,43533,31,0,10 40 41,1,15,,43562,37,0,13 40 41,1,19,,43570,31,0,10 40 41,1,55,,43563,37,0,13 40 41,1,15,,43571,31,0,10 40 41,1,15,,43564,37,0,13 40 41,1,15,,43572,31,0,10 40 41,1,56,,43565,37,0,13 40 41,1,15,,43573,31,0,10 40 41,1,15,,43566,37,0,13 40 41,1,15,,43574,31,0,10 40 41,1,55,,43567,37,0,13 40 41,1,15,,43575,31,0,10 40 41,1,15,,43568,37,0,13 40 41,1,15,,43576,31,0,10 40 41,1,10,,43569,37,0,13 40 41,1,59,,43579,31,0,10 40 41,1,21,,43584,37,0,13 40 41,1,20,,43580,31,0,10 40 41,1,60,,43585,37,0,13 40 41,1,20,,43581,31,0,10 40 41,1,20,,43586,37,0,13 40 41,1,60,,43582,31,0,10 40 41,1,20,,43587,37,0,13 40 41,1,70,,43583,31,0,10 40 41,1,33,,43588,37,0,13 40 41,1,70,,43591,31,0,10 40 41,1,30,,43589,37,0,13 40 41,1,70,,43592,31,0,10 40 41,1,30,,43590,37,0,13 40 41,1,70,,43593,31,0,10 40 41,1,90,,43594,37,0,13 40 41,1
401,'3',630,,43601,31,0,10 40 41,1,70,,43602,37,0,13 40 41,1,20,,43609,31,0,10 40 41,1,30,,43603,37,0,13 40 41,1,71,,43610,31,0,10 40 41,1,30,,43604,37,0,13 40 41,1,70,,43611,31,0,10 40 41,1,30,,43605,37,0,13 40 41,1,70,,43612,31,0,10 40 41,1,30,,43606,37,0,13 40 41,1,70,,43613,31,0,10 40 41,1,30,,43607,37,0,13 40 41,1,70,,43614,31,0,10 40 41,1,30,,43608,37,0,13 40 41,1,66,,43615,31,0,10 40 41,1,27,,43621,37,0,13 40 41,1,65,,43616,31,0,10 40 41,1,25,,43622,37,0,13 40 41,1,25,,43617,31,0,10 40 41,1,65,,43623,37,0,13 40 41,1,25,,43618,31,0,10 40 41,1,65,,43624,37,0,13 40 41,1,25,,43619,31,0,10 40 41,1,65,,43625,37,0,13 40 41,1,25,,43620,31,0,10 40 41,1,25,,43633,37,0,13 40 41,1,65,,43629,31,0,10 40 41,1,25,,43634,37,0,13 40 41,1,65,,43630,31,0,10 40 41,1,25,,43635,37,0,13 40 41,1,25,,43631,31,0,10 40 41,1,65,,43636,37,0,13 40 41,1,25,,43632,31,0,10 40 41,1,65,,43637,37,0,13 40 41,1,17,,43638,31,0,10 40 41,1,70,,43642,37,0,13 40 41,1,30,,43639,31,0,10 40 41,1,70,,43643,37,0,13 40 41,1,30,,43640,31,0,10 40 41,1,70,,43644,37,0,13 40 41,1,28,,43641,31,0,10 40 41,1,72,,43627,37,0,13 40 41,1
401,'30',700,,43677,31,0,10 40 41,1,45,,43676,37,0,13 40 41,1,85,,43675,31,0,10 40 41,1,86,,43646,37,0,13 40 41,1,85,,43647,31,0,10 40 41,1,30,,43648,37,0,13 40 41,1,24,,43649,31,0,10 40 41,1,70,,43650,37,0,13 40 41,1,27,,43651,31,0,10 40 41,1,70,,43652,37,0,13 40 41,1,29,,43653,31,0,10 40 41,1,72,,43654,37,0,13 40 41,1,30,,43655,31,0,10 40 41,1,70,,43656,37,0,13 40 41,1,30,,43657,31,0,10 40 41,1,70,,43658,37,0,13 40 41,1,30,,43659,31,0,10 40 41,1,70,,43660,37,0,13 40 41,1,30,,43661,31,0,10 40 41,1,70,,43662,37,0,13 40 41,1,30,,43663,31,0,10 40 41,1,70,,43664,37,0,13 40 41,1,30,,43665,31,0,10 40 41,1,70,,43666,37,0,13 40 41,1,28,,43667,31,0,10 40 41,1,72,,43668,37,0,13 40 41,1,30,,43669,31,0,10 40 41,1,72,,43670,37,0,13 40 41,1,28,,43671,31,0,10 40 41,1,70,,43672,37,0,13 40 41,1,78,,43645,31,0,10 40 41,1
401,'4',700,,43710,31,0,10 40 41,1,45,,43709,37,0,13 40 41,1,85,,43708,31,0,10 40 41,1,86,,43679,37,0,13 40 41,1,85,,43680,31,0,10 40 41,1,30,,43681,37,0,13 40 41,1,24,,43682,31,0,10 40 41,1,70,,43683,37,0,13 40 41,1,27,,43684,31,0,10 40 41,1,70,,43685,37,0,13 40 41,1,29,,43686,31,0,10 40 41,1,72,,43687,37,0,13 40 41,1,30,,43688,31,0,10 40 41,1,70,,43689,37,0,13 40 41,1,30,,43690,31,0,10 40 41,1,70,,43691,37,0,13 40 41,1,30,,43692,31,0,10 40 41,1,70,,43693,37,0,13 40 41,1,30,,43694,31,0,10 40 41,1,70,,43695,37,0,13 40 41,1,30,,43696,31,0,10 40 41,1,70,,43697,37,0,13 40 41,1,30,,43698,31,0,10 40 41,1,70,,43699,37,0,13 40 41,1,28,,43700,31,0,10 40 41,1,72,,43701,37,0,13 40 41,1,30,,43702,31,0,10 40 41,1,72,,43703,37,0,13 40 41,1,28,,43704,31,0,10 40 41,1,70,,43705,37,0,13 40 41,1,78,,43678,31,0,10 40 41,1
600,'2',603,,43919,19,,,1,28,,43918,19,,,1,80,,43920,19,,,1,25,,43921,19,,,1,20,,43922,19,,,1,65,,43923,19,,,1,25,,43924,19,,,1,65,,43925,19,,,1,30,,43926,19,,,1,70,,43927,19,,,1,25,,43928,19,,,1,70,,43929,19,,,1,30,,43930,19,,,1,70,,43931,19,,,1,25,,43932,19,,,1,70,,43933,19,,,1,30,,43934,19,,,1,70,,43935,19,,,1,30,,43936,19,,,1,25,,43937,19,,,1,70,,43938,19,,,1,25,,43939,19,,,1,70,,43940,19,,,1,30,,43941,19,,,1,70,,43942,19,,,1,30,,43943,19,,,1,65,,43944,19,,,1,25,,43945,19,,,1,65,,43946,19,,,1,25,,43947,19,,,1,25,,43948,19,,,1,65,,43949,19,,,1,24,,43950,19,,,1,65,,43951,19,,,1,25,,43952,19,,,1,65,,43953,19,,,1,25,,43954,19,,,1,25,,43955,19,,,1,65,,43956,19,,,1,25,,43957,19,,,1,67,,43958,19,,,1,25,,43959,19,,,1,69,,43960,19,,,1
600,'3',558,,43961,2,,,1,73,,43962,19,,,1,27,,43963,19,,,1,75,,43964,19,,,1,75,,43965,19,,,1,35,,43966,19,,,1,75,,43967,19,,,1,26,,43969,2,,,1,9,,43968,19,,,1,71,,43970,19,,,1,28,,43971,19,,,1,65,,43972,19,,,1,25,,43973,19,,,1,64,,43974,19,,,1,18,,43975,19,,,1,20,,43976,19,,,1,58,,43977,19,,,1,20,,43978,19,,,1,19,,43979,19,,,1,60,,43980,19,,,1,20,,43981,19,,,1,20,,43982,19,,,1,60,,43983,19,,,1,20,,43984,19,,,1,20,,43985,19,,,1,60,,43986,19,,,1,20,,43987,19,,,1,20,,43988,19,,,1,60,,43989,19,,,1,20,,43990,19,,,1,20,,43991,19,,,1,60,,43992,19,,,1,20,,43993,19,,,1,15,,43994,19,,,1,65,,43995,19,,,1,25,,43996,19,,,1,25,,43997,19,,,1,65,,43998,19,,,1,25,,43999,19,,,1,65,,44000,19,,,1,26,,44001,19,,,1,79,,44002,19,,,1,33,,44003,19,,,1,76,,44004,19,,,1,36,,44005,19,,,1,76,,44006,19,,,1,69,,44007,19,,,1
600,'30',848,,44008,2,,,1,68,,44009,2,,,1,37,,44010,19,,,1,75,,44011,19,,,1,75,,44012,19,,,1,35,,44013,19,,,1,70,,44014,2,,,1,16,,44015,19,,,1,34,,44016,19,,,1,65,,44017,19,,,1,25,,44018,19,,,1,65,,44019,19,,,1,25,,44020,19,,,1,65,,44021,19,,,1,25,,44022,19,,,1,25,,44023,19,,,1,65,,44024,19,,,1,25,,44025,19,,,1,65,,44026,19,,,1,26,,44027,19,,,1,23,,44028,19,,,1,65,,44029,19,,,1,37,,44030,19,,,1,75,,44031,19,,,1,75,,44032,19,,,1,35,,44033,19,,,1,75,,44034,19,,,1,35,,44035,19,,,1,73,,44036,19,,,1,74,,44037,19,,,1
600,'4',848,,44038,2,,,1,68,,44039,2,,,1,37,,44040,19,,,1,75,,44041,19,,,1,75,,44042,19,,,1,35,,44043,19,,,1,70,,44067,2,,,1,16,,44044,19,,,1,34,,44045,19,,,1,65,,44046,19,,,1,25,,44047,19,,,1,65,,44048,19,,,1,25,,44049,19,,,1,65,,44050,19,,,1,25,,44051,19,,,1,25,,44052,19,,,1,65,,44053,19,,,1,25,,44054,19,,,1,65,,44055,19,,,1,26,,44056,19,,,1,23,,44057,19,,,1,65,,44058,19,,,1,37,,44059,19,,,1,75,,44060,19,,,1,75,,44061,19,,,1,35,,44062,19,,,1,75,,44063,19,,,1,35,,44064,19,,,1,73,,44065,19,,,1,74,,44066,19,,,1
1301,'11802',757,,45714,22,,,1,853,,45715,22,,,1,96,,45716,22,,,1
1301,'2',631,,45717,48,0,10 14 20,1,7,,45718,22,,,1,15,,45719,48,0,10 14 20,1,56,,45720,22,,,1,10,,45721,48,0,10 14 20,1,15,,45722,22,,,1,15,,45723,48,0,10 14 20,1,55,,45724,22,,,1,15,,45725,48,0,10 14 20,1,15,,45726,22,,,1,15,,45727,48,0,10 14 20,1,55,,45728,22,,,1,10,,45729,48,0,10 14 20,1,15,,45730,26,,,1,15,,45731,48,0,10 14 20,1,15,,45732,26,,,1,55,,45733,48,0,10 14 20,1,15,,45734,26,,,1,15,,45735,48,0,10 14 20,1,15,,45736,26,,,1,50,,45737,48,0,10 14 20,1,15,,45738,26,,,1,15,,45739,48,0,10 14 20,1,15,,45740,26,,,1,55,,45741,48,0,10 14 20,1,15,,45742,26,,,1,15,,45743,48,0,10 14 20,1,15,,45744,26,,,1,55,,45745,48,0,10 14 20,1,15,,45746,26,,,1,15,,45747,48,0,10 14 20,1,15,,45748,26,,,1,55,,45749,48,0,10 14 20,1,15,,45750,22,,,1,15,,45751,48,0,10 14 20,1,15,,45752,22,,,1,55,,45753,48,0,10 14 20,1,15,,45754,22,,,1,21,,45755,48,0,10 14 20,1,55,,45756,22,,,1,16,,45757,48,0,10 14 20,1,15,,45758,22,,,1,15,,45759,48,0,10 14 20,1,55,,45760,22,,,1,13,,45761,48,0,10 14 20,1,13,,45762,22,,,1,15,,45763,48,0,10 14 20,1,15,,45764,22,,,1,54,,45765,48,0,10 14 20,1,20,,45767,22,,,1,20,,45771,22,,,1,60,,45768,48,0,10 14 20,1,15,,45772,22,,,1,15,,45769,48,0,10 14 20,1,60,,45773,22,,,1,20,,45770,48,0,10 14 20,1,20,,45774,22,,,1,60,,45775,48,0,10 14 20,1,25,,45778,22,,,1,30,,45776,48,0,10 14 20,1,70,,45779,22,,,1,25,,45777,48,0,10 14 20,1,65,,45780,22,,,1,18,,45781,48,0,10 14 20,1,74,,45783,22,,,1,30,,45782,48,0,10 14 20,1,63,,45784,22,,,1
1301,'3',630,,45785,48,0,10 14 20,1,75,,45786,22,,,1,35,,45787,48,0,10 14 20,1,61,,45788,22,,,1,16,,45792,48,0,10 14 20,1,16,,45789,22,,,1,16,,45793,48,0,10 14 20,1,56,,45790,22,,,1,16,,45794,22,,,1,16,,45791,48,0,10 14 20,1,16,,45795,22,,,1,55,,45796,48,0,10 14 20,1,15,,45797,22,,,1,10,,45813,48,0,10 14 20,1,15,,45798,22,,,1,55,,45814,48,0,10 14 20,1,15,,45799,22,,,1,15,,45815,48,0,10 14 20,1,15,,45800,22,,,1,55,,45816,48,0,10 14 20,1,15,,45801,22,,,1,15,,45817,48,0,10 14 20,1,15,,45802,22,,,1,55,,45818,48,0,10 14 20,1,15,,45803,22,,,1,10,,45819,48,0,10 14 20,1,15,,45804,22,,,1,15,,45820,48,0,10 14 20,1,55,,45805,22,,,1,15,,45821,48,0,10 14 20,1,15,,45806,22,,,1,15,,45822,48,0,10 14 20,1,55,,45807,22,,,1,15,,45823,48,0,10 14 20,1,15,,45808,22,,,1,10,,45824,48,0,10 14 20,1,55,,45809,22,,,1,15,,45825,48,0,10 14 20,1,15,,45810,22,,,1,15,,45826,48,0,10 14 20,1,55,,45811,22,,,1,15,,45827,48,0,10 14 20,1,15,,45812,22,,,1,15,,45828,48,0,10 14 20,1,55,,45833,22,,,1,15,,45829,48,0,10 14 20,1,15,,45834,22,,,1,20,,45830,48,0,10 14 20,1,60,,45835,22,,,1,20,,45831,48,0,10 14 20,1,20,,45836,22,,,1,60,,45832,48,0,10 14 20,1,20,,45837,22,,,1,20,,45838,48,0,10 14 20,1,65,,45842,22,,,1,30,,45839,48,0,10 14 20,1,70,,45843,22,,,1,20,,45840,48,0,10 14 20,1,65,,45844,22,,,1,30,,45841,48,0,10 14 20,1,70,,45845,22,,,1,42,,45847,48,0,10 14 20,1,51,,45846,22,,,1
1301,'30',701,,45869,48,0,10 14 20,1,35,,45871,22,,,1,75,,45870,48,0,10 14 20,1,35,,45872,22,,,1,69,,45873,4,,,1,6,,45868,48,0,10 14 20,1,30,,45867,22,,,1,71,,45856,48,0,10 14 20,1,30,,45866,22,,,1,65,,45855,48,0,10 14 20,1,30,,45865,22,,,1,70,,45854,48,0,10 14 20,1,30,,45864,22,,,1,70,,45853,48,0,10 14 20,1,30,,45863,22,,,1,70,,45852,48,0,10 14 20,1,30,,45862,22,,,1,70,,45851,48,0,10 14 20,1,30,,45861,22,,,1,65,,45850,48,0,10 14 20,1,30,,45860,22,,,1,70,,45849,48,0,10 14 20,1,30,,45859,22,,,1,70,,45848,48,0,10 14 20,1,30,,45858,22,,,1,65,,45874,48,0,10 14 20,1,30,,45878,22,,,1,65,,45875,48,0,10 14 20,1,25,,45879,22,,,1,15,,45876,48,0,10 14 20,1,70,,45880,22,,,1,30,,45877,48,0,10 14 20,1,71,,45881,22,,,1,37,,45882,48,0,10 14 20,1,51,,45857,22,,,1
1301,'4',701,,45904,48,0,10 14 20,1,35,,45906,22,,,1,75,,45905,48,0,10 14 20,1,35,,45907,22,,,1,69,,45908,4,,,1,6,,45903,48,0,10 14 20,1,30,,45902,22,,,1,71,,45891,48,0,10 14 20,1,30,,45901,22,,,1,65,,45890,48,0,10 14 20,1,30,,45900,22,,,1,70,,45889,48,0,10 14 20,1,30,,45899,22,,,1,70,,45888,48,0,10 14 20,1,30,,45898,22,,,1,70,,45887,48,0,10 14 20,1,30,,45897,22,,,1,70,,45886,48,0,10 14 20,1,30,,45896,22,,,1,65,,45885,48,0,10 14 20,1,30,,45895,22,,,1,70,,45884,48,0,10 14 20,1,30,,45894,22,,,1,70,,45883,48,0,10 14 20,1,30,,45893,22,,,1,65,,45909,48,0,10 14 20,1,30,,45913,22,,,1,65,,45910,48,0,10 14 20,1,25,,45914,22,,,1,15,,45911,48,0,10 14 20,1,70,,45915,22,,,1,30,,45912,48,0,10 14 20,1,71,,45916,22,,,1,37,,45917,48,0,10 14 20,1,51,,45892,22,,,1
1501,'2',630,,46113,40,0,10 26 27,1,20,,46114,38,0,13 26 27,1,61,,46115,40,0,10 26 27,1,16,,46116,38,0,13 26 27,1,16,,46119,40,0,10 26 27,1,11,,46117,38,0,13 26 27,1,56,,46120,40,0,10 26 27,1,16,,46118,38,0,13 26 27,1,16,,46121,40,0,10 26 27,1,16,,46122,38,0,13 26 27,1,55,,46140,40,0,10 26 27,1,15,,46123,38,0,13 26 27,1,15,,46141,40,0,10 26 27,1,15,,46124,38,0,13 26 27,1,55,,46142,40,0,10 26 27,1,15,,46125,38,0,13 26 27,1,15,,46143,40,0,10 26 27,1,15,,46126,38,0,13 26 27,1,55,,46144,40,0,10 26 27,1,15,,46127,38,0,13 26 27,1,15,,46145,40,0,10 26 27,1,15,,46128,38,0,13 26 27,1,55,,46146,40,0,10 26 27,1,15,,46129,38,0,13 26 27,1,15,,46147,40,0,10 26 27,1,15,,46130,38,0,13 26 27,1,55,,46148,40,0,10 26 27,1,15,,46131,38,0,13 26 27,1,15,,46149,40,0,10 26 27,1,13,,46132,38,0,13 26 27,1,57,,46150,40,0,10 26 27,1,15,,46133,38,0,13 26 27,1,15,,46151,40,0,10 26 27,1,15,,46134,38,0,13 26 27,1,55,,46152,40,0,10 26 27,1,15,,46135,38,0,13 26 27,1,15,,46153,40,0,10 26 27,1,15,,46136,38,0,13 26 27,1,55,,46154,40,0,10 26 27,1,15,,46137,38,0,13 26 27,1,17,,46155,40,0,10 26 27,1,13,,46138,38,0,13 26 27,1,55,,46156,40,0,10 26 27,1,15,,46139,38,0,13 26 27,1,15,,46159,40,0,10 26 27,1,15,,46160,38,0,13 26 27,1,60,,46161,40,0,10 26 27,1,20,,46162,38,0,13 26 27,1,20,,46174,40,0,10 26 27,1,75,,46163,38,0,13 26 27,1,70,,46164,40,0,10 26 27,1,20,,46165,38,0,13 26 27,1,17,,46166,40,0,10 26 27,1,65,,46167,38,0,13 26 27,1,29,,46168,40,0,10 26 27,1,70,,46169,38,0,13 26 27,1,30,,46170,40,0,10 26 27,1,70,,46171,38,0,13 26 27,1,30,,46172,40,0,10 26 27,1,72,,46173,38,0,13 26 27,1,23,,46177,40,0,10 26 27,1,71,,46176,38,0,13 26 27,1
1501,'3',630,,46182,38,0,13 26 27,1,90,,46183,40,0,10 26 27,1,35,,46184,38,0,13 26 27,1,70,,46185,40,0,10 26 27,1,30,,46187,38,0,13 26 27,1,70,,46186,40,0,10 26 27,1,30,,46188,38,0,13 26 27,1,60,,46189,40,0,10 26 27,1,20,,46190,38,0,13 26 27,1,20,,46191,38,0,13 26 27,1,60,,46192,40,0,10 26 27,1,20,,46203,38,0,13 26 27,1,20,,46193,40,0,10 26 27,1,60,,46204,38,0,13 26 27,1,20,,46194,40,0,10 26 27,1,20,,46205,38,0,13 26 27,1,60,,46195,40,0,10 26 27,1,20,,46206,38,0,13 26 27,1,20,,46196,40,0,10 26 27,1,61,,46207,38,0,13 26 27,1,20,,46197,40,0,10 26 27,1,20,,46208,38,0,13 26 27,1,60,,46198,40,0,10 26 27,1,20,,46209,38,0,13 26 27,1,20,,46199,40,0,10 26 27,1,60,,46210,38,0,13 26 27,1,20,,46200,40,0,10 26 27,1,20,,46211,38,0,13 26 27,1,60,,46201,40,0,10 26 27,1,15,,46212,38,0,13 26 27,1,25,,46202,40,0,10 26 27,1,69,,46213,38,0,13 26 27,1,30,,46219,40,0,10 26 27,1,70,,46214,38,0,13 26 27,1,30,,46220,40,0,10 26 27,1,70,,46215,38,0,13 26 27,1,30,,46221,40,0,10 26 27,1,65,,46216,38,0,13 26 27,1,30,,46222,40,0,10 26 27,1,65,,46217,38,0,13 26 27,1,30,,46223,40,0,10 26 27,1,65,,46218,38,0,13 26 27,1,25,,46224,40,0,10 26 27,1,70,,46225,38,0,13 26 27,1,95,,46226,40,0,10 26 27,1
1501,'30',632,,46267,40,0,10 26 27,1,25,,46268,38,0,13 26 27,1,64,,46231,40,0,10 26 27,1,26,,46232,38,0,13 26 27,1,70,,46266,40,0,10 26 27,1,23,,46265,38,0,13 26 27,1,67,,46233,40,0,10 26 27,1,31,,46234,38,0,13 26 27,1,70,,46235,40,0,10 26 27,1,22,,46236,38,0,13 26 27,1,70,,46237,40,0,10 26 27,1,25,,46238,38,0,13 26 27,1,30,,46239,40,0,10 26 27,1,70,,46240,38,0,13 26 27,1,28,,46241,40,0,10 26 27,1,70,,46242,38,0,13 26 27,1,30,,46243,40,0,10 26 27,1,70,,46244,38,0,13 26 27,1,30,,46245,40,0,10 26 27,1,70,,46246,38,0,13 26 27,1,30,,46247,40,0,10 26 27,1,70,,46248,38,0,13 26 27,1,30,,46249,40,0,10 26 27,1,70,,46250,38,0,13 26 27,1,30,,46251,40,0,10 26 27,1,70,,46252,38,0,13 26 27,1,26,,46253,40,0,10 26 27,1,70,,46254,38,0,13 26 27,1,30,,46255,40,0,10 26 27,1,65,,46256,38,0,13 26 27,1,25,,46257,40,0,10 26 27,1,70,,46258,38,0,13 26 27,1,30,,46259,40,0,10 26 27,1,61,,46260,38,0,13 26 27,1,30,,46261,40,0,10 26 27,1,70,,46262,38,0,13 26 27,1
1501,'4',632,,46306,40,0,10 26 27,1,25,,46307,38,0,13 26 27,1,64,,46270,40,0,10 26 27,1,26,,46271,38,0,13 26 27,1,70,,46305,40,0,10 26 27,1,23,,46304,38,0,13 26 27,1,67,,46272,40,0,10 26 27,1,31,,46273,38,0,13 26 27,1,70,,46274,40,0,10 26 27,1,22,,46275,38,0,13 26 27,1,70,,46276,40,0,10 26 27,1,25,,46277,38,0,13 26 27,1,30,,46278,40,0,10 26 27,1,70,,46279,38,0,13 26 27,1,28,,46280,40,0,10 26 27,1,70,,46281,38,0,13 26 27,1,30,,46282,40,0,10 26 27,1,70,,46283,38,0,13 26 27,1,30,,46284,40,0,10 26 27,1,70,,46285,38,0,13 26 27,1,30,,46286,40,0,10 26 27,1,70,,46287,38,0,13 26 27,1,30,,46288,40,0,10 26 27,1,70,,46289,38,0,13 26 27,1,30,,46290,40,0,10 26 27,1,70,,46291,38,0,13 26 27,1,26,,46292,40,0,10 26 27,1,70,,46293,38,0,13 26 27,1,30,,46294,40,0,10 26 27,1,65,,46295,38,0,13 26 27,1,25,,46296,40,0,10 26 27,1,70,,46297,38,0,13 26 27,1,30,,46298,40,0,10 26 27,1,61,,46299,38,0,13 26 27,1,30,,46300,40,0,10 26 27,1,70,,46301,38,0,13 26 27,1
10400,'3302',712,,50469,2,,,1,27,,50470,2,,,1,69,,50471,8,,,1,30,,50472,8,,,1,72,,50473,8,,,1,30,,50474,8,,,1,70,,50475,8,,,1,30,,50476,8,,,1,69,,50477,8,,,1,31,,50478,8,,,1,68,,50479,8,,,1,32,,50480,8,,,1,67,,50481,8,,,1,32,,50482,8,,,1,65,,50483,8,,,1,29,,50484,8,,,1,71,,50485,8,,,1,32,,50486,8,,,1,70,,50487,8,,,1,30,,50488,8,,,1,71,,50489,8,,,1,33,,50490,8,,,1,70,,50491,8,,,1,26,,50492,8,,,1
10400,'3903',1009,,50510,2,,,1,27,,50495,8,,,1,21,,50496,8,,,1,70,,50497,8,,,1,27,,50498,8,,,1,70,,50499,8,,,1,20,,50500,8,,,1,70,,50501,8,,,1,25,,50502,8,,,1,71,,50503,8,,,1,28,,50504,8,,,1,71,,50505,8,,,1,30,,50506,8,,,1,70,,50507,8,,,1,29,,50508,8,,,1,70,,50509,8,,,1,30,,50494,8,,,1,70,,50493,8,,,1
10600,'11802',823,,50550,4,,,1,85,,50551,4,,,1,649,,50552,4,,,1,90,,50553,4,,,1
10600,'3302',706,,50554,4,,,1,20,,50569,4,,,1,21,,50555,4,,,1,60,,50570,4,,,1,25,,50556,4,,,1,20,,50571,4,,,1,65,,50557,4,,,1,20,,50572,4,,,1,65,,50558,4,,,1,25,,50573,4,,,1,20,,50559,4,,,1,65,,50574,4,,,1,20,,50560,4,,,1,20,,50575,4,,,1,65,,50561,4,,,1,21,,50576,4,,,1,65,,50562,4,,,1,20,,50577,4,,,1,25,,50563,4,,,1,60,,50578,4,,,1,26,,50564,4,,,1,20,,50579,4,,,1,65,,50565,4,,,1,20,,50580,4,,,1,65,,50566,4,,,1,20,,50581,4,,,1,30,,50567,4,,,1,60,,50582,4,,,1,10,,50584,4,,,1,25,,50568,4,,,1,60,,50583,4,,,1,10,,50585,4,,,1,20,,50590,4,,,1,19,,50586,4,,,1,58,,50591,4,,,1,22,,50587,4,,,1,18,,50592,4,,,1,62,,50588,4,,,1,18,,50593,4,,,1,22,,50589,4,,,1,58,,50594,4,,,1,38,,50595,4,,,1,81,,50596,4,,,1,80,,50597,4,,,1,40,,50598,4,,,1
10600,'3602',716,,50599,4,,,1,20,,50614,4,,,1,21,,50600,4,,,1,60,,50615,4,,,1,25,,50601,4,,,1,60,,50616,4,,,1,25,,50602,4,,,1,20,,50617,4,,,1,65,,50603,4,,,1,25,,50618,4,,,1,20,,50604,4,,,1,65,,50619,4,,,1,20,,50605,4,,,1,60,,50620,4,,,1,26,,50606,4,,,1,20,,50621,4,,,1,65,,50607,4,,,1,20,,50622,4,,,1,25,,50608,4,,,1,60,,50623,4,,,1,26,,50609,4,,,1,60,,50624,4,,,1,25,,50610,4,,,1,20,,50625,4,,,1,65,,50611,4,,,1,25,,50626,4,,,1,65,,50612,4,,,1,35,,50627,4,,,1,20,,50613,4,,,1,70,,50628,4,,,1,20,,50629,4,,,1,58,,50630,4,,,1,20,,50631,4,,,1,21,,50632,4,,,1,58,,50633,4,,,1,22,,50634,4,,,1,18,,50635,4,,,1
10600,'3903',1104,,50636,4,,,1,41,,50637,4,,,1,86,,50638,4,,,1,80,,50639,4,,,1,40,,50640,4,,,1,81,,50641,4,,,1,85,,50642,4,,,1,85,,50643,4,,,1,50,,50644,4,,,1,90,,50645,4,,,1,84,,50646,4,,,1,80,,50647,4,,,1,40,,50648,4,,,1,80,,50649,4,,,1,80,,50650,4,,,1,39,,50651,4,,,1,80,,50652,4,,,1
10600,'6404',1104,,50653,4,,,1,41,,50654,4,,,1,86,,50655,4,,,1,80,,50656,4,,,1,40,,50657,4,,,1,81,,50658,4,,,1,85,,50659,4,,,1,85,,50660,4,,,1,50,,50661,4,,,1,90,,50662,4,,,1,84,,50663,4,,,1,80,,50664,4,,,1,40,,50665,4,,,1,80,,50666,4,,,1,80,,50667,4,,,1,39,,50668,4,,,1
