401,'11802',715,,43532,35,0,13 40 41,1,42,,43531,35,0,13 40 41,1
401,'2',552,,43559,29,0,10 40 41,1,74,,43558,35,0,13 40 41,1,11,,43600,29,0,10 40 41,1,71,,43557,29,0,10 40 41,1,15,,43556,35,0,13 40 41,1,12,,43555,1,,,1,15,,43554,29,0,10 40 41,1,55,,43553,29,0,10 40 41,1,15,,43552,35,0,13 40 41,1,15,,43551,29,0,10 40 41,1,15,,43550,35,0,13 40 41,1,55,,43549,29,0,10 40 41,1,15,,43548,35,0,13 40 41,1,15,,43547,29,0,10 40 41,1,15,,43546,35,0,13 40 41,1,60,,43545,29,0,10 40 41,1,20,,43544,35,0,13 40 41,1,20,,43543,29,0,10 40 41,1,60,,43542,35,0,13 40 41,1,21,,43541,29,0,10 40 41,1,20,,43540,35,0,13 40 41,1,59,,43539,29,0,10 40 41,1,20,,43538,35,0,13 40 41,1,20,,43537,29,0,10 40 41,1,60,,43536,35,0,13 40 41,1,20,,43535,29,0,10 40 41,1,19,,43534,35,0,13 40 41,1,60,,43533,29,0,10 40 41,1,15,,43562,35,0,13 40 41,1,19,,43570,29,0,10 40 41,1,15,,43563,35,0,13 40 41,1,55,,43571,29,0,10 40 41,1,15,,43564,35,0,13 40 41,1,15,,43572,29,0,10 40 41,1,15,,43565,35,0,13 40 41,1,55,,43573,29,0,10 40 41,1,15,,43566,35,0,13 40 41,1,15,,43574,29,0,10 40 41,1,15,,43567,35,0,13 40 41,1,55,,43575,29,0,10 40 41,1,15,,43568,35,0,13 40 41,1,15,,43576,29,0,10 40 41,1,10,,43569,35,0,13 40 41,1,61,,43579,29,0,10 40 41,1,21,,43584,35,0,13 40 41,1,20,,43580,29,0,10 40 41,1,60,,43585,35,0,13 40 41,1,20,,43581,29,0,10 40 41,1,20,,43586,35,0,13 40 41,1,60,,43582,29,0,10 40 41,1,20,,43587,35,0,13 40 41,1,70,,43583,29,0,10 40 41,1,33,,43588,35,0,13 40 41,1,70,,43591,29,0,10 40 41,1,30,,43589,35,0,13 40 41,1,70,,43592,29,0,10 40 41,1,30,,43590,35,0,13 40 41,1,70,,43593,29,0,10 40 41,1,47,,43594,35,0,13 40 41,1
401,'3',626,,43601,29,0,10 40 41,1,32,,43602,35,0,13 40 41,1,60,,43609,29,0,10 40 41,1,30,,43603,35,0,13 40 41,1,70,,43610,29,0,10 40 41,1,30,,43604,35,0,13 40 41,1,70,,43611,29,0,10 40 41,1,30,,43605,35,0,13 40 41,1,70,,43612,29,0,10 40 41,1,30,,43606,35,0,13 40 41,1,70,,43613,29,0,10 40 41,1,30,,43607,35,0,13 40 41,1,70,,43614,29,0,10 40 41,1,30,,43608,35,0,13 40 41,1,66,,43615,29,0,10 40 41,1,27,,43621,35,0,13 40 41,1,65,,43616,29,0,10 40 41,1,25,,43622,35,0,13 40 41,1,25,,43617,29,0,10 40 41,1,65,,43623,35,0,13 40 41,1,25,,43618,29,0,10 40 41,1,65,,43624,35,0,13 40 41,1,25,,43619,29,0,10 40 41,1,65,,43625,35,0,13 40 41,1,25,,43620,29,0,10 40 41,1,25,,43633,35,0,13 40 41,1,65,,43629,29,0,10 40 41,1,25,,43634,35,0,13 40 41,1,65,,43630,29,0,10 40 41,1,25,,43635,35,0,13 40 41,1,25,,43631,29,0,10 40 41,1,65,,43636,35,0,13 40 41,1,25,,43632,29,0,10 40 41,1,65,,43637,35,0,13 40 41,1,17,,43638,29,0,10 40 41,1,30,,43642,35,0,13 40 41,1,70,,43639,29,0,10 40 41,1,30,,43643,35,0,13 40 41,1,70,,43640,29,0,10 40 41,1,30,,43644,35,0,13 40 41,1,68,,43641,29,0,10 40 41,1,29,,43627,35,0,13 40 41,1
401,'30',656,,43677,29,0,10 40 41,1,87,,43676,35,0,13 40 41,1,85,,43675,29,0,10 40 41,1,85,,43646,35,0,13 40 41,1,45,,43647,29,0,10 40 41,1,70,,43648,35,0,13 40 41,1,24,,43649,29,0,10 40 41,1,70,,43650,35,0,13 40 41,1,27,,43651,29,0,10 40 41,1,70,,43652,35,0,13 40 41,1,29,,43653,29,0,10 40 41,1,72,,43654,35,0,13 40 41,1,30,,43655,29,0,10 40 41,1,70,,43656,35,0,13 40 41,1,30,,43657,29,0,10 40 41,1,70,,43658,35,0,13 40 41,1,30,,43659,29,0,10 40 41,1,70,,43660,35,0,13 40 41,1,30,,43661,29,0,10 40 41,1,70,,43662,35,0,13 40 41,1,30,,43663,29,0,10 40 41,1,70,,43664,35,0,13 40 41,1,30,,43665,29,0,10 40 41,1,70,,43666,35,0,13 40 41,1,28,,43667,29,0,10 40 41,1,72,,43668,35,0,13 40 41,1,30,,43669,29,0,10 40 41,1,72,,43670,35,0,13 40 41,1,28,,43671,29,0,10 40 41,1,70,,43672,35,0,13 40 41,1,36,,43645,29,0,10 40 41,1
401,'4',656,,43710,29,0,10 40 41,1,87,,43709,35,0,13 40 41,1,85,,43708,29,0,10 40 41,1,85,,43679,35,0,13 40 41,1,45,,43680,29,0,10 40 41,1,70,,43681,35,0,13 40 41,1,24,,43682,29,0,10 40 41,1,70,,43683,35,0,13 40 41,1,27,,43684,29,0,10 40 41,1,70,,43685,35,0,13 40 41,1,29,,43686,29,0,10 40 41,1,72,,43687,35,0,13 40 41,1,30,,43688,29,0,10 40 41,1,70,,43689,35,0,13 40 41,1,30,,43690,29,0,10 40 41,1,70,,43691,35,0,13 40 41,1,30,,43692,29,0,10 40 41,1,70,,43693,35,0,13 40 41,1,30,,43694,29,0,10 40 41,1,70,,43695,35,0,13 40 41,1,30,,43696,29,0,10 40 41,1,70,,43697,35,0,13 40 41,1,30,,43698,29,0,10 40 41,1,70,,43699,35,0,13 40 41,1,28,,43700,29,0,10 40 41,1,72,,43701,35,0,13 40 41,1,30,,43702,29,0,10 40 41,1,72,,43703,35,0,13 40 41,1,28,,43704,29,0,10 40 41,1,70,,43705,35,0,13 40 41,1,36,,43678,29,0,10 40 41,1
600,'2',600,,43919,17,,,1,26,,43918,17,,,1,82,,43920,17,,,1,25,,43921,17,,,1,20,,43922,17,,,1,65,,43923,17,,,1,25,,43924,17,,,1,65,,43925,17,,,1,30,,43926,17,,,1,70,,43927,17,,,1,25,,43928,17,,,1,70,,43929,17,,,1,30,,43930,17,,,1,70,,43931,17,,,1,25,,43932,17,,,1,30,,43933,17,,,1,70,,43934,17,,,1,30,,43935,17,,,1,70,,43936,17,,,1,25,,43937,17,,,1,70,,43938,17,,,1,25,,43939,17,,,1,69,,43940,17,,,1,30,,43941,17,,,1,70,,43942,17,,,1,30,,43943,17,,,1,66,,43944,17,,,1,25,,43945,17,,,1,65,,43946,17,,,1,25,,43947,17,,,1,25,,43948,17,,,1,65,,43949,17,,,1,24,,43950,17,,,1,65,,43951,17,,,1,25,,43952,17,,,1,25,,43953,17,,,1,65,,43954,17,,,1,25,,43955,17,,,1,65,,43956,17,,,1,25,,43957,17,,,1,67,,43958,17,,,1,25,,43959,17,,,1,29,,43960,17,,,1
600,'3',628,,43962,17,,,1,27,,43963,17,,,1,75,,43964,17,,,1,75,,43965,17,,,1,35,,43966,17,,,1,75,,43967,17,,,1,35,,43968,17,,,1,71,,43970,17,,,1,28,,43971,17,,,1,65,,43972,17,,,1,25,,43973,17,,,1,64,,43974,17,,,1,18,,43975,17,,,1,20,,43976,17,,,1,18,,43977,17,,,1,60,,43978,17,,,1,19,,43979,17,,,1,20,,43980,17,,,1,60,,43981,17,,,1,20,,43982,17,,,1,20,,43983,17,,,1,60,,43984,17,,,1,20,,43985,17,,,1,20,,43986,17,,,1,60,,43987,17,,,1,20,,43988,17,,,1,20,,43989,17,,,1,60,,43990,17,,,1,20,,43991,17,,,1,20,,43992,17,,,1,60,,43993,17,,,1,15,,43994,17,,,1,25,,43995,17,,,1,65,,43996,17,,,1,25,,43997,17,,,1,65,,43998,17,,,1,25,,43999,17,,,1,65,,44000,17,,,1,26,,44001,17,,,1,79,,44002,17,,,1,33,,44003,17,,,1,76,,44004,17,,,1,36,,44005,17,,,1,76,,44006,17,,,1,29,,44007,17,,,1
600,'30',950,,44010,17,,,1,75,,44011,17,,,1,75,,44012,17,,,1,35,,44013,17,,,1,86,,44015,17,,,1,34,,44016,17,,,1,65,,44017,17,,,1,25,,44018,17,,,1,65,,44019,17,,,1,25,,44020,17,,,1,65,,44021,17,,,1,25,,44022,17,,,1,25,,44023,17,,,1,65,,44024,17,,,1,25,,44025,17,,,1,65,,44026,17,,,1,26,,44027,17,,,1,23,,44028,17,,,1,65,,44029,17,,,1,37,,44030,17,,,1,75,,44031,17,,,1,75,,44032,17,,,1,35,,44033,17,,,1,75,,44034,17,,,1,35,,44035,17,,,1,72,,44036,17,,,1,32,,44037,17,,,1
600,'4',950,,44040,17,,,1,75,,44041,17,,,1,75,,44042,17,,,1,35,,44043,17,,,1,86,,44044,17,,,1,34,,44045,17,,,1,65,,44046,17,,,1,25,,44047,17,,,1,65,,44048,17,,,1,25,,44049,17,,,1,65,,44050,17,,,1,25,,44051,17,,,1,25,,44052,17,,,1,65,,44053,17,,,1,25,,44054,17,,,1,65,,44055,17,,,1,26,,44056,17,,,1,23,,44057,17,,,1,65,,44058,17,,,1,37,,44059,17,,,1,75,,44060,17,,,1,75,,44061,17,,,1,35,,44062,17,,,1,75,,44063,17,,,1,35,,44064,17,,,1,72,,44065,17,,,1,32,,44066,17,,,1
1501,'2',626,,46113,38,0,10 26 27,1,22,,46114,36,0,13 26 27,1,60,,46115,38,0,10 26 27,1,16,,46116,36,0,13 26 27,1,16,,46119,38,0,10 26 27,1,11,,46117,36,0,13 26 27,1,56,,46120,38,0,10 26 27,1,16,,46118,36,0,13 26 27,1,16,,46121,38,0,10 26 27,1,16,,46122,36,0,13 26 27,1,55,,46140,38,0,10 26 27,1,15,,46123,36,0,13 26 27,1,15,,46141,38,0,10 26 27,1,15,,46124,36,0,13 26 27,1,55,,46142,38,0,10 26 27,1,15,,46125,36,0,13 26 27,1,15,,46143,38,0,10 26 27,1,15,,46126,36,0,13 26 27,1,55,,46144,38,0,10 26 27,1,15,,46127,36,0,13 26 27,1,15,,46145,38,0,10 26 27,1,15,,46128,36,0,13 26 27,1,55,,46146,38,0,10 26 27,1,15,,46129,36,0,13 26 27,1,15,,46147,38,0,10 26 27,1,15,,46130,36,0,13 26 27,1,55,,46148,38,0,10 26 27,1,15,,46131,36,0,13 26 27,1,15,,46149,38,0,10 26 27,1,13,,46132,36,0,13 26 27,1,57,,46150,38,0,10 26 27,1,15,,46133,36,0,13 26 27,1,15,,46151,38,0,10 26 27,1,15,,46134,36,0,13 26 27,1,55,,46152,38,0,10 26 27,1,15,,46135,36,0,13 26 27,1,15,,46153,38,0,10 26 27,1,15,,46136,36,0,13 26 27,1,55,,46154,38,0,10 26 27,1,15,,46137,36,0,13 26 27,1,17,,46155,38,0,10 26 27,1,13,,46138,36,0,13 26 27,1,55,,46156,38,0,10 26 27,1,15,,46139,36,0,13 26 27,1,15,,46159,38,0,10 26 27,1,15,,46160,36,0,13 26 27,1,60,,46161,38,0,10 26 27,1,20,,46162,36,0,13 26 27,1,20,,46174,38,0,10 26 27,1,75,,46163,36,0,13 26 27,1,70,,46164,38,0,10 26 27,1,20,,46165,36,0,13 26 27,1,18,,46166,38,0,10 26 27,1,64,,46167,36,0,13 26 27,1,30,,46168,38,0,10 26 27,1,70,,46169,36,0,13 26 27,1,30,,46170,38,0,10 26 27,1,70,,46171,36,0,13 26 27,1,30,,46172,38,0,10 26 27,1,70,,46173,36,0,13 26 27,1,25,,46177,38,0,10 26 27,1,31,,46176,36,0,13 26 27,1
1501,'3',627,,46182,36,0,13 26 27,1,92,,46183,38,0,10 26 27,1,35,,46184,36,0,13 26 27,1,70,,46185,38,0,10 26 27,1,30,,46187,36,0,13 26 27,1,70,,46186,38,0,10 26 27,1,30,,46188,36,0,13 26 27,1,59,,46189,38,0,10 26 27,1,20,,46190,36,0,13 26 27,1,20,,46191,36,0,13 26 27,1,60,,46192,38,0,10 26 27,1,20,,46203,36,0,13 26 27,1,20,,46193,38,0,10 26 27,1,60,,46204,36,0,13 26 27,1,20,,46194,38,0,10 26 27,1,20,,46205,36,0,13 26 27,1,60,,46195,38,0,10 26 27,1,20,,46206,36,0,13 26 27,1,20,,46196,38,0,10 26 27,1,60,,46207,36,0,13 26 27,1,20,,46197,38,0,10 26 27,1,20,,46208,36,0,13 26 27,1,60,,46198,38,0,10 26 27,1,20,,46209,36,0,13 26 27,1,20,,46199,38,0,10 26 27,1,60,,46210,36,0,13 26 27,1,20,,46200,38,0,10 26 27,1,20,,46211,36,0,13 26 27,1,60,,46201,38,0,10 26 27,1,15,,46212,36,0,13 26 27,1,25,,46202,38,0,10 26 27,1,70,,46213,36,0,13 26 27,1,30,,46219,38,0,10 26 27,1,70,,46214,36,0,13 26 27,1,30,,46220,38,0,10 26 27,1,70,,46215,36,0,13 26 27,1,30,,46221,38,0,10 26 27,1,65,,46216,36,0,13 26 27,1,30,,46222,38,0,10 26 27,1,65,,46217,36,0,13 26 27,1,30,,46223,38,0,10 26 27,1,65,,46218,36,0,13 26 27,1,25,,46224,38,0,10 26 27,1,70,,46225,36,0,13 26 27,1,53,,46226,38,0,10 26 27,1
1501,'30',630,,46267,38,0,10 26 27,1,25,,46268,36,0,13 26 27,1,62,,46231,38,0,10 26 27,1,28,,46232,36,0,13 26 27,1,70,,46266,38,0,10 26 27,1,23,,46265,36,0,13 26 27,1,67,,46233,38,0,10 26 27,1,31,,46234,36,0,13 26 27,1,70,,46235,38,0,10 26 27,1,22,,46236,36,0,13 26 27,1,30,,46237,38,0,10 26 27,1,65,,46238,36,0,13 26 27,1,30,,46239,38,0,10 26 27,1,70,,46240,36,0,13 26 27,1,28,,46241,38,0,10 26 27,1,70,,46242,36,0,13 26 27,1,30,,46243,38,0,10 26 27,1,70,,46244,36,0,13 26 27,1,30,,46245,38,0,10 26 27,1,70,,46246,36,0,13 26 27,1,30,,46247,38,0,10 26 27,1,70,,46248,36,0,13 26 27,1,30,,46249,38,0,10 26 27,1,70,,46250,36,0,13 26 27,1,30,,46251,38,0,10 26 27,1,70,,46252,36,0,13 26 27,1,26,,46253,38,0,10 26 27,1,70,,46254,36,0,13 26 27,1,30,,46255,38,0,10 26 27,1,65,,46256,36,0,13 26 27,1,25,,46257,38,0,10 26 27,1,70,,46258,36,0,13 26 27,1,30,,46259,38,0,10 26 27,1,21,,46260,36,0,13 26 27,1,70,,46261,38,0,10 26 27,1,28,,46262,36,0,13 26 27,1
1501,'4',630,,46306,38,0,10 26 27,1,25,,46307,36,0,13 26 27,1,62,,46270,38,0,10 26 27,1,28,,46271,36,0,13 26 27,1,70,,46305,38,0,10 26 27,1,23,,46304,36,0,13 26 27,1,67,,46272,38,0,10 26 27,1,31,,46273,36,0,13 26 27,1,70,,46274,38,0,10 26 27,1,22,,46275,36,0,13 26 27,1,30,,46276,38,0,10 26 27,1,65,,46277,36,0,13 26 27,1,30,,46278,38,0,10 26 27,1,70,,46279,36,0,13 26 27,1,28,,46280,38,0,10 26 27,1,70,,46281,36,0,13 26 27,1,30,,46282,38,0,10 26 27,1,70,,46283,36,0,13 26 27,1,30,,46284,38,0,10 26 27,1,70,,46285,36,0,13 26 27,1,30,,46286,38,0,10 26 27,1,70,,46287,36,0,13 26 27,1,30,,46288,38,0,10 26 27,1,70,,46289,36,0,13 26 27,1,30,,46290,38,0,10 26 27,1,70,,46291,36,0,13 26 27,1,26,,46292,38,0,10 26 27,1,70,,46293,36,0,13 26 27,1,30,,46294,38,0,10 26 27,1,65,,46295,36,0,13 26 27,1,25,,46296,38,0,10 26 27,1,70,,46297,36,0,13 26 27,1,30,,46298,38,0,10 26 27,1,21,,46299,36,0,13 26 27,1,70,,46300,38,0,10 26 27,1,28,,46301,36,0,13 26 27,1
10400,'3302',805,,50471,6,,,1,30,,50472,6,,,1,72,,50473,6,,,1,30,,50474,6,,,1,70,,50475,6,,,1,30,,50476,6,,,1,69,,50477,6,,,1,31,,50478,6,,,1,68,,50479,6,,,1,32,,50480,6,,,1,67,,50481,6,,,1,32,,50482,6,,,1,64,,50483,6,,,1,29,,50484,6,,,1,71,,50485,6,,,1,32,,50486,6,,,1,69,,50487,6,,,1,30,,50488,6,,,1,71,,50489,6,,,1,33,,50490,6,,,1,71,,50491,6,,,1,26,,50492,6,,,1
10400,'3903',1033,,50495,6,,,1,21,,50496,6,,,1,70,,50497,6,,,1,27,,50498,6,,,1,70,,50499,6,,,1,20,,50500,6,,,1,70,,50501,6,,,1,25,,50502,6,,,1,71,,50503,6,,,1,28,,50504,6,,,1,71,,50505,6,,,1,30,,50506,6,,,1,70,,50507,6,,,1,29,,50508,6,,,1,70,,50509,6,,,1,30,,50494,6,,,1,70,,50493,6,,,1
