400,'11802',1452,,43357,6,0,13 18 19 20,1,287,,43358,6,0,10 18 19 20,1
400,'2',614,,43385,6,0,13 18 19 20,1,39,,43384,6,0,10 18 19 20,1,55,,43383,6,0,13 18 19 20,1,15,,43382,6,0,10 18 19 20,1,15,,43381,6,0,13 18 19 20,1,15,,43380,6,0,10 18 19 20,1,55,,43379,6,0,13 18 19 20,1,15,,43378,6,0,10 18 19 20,1,15,,43377,6,0,13 18 19 20,1,20,,43376,6,0,10 18 19 20,1,60,,43375,6,0,13 18 19 20,1,20,,43374,6,0,10 18 19 20,1,20,,43373,6,0,13 18 19 20,1,60,,43372,6,0,10 18 19 20,1,20,,43371,6,0,13 18 19 20,1,20,,43370,6,0,10 18 19 20,1,60,,43369,6,0,13 18 19 20,1,20,,43368,6,0,10 18 19 20,1,20,,43367,6,0,13 18 19 20,1,60,,43366,6,0,10 18 19 20,1,20,,43365,6,0,13 18 19 20,1,20,,43364,6,0,10 18 19 20,1,60,,43363,6,0,13 18 19 20,1,17,,43362,6,0,10 18 19 20,1,14,,43387,6,0,13 18 19 20,1,10,,43388,6,0,10 18 19 20,1,55,,43396,6,0,13 18 19 20,1,15,,43389,6,0,10 18 19 20,1,15,,43397,6,0,13 18 19 20,1,15,,43390,6,0,10 18 19 20,1,55,,43398,6,0,13 18 19 20,1,15,,43391,6,0,10 18 19 20,1,14,,43399,6,0,13 18 19 20,1,14,,43392,6,0,10 18 19 20,1,55,,43400,6,0,13 18 19 20,1,10,,43393,6,0,10 18 19 20,1,15,,43401,6,0,13 18 19 20,1,15,,43394,6,0,10 18 19 20,1,50,,43402,6,0,13 18 19 20,1,15,,43395,6,0,10 18 19 20,1,10,,43403,6,0,13 18 19 20,1,23,,43404,6,0,10 18 19 20,1,60,,43405,6,0,13 18 19 20,1,15,,43409,6,0,10 18 19 20,1,20,,43406,6,0,13 18 19 20,1,60,,43410,6,0,10 18 19 20,1,20,,43407,6,0,13 18 19 20,1,20,,43411,6,0,10 18 19 20,1,60,,43408,6,0,13 18 19 20,1,17,,43412,6,0,10 18 19 20,1,15,,43413,6,0,13 18 19 20,1,67,,43416,6,0,10 18 19 20,1,30,,43414,6,0,13 18 19 20,1,70,,43417,6,0,10 18 19 20,1,30,,43415,6,0,13 18 19 20,1,72,,43418,6,0,10 18 19 20,1,40,,43419,6,0,13 18 19 20,1,99,,43420,6,0,13 18 19 20,1
400,'3',603,,43423,6,0,13 18 19 20,1,13,,43422,6,0,10 18 19 20,1,32,,43425,6,0,13 18 19 20,1,70,,43432,6,0,10 18 19 20,1,30,,43426,6,0,13 18 19 20,1,68,,43433,6,0,10 18 19 20,1,30,,43427,6,0,13 18 19 20,1,70,,43434,6,0,10 18 19 20,1,30,,43428,6,0,13 18 19 20,1,68,,43435,6,0,10 18 19 20,1,30,,43429,6,0,13 18 19 20,1,70,,43436,6,0,10 18 19 20,1,30,,43430,6,0,13 18 19 20,1,67,,43437,6,0,10 18 19 20,1,29,,43431,6,0,13 18 19 20,1,63,,43438,6,0,10 18 19 20,1,20,,43443,6,0,13 18 19 20,1,25,,43439,6,0,10 18 19 20,1,64,,43444,6,0,13 18 19 20,1,25,,43440,6,0,10 18 19 20,1,65,,43445,6,0,13 18 19 20,1,25,,43441,6,0,10 18 19 20,1,25,,43446,6,0,13 18 19 20,1,65,,43442,6,0,10 18 19 20,1,25,,43447,6,0,13 18 19 20,1,65,,43454,6,0,10 18 19 20,1,25,,43450,6,0,13 18 19 20,1,25,,43455,6,0,10 18 19 20,1,65,,43451,6,0,13 18 19 20,1,25,,43456,6,0,10 18 19 20,1,65,,43452,6,0,13 18 19 20,1,25,,43457,6,0,10 18 19 20,1,65,,43453,6,0,13 18 19 20,1,25,,43458,6,0,10 18 19 20,1,23,,43459,6,0,13 18 19 20,1,70,,43462,6,0,10 18 19 20,1,35,,43460,6,0,13 18 19 20,1,70,,43463,6,0,10 18 19 20,1,30,,43461,6,0,13 18 19 20,1,70,,43464,6,0,10 18 19 20,1,27,,43448,6,0,13 18 19 20,1,94,,43449,6,0,10 18 19 20,1
400,'30',646,,43495,6,0,13 18 19 20,1,82,,43496,6,0,10 18 19 20,1,80,,43497,6,0,13 18 19 20,1,43,,43467,6,0,10 18 19 20,1,74,,43468,6,0,13 18 19 20,1,25,,43469,6,0,10 18 19 20,1,70,,43470,6,0,13 18 19 20,1,30,,43471,6,0,10 18 19 20,1,70,,43472,6,0,13 18 19 20,1,30,,43473,6,0,10 18 19 20,1,66,,43474,6,0,13 18 19 20,1,30,,43475,6,0,10 18 19 20,1,70,,43476,6,0,13 18 19 20,1,30,,43477,6,0,10 18 19 20,1,70,,43478,6,0,13 18 19 20,1,30,,43479,6,0,10 18 19 20,1,70,,43480,6,0,13 18 19 20,1,30,,43481,6,0,10 18 19 20,1,70,,43482,6,0,13 18 19 20,1,30,,43483,6,0,10 18 19 20,1,70,,43484,6,0,13 18 19 20,1,30,,43485,6,0,10 18 19 20,1,72,,43486,6,0,13 18 19 20,1,30,,43487,6,0,10 18 19 20,1,70,,43488,6,0,13 18 19 20,1,30,,43489,6,0,10 18 19 20,1,70,,43490,6,0,13 18 19 20,1,30,,43491,6,0,10 18 19 20,1,70,,43492,6,0,13 18 19 20,1,30,,43493,6,0,10 18 19 20,1,66,,43494,6,0,13 18 19 20,1,29,,43465,6,0,10 18 19 20,1
400,'4',646,,43528,6,0,13 18 19 20,1,82,,43529,6,0,10 18 19 20,1,80,,43530,6,0,13 18 19 20,1,43,,43500,6,0,10 18 19 20,1,74,,43501,6,0,13 18 19 20,1,25,,43502,6,0,10 18 19 20,1,70,,43503,6,0,13 18 19 20,1,30,,43504,6,0,10 18 19 20,1,70,,43505,6,0,13 18 19 20,1,30,,43506,6,0,10 18 19 20,1,66,,43507,6,0,13 18 19 20,1,30,,43508,6,0,10 18 19 20,1,70,,43509,6,0,13 18 19 20,1,30,,43510,6,0,10 18 19 20,1,70,,43511,6,0,13 18 19 20,1,30,,43512,6,0,10 18 19 20,1,70,,43513,6,0,13 18 19 20,1,30,,43514,6,0,10 18 19 20,1,70,,43515,6,0,13 18 19 20,1,30,,43516,6,0,10 18 19 20,1,70,,43517,6,0,13 18 19 20,1,30,,43518,6,0,10 18 19 20,1,72,,43519,6,0,13 18 19 20,1,30,,43520,6,0,10 18 19 20,1,70,,43521,6,0,13 18 19 20,1,30,,43522,6,0,10 18 19 20,1,70,,43523,6,0,13 18 19 20,1,30,,43524,6,0,10 18 19 20,1,70,,43525,6,0,13 18 19 20,1,30,,43526,6,0,10 18 19 20,1,66,,43527,6,0,13 18 19 20,1,29,,43498,6,0,10 18 19 20,1
1701,'11802',1541,,46896,5,0,54 3 35,1,80,,46897,5,0,54 3 35,1
1701,'2',619,,46912,19,0,13 33,1,18,,46953,19,0,10 31,1,16,,46913,19,0,13 33,1,59,,46914,19,0,10 31,1,20,,46915,19,0,13 33,1,20,,46916,19,0,10 31,1,60,,46917,19,0,13 33,1,20,,46918,19,0,10 31,1,21,,46919,19,0,13 33,1,60,,46920,19,0,10 31,1,20,,46921,19,0,13 33,1,20,,46922,19,0,10 31,1,60,,46923,19,0,13 33,1,20,,46924,19,0,10 31,1,19,,46925,19,0,13 33,1,60,,46926,19,0,10 31,1,19,,46927,19,0,13 33,1,20,,46928,19,0,10 31,1,60,,46929,19,0,13 33,1,20,,46930,19,0,10 31,1,21,,46931,19,0,13 33,1,60,,46932,19,0,10 31,1,21,,46933,19,0,13 33,1,21,,46934,19,0,10 31,1,61,,46935,19,0,13 33,1,16,,46936,19,0,10 31,1,20,,46937,19,0,13 33,1,60,,46938,19,0,10 31,1,20,,46939,19,0,13 33,1,20,,46940,19,0,10 31,1,60,,46941,19,0,13 33,1,20,,46942,19,0,10 31,1,15,,46943,19,0,13 33,1,55,,46944,19,0,10 31,1,20,,46945,19,0,13 33,1,18,,46946,19,0,10 31,1,63,,46947,19,0,13 33,1,19,,46908,19,0,10 31,1,19,,46907,19,0,10 31,1,19,,46906,19,0,10 31,1,59,,46905,19,0,10 31,1,19,,46904,19,0,10 31,1,19,,46903,19,0,10 31,1,59,,46902,19,0,10 31,1,25,,46901,19,0,10 31,1,68,,46899,19,0,10 31,1,30,,46900,19,0,10 31,1,20,,46948,19,0,10 31,1,65,,46949,19,0,10 31,1,25,,46950,19,0,10 31,1,65,,46951,19,0,10 31,1,22,,46952,19,0,10 31,1,65,,46909,19,0,10 31,1,50,,46955,19,0,10 31,1
1701,'3',607,,46990,19,0,10 31,1,35,,46989,19,0,10 31,1,74,,46988,19,0,10 31,1,35,,46956,19,0,10 31,1,75,,46987,19,0,10 31,1,75,,46986,19,0,10 31,1,30,,46985,19,0,10 31,1,27,,46992,19,0,10 31,1,69,,46984,19,0,10 31,1,30,,46983,19,0,10 31,1,70,,46982,19,0,10 31,1,30,,46981,19,0,10 31,1,70,,46980,19,0,10 31,1,30,,46979,19,0,10 31,1,70,,46978,19,0,10 31,1,30,,46977,19,0,10 31,1,70,,46976,19,0,10 31,1,30,,46975,19,0,10 31,1,70,,46974,19,0,10 31,1,30,,46973,19,0,10 31,1,70,,46972,19,0,10 31,1,30,,46971,19,0,10 31,1,70,,46970,19,0,10 31,1,73,,46969,19,0,10 31,1,30,,46968,19,0,10 31,1,20,,46967,19,0,10 31,1,70,,46966,19,0,10 31,1,30,,46965,19,0,10 31,1,70,,46964,19,0,10 31,1,20,,46963,19,0,10 31,1,71,,46962,19,0,10 31,1,30,,46961,19,0,10 31,1,70,,46960,19,0,10 31,1,15,,46993,19,0,10 31,1,30,,46959,19,0,10 31,1,65,,46958,19,0,10 31,1,20,,46957,19,0,10 31,1,60,,46994,19,0,10 31,1,30,,46995,19,0,10 31,1
1701,'30',624,,47026,19,0,10 31,1,35,,47027,19,0,10 31,1,75,,47028,19,0,10 31,1,75,,47029,19,0,10 31,1,32,,46998,19,0,10 31,1,70,,46999,19,0,10 31,1,30,,47000,19,0,10 31,1,15,,47001,19,0,10 31,1,65,,47002,19,0,10 31,1,30,,47003,19,0,10 31,1,70,,47004,19,0,10 31,1,28,,47005,19,0,10 31,1,64,,47006,19,0,10 31,1,25,,47007,19,0,10 31,1,70,,47008,19,0,10 31,1,30,,47009,19,0,10 31,1,65,,47010,19,0,10 31,1,28,,47011,19,0,10 31,1,70,,47012,19,0,10 31,1,30,,47013,19,0,10 31,1,70,,47014,19,0,10 31,1,30,,47015,19,0,10 31,1,25,,47016,19,0,10 31,1,70,,47017,19,0,10 31,1,30,,47018,19,0,10 31,1,70,,47019,19,0,10 31,1,80,,47020,19,0,10 31,1,35,,47021,19,0,10 31,1,70,,47022,19,0,10 31,1,40,,47023,19,0,10 31,1,75,,47024,19,0,10 31,1,30,,47025,19,0,10 31,1,75,,46996,19,0,10 31,1,70,,46997,19,0,10 31,1
1701,'4',624,,47060,19,0,10 31,1,35,,47061,19,0,10 31,1,75,,47062,19,0,10 31,1,75,,47063,19,0,10 31,1,32,,47032,19,0,10 31,1,70,,47033,19,0,10 31,1,30,,47034,19,0,10 31,1,15,,47035,19,0,10 31,1,65,,47036,19,0,10 31,1,30,,47037,19,0,10 31,1,70,,47038,19,0,10 31,1,28,,47039,19,0,10 31,1,64,,47040,19,0,10 31,1,25,,47041,19,0,10 31,1,70,,47042,19,0,10 31,1,30,,47043,19,0,10 31,1,65,,47044,19,0,10 31,1,28,,47045,19,0,10 31,1,70,,47046,19,0,10 31,1,30,,47047,19,0,10 31,1,70,,47048,19,0,10 31,1,30,,47049,19,0,10 31,1,25,,47050,19,0,10 31,1,70,,47051,19,0,10 31,1,30,,47052,19,0,10 31,1,70,,47053,19,0,10 31,1,80,,47054,19,0,10 31,1,35,,47055,19,0,10 31,1,70,,47056,19,0,10 31,1,40,,47057,19,0,10 31,1,75,,47058,19,0,10 31,1,30,,47059,19,0,10 31,1,75,,47030,19,0,10 31,1,70,,47031,19,0,10 31,1
10401,'3302',732,,50511,6,,,1,70,,50512,6,,,1,32,,50513,6,,,1,72,,50514,6,,,1,30,,50515,6,,,1,70,,50516,6,,,1,29,,50517,6,,,1,71,,50518,6,,,1,28,,50519,6,,,1,74,,50520,6,,,1,27,,50521,6,,,1,72,,50522,6,,,1,24,,50523,6,,,1,69,,50524,6,,,1,28,,50525,6,,,1,72,,50526,6,,,1,29,,50527,6,,,1,30,,50528,6,,,1,70,,50529,6,,,1,73,,50530,6,,,1,31,,50531,6,,,1,70,,50532,6,,,1
10401,'3903',1007,,50549,6,,,1,21,,50535,6,,,1,30,,50536,6,,,1,67,,50537,6,,,1,29,,50538,6,,,1,60,,50539,6,,,1,30,,50540,6,,,1,65,,50541,6,,,1,29,,50542,6,,,1,68,,50543,6,,,1,31,,50544,6,,,1,70,,50545,6,,,1,30,,50546,6,,,1,69,,50547,6,,,1,30,,50548,6,,,1,70,,50534,6,,,1,30,,50533,6,,,1
