1000,'11802',627,,44877,2,0,18 19 20,1,181,,44878,2,0,18 19 20,1,611,,44879,2,0,18 19 20,1,185,,44880,2,0,18 19 20,1,141,,44881,2,0,21 3 32,1
1000,'2',541,,44884,2,,,1,70,,44893,2,,,1,30,,44892,2,,,1,68,,44886,2,,,1,16,,44932,2,,,1,17,,44887,2,,,1,14,,44933,2,,,1,55,,44891,2,,,1,18,,44890,2,,,1,16,,44889,2,0,21 3 32,1,61,,44888,2,,,1,30,,44899,2,,,1,70,,44898,2,,,1,30,,44897,2,,,1,70,,44896,2,,,1,30,,44903,2,,,1,69,,44902,2,,,1,30,,44901,2,,,1,65,,44900,2,,,1,35,,44906,2,,,1,18,,44905,2,,,1,60,,44934,2,,,1,15,,44907,2,,,1,15,,44935,2,,,1,15,,44908,2,,,1,59,,44915,2,,,1,11,,44909,2,,,1,15,,44910,2,,,1,15,,44911,2,,,1,55,,44912,2,,,1,15,,44913,2,,,1,15,,44938,2,,,1,15,,44914,2,,,1,58,,44939,2,0,18 19 20,1,15,,44916,2,,,1,25,,44917,2,,,1,74,,44918,2,,,1,13,,44940,2,0,21 3 32,1,63,,44919,2,,,1,31,,44920,2,,,1,74,,44921,2,,,1,30,,44922,2,,,1,78,,44923,2,,,1,38,,44924,2,,,1,73,,44925,2,,,1,70,,44926,2,,,1,35,,44927,2,,,1,75,,44928,2,,,1,30,,44929,2,,,1,70,,44930,2,0,21 3 32,1,31,,44931,2,0,21 3 32,1
1000,'3',638,,44942,2,,,1,75,,44943,2,,,1,32,,44945,2,,,1,68,,44946,2,,,1,15,,44947,2,,,1,30,,44948,2,,,1,69,,44949,2,,,1,28,,44950,2,,,1,70,,44951,2,,,1,30,,44952,2,,,1,70,,44953,2,,,1,28,,44954,2,,,1,70,,44955,2,,,1,30,,44956,2,,,1,69,,44957,2,,,1,31,,44958,2,,,1,70,,44959,2,,,1,25,,44960,2,,,1,60,,44961,2,,,1,30,,44962,2,,,1,70,,44963,2,,,1,30,,44964,2,,,1,70,,44965,2,,,1,32,,44966,2,,,1,68,,44967,2,,,1,30,,44968,2,,,1,70,,44969,2,,,1,30,,44970,2,,,1,70,,44971,2,,,1,30,,44975,2,,,1,65,,44976,2,,,1,25,,44977,2,,,1,25,,44978,2,,,1,65,,44979,2,,,1,30,,44980,2,,,1,70,,44981,2,,,1,16,,44974,2,0,21 3 32,1,77,,44982,2,,,1,16,,44972,2,0,18 19 20,1,85,,44973,2,0,21 3 32,1
1000,'30',657,,45019,2,,,1,60,,44984,2,,,1,35,,45018,2,,,1,60,,44985,2,,,1,28,,44986,2,,,1,68,,44987,2,,,1,30,,44988,2,,,1,65,,44989,2,,,1,25,,44990,2,,,1,25,,44991,2,,,1,65,,44992,2,,,1,29,,44993,2,,,1,68,,44994,2,,,1,30,,44995,2,,,1,70,,44996,2,,,1,30,,44997,2,,,1,70,,44998,2,,,1,30,,44999,2,,,1,70,,45000,2,,,1,30,,45001,2,,,1,70,,45002,2,,,1,31,,45005,2,,,1,73,,45006,2,,,1,30,,45007,2,,,1,70,,45008,2,,,1,30,,45009,2,,,1,66,,45010,2,,,1,30,,45011,2,,,1,70,,45012,2,,,1,30,,45013,2,,,1,70,,45014,2,,,1,32,,45015,2,,,1,74,,45016,2,,,1,5,,45017,2,0,21 3 32,1,13,,45004,2,0,21 3 32,1,65,,45003,2,0,21 3 32,1
1000,'4',657,,45056,2,,,1,60,,45021,2,,,1,35,,45055,2,,,1,60,,45022,2,,,1,28,,45023,2,,,1,68,,45024,2,,,1,30,,45025,2,,,1,65,,45026,2,,,1,25,,45027,2,,,1,25,,45028,2,,,1,65,,45029,2,,,1,29,,45030,2,,,1,68,,45031,2,,,1,30,,45032,2,,,1,70,,45033,2,,,1,30,,45034,2,,,1,70,,45035,2,,,1,30,,45036,2,,,1,70,,45037,2,,,1,30,,45038,2,,,1,70,,45039,2,,,1,31,,45042,2,,,1,73,,45043,2,,,1,30,,45044,2,,,1,70,,45045,2,,,1,30,,45046,2,,,1,66,,45047,2,,,1,30,,45048,2,,,1,70,,45049,2,,,1,30,,45050,2,,,1,70,,45051,2,,,1,32,,45052,2,,,1,74,,45053,2,,,1,5,,45054,2,0,21 3 32,1,13,,45041,2,0,21 3 32,1,65,,45040,2,0,21 3 32,1
2701,'11802',817,,48307,28,,,1,838,,48308,28,,,1
2701,'2',614,,48380,27,,,1,92,,48309,28,,,1,25,,48310,27,,,1,13,,48311,28,,,1,13,,48312,27,,,1,53,,48313,27,,,1,13,,48314,28,,,1,13,,48315,28,,,1,8,,48316,28,,,1,13,,48317,28,,,1,54,,48318,28,,,1,12,,48319,28,,,1,14,,48320,28,,,1,13,,48321,28,,,1,53,,48322,28,,,1,13,,48323,28,,,1,13,,48324,28,,,1,13,,48325,28,,,1,13,,48326,28,,,1,53,,48327,28,,,1,13,,48328,28,,,1,13,,48329,28,,,1,13,,48330,28,,,1,53,,48331,28,,,1,12,,48332,28,,,1,13,,48333,28,,,1,12,,48334,28,,,1,12,,48335,28,,,1,52,,48336,28,,,1,12,,48337,28,,,1,12,,48338,28,,,1,12,,48339,28,,,1,12,,48340,28,,,1,52,,48341,28,,,1,12,,48342,28,,,1,12,,48343,28,,,1,14,,48344,28,,,1,13,,48345,28,,,1,53,,48346,28,,,1,13,,48347,28,,,1,13,,48348,28,,,1,13,,48349,28,,,1,9,,48350,27,,,1,52,,48351,28,,,1,12,,48352,28,,,1,11,,48353,28,,,1,11,,48354,28,,,1,11,,48355,27,,,1,51,,48356,28,,,1,11,,48357,28,,,1,11,,48358,28,,,1,11,,48359,28,,,1,11,,48360,28,,,1,11,,48361,28,,,1,51,,48362,28,,,1,7,,48363,28,,,1,13,,48364,28,,,1,9,,48365,28,,,1,13,,48366,28,,,1,51,,48367,28,,,1,11,,48368,28,,,1,17,,48369,28,,,1,17,,48370,28,,,1,57,,48371,28,,,1,17,,48372,28,,,1,17,,48373,28,,,1,17,,48374,28,,,1,55,,48375,28,,,1,20,,48376,28,,,1,27,,48377,28,,,1,67,,48378,28,,,1,27,,48379,28,,,1
2701,'3',913,,48381,27,,,1,43,,48391,28,,,1,73,,48382,28,,,1,104,,48392,28,,,1,73,,48383,28,,,1,32,,48400,28,,,1,72,,48393,28,,,1,32,,48384,28,,,1,72,,48401,28,,,1,31,,48394,28,,,1,74,,48385,28,,,1,32,,48402,28,,,1,70,,48395,28,,,1,34,,48386,28,,,1,72,,48403,28,,,1,30,,48396,28,,,1,75,,48387,28,,,1,85,,48397,28,,,1,85,,48388,28,,,1,45,,48398,28,,,1,81,,48389,28,,,1,80,,48399,28,,,1,40,,48390,28,,,1,80,,48404,28,,,1
2701,'30',858,,48405,27,,,1,85,,48406,28,,,1,85,,48412,28,,,1,85,,48407,28,,,1,45,,48413,28,,,1,86,,48408,28,,,1,88,,48414,28,,,1,72,,48415,28,,,1,32,,48409,28,,,1,72,,48417,28,,,1,32,,48416,28,,,1,72,,48410,28,,,1,32,,48418,28,,,1,72,,48420,28,,,1,28,,48411,28,,,1,77,,48419,28,,,1,85,,48421,28,,,1,45,,48422,28,,,1
2701,'4',858,,48423,27,,,1,85,,48424,28,,,1,85,,48430,28,,,1,85,,48425,28,,,1,45,,48431,28,,,1,86,,48426,28,,,1,88,,48432,28,,,1,72,,48433,28,,,1,32,,48427,28,,,1,72,,48435,28,,,1,32,,48434,28,,,1,72,,48428,28,,,1,32,,48436,28,,,1,72,,48438,28,,,1,28,,48429,28,,,1,77,,48437,28,,,1,85,,48439,28,,,1,45,,48440,28,,,1
