1000,'11802',628,,44877,3,0,18 19 20,1,181,,44878,3,0,18 19 20,1,611,,44879,3,0,18 19 20,1,185,,44880,3,0,18 19 20,1,141,,44881,3,0,21 3 32,1
1000,'2',542,,44884,3,,,1,70,,44893,3,,,1,30,,44892,3,,,1,68,,44886,3,,,1,16,,44932,3,,,1,17,,44887,3,,,1,14,,44933,3,,,1,55,,44891,3,,,1,18,,44890,3,,,1,16,,44889,3,0,21 3 32,1,60,,44888,3,,,1,30,,44899,3,,,1,70,,44898,3,,,1,30,,44897,3,,,1,70,,44896,3,,,1,30,,44903,3,,,1,70,,44902,3,,,1,30,,44901,3,,,1,65,,44900,3,,,1,35,,44906,3,,,1,18,,44905,3,,,1,60,,44934,3,,,1,15,,44907,3,,,1,15,,44935,3,,,1,15,,44908,3,,,1,59,,44915,3,,,1,11,,44909,3,,,1,15,,44910,3,,,1,15,,44911,3,,,1,55,,44912,3,,,1,15,,44913,3,,,1,15,,44938,3,,,1,15,,44914,3,,,1,58,,44939,3,0,18 19 20,1,15,,44916,3,,,1,24,,44917,3,,,1,74,,44918,3,,,1,14,,44940,3,0,21 3 32,1,62,,44919,3,,,1,31,,44920,3,,,1,74,,44921,3,,,1,30,,44922,3,,,1,78,,44923,3,,,1,38,,44924,3,,,1,73,,44925,3,,,1,70,,44926,3,,,1,35,,44927,3,,,1,75,,44928,3,,,1,30,,44929,3,,,1,71,,44930,3,0,21 3 32,1,31,,44931,3,0,21 3 32,1
1000,'3',638,,44942,3,,,1,75,,44943,3,,,1,32,,44945,3,,,1,69,,44946,3,,,1,15,,44947,3,,,1,30,,44948,3,,,1,69,,44949,3,,,1,28,,44950,3,,,1,70,,44951,3,,,1,30,,44952,3,,,1,70,,44953,3,,,1,28,,44954,3,,,1,70,,44955,3,,,1,30,,44956,3,,,1,69,,44957,3,,,1,31,,44958,3,,,1,70,,44959,3,,,1,25,,44960,3,,,1,60,,44961,3,,,1,30,,44962,3,,,1,70,,44963,3,,,1,30,,44964,3,,,1,70,,44965,3,,,1,32,,44966,3,,,1,68,,44967,3,,,1,30,,44968,3,,,1,70,,44969,3,,,1,30,,44970,3,,,1,70,,44971,3,,,1,29,,44975,3,,,1,65,,44976,3,,,1,25,,44977,3,,,1,25,,44978,3,,,1,65,,44979,3,,,1,30,,44980,3,,,1,70,,44981,3,,,1,16,,44974,3,0,21 3 32,1,78,,44982,3,,,1,16,,44972,3,0,18 19 20,1,85,,44973,3,0,21 3 32,1
1000,'30',657,,45019,3,,,1,60,,44984,3,,,1,35,,45018,3,,,1,60,,44985,3,,,1,28,,44986,3,,,1,69,,44987,3,,,1,30,,44988,3,,,1,65,,44989,3,,,1,25,,44990,3,,,1,25,,44991,3,,,1,65,,44992,3,,,1,29,,44993,3,,,1,68,,44994,3,,,1,30,,44995,3,,,1,70,,44996,3,,,1,30,,44997,3,,,1,70,,44998,3,,,1,30,,44999,3,,,1,70,,45000,3,,,1,30,,45001,3,,,1,70,,45002,3,,,1,31,,45005,3,,,1,72,,45006,3,,,1,30,,45007,3,,,1,70,,45008,3,,,1,30,,45009,3,,,1,66,,45010,3,,,1,30,,45011,3,,,1,70,,45012,3,,,1,30,,45013,3,,,1,70,,45014,3,,,1,33,,45015,3,,,1,74,,45016,3,,,1,5,,45017,3,0,21 3 32,1,13,,45004,3,0,21 3 32,1,65,,45003,3,0,21 3 32,1
1000,'4',657,,45056,3,,,1,60,,45021,3,,,1,35,,45055,3,,,1,60,,45022,3,,,1,28,,45023,3,,,1,69,,45024,3,,,1,30,,45025,3,,,1,65,,45026,3,,,1,25,,45027,3,,,1,25,,45028,3,,,1,65,,45029,3,,,1,29,,45030,3,,,1,68,,45031,3,,,1,30,,45032,3,,,1,70,,45033,3,,,1,30,,45034,3,,,1,70,,45035,3,,,1,30,,45036,3,,,1,70,,45037,3,,,1,30,,45038,3,,,1,70,,45039,3,,,1,31,,45042,3,,,1,72,,45043,3,,,1,30,,45044,3,,,1,70,,45045,3,,,1,30,,45046,3,,,1,66,,45047,3,,,1,30,,45048,3,,,1,70,,45049,3,,,1,30,,45050,3,,,1,70,,45051,3,,,1,33,,45052,3,,,1,74,,45053,3,,,1,5,,45054,3,0,21 3 32,1,13,,45041,3,0,21 3 32,1,65,,45040,3,0,21 3 32,1
2701,'11802',818,,48307,29,,,1,838,,48308,29,,,1
2701,'2',615,,48380,28,,,1,92,,48309,29,,,1,25,,48310,28,,,1,13,,48311,29,,,1,13,,48312,28,,,1,53,,48313,28,,,1,13,,48314,29,,,1,13,,48315,29,,,1,8,,48316,29,,,1,13,,48317,29,,,1,54,,48318,29,,,1,12,,48319,29,,,1,14,,48320,29,,,1,13,,48321,29,,,1,53,,48322,29,,,1,13,,48323,29,,,1,13,,48324,29,,,1,13,,48325,29,,,1,13,,48326,29,,,1,53,,48327,29,,,1,13,,48328,29,,,1,13,,48329,29,,,1,13,,48330,29,,,1,53,,48331,29,,,1,12,,48332,29,,,1,13,,48333,29,,,1,12,,48334,29,,,1,12,,48335,29,,,1,52,,48336,29,,,1,12,,48337,29,,,1,12,,48338,29,,,1,12,,48339,29,,,1,12,,48340,29,,,1,52,,48341,29,,,1,12,,48342,29,,,1,12,,48343,29,,,1,14,,48344,29,,,1,13,,48345,29,,,1,53,,48346,29,,,1,13,,48347,29,,,1,13,,48348,29,,,1,13,,48349,29,,,1,9,,48350,28,,,1,52,,48351,29,,,1,12,,48352,29,,,1,11,,48353,29,,,1,11,,48354,29,,,1,11,,48355,28,,,1,51,,48356,29,,,1,11,,48357,29,,,1,11,,48358,29,,,1,11,,48359,29,,,1,11,,48360,29,,,1,11,,48361,29,,,1,51,,48362,29,,,1,7,,48363,29,,,1,13,,48364,29,,,1,9,,48365,29,,,1,13,,48366,29,,,1,51,,48367,29,,,1,11,,48368,29,,,1,17,,48369,29,,,1,17,,48370,29,,,1,57,,48371,29,,,1,17,,48372,29,,,1,17,,48373,29,,,1,17,,48374,29,,,1,55,,48375,29,,,1,20,,48376,29,,,1,27,,48377,29,,,1,67,,48378,29,,,1,27,,48379,29,,,1
2701,'3',914,,48381,28,,,1,43,,48391,29,,,1,73,,48382,29,,,1,104,,48392,29,,,1,73,,48383,29,,,1,32,,48400,29,,,1,72,,48393,29,,,1,32,,48384,29,,,1,72,,48401,29,,,1,31,,48394,29,,,1,74,,48385,29,,,1,32,,48402,29,,,1,70,,48395,29,,,1,34,,48386,29,,,1,72,,48403,29,,,1,30,,48396,29,,,1,75,,48387,29,,,1,85,,48397,29,,,1,85,,48388,29,,,1,45,,48398,29,,,1,81,,48389,29,,,1,80,,48399,29,,,1,40,,48390,29,,,1,80,,48404,29,,,1
2701,'30',859,,48405,28,,,1,85,,48406,29,,,1,85,,48412,29,,,1,85,,48407,29,,,1,45,,48413,29,,,1,86,,48408,29,,,1,88,,48414,29,,,1,72,,48415,29,,,1,32,,48409,29,,,1,72,,48417,29,,,1,32,,48416,29,,,1,72,,48410,29,,,1,32,,48418,29,,,1,72,,48420,29,,,1,28,,48411,29,,,1,77,,48419,29,,,1,85,,48421,29,,,1,45,,48422,29,,,1
2701,'4',859,,48423,28,,,1,85,,48424,29,,,1,85,,48430,29,,,1,85,,48425,29,,,1,45,,48431,29,,,1,86,,48426,29,,,1,88,,48432,29,,,1,72,,48433,29,,,1,32,,48427,29,,,1,72,,48435,29,,,1,32,,48434,29,,,1,72,,48428,29,,,1,32,,48436,29,,,1,72,,48438,29,,,1,28,,48429,29,,,1,77,,48437,29,,,1,85,,48439,29,,,1,45,,48440,29,,,1
