401,'11802',729,,43532,53,0,13 40 41,1,82,,43531,53,0,13 40 41,1
401,'2',604,,43559,47,0,10 40 41,1,36,,43558,53,0,13 40 41,1,11,,43600,47,0,10 40 41,1,71,,43557,47,0,10 40 41,1,15,,43556,53,0,13 40 41,1,10,,43555,19,,,1,57,,43554,47,0,10 40 41,1,15,,43553,47,0,10 40 41,1,15,,43552,53,0,13 40 41,1,15,,43551,47,0,10 40 41,1,55,,43550,53,0,13 40 41,1,15,,43549,47,0,10 40 41,1,15,,43548,53,0,13 40 41,1,15,,43547,47,0,10 40 41,1,55,,43546,53,0,13 40 41,1,20,,43545,47,0,10 40 41,1,20,,43544,53,0,13 40 41,1,60,,43543,47,0,10 40 41,1,20,,43542,53,0,13 40 41,1,21,,43541,47,0,10 40 41,1,60,,43540,53,0,13 40 41,1,20,,43539,47,0,10 40 41,1,20,,43538,53,0,13 40 41,1,60,,43537,47,0,10 40 41,1,20,,43536,53,0,13 40 41,1,20,,43535,47,0,10 40 41,1,60,,43534,53,0,13 40 41,1,21,,43533,47,0,10 40 41,1,15,,43562,53,0,13 40 41,1,59,,43570,47,0,10 40 41,1,15,,43563,53,0,13 40 41,1,15,,43571,47,0,10 40 41,1,15,,43564,53,0,13 40 41,1,55,,43572,47,0,10 40 41,1,16,,43565,53,0,13 40 41,1,15,,43573,47,0,10 40 41,1,15,,43566,53,0,13 40 41,1,55,,43574,47,0,10 40 41,1,15,,43567,53,0,13 40 41,1,15,,43575,47,0,10 40 41,1,15,,43568,53,0,13 40 41,1,55,,43576,47,0,10 40 41,1,10,,43569,53,0,13 40 41,1,17,,43579,47,0,10 40 41,1,21,,43584,53,0,13 40 41,1,60,,43580,47,0,10 40 41,1,20,,43585,53,0,13 40 41,1,20,,43581,47,0,10 40 41,1,60,,43586,53,0,13 40 41,1,20,,43582,47,0,10 40 41,1,20,,43587,53,0,13 40 41,1,68,,43583,47,0,10 40 41,1,33,,43588,53,0,13 40 41,1,70,,43591,47,0,10 40 41,1,30,,43589,53,0,13 40 41,1,70,,43592,47,0,10 40 41,1,30,,43590,53,0,13 40 41,1,70,,43593,47,0,10 40 41,1,90,,43594,53,0,13 40 41,1
401,'3',639,,43601,47,0,10 40 41,1,70,,43602,53,0,13 40 41,1,20,,43609,47,0,10 40 41,1,30,,43603,53,0,13 40 41,1,71,,43610,47,0,10 40 41,1,70,,43604,53,0,13 40 41,1,30,,43611,47,0,10 40 41,1,70,,43605,53,0,13 40 41,1,32,,43612,47,0,10 40 41,1,70,,43606,53,0,13 40 41,1,30,,43613,47,0,10 40 41,1,70,,43607,53,0,13 40 41,1,30,,43614,47,0,10 40 41,1,70,,43608,53,0,13 40 41,1,26,,43615,47,0,10 40 41,1,27,,43621,53,0,13 40 41,1,66,,43616,47,0,10 40 41,1,25,,43622,53,0,13 40 41,1,65,,43617,47,0,10 40 41,1,25,,43623,53,0,13 40 41,1,65,,43618,47,0,10 40 41,1,25,,43624,53,0,13 40 41,1,25,,43619,47,0,10 40 41,1,65,,43625,53,0,13 40 41,1,25,,43620,47,0,10 40 41,1,65,,43633,53,0,13 40 41,1,25,,43629,47,0,10 40 41,1,25,,43634,53,0,13 40 41,1,65,,43630,47,0,10 40 41,1,25,,43635,53,0,13 40 41,1,65,,43631,47,0,10 40 41,1,25,,43636,53,0,13 40 41,1,65,,43632,47,0,10 40 41,1,23,,43637,53,0,13 40 41,1,17,,43638,47,0,10 40 41,1,70,,43642,53,0,13 40 41,1,30,,43639,47,0,10 40 41,1,70,,43643,53,0,13 40 41,1,30,,43640,47,0,10 40 41,1,70,,43644,53,0,13 40 41,1,28,,43641,47,0,10 40 41,1,72,,43627,53,0,13 40 41,1
401,'30',709,,43677,47,0,10 40 41,1,45,,43676,53,0,13 40 41,1,85,,43675,47,0,10 40 41,1,86,,43646,53,0,13 40 41,1,85,,43647,47,0,10 40 41,1,30,,43648,53,0,13 40 41,1,64,,43649,47,0,10 40 41,1,30,,43650,53,0,13 40 41,1,67,,43651,47,0,10 40 41,1,31,,43652,53,0,13 40 41,1,69,,43653,47,0,10 40 41,1,32,,43654,53,0,13 40 41,1,70,,43655,47,0,10 40 41,1,30,,43656,53,0,13 40 41,1,70,,43657,47,0,10 40 41,1,30,,43658,53,0,13 40 41,1,70,,43659,47,0,10 40 41,1,30,,43660,53,0,13 40 41,1,70,,43661,47,0,10 40 41,1,29,,43662,53,0,13 40 41,1,70,,43663,47,0,10 40 41,1,30,,43664,53,0,13 40 41,1,70,,43665,47,0,10 40 41,1,30,,43666,53,0,13 40 41,1,68,,43667,47,0,10 40 41,1,32,,43668,53,0,13 40 41,1,70,,43669,47,0,10 40 41,1,32,,43670,53,0,13 40 41,1,68,,43671,47,0,10 40 41,1,30,,43672,53,0,13 40 41,1,78,,43645,47,0,10 40 41,1
401,'4',709,,43710,47,0,10 40 41,1,45,,43709,53,0,13 40 41,1,85,,43708,47,0,10 40 41,1,86,,43679,53,0,13 40 41,1,85,,43680,47,0,10 40 41,1,30,,43681,53,0,13 40 41,1,64,,43682,47,0,10 40 41,1,30,,43683,53,0,13 40 41,1,67,,43684,47,0,10 40 41,1,31,,43685,53,0,13 40 41,1,69,,43686,47,0,10 40 41,1,32,,43687,53,0,13 40 41,1,70,,43688,47,0,10 40 41,1,30,,43689,53,0,13 40 41,1,70,,43690,47,0,10 40 41,1,30,,43691,53,0,13 40 41,1,70,,43692,47,0,10 40 41,1,30,,43693,53,0,13 40 41,1,70,,43694,47,0,10 40 41,1,29,,43695,53,0,13 40 41,1,70,,43696,47,0,10 40 41,1,30,,43697,53,0,13 40 41,1,70,,43698,47,0,10 40 41,1,30,,43699,53,0,13 40 41,1,68,,43700,47,0,10 40 41,1,32,,43701,53,0,13 40 41,1,70,,43702,47,0,10 40 41,1,32,,43703,53,0,13 40 41,1,68,,43704,47,0,10 40 41,1,30,,43705,53,0,13 40 41,1,78,,43678,47,0,10 40 41,1
1700,'11802',712,,46724,25,,,1,226,,46728,25,,,1
1700,'2',635,,46739,45,0,10 23 20,1,20,,46740,53,0,13 23 20,1,60,,46780,45,0,10 23 20,1,20,,46741,53,0,13 23 20,1,21,,46781,45,0,10 23 20,1,59,,46742,53,0,13 23 20,1,20,,46743,45,0,10 23 20,1,18,,46744,53,0,13 23 20,1,61,,46745,45,0,10 23 20,1,20,,46746,53,0,13 23 20,1,20,,46747,45,0,10 23 20,1,60,,46748,53,0,13 23 20,1,20,,46749,45,0,10 23 20,1,20,,46750,53,0,13 23 20,1,60,,46751,45,0,10 23 20,1,20,,46752,53,0,13 23 20,1,20,,46753,45,0,10 23 20,1,59,,46754,53,0,13 23 20,1,20,,46755,45,0,10 23 20,1,21,,46756,53,0,13 23 20,1,61,,46757,45,0,10 23 20,1,25,,46758,53,0,13 23 20,1,63,,46759,45,0,10 23 20,1,21,,46760,53,0,13 23 20,1,20,,46761,45,0,10 23 20,1,60,,46762,53,0,13 23 20,1,18,,46763,45,0,10 23 20,1,20,,46764,53,0,13 23 20,1,17,,46765,45,0,10 23 20,1,55,,46766,53,0,13 23 20,1,21,,46767,45,0,10 23 20,1,23,,46768,53,0,13 23 20,1,60,,46769,45,0,10 23 20,1,20,,46770,53,0,13 23 20,1,62,,46771,45,0,10 23 20,1,13,,46772,53,0,13 23 20,1,23,,46773,45,0,10 23 20,1,23,,46782,45,0,10 23 20,1,61,,46775,53,0,13 23 20,1,14,,46729,45,0,10 23 20,1,19,,46738,45,0,10 23 20,1,59,,46737,45,0,10 23 20,1,19,,46736,45,0,10 23 20,1,19,,46735,45,0,10 23 20,1,59,,46734,45,0,10 23 20,1,17,,46733,45,0,10 23 20,1,21,,46731,45,0,10 23 20,1,70,,46732,45,0,10 23 20,1,25,,46730,45,0,10 23 20,1,60,,46776,45,0,10 23 20,1,25,,46777,45,0,10 23 20,1,25,,46778,45,0,10 23 20,1,65,,46779,45,0,10 23 20,1,22,,46783,45,0,10 23 20,1,65,,46784,45,0,10 23 20,1
1700,'3',628,,46819,45,0,10 23 20,1,79,,46817,45,0,10 23 20,1,36,,46818,45,0,10 23 20,1,80,,46816,45,0,10 23 20,1,35,,46815,45,0,10 23 20,1,70,,46814,45,0,10 23 20,1,82,,46813,45,0,10 23 20,1,31,,46812,45,0,10 23 20,1,72,,46811,45,0,10 23 20,1,30,,46820,45,0,10 23 20,1,70,,46810,45,0,10 23 20,1,31,,46809,45,0,10 23 20,1,70,,46808,45,0,10 23 20,1,30,,46807,45,0,10 23 20,1,70,,46806,45,0,10 23 20,1,30,,46805,45,0,10 23 20,1,70,,46804,45,0,10 23 20,1,30,,46803,45,0,10 23 20,1,70,,46802,45,0,10 23 20,1,30,,46801,45,0,10 23 20,1,70,,46800,45,0,10 23 20,1,30,,46799,45,0,10 23 20,1,68,,46798,45,0,10 23 20,1,30,,46797,45,0,10 23 20,1,68,,46796,45,0,10 23 20,1,30,,46795,45,0,10 23 20,1,60,,46794,45,0,10 23 20,1,30,,46793,45,0,10 23 20,1,70,,46792,45,0,10 23 20,1,30,,46791,45,0,10 23 20,1,14,,46790,45,0,10 23 20,1,69,,46789,45,0,10 23 20,1,30,,46788,45,0,10 23 20,1,70,,46787,45,0,10 23 20,1,15,,46821,45,0,10 23 20,1,30,,46786,45,0,10 23 20,1,63,,46822,45,0,10 23 20,1,19,,46823,45,0,10 23 20,1,60,,46824,45,0,10 23 20,1
1700,'30',655,,46855,45,0,10 23 20,1,75,,46856,45,0,10 23 20,1,75,,46857,45,0,10 23 20,1,35,,46858,45,0,10 23 20,1,75,,46828,45,0,10 23 20,1,30,,46829,45,0,10 23 20,1,70,,46830,45,0,10 23 20,1,30,,46831,45,0,10 23 20,1,65,,46832,45,0,10 23 20,1,25,,46833,45,0,10 23 20,1,22,,46834,45,0,10 23 20,1,72,,46835,45,0,10 23 20,1,30,,46836,45,0,10 23 20,1,65,,46837,45,0,10 23 20,1,25,,46838,45,0,10 23 20,1,70,,46839,45,0,10 23 20,1,30,,46840,45,0,10 23 20,1,68,,46841,45,0,10 23 20,1,30,,46842,45,0,10 23 20,1,70,,46843,45,0,10 23 20,1,30,,46844,45,0,10 23 20,1,70,,46845,45,0,10 23 20,1,30,,46846,45,0,10 23 20,1,60,,46847,45,0,10 23 20,1,28,,46848,45,0,10 23 20,1,70,,46849,45,0,10 23 20,1,30,,46850,45,0,10 23 20,1,80,,46851,45,0,10 23 20,1,35,,46852,45,0,10 23 20,1,75,,46853,45,0,10 23 20,1,75,,46854,45,0,10 23 20,1,31,,46827,45,0,10 23 20,1,70,,46860,45,0,10 23 20,1,35,,46859,45,0,10 23 20,1
1700,'4',655,,46890,45,0,10 23 20,1,75,,46891,45,0,10 23 20,1,75,,46892,45,0,10 23 20,1,35,,46893,45,0,10 23 20,1,75,,46863,45,0,10 23 20,1,30,,46864,45,0,10 23 20,1,70,,46865,45,0,10 23 20,1,30,,46866,45,0,10 23 20,1,65,,46867,45,0,10 23 20,1,25,,46868,45,0,10 23 20,1,22,,46869,45,0,10 23 20,1,72,,46870,45,0,10 23 20,1,30,,46871,45,0,10 23 20,1,65,,46872,45,0,10 23 20,1,25,,46873,45,0,10 23 20,1,70,,46874,45,0,10 23 20,1,30,,46875,45,0,10 23 20,1,68,,46876,45,0,10 23 20,1,30,,46877,45,0,10 23 20,1,70,,46878,45,0,10 23 20,1,30,,46879,45,0,10 23 20,1,70,,46880,45,0,10 23 20,1,30,,46881,45,0,10 23 20,1,60,,46882,45,0,10 23 20,1,28,,46883,45,0,10 23 20,1,70,,46884,45,0,10 23 20,1,30,,46885,45,0,10 23 20,1,80,,46886,45,0,10 23 20,1,35,,46887,45,0,10 23 20,1,75,,46888,45,0,10 23 20,1,75,,46889,45,0,10 23 20,1,31,,46862,45,0,10 23 20,1,70,,46895,45,0,10 23 20,1,35,,46894,45,0,10 23 20,1
10400,'3302',724,,50469,18,,,1,27,,50470,18,,,1,70,,50471,24,,,1,30,,50472,24,,,1,72,,50473,24,,,1,30,,50474,24,,,1,70,,50475,24,,,1,30,,50476,24,,,1,69,,50477,24,,,1,31,,50478,24,,,1,68,,50479,24,,,1,32,,50480,24,,,1,67,,50481,24,,,1,32,,50482,24,,,1,66,,50483,24,,,1,29,,50484,24,,,1,71,,50485,24,,,1,32,,50486,24,,,1,71,,50487,24,,,1,30,,50488,24,,,1,71,,50489,24,,,1,33,,50490,24,,,1,67,,50491,24,,,1,26,,50492,24,,,1
10400,'3903',1019,,50510,18,,,1,29,,50495,24,,,1,61,,50496,24,,,1,30,,50497,24,,,1,67,,50498,24,,,1,31,,50499,24,,,1,20,,50500,24,,,1,70,,50501,24,,,1,25,,50502,24,,,1,71,,50503,24,,,1,28,,50504,24,,,1,71,,50505,24,,,1,30,,50506,24,,,1,70,,50507,24,,,1,29,,50508,24,,,1,70,,50509,24,,,1,30,,50494,24,,,1,70,,50493,24,,,1
