200,'2',625,,34018,17,0,10 22 27,1,30,,34017,17,0,10 22 27,1,66,,34055,56,0,10 23 20,1,30,,34056,56,0,10 23 20,1,70,,34057,56,0,10 23 20,1,30,,34058,56,0,10 23 20,1,71,,34059,56,0,10 23 20,1,30,,34060,56,0,10 23 20,1,70,,34061,56,0,10 23 20,1,30,,34062,56,0,10 23 20,1,70,,34063,56,0,10 23 20,1,30,,34064,56,0,10 23 20,1,72,,34065,56,0,10 23 20,1,27,,34066,56,0,10 23 20,1,70,,34067,56,0,10 23 20,1,30,,34068,56,0,10 23 20,1,69,,34069,56,0,10 23 20,1,30,,34070,56,0,10 23 20,1,68,,34071,56,0,10 23 20,1,29,,34072,56,0,10 23 20,1,75,,34073,56,0,10 23 20,1,34,,34074,56,0,10 23 20,1,70,,34075,56,0,10 23 20,1,28,,34076,56,0,10 23 20,1,70,,34077,56,0,10 23 20,1,25,,34078,56,0,10 23 20,1,67,,34079,56,0,10 23 20,1,30,,34080,56,0,10 23 20,1,70,,34081,56,0,10 23 20,1,30,,34082,56,0,10 23 20,1,70,,34083,56,0,10 23 20,1,39,,34084,56,0,10 23 20,1,80,,34085,56,0,10 23 20,1,77,,34086,56,0,10 23 20,1,44,,34087,56,0,10 23 20,1,60,,34088,56,0,10 23 20,1,35,,34089,56,0,10 23 20,1
200,'3',629,,34093,17,0,10 22 27,1,99,,34095,56,0,10 23 20,1,27,,34096,17,0,10 22 27,1,65,,34098,17,0,10 22 27,1,25,,34100,56,0,10 23 20,1,70,,34102,56,0,10 23 20,1,27,,34104,56,0,10 23 20,1,70,,34106,56,0,10 23 20,1,30,,34108,56,0,10 23 20,1,70,,34110,56,0,10 23 20,1,26,,34112,56,0,10 23 20,1,65,,34114,56,0,10 23 20,1,30,,34116,56,0,10 23 20,1,70,,34118,56,0,10 23 20,1,30,,34130,56,0,10 23 20,1,25,,34131,56,0,10 23 20,1,65,,34132,56,0,10 23 20,1,30,,34133,56,0,10 23 20,1,70,,34134,56,0,10 23 20,1,30,,34135,56,0,10 23 20,1,65,,34136,56,0,10 23 20,1,30,,34137,56,0,10 23 20,1,65,,34138,56,0,10 23 20,1,33,,34139,56,0,10 23 20,1,65,,34140,56,0,10 23 20,1,30,,34142,56,0,10 23 20,1,70,,34143,56,0,10 23 20,1,30,,34144,56,0,10 23 20,1,70,,34145,56,0,10 23 20,1,41,,34146,56,0,10 23 20,1,56,,34147,56,0,10 23 20,1,44,,34157,56,0,10 23 20,1,99,,34158,56,0,10 23 20,1,101,,34091,56,0,10 23 20,1,149,,34161,56,0,10 23 20,1
200,'30',658,,34168,17,0,10 22 27,1,99,,34169,56,0,10 23 20,1,145,,34170,56,0,10 23 20,1,50,,34173,56,0,10 23 20,1,90,,34174,56,0,10 23 20,1,90,,34175,56,0,10 23 20,1,69,,34179,56,0,10 23 20,1,30,,34176,56,0,10 23 20,1,70,,34192,56,0,10 23 20,1,30,,34193,56,0,10 23 20,1,70,,34194,56,0,10 23 20,1,30,,34195,56,0,10 23 20,1,70,,34196,56,0,10 23 20,1,30,,34197,56,0,10 23 20,1,70,,34198,56,0,10 23 20,1,30,,34199,56,0,10 23 20,1,70,,34200,56,0,10 23 20,1,33,,34201,56,0,10 23 20,1,20,,34202,56,0,10 23 20,1,70,,34203,56,0,10 23 20,1,90,,34212,56,0,10 23 20,1,91,,34213,56,0,10 23 20,1,49,,34214,56,0,10 23 20,1,90,,34215,56,0,10 23 20,1,85,,34216,56,0,10 23 20,1,99,,34165,56,0,10 23 20,1
200,'4',658,,34222,17,0,10 22 27,1,99,,34223,56,0,10 23 20,1,145,,34224,56,0,10 23 20,1,50,,34227,56,0,10 23 20,1,90,,34228,56,0,10 23 20,1,90,,34229,56,0,10 23 20,1,69,,34233,56,0,10 23 20,1,30,,34230,56,0,10 23 20,1,70,,34246,56,0,10 23 20,1,30,,34247,56,0,10 23 20,1,70,,34248,56,0,10 23 20,1,30,,34249,56,0,10 23 20,1,70,,34250,56,0,10 23 20,1,30,,34251,56,0,10 23 20,1,70,,34252,56,0,10 23 20,1,30,,34253,56,0,10 23 20,1,70,,34254,56,0,10 23 20,1,33,,34255,56,0,10 23 20,1,20,,34256,56,0,10 23 20,1,70,,34257,56,0,10 23 20,1,90,,34266,56,0,10 23 20,1,91,,34267,56,0,10 23 20,1,49,,34268,56,0,10 23 20,1,90,,34269,56,0,10 23 20,1,85,,34270,56,0,10 23 20,1,99,,34219,56,0,10 23 20,1
300,'2',618,,34528,3,,,1,23,,34529,3,,,1,73,,34530,3,,,1,27,,34531,3,,,1,70,,34532,3,,,1,31,,34533,3,,,1,70,,34534,3,,,1,30,,34535,3,,,1,70,,34536,3,,,1,30,,34537,3,,,1,70,,34538,3,,,1,29,,34539,3,,,1,69,,34540,3,,,1,30,,34541,3,,,1,70,,34542,3,,,1,29,,34543,3,,,1,69,,34544,3,,,1,30,,34545,3,,,1,70,,34546,3,,,1,29,,34547,3,,,1,70,,34548,3,,,1,30,,34549,3,,,1,70,,34550,3,,,1,34,,34551,3,,,1,70,,34553,3,,,1,30,,34554,3,,,1,70,,34555,3,,,1,30,,34556,3,,,1,70,,34557,3,,,1,30,,34558,3,,,1,70,,34559,3,,,1,30,,34560,3,,,1,70,,34561,3,,,1,30,,34562,3,,,1,59,,34552,3,,,1
300,'3',633,,34563,3,,,1,100,,34564,3,,,1,100,,34565,3,,,1,100,,34566,3,,,1,72,,34568,3,,,1,35,,34569,3,,,1,75,,34570,3,,,1,36,,34571,3,,,1,75,,34572,3,,,1,75,,34573,3,,,1,34,,34574,3,,,1,75,,34575,3,,,1,35,,34576,3,,,1,75,,34577,3,,,1,35,,34578,3,,,1,75,,34579,3,,,1,75,,34580,3,,,1,38,,34581,3,,,1,100,,34582,3,,,1,100,,34583,3,,,1,102,,34584,3,,,1,100,,34585,3,,,1,108,,34567,3,,,1
300,'30',850,,34586,3,,,1,87,,34587,3,,,1,87,,34588,3,,,1,87,,34589,3,,,1,46,,34590,3,,,1,87,,34591,3,,,1,87,,34592,3,,,1,87,,34593,3,,,1,87,,34594,3,,,1,47,,34595,3,,,1,88,,34596,3,,,1,89,,34597,3,,,1,87,,34598,3,,,1,107,,34599,3,,,1,100,,34600,3,,,1,100,,34601,3,,,1,103,,34602,3,,,1
300,'4',850,,34603,3,,,1,87,,34604,3,,,1,87,,34605,3,,,1,87,,34606,3,,,1,46,,34607,3,,,1,87,,34608,3,,,1,87,,34609,3,,,1,87,,34610,3,,,1,87,,34611,3,,,1,47,,34612,3,,,1,88,,34613,3,,,1,89,,34614,3,,,1,87,,34615,3,,,1,107,,34616,3,,,1,100,,34617,3,,,1,100,,34618,3,,,1,103,,34619,3,,,1
500,'2',558,,35067,3,0,13 31,1,76,,35069,3,0,10 31,1,24,,35070,3,0,13 31,1,70,,35081,3,0,10 31,1,30,,35071,3,0,13 31,1,70,,35082,3,0,10 31,1,30,,35072,3,0,13 31,1,70,,35083,3,0,10 31,1,30,,35073,3,0,13 31,1,70,,35084,3,0,10 31,1,30,,35074,3,0,13 31,1,70,,35085,3,0,10 31,1,29,,35075,3,0,13 31,1,70,,35086,3,0,10 31,1,30,,35076,3,0,13 31,1,70,,35087,3,0,10 31,1,30,,35077,3,0,13 31,1,70,,35088,3,0,10 31,1,30,,35078,3,0,13 31,1,70,,35089,3,0,10 31,1,30,,35079,3,0,13 31,1,70,,35090,3,0,10 31,1,30,,35080,3,0,13 31,1,70,,35091,3,0,10 31,1,24,,35092,3,0,13 31,1,70,,35095,3,0,10 31,1,30,,35096,3,0,10 31,1,70,,35097,3,0,10 31,1,30,,35098,3,0,10 31,1,70,,35099,3,0,10 31,1,30,,35100,3,0,10 31,1,70,,35101,3,0,10 31,1,30,,35102,3,0,10 31,1,65,,35103,3,0,10 31,1,28,,35104,3,0,10 31,1,88,,35093,3,0,10 31,1
500,'3',604,,35105,3,0,10 31,1,100,,35106,3,0,10 31,1,99,,35107,3,0,10 31,1,100,,35108,3,0,10 31,1,45,,35109,3,0,13 31,1,75,,35116,3,0,10 31,1,35,,35110,3,0,13 31,1,75,,35117,3,0,10 31,1,75,,35111,3,0,13 31,1,35,,35118,3,0,10 31,1,75,,35112,3,0,13 31,1,35,,35119,3,0,10 31,1,75,,35113,3,0,13 31,1,75,,35120,3,0,10 31,1,35,,35114,3,0,13 31,1,75,,35121,3,0,10 31,1,35,,35115,3,0,13 31,1,75,,35122,3,0,10 31,1,82,,35123,3,0,13 31,1,34,,35129,3,0,10 31,1,75,,35124,3,0,10 31,1,100,,35125,3,0,10 31,1,101,,35126,3,0,10 31,1,110,,35127,3,0,10 31,1,110,,35128,3,0,10 31,1
500,'30',829,,35131,3,0,10 31,1,85,,35132,3,0,10 31,1,87,,35133,3,0,10 31,1,47,,35134,3,0,10 31,1,87,,35135,3,0,10 31,1,87,,35136,3,0,10 31,1,87,,35137,3,0,10 31,1,47,,35138,3,0,10 31,1,87,,35139,3,0,10 31,1,87,,35140,3,0,10 31,1,87,,35141,3,0,10 31,1,88,,35142,3,0,10 31,1,47,,35143,3,0,10 31,1,100,,35144,3,0,10 31,1,100,,35145,3,0,10 31,1,100,,35146,3,0,10 31,1,94,,35147,3,0,10 31,1,92,,35148,3,0,10 31,1
500,'4',829,,35150,3,0,10 31,1,85,,35151,3,0,10 31,1,87,,35152,3,0,10 31,1,47,,35153,3,0,10 31,1,87,,35154,3,0,10 31,1,87,,35155,3,0,10 31,1,87,,35156,3,0,10 31,1,47,,35157,3,0,10 31,1,87,,35158,3,0,10 31,1,87,,35159,3,0,10 31,1,87,,35160,3,0,10 31,1,88,,35161,3,0,10 31,1,47,,35162,3,0,10 31,1,100,,35163,3,0,10 31,1,100,,35164,3,0,10 31,1,100,,35165,3,0,10 31,1,94,,35166,3,0,10 31,1,92,,35167,3,0,10 31,1
