201,'11802',722,,42903,26,0,13 24 25,1,35,,42905,20,0,10 24 25,1,68,,42904,26,0,13 24 25,1,30,,42906,20,0,10 24 25,1
201,'2',616,,42908,20,0,10 24 25,1,15,,42944,26,0,13 24 25,1,15,,42909,20,0,10 24 25,1,55,,42945,26,0,13 24 25,1,15,,42910,20,0,10 24 25,1,15,,42946,26,0,13 24 25,1,15,,42911,20,0,10 24 25,1,55,,42947,26,0,13 24 25,1,15,,42912,20,0,10 24 25,1,15,,42948,26,0,13 24 25,1,13,,42913,20,0,10 24 25,1,15,,42949,26,0,13 24 25,1,55,,42914,20,0,10 24 25,1,15,,42950,26,0,13 24 25,1,15,,42915,20,0,10 24 25,1,15,,42951,26,0,13 24 25,1,55,,42916,20,0,10 24 25,1,15,,42952,26,0,13 24 25,1,15,,42917,20,0,10 24 25,1,15,,42953,26,0,13 24 25,1,55,,42918,20,0,10 24 25,1,15,,42954,26,0,13 24 25,1,15,,42919,20,0,10 24 25,1,15,,42955,26,0,13 24 25,1,55,,42920,20,0,10 24 25,1,15,,42956,26,0,13 24 25,1,15,,42921,20,0,10 24 25,1,15,,42957,26,0,13 24 25,1,55,,42922,20,0,10 24 25,1,15,,42958,26,0,13 24 25,1,13,,42923,20,0,10 24 25,1,15,,42959,26,0,13 24 25,1,55,,42924,20,0,10 24 25,1,15,,42960,26,0,13 24 25,1,15,,42925,20,0,10 24 25,1,15,,42961,26,0,13 24 25,1,55,,42926,20,0,10 24 25,1,15,,42962,26,0,13 24 25,1,15,,42927,20,0,10 24 25,1,15,,42963,26,0,13 24 25,1,55,,42928,20,0,10 24 25,1,15,,42964,26,0,13 24 25,1,20,,42929,20,0,10 24 25,1,58,,42965,26,0,13 24 25,1,16,,42930,20,0,10 24 25,1,14,,42966,26,0,13 24 25,1,13,,42931,20,0,10 24 25,1,11,,42967,26,0,13 24 25,1,57,,42932,20,0,10 24 25,1,15,,42968,26,0,13 24 25,1,15,,42933,20,0,10 24 25,1,10,,42969,26,0,13 24 25,1,55,,42934,20,0,10 24 25,1,15,,42970,26,0,13 24 25,1,27,,42971,26,0,13 24 25,1,53,,42936,20,0,10 24 25,1,18,,42972,26,0,13 24 25,1,14,,42937,20,0,10 24 25,1,16,,42973,26,0,13 24 25,1,63,,42974,26,0,13 24 25,1,18,,42939,20,0,10 24 25,1,24,,42975,26,0,13 24 25,1,56,,42940,20,0,10 24 25,1,18,,42976,26,0,13 24 25,1,20,,42941,20,0,10 24 25,1,56,,42977,26,0,13 24 25,1,20,,42942,20,0,10 24 25,1,20,,42978,26,0,13 24 25,1,63,,42943,20,0,10 24 25,1,37,,42979,26,0,13 24 25,1,59,,42980,20,0,10 24 25,1
201,'3',619,,42983,26,0,13 24 25,1,30,,42984,20,0,10 24 25,1,70,,42985,26,0,13 24 25,1,29,,42986,20,0,10 24 25,1,53,,42987,26,0,13 24 25,1,15,,42988,20,0,10 24 25,1,10,,42989,26,0,13 24 25,1,15,,42990,20,0,10 24 25,1,10,,42991,26,0,13 24 25,1,55,,42992,20,0,10 24 25,1,15,,42993,26,0,13 24 25,1,15,,42994,20,0,10 24 25,1,14,,42995,26,0,13 24 25,1,53,,42996,20,0,10 24 25,1,10,,43039,2,,,1,5,,42997,26,0,13 24 25,1,15,,43018,20,0,10 24 25,1,15,,42998,26,0,13 24 25,1,55,,43019,20,0,10 24 25,1,15,,42999,26,0,13 24 25,1,15,,43020,20,0,10 24 25,1,16,,43000,26,0,13 24 25,1,10,,43021,20,0,10 24 25,1,55,,43001,26,0,13 24 25,1,10,,43022,20,0,10 24 25,1,15,,43002,26,0,13 24 25,1,15,,43023,20,0,10 24 25,1,55,,43003,26,0,13 24 25,1,15,,43024,20,0,10 24 25,1,15,,43004,26,0,13 24 25,1,15,,43025,20,0,10 24 25,1,55,,43005,26,0,13 24 25,1,10,,43026,20,0,10 24 25,1,10,,43006,26,0,13 24 25,1,15,,43027,20,0,10 24 25,1,15,,43007,26,0,13 24 25,1,55,,43028,20,0,10 24 25,1,15,,43008,26,0,13 24 25,1,15,,43029,20,0,10 24 25,1,15,,43009,26,0,13 24 25,1,55,,43030,20,0,10 24 25,1,15,,43010,26,0,13 24 25,1,10,,43031,20,0,10 24 25,1,15,,43011,26,0,13 24 25,1,55,,43032,20,0,10 24 25,1,10,,43012,26,0,13 24 25,1,15,,43033,20,0,10 24 25,1,15,,43013,26,0,13 24 25,1,57,,43034,20,0,10 24 25,1,10,,43014,26,0,13 24 25,1,15,,43035,20,0,10 24 25,1,15,,43015,26,0,13 24 25,1,55,,43036,20,0,10 24 25,1,15,,43016,26,0,13 24 25,1,15,,43037,20,0,10 24 25,1,15,,43017,26,0,13 24 25,1,55,,43038,20,0,10 24 25,1,15,,43040,26,0,13 24 25,1,15,,43041,20,0,10 24 25,1,15,,43042,26,0,13 24 25,1,65,,43047,20,0,10 24 25,1,30,,43043,26,0,13 24 25,1,70,,43048,20,0,10 24 25,1,27,,43044,26,0,13 24 25,1,71,,43049,20,0,10 24 25,1,30,,43045,26,0,13 24 25,1,70,,43050,20,0,10 24 25,1,38,,43046,26,0,13 24 25,1
201,'30',615,,43059,2,,,1,31,,43058,26,0,13 24 25,1,70,,43060,20,0,10 24 25,1,30,,43062,26,0,13 24 25,1,70,,43061,20,0,10 24 25,1,35,,43063,26,0,13 24 25,1,70,,43064,20,0,10 24 25,1,25,,43068,26,0,13 24 25,1,65,,43065,20,0,10 24 25,1,25,,43069,26,0,13 24 25,1,65,,43066,20,0,10 24 25,1,15,,43094,10,,,1,10,,43070,26,0,13 24 25,1,25,,43067,20,0,10 24 25,1,55,,43071,26,0,13 24 25,1,15,,43083,20,0,10 24 25,1,15,,43072,26,0,13 24 25,1,15,,43084,20,0,10 24 25,1,55,,43073,26,0,13 24 25,1,15,,43085,20,0,10 24 25,1,15,,43074,26,0,13 24 25,1,15,,43086,20,0,10 24 25,1,55,,43075,26,0,13 24 25,1,15,,43087,20,0,10 24 25,1,15,,43076,26,0,13 24 25,1,15,,43088,20,0,10 24 25,1,55,,43077,26,0,13 24 25,1,15,,43089,20,0,10 24 25,1,15,,43078,26,0,13 24 25,1,15,,43090,20,0,10 24 25,1,55,,43079,26,0,13 24 25,1,15,,43091,20,0,10 24 25,1,15,,43080,26,0,13 24 25,1,15,,43092,20,0,10 24 25,1,55,,43081,26,0,13 24 25,1,15,,43093,20,0,10 24 25,1,15,,43082,26,0,13 24 25,1,17,,43095,20,0,10 24 25,1,75,,43101,26,0,13 24 25,1,15,,43096,20,0,10 24 25,1,65,,43102,26,0,13 24 25,1,25,,43097,20,0,10 24 25,1,25,,43103,26,0,13 24 25,1,65,,43098,20,0,10 24 25,1,25,,43104,26,0,13 24 25,1,65,,43099,20,0,10 24 25,1,25,,43105,26,0,13 24 25,1,65,,43100,20,0,10 24 25,1,25,,43106,26,0,13 24 25,1,20,,43057,20,0,10 24 25,1
201,'4',615,,43113,2,,,1,31,,43112,26,0,13 24 25,1,70,,43114,20,0,10 24 25,1,30,,43116,26,0,13 24 25,1,70,,43115,20,0,10 24 25,1,35,,43117,26,0,13 24 25,1,70,,43118,20,0,10 24 25,1,25,,43122,26,0,13 24 25,1,65,,43119,20,0,10 24 25,1,25,,43123,26,0,13 24 25,1,65,,43120,20,0,10 24 25,1,15,,43148,10,,,1,10,,43124,26,0,13 24 25,1,25,,43121,20,0,10 24 25,1,55,,43125,26,0,13 24 25,1,15,,43137,20,0,10 24 25,1,15,,43126,26,0,13 24 25,1,15,,43138,20,0,10 24 25,1,55,,43127,26,0,13 24 25,1,15,,43139,20,0,10 24 25,1,15,,43128,26,0,13 24 25,1,15,,43140,20,0,10 24 25,1,55,,43129,26,0,13 24 25,1,15,,43141,20,0,10 24 25,1,15,,43130,26,0,13 24 25,1,15,,43142,20,0,10 24 25,1,55,,43131,26,0,13 24 25,1,15,,43143,20,0,10 24 25,1,15,,43132,26,0,13 24 25,1,15,,43144,20,0,10 24 25,1,55,,43133,26,0,13 24 25,1,15,,43145,20,0,10 24 25,1,15,,43134,26,0,13 24 25,1,15,,43146,20,0,10 24 25,1,55,,43135,26,0,13 24 25,1,15,,43147,20,0,10 24 25,1,15,,43136,26,0,13 24 25,1,17,,43149,20,0,10 24 25,1,75,,43155,26,0,13 24 25,1,15,,43150,20,0,10 24 25,1,65,,43156,26,0,13 24 25,1,25,,43151,20,0,10 24 25,1,25,,43157,26,0,13 24 25,1,65,,43152,20,0,10 24 25,1,25,,43158,26,0,13 24 25,1,65,,43153,20,0,10 24 25,1,25,,43159,26,0,13 24 25,1,65,,43154,20,0,10 24 25,1,25,,43160,26,0,13 24 25,1,20,,43111,20,0,10 24 25,1
701,'2',610,,44365,14,,,1,27,,44366,14,,,1,71,,44367,14,,,1,23,,44368,14,,,1,22,,44369,14,,,1,60,,44370,14,,,1,20,,44371,14,,,1,21,,44372,14,,,1,70,,44373,14,,,1,15,,44374,14,,,1,70,,44375,14,,,1,30,,44376,14,,,1,70,,44377,14,,,1,30,,44378,14,,,1,70,,44379,14,,,1,30,,44380,14,,,1,70,,44381,14,,,1,30,,44382,14,,,1,64,,44383,14,,,1,20,,44384,14,,,1,20,,44385,14,,,1,60,,44386,14,,,1,20,,44387,14,,,1,20,,44388,14,,,1,59,,44389,14,,,1,20,,44390,14,,,1,20,,44391,14,,,1,60,,44392,14,,,1,20,,44393,14,,,1,21,,44394,14,,,1,68,,44395,14,,,1,25,,44396,14,,,1,65,,44397,14,,,1,25,,44398,14,,,1,25,,44399,14,,,1,70,,44400,14,,,1,82,,44401,14,,,1,30,,44402,14,,,1,70,,44403,14,,,1,30,,44404,14,,,1,70,,44405,14,,,1,30,,44406,14,,,1
701,'3',619,,44449,14,,,1,36,,44450,14,,,1,71,,44448,14,,,1,30,,44412,14,,,1,70,,44413,14,,,1,25,,44414,14,,,1,70,,44415,14,,,1,30,,44416,14,,,1,64,,44417,14,,,1,25,,44418,14,,,1,70,,44419,14,,,1,30,,44420,14,,,1,66,,44421,14,,,1,25,,44422,14,,,1,70,,44423,14,,,1,30,,44424,14,,,1,70,,44425,14,,,1,30,,44426,14,,,1,70,,44427,14,,,1,30,,44428,14,,,1,70,,44429,14,,,1,30,,44430,14,,,1,70,,44431,14,,,1,30,,44432,14,,,1,69,,44433,14,,,1,30,,44434,14,,,1,25,,44435,14,,,1,65,,44436,14,,,1,30,,44437,14,,,1,65,,44438,14,,,1,22,,44439,14,,,1,73,,44440,14,,,1,30,,44441,14,,,1,70,,44442,14,,,1,30,,44443,14,,,1,70,,44444,14,,,1,30,,44445,14,,,1
701,'30',848,,44451,14,,,1,65,,44452,14,,,1,35,,44453,14,,,1,60,,44454,14,,,1,25,,44455,14,,,1,70,,44456,14,,,1,30,,44457,14,,,1,24,,44458,14,,,1,65,,44459,14,,,1,30,,44460,14,,,1,70,,44461,14,,,1,30,,44462,14,,,1,65,,44463,14,,,1,30,,44464,14,,,1,70,,44465,14,,,1,30,,44466,14,,,1,70,,44467,14,,,1,30,,44468,14,,,1,72,,44469,14,,,1,30,,44470,14,,,1,70,,44471,14,,,1,30,,44473,14,,,1,70,,44474,14,,,1,30,,44475,14,,,1,70,,44476,14,,,1,30,,44477,14,,,1,70,,44478,14,,,1,30,,44481,14,,,1,70,,44482,14,,,1,30,,44479,14,,,1
701,'4',848,,44483,14,,,1,65,,44484,14,,,1,35,,44485,14,,,1,60,,44486,14,,,1,25,,44487,14,,,1,70,,44488,14,,,1,30,,44489,14,,,1,24,,44490,14,,,1,65,,44491,14,,,1,30,,44492,14,,,1,70,,44493,14,,,1,30,,44494,14,,,1,65,,44495,14,,,1,30,,44496,14,,,1,70,,44497,14,,,1,30,,44498,14,,,1,70,,44499,14,,,1,30,,44500,14,,,1,72,,44501,14,,,1,30,,44502,14,,,1,70,,44503,14,,,1,30,,44505,14,,,1,70,,44506,14,,,1,30,,44507,14,,,1,70,,44508,14,,,1,30,,44509,14,,,1,70,,44510,14,,,1,30,,44513,14,,,1,70,,44514,14,,,1,30,,44511,14,,,1
9401,'11802',832,,50182,4,,,1
9401,'2',706,,50183,4,,,1,26,,50184,4,,,1,26,,50185,4,,,1,66,,50186,4,,,1,26,,50187,4,,,1,66,,50188,4,,,1,26,,50189,4,,,1,312,,50190,4,,,1,61,,50191,4,,,1,21,,50192,4,,,1,20,,50193,4,,,1,61,,50194,4,,,1,21,,50195,4,,,1,21,,50196,4,,,1,61,,50197,4,,,1,21,,50198,4,,,1,62,,50199,4,,,1,23,,50200,4,,,1,23,,50201,4,,,1,63,,50202,4,,,1,23,,50203,4,,,1
