2700,'2',630,,39567,38,4,,1,73,,39497,38,4,,1,36,,39498,38,4,,1,13,,39499,38,4,,1,53,,39500,38,4,,1,13,,39501,38,4,,1,13,,39502,38,4,,1,13,,39503,38,4,,1,13,,39504,38,4,,1,53,,39505,38,4,,1,12,,39506,38,4,,1,13,,39507,38,4,,1,13,,39508,38,4,,1,53,,39509,38,4,,1,13,,39510,38,4,,1,13,,39511,38,4,,1,13,,39512,38,4,,1,13,,39513,38,4,,1,53,,39514,38,4,,1,13,,39515,38,4,,1,13,,39516,38,4,,1,13,,39517,38,4,,1,13,,39518,38,4,,1,53,,39519,38,4,,1,12,,39520,38,4,,1,12,,39521,38,4,,1,12,,39522,38,4,,1,12,,39523,38,4,,1,52,,39524,38,4,,1,12,,39525,38,4,,1,12,,39526,38,4,,1,12,,39527,38,4,,1,12,,39528,38,4,,1,52,,39529,38,4,,1,15,,39530,38,4,,1,13,,39531,38,4,,1,13,,39532,38,4,,1,53,,39533,38,4,,1,13,,39534,38,4,,1,13,,39535,38,4,,1,13,,39536,38,4,,1,13,,39537,38,4,,1,57,,39538,38,4,,1,15,,39539,38,4,,1,9,,39540,38,4,,1,11,,39541,38,4,,1,51,,39542,38,4,,1,11,,39543,38,4,,1,11,,39544,38,4,,1,11,,39545,38,4,,1,11,,39546,38,4,,1,11,,39547,38,4,,1,51,,39548,38,4,,1,7,,39549,38,4,,1,6,,39550,38,4,,1,13,,39551,38,4,,1,15,,39552,38,4,,1,53,,39553,38,4,,1,14,,39554,38,4,,1,13,,39555,38,4,,1,17,,39556,38,4,,1,57,,39557,38,4,,1,17,,39558,38,4,,1,17,,39559,38,4,,1,17,,39560,38,4,,1,56,,39561,38,4,,1,16,,39562,38,4,,1,27,,39563,38,4,,1,67,,39564,38,4,,1,27,,39565,38,4,,1,70,,39566,38,4,,1
2700,'3',930,,39568,38,4,,1,29,,39570,38,4,,1,98,,39579,38,4,,1,76,,39571,38,4,,1,72,,39589,38,4,,1,32,,39580,38,4,,1,72,,39572,38,4,,1,32,,39569,38,4,,1,72,,39581,38,4,,1,34,,39573,38,4,,1,72,,39588,38,4,,1,30,,39582,38,4,,1,74,,39574,38,4,,1,32,,39590,38,4,,1,70,,39583,38,4,,1,34,,39575,38,4,,1,72,,39591,38,4,,1,17,,39584,38,4,,1,85,,39576,38,4,,1,85,,39585,38,4,,1,85,,39577,38,4,,1,40,,39586,38,4,,1,80,,39578,38,4,,1,80,,39587,38,4,,1
2700,'30',912,,39592,38,4,,1,45,,39599,38,4,,1,85,,39593,38,4,,1,85,,39600,38,4,,1,85,,39594,38,4,,1,88,,39601,38,4,,1,32,,39603,38,4,,1,27,,39595,38,4,,1,77,,39602,38,4,,1,72,,39604,38,4,,1,32,,39596,38,4,,1,72,,39605,38,4,,1,32,,39607,38,4,,1,72,,39597,38,4,,1,36,,39606,38,4,,1,86,,39598,38,4,,1,85,,39609,38,4,,1,85,,39608,38,4,,1
2700,'4',912,,39610,38,4,,1,45,,39617,38,4,,1,85,,39611,38,4,,1,85,,39618,38,4,,1,85,,39612,38,4,,1,88,,39619,38,4,,1,32,,39621,38,4,,1,27,,39613,38,4,,1,77,,39620,38,4,,1,72,,39622,38,4,,1,32,,39614,38,4,,1,72,,39623,38,4,,1,32,,39625,38,4,,1,72,,39615,38,4,,1,36,,39624,38,4,,1,86,,39616,38,4,,1,85,,39627,38,4,,1,85,,39626,38,4,,1
2701,'2',633,,39628,1,,,1,78,,39630,1,,,1,39,,39633,1,,,1,53,,39634,1,,,1,8,,39635,1,,,1,13,,39636,1,,,1,13,,39637,1,,,1,12,,39638,1,,,1,53,,39639,1,,,1,13,,39640,1,,,1,13,,39641,1,,,1,13,,39642,1,,,1,13,,39643,1,,,1,53,,39644,1,,,1,13,,39645,1,,,1,13,,39646,1,,,1,13,,39647,1,,,1,13,,39648,1,,,1,53,,39649,1,,,1,13,,39650,1,,,1,13,,39651,1,,,1,12,,39652,1,,,1,52,,39653,1,,,1,12,,39654,1,,,1,12,,39655,1,,,1,12,,39656,1,,,1,12,,39657,1,,,1,52,,39658,1,,,1,12,,39659,1,,,1,12,,39660,1,,,1,12,,39661,1,,,1,12,,39662,1,,,1,53,,39663,1,,,1,13,,39664,1,,,1,13,,39665,1,,,1,13,,39666,1,,,1,13,,39667,1,,,1,53,,39668,1,,,1,21,,39670,1,,,1,12,,39671,1,,,1,11,,39672,1,,,1,51,,39673,1,,,1,22,,39675,1,,,1,11,,39676,1,,,1,11,,39677,1,,,1,11,,39678,1,,,1,51,,39679,1,,,1,11,,39680,1,,,1,11,,39681,1,,,1,7,,39682,1,,,1,14,,39683,1,,,1,52,,39684,1,,,1,13,,39685,1,,,1,11,,39686,1,,,1,11,,39687,1,,,1,17,,39688,1,,,1,57,,39689,1,,,1,17,,39690,1,,,1,17,,39691,1,,,1,57,,39692,1,,,1,17,,39693,1,,,1,17,,39694,1,,,1,64,,39695,1,,,1,27,,39696,1,,,1,27,,39697,1,,,1,67,,39698,1,,,1
2701,'3',932,,39710,1,,,1,27,,39701,1,,,1,144,,39711,1,,,1,32,,39702,1,,,1,72,,39719,1,,,1,32,,39712,1,,,1,72,,39703,1,,,1,32,,39720,1,,,1,72,,39713,1,,,1,34,,39704,1,,,1,72,,39721,1,,,1,30,,39714,1,,,1,74,,39705,1,,,1,32,,39722,1,,,1,70,,39715,1,,,1,78,,39706,1,,,1,45,,39716,1,,,1,85,,39707,1,,,1,85,,39717,1,,,1,85,,39708,1,,,1,40,,39718,1,,,1,80,,39709,1,,,1,80,,39723,1,,,1
2701,'30',914,,39725,1,,,1,45,,39731,1,,,1,85,,39726,1,,,1,85,,39732,1,,,1,85,,39727,1,,,1,88,,39733,1,,,1,32,,39734,1,,,1,72,,39728,1,,,1,32,,39736,1,,,1,72,,39735,1,,,1,32,,39729,1,,,1,72,,39737,1,,,1,32,,39739,1,,,1,72,,39730,1,,,1,37,,39738,1,,,1,85,,39740,1,,,1,85,,39741,1,,,1
2701,'4',914,,39743,1,,,1,45,,39749,1,,,1,85,,39744,1,,,1,85,,39750,1,,,1,85,,39745,1,,,1,88,,39751,1,,,1,32,,39752,1,,,1,72,,39746,1,,,1,32,,39754,1,,,1,72,,39753,1,,,1,32,,39747,1,,,1,72,,39755,1,,,1,32,,39757,1,,,1,72,,39748,1,,,1,37,,39756,1,,,1,85,,39758,1,,,1,85,,39759,1,,,1
9100,'2',710,,40995,1,,,1,17,,40996,1,,,1,17,,40997,1,,,1,57,,40998,1,,,1,17,,40999,1,,,1,17,,41000,1,,,1,17,,41001,1,,,1,57,,41002,1,,,1,17,,41003,1,,,1,17,,41004,1,,,1,57,,41005,1,,,1,17,,41006,1,,,1,17,,41007,1,,,1,17,,41008,1,,,1,57,,41009,1,,,1,17,,41010,1,,,1,17,,41011,1,,,1,17,,41012,1,,,1,57,,41013,1,,,1,17,,41014,1,,,1,17,,41015,1,,,1,57,,41016,1,,,1,17,,41017,1,,,1,17,,41018,1,,,1,15,,41019,1,,,1,57,,41020,1,,,1,17,,41021,1,,,1,17,,41022,1,,,1,57,,41023,1,,,1,17,,41024,1,,,1,17,,41025,1,,,1,17,,41026,1,,,1,57,,41027,1,,,1,17,,41028,1,,,1,17,,41029,1,,,1,58,,41030,1,,,1,17,,41031,1,,,1,17,,41032,1,,,1,18,,41033,1,,,1,57,,41034,1,,,1,17,,41035,1,,,1,17,,41036,1,,,1,57,,41037,1,,,1,17,,41038,1,,,1,18,,41039,1,,,1
9100,'3',1113,,41040,1,,,1,27,,41041,1,,,1,66,,41042,1,,,1,26,,41043,1,,,1,26,,41044,1,,,1,66,,41045,1,,,1,26,,41046,1,,,1,66,,41047,1,,,1,26,,41048,1,,,1,66,,41049,1,,,1,26,,41050,1,,,1,66,,41051,1,,,1,26,,41052,1,,,1,26,,41053,1,,,1,66,,41054,1,,,1,26,,41055,1,,,1,66,,41056,1,,,1,26,,41057,1,,,1,66,,41058,1,,,1,26,,41059,1,,,1,26,,41060,1,,,1,66,,41061,1,,,1,26,,41062,1,,,1,66,,41063,1,,,1
9100,'4',1215,,41082,1,,,1,27,,41064,1,,,1,66,,41065,1,,,1,26,,41066,1,,,1,66,,41067,1,,,1,26,,41068,1,,,1,26,,41069,1,,,1,66,,41070,1,,,1,26,,41071,1,,,1,66,,41072,1,,,1,26,,41073,1,,,1,67,,41074,1,,,1,26,,41075,1,,,1,26,,41076,1,,,1,66,,41077,1,,,1,26,,41078,1,,,1,66,,41079,1,,,1,26,,41080,1,,,1,68,,41081,1,,,1
9101,'2',748,,41083,10,4,,1,57,,41084,13,4,,1,17,,41085,13,4,,1,17,,41086,13,4,,1,17,,41087,13,4,,1,57,,41088,13,4,,1,17,,41089,13,4,,1,17,,41090,13,4,,1,57,,41091,13,4,,1,17,,41092,13,4,,1,17,,41093,13,4,,1,17,,41094,13,4,,1,57,,41095,13,4,,1,17,,41096,13,4,,1,17,,41097,13,4,,1,57,,41098,13,4,,1,18,,41099,13,4,,1,17,,41100,13,4,,1,17,,41101,13,4,,1,57,,41102,13,4,,1,17,,41103,13,4,,1,17,,41104,13,4,,1,57,,41105,13,4,,1,18,,41106,13,4,,1,17,,41107,13,4,,1,17,,41108,13,4,,1,57,,41109,13,4,,1,17,,41110,13,4,,1,17,,41111,13,4,,1,57,,41112,13,4,,1,19,,41113,13,4,,1,17,,41114,13,4,,1,17,,41115,13,4,,1,58,,41116,13,4,,1,17,,41117,13,4,,1,17,,41118,13,4,,1,57,,41119,13,4,,1,12,,41120,13,4,,1,17,,41121,13,4,,1,17,,41122,13,4,,1,57,,41123,13,4,,1,17,,41124,13,4,,1,17,,41125,13,4,,1,17,,41126,13,4,,1,54,,41127,13,4,,1
9101,'3',1112,,41128,13,4,,1,24,,41129,13,4,,1,66,,41130,13,4,,1,26,,41131,13,4,,1,26,,41132,13,4,,1,66,,41133,13,4,,1,26,,41134,13,4,,1,66,,41135,13,4,,1,26,,41136,13,4,,1,66,,41137,13,4,,1,26,,41138,13,4,,1,26,,41139,13,4,,1,66,,41140,13,4,,1,26,,41141,13,4,,1,66,,41142,13,4,,1,26,,41143,13,4,,1,66,,41144,13,4,,1,26,,41145,13,4,,1,26,,41146,13,4,,1,66,,41147,13,4,,1,26,,41148,13,4,,1,66,,41149,13,4,,1,26,,41150,13,4,,1,70,,41151,13,4,,1
9101,'4',1211,,41170,13,4,,1,26,,41152,13,4,,1,66,,41153,13,4,,1,26,,41154,13,4,,1,26,,41155,13,4,,1,66,,41156,13,4,,1,26,,41157,13,4,,1,66,,41158,13,4,,1,26,,41159,13,4,,1,66,,41160,13,4,,1,26,,41161,13,4,,1,26,,41162,13,4,,1,66,,41163,13,4,,1,26,,41164,13,4,,1,66,,41165,13,4,,1,26,,41166,13,4,,1,67,,41167,13,4,,1,26,,41168,13,4,,1,69,,41169,13,4,,1
