1000,'2',621,,36233,62,,,1,15,,36234,62,,,1,15,,36235,77,,,1,55,,36236,62,,,1,15,,36244,77,,,1,15,,36245,62,,,1,20,,36243,77,,,1,55,,36246,62,,,1,21,,36237,77,,,1,19,,36283,77,,,1,57,,36238,77,,,1,14,,36284,77,,,1,15,,36242,77,,,1,18,,36241,77,,,1,69,,36239,77,,,1,30,,36250,77,,,1,70,,36249,77,,,1,30,,36248,77,,,1,71,,36247,77,,,1,32,,36254,77,,,1,52,,36255,62,,,1,28,,36253,77,,,1,13,,36287,62,,,1,57,,36252,77,,,1,19,,36251,77,,,1,11,,36288,62,,,1,22,,36257,77,,,1,63,,36256,77,,,1,18,,36285,77,,,1,16,,36258,77,,,1,55,,36286,77,,,1,19,,36259,77,,,1,18,,36266,77,,,1,52,,36260,77,,,1,18,,36261,77,,,1,17,,36262,77,,,1,17,,36263,77,,,1,56,,36264,77,,,1,15,,36289,77,,,1,12,,36265,77,,,1,73,,36267,77,,,1,12,,36268,77,,,1,33,,36269,77,,,1,73,,36270,77,,,1,30,,36271,77,,,1,70,,36272,77,,,1,75,,36273,77,,,1,22,,36274,77,,,1,78,,36275,77,,,1,33,,36276,77,,,1,70,,36277,77,,,1,35,,36278,77,,,1,75,,36279,77,,,1,30,,36280,77,,,1
1000,'3',628,,36295,62,,,1,75,,36292,62,,,1,35,,36293,77,,,1,77,,36294,77,,,1,37,,36296,77,,,1,70,,36297,77,,,1,15,,36298,77,,,1,71,,36299,77,,,1,32,,36300,77,,,1,70,,36301,77,,,1,30,,36302,77,,,1,71,,36303,77,,,1,41,,36304,77,,,1,70,,36305,77,,,1,30,,36306,77,,,1,70,,36307,77,,,1,31,,36308,77,,,1,70,,36309,77,,,1,30,,36310,77,,,1,65,,36311,77,,,1,12,,36312,77,,,1,70,,36313,77,,,1,30,,36314,77,,,1,70,,36315,77,,,1,26,,36316,77,,,1,28,,36317,77,,,1,65,,36318,77,,,1,30,,36319,77,,,1,70,,36320,77,,,1,30,,36321,77,,,1,68,,36322,77,,,1,30,,36326,77,,,1,64,,36327,77,,,1,25,,36328,77,,,1,65,,36329,77,,,1,25,,36330,77,,,1,30,,36331,77,,,1,61,,36332,77,,,1,87,,36333,77,,,1
1000,'30',722,,36334,62,,,1,37,,36370,77,,,1,60,,36335,77,,,1,37,,36369,77,,,1,60,,36336,77,,,1,30,,36337,77,,,1,70,,36338,77,,,1,30,,36339,77,,,1,65,,36340,77,,,1,25,,36341,77,,,1,65,,36342,77,,,1,28,,36343,77,,,1,71,,36344,77,,,1,30,,36345,77,,,1,70,,36346,77,,,1,30,,36347,77,,,1,70,,36348,77,,,1,30,,36349,77,,,1,70,,36350,77,,,1,30,,36351,77,,,1,70,,36352,77,,,1,29,,36353,77,,,1,29,,36356,77,,,1,70,,36357,77,,,1,30,,36358,77,,,1,70,,36359,77,,,1,30,,36360,77,,,1,66,,36361,77,,,1,30,,36362,77,,,1,70,,36363,77,,,1,26,,36364,77,,,1,70,,36365,77,,,1,32,,36366,77,,,1,70,,36367,77,,,1
1000,'4',722,,36371,62,,,1,37,,36407,77,,,1,60,,36372,77,,,1,37,,36406,77,,,1,60,,36373,77,,,1,30,,36374,77,,,1,70,,36375,77,,,1,30,,36376,77,,,1,65,,36377,77,,,1,25,,36378,77,,,1,65,,36379,77,,,1,28,,36380,77,,,1,71,,36381,77,,,1,30,,36382,77,,,1,70,,36383,77,,,1,30,,36384,77,,,1,70,,36385,77,,,1,30,,36386,77,,,1,70,,36387,77,,,1,30,,36388,77,,,1,70,,36389,77,,,1,29,,36390,77,,,1,29,,36393,77,,,1,70,,36394,77,,,1,30,,36395,77,,,1,70,,36396,77,,,1,30,,36397,77,,,1,66,,36398,77,,,1,30,,36399,77,,,1,70,,36400,77,,,1,26,,36401,77,,,1,70,,36402,77,,,1,32,,36403,77,,,1,70,,36404,77,,,1
2701,'2',546,,39699,4,,,1,92,,39628,5,,,1,65,,39629,4,,,1,13,,39630,5,,,1,13,,39631,4,,,1,13,,39632,4,,,1,13,,39633,5,,,1,53,,39634,5,,,1,8,,39635,5,,,1,13,,39636,5,,,1,13,,39637,5,,,1,12,,39638,5,,,1,54,,39639,5,,,1,13,,39640,5,,,1,13,,39641,5,,,1,13,,39642,5,,,1,53,,39643,5,,,1,13,,39644,5,,,1,13,,39645,5,,,1,13,,39646,5,,,1,13,,39647,5,,,1,53,,39648,5,,,1,13,,39649,5,,,1,13,,39650,5,,,1,13,,39651,5,,,1,12,,39652,5,,,1,52,,39653,5,,,1,12,,39654,5,,,1,12,,39655,5,,,1,12,,39656,5,,,1,12,,39657,5,,,1,52,,39658,5,,,1,12,,39659,5,,,1,12,,39660,5,,,1,12,,39661,5,,,1,12,,39662,5,,,1,53,,39663,5,,,1,13,,39664,5,,,1,13,,39665,5,,,1,13,,39666,5,,,1,53,,39667,5,,,1,13,,39668,5,,,1,9,,39669,4,,,1,12,,39670,5,,,1,12,,39671,5,,,1,11,,39672,5,,,1,51,,39673,5,,,1,11,,39674,4,,,1,11,,39675,5,,,1,11,,39676,5,,,1,11,,39677,5,,,1,51,,39678,5,,,1,11,,39679,5,,,1,11,,39680,5,,,1,11,,39681,5,,,1,7,,39682,5,,,1,14,,39683,5,,,1,51,,39684,5,,,1,13,,39685,5,,,1,11,,39686,5,,,1,11,,39687,5,,,1,57,,39688,5,,,1,17,,39689,5,,,1,17,,39690,5,,,1,17,,39691,5,,,1,57,,39692,5,,,1,17,,39693,5,,,1,17,,39694,5,,,1,63,,39695,5,,,1,27,,39696,5,,,1,67,,39697,5,,,1,27,,39698,5,,,1
2701,'3',852,,39700,4,,,1,83,,39710,5,,,1,71,,39701,5,,,1,104,,39711,5,,,1,33,,39702,5,,,1,72,,39719,5,,,1,32,,39712,5,,,1,72,,39703,5,,,1,32,,39720,5,,,1,71,,39713,5,,,1,34,,39704,5,,,1,72,,39721,5,,,1,30,,39714,5,,,1,74,,39705,5,,,1,72,,39722,5,,,1,30,,39715,5,,,1,75,,39706,5,,,1,45,,39716,5,,,1,85,,39707,5,,,1,85,,39717,5,,,1,84,,39708,5,,,1,40,,39718,5,,,1,80,,39709,5,,,1,80,,39723,5,,,1
2701,'30',834,,39724,4,,,1,85,,39725,5,,,1,85,,39731,5,,,1,45,,39726,5,,,1,85,,39732,5,,,1,86,,39727,5,,,1,88,,39733,5,,,1,32,,39734,5,,,1,72,,39728,5,,,1,32,,39736,5,,,1,72,,39735,5,,,1,32,,39729,5,,,1,72,,39737,5,,,1,32,,39739,5,,,1,70,,39730,5,,,1,37,,39738,5,,,1,85,,39740,5,,,1,85,,39741,5,,,1
2701,'4',834,,39742,4,,,1,85,,39743,5,,,1,85,,39749,5,,,1,45,,39744,5,,,1,85,,39750,5,,,1,86,,39745,5,,,1,88,,39751,5,,,1,32,,39752,5,,,1,72,,39746,5,,,1,32,,39754,5,,,1,72,,39753,5,,,1,32,,39747,5,,,1,72,,39755,5,,,1,32,,39757,5,,,1,70,,39748,5,,,1,37,,39756,5,,,1,85,,39758,5,,,1,85,,39759,5,,,1
12700,'3302',651,,42080,14,,,1,89,,42081,14,,,1,18,,42082,14,,,1,94,,42083,14,,,1,58,,42084,14,,,1,91,,42085,14,,,1,23,,42086,14,,,1,86,,42087,14,,,1,23,,42088,14,,,1,86,,42089,14,,,1,23,,42090,14,,,1,86,,42091,14,,,1,24,,42092,14,,,1,86,,42093,14,,,1,70,,42094,14,,,1,45,,42095,14,,,1,71,,42096,14,,,1,88,,42097,14,,,1,36,,42098,14,,,1,77,,42099,14,,,1,77,,42100,14,,,1,34,,42101,14,,,1,74,,42102,14,,,1,34,,42103,14,,,1,101,,42104,14,,,1,104,,42105,14,,,1,101,,42106,14,,,1
12700,'3602',613,,42107,14,,,1,91,,42108,14,,,1,16,,42109,14,,,1,96,,42110,14,,,1,18,,42111,14,,,1,103,,42112,14,,,1,110,,42113,14,,,1,109,,42114,14,,,1,149,,42115,14,,,1,103,,42116,14,,,1,15,,42117,14,,,1,30,,42118,14,,,1,70,,42119,14,,,1,15,,42120,14,,,1,70,,42121,14,,,1,32,,42122,14,,,1,16,,42123,14,,,1,72,,42124,14,,,1
12700,'3903',611,,42125,14,,,1,100,,42126,14,,,1,103,,42127,14,,,1,102,,42128,14,,,1,102,,42129,14,,,1,34,,42130,14,,,1,74,,42131,14,,,1,74,,42132,14,,,1,35,,42133,14,,,1,75,,42134,14,,,1,35,,42135,14,,,1,76,,42136,14,,,1,35,,42137,14,,,1,75,,42138,14,,,1,75,,42139,14,,,1,35,,42140,14,,,1,75,,42141,14,,,1,35,,42142,14,,,1,75,,42143,14,,,1,74,,42144,14,,,1,34,,42145,14,,,1,74,,42146,14,,,1,34,,42147,14,,,1,102,,42148,14,,,1,102,,42149,14,,,1,102,,42150,14,,,1
12700,'6404',701,,42151,4,,,1,102,,42152,14,,,1,102,,42153,14,,,1,34,,42154,14,,,1,74,,42155,14,,,1,34,,42156,14,,,1,74,,42157,14,,,1,34,,42158,14,,,1,75,,42159,14,,,1,74,,42160,14,,,1,34,,42161,14,,,1,74,,42162,14,,,1,34,,42163,14,,,1,74,,42164,14,,,1,34,,42165,14,,,1,74,,42166,14,,,1,73,,42167,14,,,1,28,,42168,14,,,1,77,,42169,14,,,1,101,,42170,14,,,1,101,,42171,14,,,1,101,,42172,14,,,1,101,,42173,14,,,1
