2400,'11802',1505,,47672,1,,,1,135,,47673,1,0,42 20,1
2400,'2',601,,47674,1,,,1,22,,47675,1,,,1,30,,47676,1,,,1,70,,47677,1,,,1,30,,47678,1,,,1,70,,47679,1,,,1,30,,47680,1,,,1,70,,47681,1,,,1,30,,47682,1,,,1,70,,47683,1,,,1,30,,47684,1,,,1,70,,47685,1,,,1,30,,47686,1,,,1,70,,47687,1,,,1,30,,47688,1,,,1,70,,47689,1,,,1,30,,47690,1,,,1,70,,47691,1,,,1,30,,47692,1,,,1,70,,47693,1,,,1,30,,47699,1,,,1,73,,47696,1,,,1,33,,47697,1,,,1,73,,47698,1,,,1,72,,47700,1,,,1,33,,47701,1,,,1,72,,47702,1,,,1,30,,47703,1,,,1,70,,47704,1,,,1,30,,47705,1,0,42 20,1,70,,47694,1,0,8 4 59,1,20,,47706,1,0,8 4 59,1
2400,'3',637,,47722,1,,,1,80,,47721,1,,,1,40,,47707,1,,,1,80,,47714,1,,,1,80,,47708,1,,,1,40,,47715,1,,,1,80,,47709,1,,,1,78,,47716,1,,,1,42,,47710,1,,,1,78,,47717,1,,,1,85,,47711,1,,,1,85,,47718,1,,,1,44,,47712,1,,,1,86,,47719,1,,,1,84,,47713,1,,,1,86,,47720,1,,,1,44,,47724,1,,,1,80,,47725,1,,,1,84,,47726,1,,,1,40,,47727,1,,,1,84,,47728,1,0,8 4 59,1
2400,'30',722,,47729,1,,,1,80,,47731,1,,,1,43,,47732,1,,,1,81,,47733,1,,,1,80,,47734,1,,,1,40,,47735,1,,,1,80,,47736,1,,,1,79,,47737,1,,,1,40,,47738,1,,,1,80,,47739,1,,,1,80,,47740,1,,,1,40,,47741,1,,,1,80,,47742,1,,,1,80,,47743,1,,,1,40,,47744,1,,,1,80,,47745,1,,,1,82,,47746,1,,,1,40,,47747,1,,,1,80,,47748,1,,,1,80,,47749,1,,,1,40,,47750,1,0,8 4 59,1
2400,'4',722,,47751,1,,,1,80,,47753,1,,,1,43,,47754,1,,,1,81,,47755,1,,,1,80,,47756,1,,,1,40,,47757,1,,,1,80,,47758,1,,,1,79,,47759,1,,,1,40,,47760,1,,,1,80,,47761,1,,,1,80,,47762,1,,,1,40,,47763,1,,,1,80,,47764,1,,,1,80,,47765,1,,,1,40,,47766,1,,,1,80,,47767,1,,,1,82,,47768,1,,,1,40,,47769,1,,,1,80,,47770,1,,,1,80,,47771,1,,,1,40,,47772,1,0,8 4 59,1
2401,'11802',1504,,47774,7,4,,1,136,,47773,41,4,,1
2401,'2',601,,47795,7,4,,1,22,,47796,7,4,,1,30,,47775,41,4,,1,70,,47776,41,4,,1,29,,47777,41,4,,1,71,,47778,41,4,,1,30,,47779,41,4,,1,70,,47780,41,4,,1,30,,47781,41,4,,1,70,,47782,41,4,,1,30,,47783,41,4,,1,70,,47784,41,4,,1,30,,47785,41,4,,1,70,,47786,41,4,,1,30,,47787,41,4,,1,70,,47788,41,4,,1,30,,47789,41,4,,1,70,,47790,41,4,,1,29,,47791,41,4,,1,71,,47792,41,4,,1,30,,47793,41,4,,1,73,,47794,41,4,,1,32,,47797,41,4,,1,73,,47798,41,4,,1,73,,47799,41,4,,1,33,,47800,41,4,,1,72,,47801,41,4,,1,30,,47802,41,4,,1,70,,47803,41,4,,1,30,,47804,41,4,,1,70,,47805,41,4,,1,20,,47806,41,4,,1
2401,'3',637,,47823,7,4,,1,80,,47822,41,4,,1,40,,47821,41,4,,1,80,,47807,41,4,,1,80,,47808,41,4,,1,40,,47815,41,4,,1,80,,47809,41,4,,1,78,,47816,41,4,,1,42,,47810,41,4,,1,78,,47817,41,4,,1,85,,47811,41,4,,1,85,,47818,41,4,,1,44,,47812,41,4,,1,86,,47819,41,4,,1,84,,47813,41,4,,1,86,,47820,41,4,,1,44,,47814,41,4,,1,80,,47824,41,4,,1,84,,47825,41,4,,1,40,,47826,41,4,,1,84,,47827,41,4,,1
2401,'30',722,,47829,7,4,,1,80,,47828,41,4,,1,43,,47830,41,4,,1,81,,47831,41,4,,1,80,,47832,41,4,,1,40,,47833,41,4,,1,80,,47834,41,4,,1,79,,47835,41,4,,1,40,,47836,41,4,,1,80,,47837,41,4,,1,80,,47838,41,4,,1,40,,47839,41,4,,1,80,,47840,41,4,,1,80,,47841,41,4,,1,40,,47842,41,4,,1,80,,47843,41,4,,1,82,,47844,41,4,,1,40,,47845,41,4,,1,80,,47846,41,4,,1,80,,47847,41,4,,1,40,,47848,41,4,,1
2401,'4',722,,47851,7,4,,1,80,,47850,41,4,,1,43,,47852,41,4,,1,81,,47853,41,4,,1,80,,47854,41,4,,1,40,,47855,41,4,,1,80,,47856,41,4,,1,79,,47857,41,4,,1,40,,47858,41,4,,1,80,,47859,41,4,,1,80,,47860,41,4,,1,40,,47861,41,4,,1,80,,47862,41,4,,1,80,,47863,41,4,,1,40,,47864,41,4,,1,80,,47865,41,4,,1,82,,47866,41,4,,1,40,,47867,41,4,,1,80,,47868,41,4,,1,80,,47869,41,4,,1,40,,47870,41,4,,1
