601,'2',642,,35425,31,,,1,75,,35427,31,,,1,35,,35428,31,,,1,65,,35429,31,,,1,25,,35430,31,,,1,65,,35431,31,,,1,30,,35433,31,,,1,65,,35434,31,,,1,30,,35435,31,,,1,70,,35436,31,,,1,25,,35437,31,,,1,30,,35438,31,,,1,70,,35439,31,,,1,30,,35440,31,,,1,70,,35441,31,,,1,25,,35442,31,,,1,71,,35443,31,,,1,30,,35444,31,,,1,70,,35445,31,,,1,30,,35446,31,,,1,70,,35447,31,,,1,25,,35448,31,,,1,70,,35449,31,,,1,28,,35450,31,,,1,69,,35451,31,,,1,25,,35452,31,,,1,65,,35453,31,,,1,25,,35454,31,,,1,25,,35455,31,,,1,61,,35456,31,,,1,25,,35457,31,,,1,65,,35458,31,,,1,25,,35459,31,,,1,25,,35460,31,,,1,65,,35461,31,,,1,25,,35462,31,,,1,65,,35463,31,,,1,25,,35464,31,,,1,66,,35465,31,,,1,27,,35466,31,,,1,83,,35467,31,,,1
601,'3',628,,35469,31,,,1,73,,35470,31,,,1,35,,35471,31,,,1,76,,35472,31,,,1,35,,35473,31,,,1,75,,35474,31,,,1,35,,35475,31,,,1,65,,35476,31,,,1,20,,35477,31,,,1,70,,35478,31,,,1,25,,35479,31,,,1,20,,35480,31,,,1,70,,35482,31,,,1,20,,35483,31,,,1,60,,35484,31,,,1,20,,35485,31,,,1,20,,35486,31,,,1,60,,35487,31,,,1,20,,35488,31,,,1,20,,35489,31,,,1,60,,35490,31,,,1,20,,35491,31,,,1,20,,35492,31,,,1,60,,35493,31,,,1,20,,35494,31,,,1,20,,35495,31,,,1,60,,35496,31,,,1,20,,35497,31,,,1,20,,35498,31,,,1,60,,35499,31,,,1,19,,35500,31,,,1,20,,35502,31,,,1,76,,35503,31,,,1,25,,35504,31,,,1,65,,35505,31,,,1,25,,35506,31,,,1,68,,35507,31,,,1,41,,35509,31,,,1,70,,35510,31,,,1,36,,35511,31,,,1,76,,35512,31,,,1,76,,35513,31,,,1,33,,35514,31,,,1,75,,35515,31,,,1
601,'30',927,,35516,31,,,1,73,,35517,31,,,1,35,,35518,31,,,1,75,,35519,31,,,1,38,,35520,31,,,1,79,,35521,31,,,1,25,,35522,31,,,1,65,,35523,31,,,1,25,,35524,31,,,1,65,,35525,31,,,1,25,,35526,31,,,1,25,,35527,31,,,1,65,,35528,31,,,1,25,,35529,31,,,1,65,,35530,31,,,1,25,,35531,31,,,1,65,,35532,31,,,1,29,,35533,31,,,1,25,,35534,31,,,1,77,,35536,31,,,1,72,,35537,31,,,1,35,,35538,31,,,1,75,,35539,31,,,1,35,,35540,31,,,1,75,,35541,31,,,1,75,,35542,31,,,1,33,,35543,31,,,1,77,,35545,31,,,1
601,'4',927,,35546,31,,,1,73,,35547,31,,,1,35,,35548,31,,,1,75,,35549,31,,,1,38,,35550,31,,,1,79,,35551,31,,,1,25,,35552,31,,,1,65,,35553,31,,,1,25,,35554,31,,,1,65,,35555,31,,,1,25,,35556,31,,,1,25,,35557,31,,,1,65,,35558,31,,,1,25,,35559,31,,,1,65,,35560,31,,,1,25,,35561,31,,,1,65,,35562,31,,,1,29,,35563,31,,,1,25,,35564,31,,,1,77,,35566,31,,,1,72,,35567,31,,,1,35,,35568,31,,,1,75,,35569,31,,,1,35,,35570,31,,,1,75,,35571,31,,,1,75,,35572,31,,,1,33,,35573,31,,,1,77,,35575,31,,,1
2400,'2',615,,39004,19,,,1,22,,39005,19,,,1,70,,39006,19,,,1,32,,39007,19,,,1,70,,39008,19,,,1,30,,39009,19,,,1,70,,39010,19,,,1,29,,39011,19,,,1,70,,39012,19,,,1,30,,39013,19,,,1,70,,39014,19,,,1,30,,39015,19,,,1,70,,39016,19,,,1,30,,39017,19,,,1,70,,39018,19,,,1,30,,39019,19,,,1,70,,39020,19,,,1,31,,39021,19,,,1,70,,39022,19,,,1,30,,39023,19,,,1,70,,39029,19,,,1,35,,39026,19,,,1,73,,39027,19,,,1,33,,39028,19,,,1,72,,39030,19,,,1,33,,39031,19,,,1,72,,39032,19,,,1,30,,39033,19,,,1,70,,39034,19,,,1,30,,39035,19,0,42 20,1
2400,'3',621,,39053,10,,,1,32,,39052,19,,,1,80,,39051,19,,,1,80,,39037,19,,,1,40,,39044,19,,,1,80,,39038,19,,,1,80,,39045,19,,,1,41,,39039,19,,,1,77,,39046,19,,,1,83,,39040,19,,,1,38,,39047,19,,,1,85,,39041,19,,,1,86,,39048,19,,,1,84,,39042,19,,,1,46,,39049,19,,,1,84,,39043,19,,,1,86,,39050,19,,,1,84,,39054,19,,,1,40,,39055,19,,,1,84,,39056,19,,,1,80,,39057,19,,,1
2400,'30',704,,39060,10,,,1,30,,39059,19,,,1,82,,39061,19,,,1,42,,39062,19,,,1,81,,39063,19,,,1,80,,39064,19,,,1,40,,39065,19,,,1,80,,39066,19,,,1,82,,39067,19,,,1,80,,39068,19,,,1,40,,39069,19,,,1,80,,39070,19,,,1,80,,39071,19,,,1,40,,39072,19,,,1,80,,39073,19,,,1,80,,39074,19,,,1,42,,39075,19,,,1,80,,39076,19,,,1,80,,39077,19,,,1,40,,39078,19,,,1,80,,39079,19,,,1
2400,'4',704,,39082,10,,,1,30,,39081,19,,,1,82,,39083,19,,,1,42,,39084,19,,,1,81,,39085,19,,,1,80,,39086,19,,,1,40,,39087,19,,,1,80,,39088,19,,,1,82,,39089,19,,,1,80,,39090,19,,,1,40,,39091,19,,,1,80,,39092,19,,,1,80,,39093,19,,,1,40,,39094,19,,,1,80,,39095,19,,,1,80,,39096,19,,,1,42,,39097,19,,,1,80,,39098,19,,,1,80,,39099,19,,,1,40,,39100,19,,,1,80,,39101,19,,,1
2401,'2',638,,39103,25,,,1,70,,39104,25,,,1,30,,39105,25,,,1,71,,39106,25,,,1,30,,39107,25,,,1,70,,39108,25,,,1,29,,39109,25,,,1,70,,39110,25,,,1,30,,39111,25,,,1,70,,39112,25,,,1,30,,39113,25,,,1,70,,39114,25,,,1,30,,39115,25,,,1,70,,39116,25,,,1,30,,39117,25,,,1,70,,39118,25,,,1,30,,39119,25,,,1,71,,39120,25,,,1,30,,39121,25,,,1,73,,39122,25,,,1,32,,39125,25,,,1,73,,39126,25,,,1,33,,39127,25,,,1,73,,39128,25,,,1,32,,39129,25,,,1,70,,39130,25,,,1,30,,39131,25,,,1,70,,39132,25,,,1,30,,39133,25,,,1,60,,39134,25,,,1
2401,'3',704,,39150,25,,,1,40,,39149,25,,,1,80,,39135,25,,,1,80,,39136,25,,,1,40,,39143,25,,,1,81,,39137,25,,,1,78,,39144,25,,,1,42,,39138,25,,,1,77,,39145,25,,,1,84,,39139,25,,,1,46,,39146,25,,,1,85,,39140,25,,,1,85,,39147,25,,,1,84,,39141,25,,,1,46,,39148,25,,,1,84,,39142,25,,,1,80,,39152,25,,,1,84,,39153,25,,,1,40,,39154,25,,,1,84,,39155,25,,,1
2401,'30',747,,39156,25,,,1,80,,39158,25,,,1,80,,39159,25,,,1,42,,39160,25,,,1,80,,39161,25,,,1,80,,39162,25,,,1,40,,39163,25,,,1,82,,39164,25,,,1,82,,39165,25,,,1,40,,39166,25,,,1,80,,39167,25,,,1,80,,39168,25,,,1,40,,39169,25,,,1,80,,39170,25,,,1,80,,39171,25,,,1,41,,39172,25,,,1,80,,39173,25,,,1,80,,39174,25,,,1,40,,39175,25,,,1,80,,39176,25,,,1
2401,'4',747,,39178,25,,,1,80,,39180,25,,,1,80,,39181,25,,,1,42,,39182,25,,,1,80,,39183,25,,,1,80,,39184,25,,,1,40,,39185,25,,,1,82,,39186,25,,,1,82,,39187,25,,,1,40,,39188,25,,,1,80,,39189,25,,,1,80,,39190,25,,,1,40,,39191,25,,,1,80,,39192,25,,,1,80,,39193,25,,,1,41,,39194,25,,,1,80,,39195,25,,,1,80,,39196,25,,,1,40,,39197,25,,,1,80,,39198,25,,,1
9200,'2',713,,41171,1,,,1,22,,41172,1,,,1,22,,41173,1,,,1,62,,41174,1,,,1,22,,41175,1,,,1,62,,41176,1,,,1,399,,41177,1,,,1,32,,41178,1,,,1,72,,41179,1,,,1,28,,41180,1,,,1,25,,41181,1,,,1,65,,41182,1,,,1,25,,41183,1,,,1,65,,41184,1,,,1,25,,41185,1,,,1,65,,41186,1,,,1,25,,41187,1,,,1,27,,41188,1,,,1,73,,41189,1,,,1,81,,41190,1,,,1
9201,'2',729,,41191,12,4,,1,22,,41192,12,4,,1,62,,41193,12,4,,1,22,,41194,12,4,,1,22,,41195,12,4,,1,62,,41196,12,4,,1,19,,41197,12,4,,1,388,,41198,12,4,,1,32,,41199,12,4,,1,74,,41200,12,4,,1,25,,41201,12,4,,1,60,,41202,12,4,,1,20,,41203,12,4,,1,65,,41204,12,4,,1,25,,41205,12,4,,1,27,,41206,12,4,,1,65,,41207,12,4,,1,25,,41208,12,4,,1,65,,41209,12,4,,1,18,,41210,12,4,,1,32,,41211,12,4,,1,68,,41212,12,4,,1
