1600,'2',546,,46308,3,,,1,55,,46312,3,,,1,23,,46313,3,,,1,11,,46373,3,,,1,11,,46314,3,,,1,61,,46315,3,,,1,16,,46316,3,,,1,20,,46317,3,,,1,12,,46318,3,,,1,56,,46319,3,,,1,16,,46320,3,0,7 4 8,1,16,,46321,3,,,1,16,,46322,3,,,1,58,,46323,3,,,1,18,,46324,3,,,1,18,,46325,3,,,1,58,,46326,3,,,1,18,,46327,3,,,1,18,,46328,3,,,1,58,,46329,3,,,1,18,,46330,3,,,1,21,,46331,3,,,1,56,,46332,3,,,1,16,,46333,3,,,1,18,,46334,3,,,1,16,,46335,3,,,1,54,,46336,3,,,1,16,,46337,3,,,1,16,,46338,3,,,1,12,,46339,3,,,1,58,,46340,3,,,1,16,,46341,3,,,1,16,,46342,3,,,1,10,,46343,3,,,1,55,,46344,3,,,1,15,,46345,3,,,1,15,,46346,3,,,1,15,,46347,3,,,1,55,,46348,3,,,1,15,,46349,3,,,1,15,,46350,3,,,1,15,,46351,3,,,1,54,,46371,3,0,7 4 8,1,14,,46352,3,,,1,17,,46353,3,,,1,26,,46354,3,,,1,62,,46355,3,,,1,22,,46356,3,,,1,62,,46357,3,,,1,22,,46358,3,,,1,22,,46359,3,,,1,62,,46360,3,,,1,22,,46361,3,,,1,23,,46362,3,,,1,65,,46363,3,,,1,25,,46364,3,,,1,65,,46365,3,,,1,25,,46366,3,,,1,65,,46367,3,,,1,25,,46368,3,,,1,25,,46369,3,,,1,65,,46370,3,,,1,21,,46310,3,0,7 4 8,1,65,,46311,3,0,7 4 8,1
1600,'3',610,,46374,3,,,1,25,,46375,3,,,1,20,,46376,3,,,1,65,,46377,3,,,1,25,,46378,3,,,1,64,,46379,3,,,1,25,,46380,3,,,1,25,,46381,3,,,1,64,,46382,3,,,1,22,,46383,3,,,1,58,,46384,3,,,1,11,,46385,3,,,1,21,,46386,3,,,1,21,,46387,3,,,1,61,,46388,3,,,1,21,,46389,3,,,1,14,,46390,3,,,1,50,,46391,3,,,1,15,,46392,3,,,1,15,,46393,3,,,1,15,,46394,3,,,1,55,,46395,3,,,1,15,,46396,3,,,1,15,,46397,3,,,1,15,,46398,3,,,1,54,,46399,3,,,1,15,,46400,3,,,1,15,,46401,3,,,1,15,,46402,3,,,1,55,,46403,3,,,1,15,,46404,3,,,1,15,,46405,3,,,1,15,,46406,3,,,1,55,,46407,3,,,1,15,,46408,3,,,1,15,,46409,3,,,1,15,,46410,3,,,1,55,,46411,3,,,1,15,,46412,3,0,7 4 8,1,15,,46413,3,,,1,21,,46414,3,,,1,4,,46435,3,0,5 3 9,1,56,,46415,3,,,1,16,,46416,3,,,1,20,,46417,3,,,1,60,,46418,3,,,1,20,,46419,3,,,1,20,,46420,3,,,1,60,,46421,3,,,1,20,,46422,3,0,7 4 8,1,17,,46423,3,,,1,62,,46424,3,,,1,22,,46425,3,,,1,25,,46426,3,,,1,65,,46427,3,,,1,25,,46428,3,,,1,65,,46429,3,,,1,25,,46430,3,,,1,16,,46434,3,0,5 3 9,1,65,,46431,3,,,1,37,,46432,3,0,7 4 8,1,60,,46433,3,0,5 3 9,1
1600,'30',651,,46437,3,,,1,75,,46438,3,,,1,75,,46439,3,,,1,35,,46440,3,,,1,16,,46441,3,,,1,64,,46442,3,,,1,30,,46443,3,,,1,70,,46444,3,,,1,30,,46445,3,,,1,70,,46446,3,,,1,26,,46448,3,,,1,64,,46449,3,,,1,22,,46447,3,,,1,22,,46450,3,,,1,62,,46451,3,,,1,22,,46452,3,,,1,22,,46453,3,,,1,62,,46454,3,,,1,22,,46455,3,,,1,62,,46456,3,,,1,22,,46457,3,,,1,22,,46458,3,,,1,62,,46459,3,,,1,22,,46460,3,,,1,22,,46461,3,,,1,59,,46462,3,0,5 3 9,1,20,,46463,3,,,1,70,,46464,3,,,1,30,,46465,3,,,1,70,,46466,3,,,1,30,,46473,3,,,1,70,,46467,3,,,1,30,,46468,3,,,1,70,,46469,3,,,1,30,,46470,3,,,1,70,,46471,3,,,1,30,,46472,3,,,1,17,,46475,3,0,5 3 9,1,70,,46476,3,0,5 3 9,1
1600,'4',651,,46477,3,,,1,75,,46478,3,,,1,75,,46479,3,,,1,35,,46480,3,,,1,16,,46481,3,,,1,64,,46482,3,,,1,30,,46483,3,,,1,70,,46484,3,,,1,30,,46485,3,,,1,70,,46486,3,,,1,26,,46488,3,,,1,64,,46489,3,,,1,22,,46487,3,,,1,22,,46490,3,,,1,62,,46491,3,,,1,22,,46492,3,,,1,22,,46493,3,,,1,62,,46494,3,,,1,22,,46495,3,,,1,62,,46496,3,,,1,22,,46497,3,,,1,22,,46498,3,,,1,62,,46499,3,,,1,22,,46500,3,,,1,22,,46501,3,,,1,59,,46502,3,0,5 3 9,1,20,,46503,3,,,1,70,,46504,3,,,1,30,,46505,3,,,1,70,,46506,3,,,1,30,,46513,3,,,1,70,,46507,3,,,1,30,,46508,3,,,1,70,,46509,3,,,1,30,,46510,3,,,1,70,,46511,3,,,1,30,,46512,3,,,1,17,,46515,3,0,5 3 9,1,70,,46516,3,0,5 3 9,1
1900,'2',643,,47066,48,,,1,70,,47065,48,,,1,35,,47067,48,,,1,59,,47068,48,,,1,27,,47069,48,,,1,67,,47070,48,,,1,27,,47071,48,,,1,30,,47072,48,,,1,67,,47073,48,,,1,27,,47074,48,,,1,67,,47075,48,,,1,27,,47076,48,,,1,67,,47077,48,,,1,27,,47078,48,,,1,64,,47079,48,,,1,27,,47080,48,,,1,27,,47081,48,,,1,67,,47082,48,,,1,28,,47083,48,,,1,68,,47084,48,,,1,29,,47085,48,,,1,67,,47086,48,,,1,27,,47087,48,,,1,68,,47088,48,,,1,28,,47089,48,,,1,67,,47090,48,,,1,28,,47091,48,,,1,69,,47092,48,,,1,27,,47093,48,,,1,27,,47094,48,,,1,67,,47095,48,,,1,27,,47096,48,,,1,67,,47097,48,,,1,27,,47098,48,,,1,62,,47099,48,,,1,25,,47100,48,,,1,87,,47101,48,,,1,21,,47102,48,,,1,78,,47064,48,0,40 3 52,1
1900,'3',853,,47115,48,,,1,72,,47116,48,,,1,32,,47105,48,,,1,72,,47106,48,,,1,73,,47107,48,,,1,32,,47108,48,,,1,72,,47109,48,,,1,32,,47110,48,,,1,72,,47111,48,,,1,27,,47112,48,,,1,79,,47113,48,,,1,30,,47114,48,,,1,70,,47117,48,,,1,27,,47118,48,,,1,67,,47119,48,,,1,27,,47120,48,,,1,17,,47121,48,,,1,68,,47122,48,,,1,33,,47123,48,,,1,67,,47124,48,,,1,27,,47125,48,,,1,81,,47126,48,,,1,72,,47127,48,,,1,32,,47128,48,,,1,72,,47129,48,,,1,32,,47130,48,,,1,63,,47131,48,,,1,25,,47132,48,,,1
1900,'30',834,,47140,48,,,1,75,,47150,48,,,1,35,,47136,48,,,1,75,,47137,48,,,1,35,,47151,48,,,1,75,,47138,48,,,1,78,,47139,48,,,1,38,,47141,48,,,1,80,,47142,48,,,1,80,,47152,48,,,1,40,,47143,48,,,1,80,,47144,48,,,1,80,,47145,48,,,1,40,,47146,48,,,1,80,,47153,48,,,1,33,,47147,48,,,1,75,,47148,48,,,1,75,,47154,48,,,1,35,,47149,48,,,1,75,,47155,48,,,1
1900,'4',834,,47161,48,,,1,75,,47171,48,,,1,35,,47157,48,,,1,75,,47158,48,,,1,35,,47172,48,,,1,75,,47159,48,,,1,78,,47160,48,,,1,38,,47162,48,,,1,80,,47163,48,,,1,80,,47173,48,,,1,40,,47164,48,,,1,80,,47165,48,,,1,80,,47166,48,,,1,40,,47167,48,,,1,80,,47174,48,,,1,33,,47168,48,,,1,75,,47169,48,,,1,75,,47175,48,,,1,35,,47170,48,,,1,75,,47176,48,,,1
2501,'11802',708,,48021,3,,,1,843,,48022,3,,,1,105,,48023,3,,,1
2501,'2',607,,48024,3,,,1,24,,48025,3,,,1,70,,48026,3,,,1,20,,48027,3,,,1,20,,48028,3,,,1,60,,48029,3,,,1,20,,48030,3,,,1,20,,48031,3,,,1,60,,48032,3,,,1,20,,48033,3,,,1,20,,48034,3,,,1,60,,48035,3,,,1,20,,48036,3,,,1,20,,48037,3,,,1,60,,48038,3,,,1,20,,48039,3,,,1,20,,48040,3,,,1,60,,48041,3,,,1,20,,48042,3,,,1,20,,48043,3,,,1,60,,48044,3,,,1,20,,48045,3,,,1,20,,48046,3,,,1,60,,48047,3,,,1,20,,48048,3,,,1,20,,48049,3,,,1,60,,48050,3,,,1,20,,48051,3,,,1,20,,48052,3,,,1,61,,48053,3,,,1,21,,48054,3,,,1,21,,48055,3,,,1,61,,48056,3,,,1,21,,48057,3,,,1,21,,48058,3,,,1,60,,48059,3,,,1,20,,48060,3,,,1,20,,48061,3,,,1,60,,48062,3,,,1,20,,48063,3,,,1,20,,48064,3,,,1,60,,48065,3,,,1,20,,48066,3,,,1,20,,48067,3,,,1,70,,48068,3,,,1,24,,48069,3,,,1,65,,48070,3,,,1,25,,48071,3,,,1,25,,48072,3,,,1,65,,48073,3,,,1,21,,48074,3,,,1
2501,'3',620,,48108,3,,,1,25,,48075,3,,,1,66,,48107,3,,,1,25,,48076,3,,,1,65,,48106,3,,,1,26,,48077,3,,,1,27,,48078,3,,,1,67,,48079,3,,,1,25,,48080,3,,,1,71,,48081,3,,,1,25,,48082,3,,,1,70,,48083,3,,,1,24,,48084,3,,,1,66,,48085,3,,,1,30,,48086,3,,,1,25,,48087,3,,,1,70,,48088,3,,,1,26,,48089,3,,,1,69,,48090,3,,,1,30,,48091,3,,,1,70,,48092,3,,,1,30,,48093,3,,,1,70,,48094,3,,,1,30,,48095,3,,,1,70,,48096,3,,,1,30,,48097,3,,,1,70,,48098,3,,,1,30,,48099,3,,,1,64,,48105,3,,,1,31,,48100,3,,,1,67,,48109,3,,,1,29,,48101,3,,,1,66,,48110,3,,,1,27,,48102,3,,,1,65,,48111,3,,,1,25,,48103,3,,,1,25,,48112,3,,,1,62,,48104,3,,,1
2501,'30',911,,48120,3,,,1,35,,48129,3,,,1,65,,48130,3,,,1,30,,48131,3,,,1,70,,48132,3,,,1,30,,48133,3,,,1,70,,48134,3,,,1,30,,48135,3,,,1,70,,48136,3,,,1,30,,48137,3,,,1,70,,48138,3,,,1,30,,48139,3,,,1,68,,48121,3,,,1,27,,48119,3,,,1,67,,48122,3,,,1,27,,48118,3,,,1,27,,48123,3,,,1,67,,48117,3,,,1,27,,48124,3,,,1,67,,48116,3,,,1,27,,48125,3,,,1,65,,48128,3,,,1,30,,48126,3,,,1,70,,48140,3,,,1,30,,48115,3,,,1,72,,48141,3,,,1,31,,48114,3,,,1,68,,48142,3,,,1,15,,48113,3,,,1,82,,48127,3,,,1
2501,'4',911,,48150,3,,,1,35,,48159,3,,,1,65,,48160,3,,,1,30,,48161,3,,,1,70,,48162,3,,,1,30,,48163,3,,,1,70,,48164,3,,,1,30,,48165,3,,,1,70,,48166,3,,,1,30,,48167,3,,,1,70,,48168,3,,,1,30,,48169,3,,,1,68,,48151,3,,,1,27,,48149,3,,,1,67,,48152,3,,,1,27,,48148,3,,,1,27,,48153,3,,,1,67,,48147,3,,,1,27,,48154,3,,,1,67,,48146,3,,,1,27,,48155,3,,,1,65,,48158,3,,,1,30,,48156,3,,,1,70,,48170,3,,,1,30,,48145,3,,,1,72,,48171,3,,,1,31,,48144,3,,,1,68,,48172,3,,,1,15,,48143,3,,,1,82,,48157,3,,,1
3400,'2',601,,48948,3,0,14,1,40,,48949,3,0,14,1,70,,48964,3,0,14,1,40,,48959,3,0,14,1,82,,48958,3,0,14,1,83,,48960,3,0,14,1,40,,48950,3,0,14,1,80,,48951,3,0,14,1,80,,48952,3,0,14,1,85,,48953,3,0,14,1,40,,48954,3,0,14,1,80,,48955,3,0,14,1,80,,48956,3,0,14,1,40,,48957,3,0,14,1,80,,48965,3,0,14,1,80,,48966,3,0,14,1,40,,48967,3,0,14,1,80,,48968,3,0,14,1,80,,48969,3,0,14,1,40,,48970,3,0,14,1,80,,48976,3,0,14,1,80,,48971,3,0,14,1,40,,48972,3,0,14,1,80,,48973,3,0,14,1,80,,48975,3,0,14,1,40,,48974,3,0,14,1,80,,48961,3,0,14,1,31,,48963,2,0,49 3 40 50 51,1,80,,48962,2,0,49 3 40 50 51,1
3400,'3',751,,48986,3,0,14,1,80,,48984,3,0,14,1,80,,48985,3,0,14,1,40,,48977,3,0,14,1,80,,48978,3,0,14,1,80,,48979,3,0,14,1,40,,48980,3,0,14,1,80,,48981,3,0,14,1,80,,48982,3,0,14,1,40,,48983,3,0,14,1,81,,48987,3,0,14,1,80,,48988,3,0,14,1,40,,48989,3,0,14,1,80,,48990,3,0,14,1,80,,48991,3,0,14,1,40,,48992,3,0,14,1,80,,48993,3,0,14,1,80,,48994,3,0,14,1,40,,48995,3,0,14,1,80,,48996,3,0,14,1,79,,48997,3,0,14,1,40,,48998,3,0,14,1,80,,48999,3,0,14,1
3400,'30',1001,,49000,3,0,14,1,40,,49001,3,0,14,1,80,,49002,3,0,14,1,81,,49003,3,0,14,1,40,,49004,3,0,14,1,80,,49005,3,0,14,1,79,,49006,3,0,14,1,40,,49007,3,0,14,1,80,,49008,3,0,14,1,80,,49009,3,0,14,1,40,,49010,3,0,14,1,80,,49011,3,0,14,1,80,,49012,3,0,14,1,40,,49013,3,0,14,1,80,,49014,3,0,14,1,80,,49015,3,0,14,1,40,,49016,3,0,14,1
3400,'4',1001,,49017,3,0,14,1,40,,49018,3,0,14,1,80,,49019,3,0,14,1,81,,49020,3,0,14,1,40,,49021,3,0,14,1,80,,49022,3,0,14,1,79,,49023,3,0,14,1,40,,49024,3,0,14,1,80,,49025,3,0,14,1,80,,49026,3,0,14,1,40,,49027,3,0,14,1,80,,49028,3,0,14,1,80,,49029,3,0,14,1,40,,49030,3,0,14,1,80,,49031,3,0,14,1,80,,49032,3,0,14,1,40,,49033,3,0,14,1
