901,'2',616,,44696,27,,,1,20,,44697,27,,,1,17,,44698,27,,,1,55,,44699,27,,,1,16,,44700,27,,,1,15,,44701,27,,,1,14,,44702,27,,,1,56,,44703,27,,,1,15,,44704,27,,,1,17,,44705,27,,,1,16,,44706,27,,,1,55,,44707,27,,,1,15,,44708,27,,,1,15,,44709,27,,,1,15,,44710,27,,,1,55,,44711,27,,,1,15,,44712,27,,,1,15,,44713,27,,,1,15,,44714,27,,,1,55,,44715,27,,,1,15,,44716,27,,,1,15,,44717,27,,,1,15,,44718,27,,,1,55,,44719,27,,,1,15,,44720,27,,,1,15,,44721,27,,,1,15,,44722,27,,,1,55,,44723,27,,,1,15,,44724,27,,,1,15,,44725,27,,,1,13,,44726,27,,,1,55,,44727,27,,,1,15,,44728,27,,,1,15,,44729,27,,,1,15,,44730,27,,,1,55,,44731,27,,,1,15,,44732,27,,,1,15,,44733,27,,,1,15,,44734,27,,,1,55,,44735,27,,,1,15,,44736,27,,,1,15,,44737,27,,,1,15,,44738,27,,,1,55,,44739,27,,,1,15,,44740,27,,,1,15,,44741,27,,,1,17,,44742,27,,,1,63,,44743,27,,,1,15,,44744,27,,,1,14,,44745,27,,,1,62,,44746,27,,,1,22,,44747,27,,,1,22,,44748,27,,,1,62,,44749,27,,,1,22,,44750,27,,,1,66,,44751,27,,,1,29,,44752,27,,,1,72,,44753,27,,,1,32,,44754,27,,,1,72,,44755,27,,,1,37,,44756,27,,,1,100,,44757,27,,,1
901,'3',620,,44763,27,,,1,30,,44802,27,,,1,70,,44764,27,,,1,30,,44801,27,,,1,70,,44765,27,,,1,35,,44766,27,,,1,72,,44767,27,,,1,86,,44768,27,,,1,25,,44769,27,,,1,65,,44770,27,,,1,22,,44771,27,,,1,25,,44772,27,,,1,65,,44773,27,,,1,29,,44774,27,,,1,61,,44775,27,,,1,25,,44776,27,,,1,28,,44777,27,,,1,62,,44778,27,,,1,25,,44779,27,,,1,65,,44780,27,,,1,25,,44781,27,,,1,65,,44782,27,,,1,25,,44783,27,,,1,25,,44784,27,,,1,65,,44785,27,,,1,25,,44786,27,,,1,65,,44787,27,,,1,44,,44789,27,,,1,65,,44790,27,,,1,38,,44791,27,,,1,75,,44792,27,,,1,75,,44793,27,,,1,36,,44794,27,,,1,75,,44795,27,,,1,35,,44796,27,,,1,75,,44797,27,,,1,35,,44798,27,,,1
901,'30',700,,44837,27,,,1,35,,44803,27,,,1,75,,44838,27,,,1,34,,44804,27,,,1,75,,44839,27,,,1,33,,44805,27,,,1,73,,44806,27,,,1,33,,44807,27,,,1,73,,44808,27,,,1,79,,44809,27,,,1,28,,44810,27,,,1,63,,44811,27,,,1,23,,44812,27,,,1,23,,44813,27,,,1,63,,44814,27,,,1,23,,44815,27,,,1,23,,44816,27,,,1,63,,44817,27,,,1,23,,44818,27,,,1,63,,44819,27,,,1,23,,44820,27,,,1,24,,44821,27,,,1,63,,44822,27,,,1,23,,44823,27,,,1,65,,44824,27,,,1,17,,44825,27,,,1,19,,44826,27,,,1,70,,44827,27,,,1,30,,44828,27,,,1,70,,44829,27,,,1,30,,44830,27,,,1,70,,44831,27,,,1,30,,44832,27,,,1,71,,44833,27,,,1,41,,44834,27,,,1,58,,44835,27,,,1
901,'4',700,,44874,27,,,1,35,,44840,27,,,1,75,,44875,27,,,1,34,,44841,27,,,1,75,,44876,27,,,1,33,,44842,27,,,1,73,,44843,27,,,1,33,,44844,27,,,1,73,,44845,27,,,1,79,,44846,27,,,1,28,,44847,27,,,1,63,,44848,27,,,1,23,,44849,27,,,1,23,,44850,27,,,1,63,,44851,27,,,1,23,,44852,27,,,1,23,,44853,27,,,1,63,,44854,27,,,1,23,,44855,27,,,1,63,,44856,27,,,1,23,,44857,27,,,1,24,,44858,27,,,1,63,,44859,27,,,1,23,,44860,27,,,1,65,,44861,27,,,1,17,,44862,27,,,1,19,,44863,27,,,1,70,,44864,27,,,1,30,,44865,27,,,1,70,,44866,27,,,1,30,,44867,27,,,1,70,,44868,27,,,1,30,,44869,27,,,1,71,,44870,27,,,1,41,,44871,27,,,1,58,,44872,27,,,1
1901,'2',656,,47179,63,,,1,79,,47180,63,,,1,67,,47181,63,,,1,27,,47182,63,,,1,29,,47183,63,,,1,65,,47184,63,,,1,27,,47185,63,,,1,67,,47186,63,,,1,27,,47187,63,,,1,67,,47188,63,,,1,27,,47189,63,,,1,67,,47190,63,,,1,27,,47191,63,,,1,27,,47192,63,,,1,67,,47193,63,,,1,24,,47194,63,,,1,67,,47195,63,,,1,27,,47196,63,,,1,71,,47197,63,,,1,27,,47198,63,,,1,70,,47199,63,,,1,28,,47200,63,,,1,69,,47201,63,,,1,28,,47202,63,,,1,68,,47203,63,,,1,28,,47204,63,,,1,68,,47205,63,,,1,24,,47206,63,,,1,27,,47207,63,,,1,67,,47208,63,,,1,27,,47209,63,,,1,67,,47210,63,,,1,27,,47211,63,,,1,60,,47212,63,,,1,27,,47213,63,,,1,27,,47214,63,,,1,76,,47215,63,,,1,12,,47216,63,,,1,85,,47217,63,,,1
1901,'3',828,,47218,47,,,1,31,,47220,63,,,1,73,,47221,63,,,1,71,,47222,63,,,1,32,,47223,63,,,1,72,,47224,63,,,1,32,,47225,63,,,1,72,,47226,63,,,1,32,,47227,63,,,1,72,,47228,63,,,1,32,,47229,63,,,1,70,,47230,63,,,1,27,,47231,63,,,1,64,,47232,63,,,1,27,,47233,63,,,1,67,,47234,63,,,1,27,,47235,63,,,1,27,,47236,63,,,1,67,,47237,63,,,1,27,,47238,63,,,1,6,,47239,63,0,9 3 37,1,73,,47240,63,,,1,72,,47241,63,,,1,32,,47242,63,,,1,72,,47243,63,,,1,32,,47244,63,,,1,72,,47245,63,,,1,35,,47246,63,,,1,69,,47247,63,0,9 3 37,1,26,,47248,63,0,9 3 37,1,14,,47219,63,0,9 3 37,1
1901,'30',905,,47270,63,,,1,35,,47250,63,,,1,75,,47264,63,,,1,35,,47251,63,,,1,74,,47252,63,,,1,81,,47253,63,,,1,40,,47268,63,,,1,80,,47254,63,,,1,80,,47255,63,,,1,40,,47256,63,,,1,80,,47257,63,,,1,80,,47265,63,,,1,40,,47258,63,,,1,75,,47259,63,,,1,35,,47269,63,,,1,76,,47260,63,,,1,75,,47261,63,,,1,35,,47266,63,,,1,65,,47267,63,0,9 3 37,1
1901,'4',905,,47291,63,,,1,35,,47271,63,,,1,75,,47285,63,,,1,35,,47272,63,,,1,74,,47273,63,,,1,81,,47274,63,,,1,40,,47289,63,,,1,80,,47275,63,,,1,80,,47276,63,,,1,40,,47277,63,,,1,80,,47278,63,,,1,80,,47286,63,,,1,40,,47279,63,,,1,75,,47280,63,,,1,35,,47290,63,,,1,76,,47281,63,,,1,75,,47282,63,,,1,35,,47287,63,,,1,65,,47288,63,0,9 3 37,1
2000,'2',619,,47293,31,,,1,23,,47296,31,,,1,72,,47294,31,,,1,15,,47295,31,,,1,15,,47297,31,,,1,15,,47319,31,,,1,55,,47320,31,,,1,15,,47321,31,,,1,15,,47322,31,,,1,56,,47323,31,,,1,15,,47324,31,,,1,15,,47325,31,,,1,15,,47326,31,,,1,55,,47327,31,,,1,15,,47328,31,,,1,15,,47329,31,,,1,15,,47330,31,,,1,55,,47331,31,,,1,10,,47332,31,,,1,15,,47333,31,,,1,15,,47334,31,,,1,15,,47335,31,,,1,55,,47336,31,,,1,15,,47337,31,,,1,15,,47338,31,,,1,15,,47339,31,,,1,55,,47340,31,,,1,15,,47341,31,,,1,15,,47342,31,,,1,9,,47343,31,,,1,55,,47344,31,,,1,15,,47345,31,,,1,15,,47346,31,,,1,15,,47347,31,,,1,55,,47348,31,,,1,15,,47349,31,,,1,15,,47350,31,,,1,15,,47351,31,,,1,55,,47352,31,,,1,15,,47353,31,,,1,15,,47354,31,,,1,15,,47355,31,,,1,55,,47356,31,,,1,19,,47357,31,,,1,21,,47298,31,,,1,15,,47300,31,,,1,56,,47301,31,,,1,16,,47302,31,,,1,13,,47311,31,,,1,14,,47303,31,,,1,55,,47304,31,,,1,20,,47305,31,,,1,72,,47306,31,,,1,13,,47307,31,,,1,27,,47308,31,,,1,66,,47309,31,,,1,19,,47312,31,,,1,71,,47313,31,,,1,26,,47314,31,,,1,26,,47315,31,,,1,66,,47292,31,,,1,30,,47317,31,,,1,65,,47318,31,,,1,12,,47358,31,0,36,1,25,,47316,31,,,1,57,,47359,31,0,36,1
2000,'3',627,,47361,31,,,1,26,,47364,31,,,1,70,,47365,31,,,1,81,,47366,31,,,1,26,,47367,31,,,1,26,,47368,31,,,1,66,,47369,31,,,1,26,,47370,31,,,1,72,,47371,31,,,1,22,,47372,31,,,1,60,,47373,31,,,1,20,,47374,31,,,1,20,,47375,31,,,1,60,,47376,31,,,1,20,,47377,31,,,1,22,,47378,31,,,1,60,,47379,31,,,1,20,,47380,31,,,1,20,,47381,31,,,1,60,,47382,31,,,1,20,,47383,31,,,1,19,,47384,31,,,1,60,,47385,31,,,1,20,,47386,31,,,1,20,,47387,31,,,1,60,,47388,31,,,1,20,,47389,31,,,1,20,,47390,31,,,1,60,,47391,31,,,1,20,,47392,31,,,1,20,,47393,31,,,1,14,,47394,31,,,1,60,,47395,31,,,1,24,,47396,31,,,1,67,,47397,31,,,1,27,,47398,31,,,1,67,,47399,31,,,1,27,,47400,31,,,1,27,,47401,31,,,1,67,,47402,31,,,1,23,,47403,31,,,1,67,,47404,31,,,1,27,,47405,31,,,1,67,,47406,31,,,1,27,,47407,31,,,1,21,,47408,31,,,1,59,,47409,31,,,1,42,,47363,31,,,1
2000,'30',651,,47411,31,,,1,82,,47412,31,,,1,85,,47413,31,,,1,87,,47414,31,,,1,30,,47415,31,,,1,66,,47416,31,,,1,25,,47417,31,,,1,26,,47418,31,,,1,67,,47419,31,,,1,26,,47420,31,,,1,66,,47421,31,,,1,26,,47422,31,,,1,66,,47423,31,,,1,26,,47424,31,,,1,26,,47425,31,,,1,66,,47426,31,,,1,26,,47427,31,,,1,66,,47428,31,,,1,26,,47429,31,,,1,66,,47430,31,,,1,26,,47431,31,,,1,26,,47432,31,,,1,66,,47433,31,,,1,27,,47434,31,,,1,65,,47435,31,,,1,25,,47436,31,,,1,65,,47437,31,,,1,25,,47438,31,,,1,25,,47439,31,,,1,65,,47440,31,,,1,25,,47441,31,,,1,65,,47442,31,,,1,25,,47443,31,,,1,66,,47444,31,,,1,21,,47445,31,,,1,20,,47446,31,,,1,70,,47410,31,0,36,1
2000,'4',651,,47448,31,,,1,82,,47449,31,,,1,85,,47450,31,,,1,87,,47451,31,,,1,30,,47452,31,,,1,66,,47453,31,,,1,25,,47454,31,,,1,26,,47455,31,,,1,67,,47456,31,,,1,26,,47457,31,,,1,66,,47458,31,,,1,26,,47459,31,,,1,66,,47460,31,,,1,26,,47461,31,,,1,26,,47462,31,,,1,66,,47463,31,,,1,26,,47464,31,,,1,66,,47465,31,,,1,26,,47466,31,,,1,66,,47467,31,,,1,26,,47468,31,,,1,26,,47469,31,,,1,66,,47470,31,,,1,27,,47471,31,,,1,65,,47472,31,,,1,25,,47473,31,,,1,65,,47474,31,,,1,25,,47475,31,,,1,25,,47476,31,,,1,65,,47477,31,,,1,25,,47478,31,,,1,65,,47479,31,,,1,25,,47480,31,,,1,66,,47481,31,,,1,21,,47482,31,,,1,20,,47483,31,,,1,70,,47447,31,0,36,1
