100,'2',633,,42269,30,0,13 9 15,1,20,,42270,30,0,10 16 17,1,57,,42271,30,0,13 9 15,1,18,,42276,30,0,10 16 17,1,15,,42272,30,0,13 9 15,1,15,,42277,30,0,10 16 17,1,55,,42273,30,0,13 9 15,1,15,,42278,30,0,10 16 17,1,15,,42274,30,0,13 9 15,1,15,,42279,30,0,10 16 17,1,60,,42275,30,0,13 9 15,1,15,,42284,30,0,10 16 17,1,20,,42291,30,0,13 9 15,1,55,,42285,30,0,10 16 17,1,20,,42292,30,0,13 9 15,1,20,,42286,30,0,10 16 17,1,60,,42293,30,0,13 9 15,1,20,,42287,30,0,10 16 17,1,20,,42294,30,0,13 9 15,1,60,,42288,30,0,10 16 17,1,20,,42295,30,0,13 9 15,1,20,,42289,30,0,10 16 17,1,60,,42296,30,0,13 9 15,1,20,,42290,30,0,10 16 17,1,20,,42297,30,0,13 9 15,1,61,,42299,30,0,10 16 17,1,15,,42303,30,0,13 9 15,1,11,,42300,30,0,10 16 17,1,15,,42304,30,0,13 9 15,1,55,,42301,30,0,10 16 17,1,15,,42305,30,0,13 9 15,1,15,,42302,30,0,10 16 17,1,15,,42306,30,0,13 9 15,1,55,,42307,30,0,10 16 17,1,16,,42311,30,0,13 9 15,1,16,,42308,30,0,10 16 17,1,16,,42312,30,0,13 9 15,1,56,,42309,30,0,10 16 17,1,16,,42313,30,0,13 9 15,1,16,,42310,30,0,10 16 17,1,16,,42314,30,0,13 9 15,1,66,,42315,30,0,10 16 17,1,18,,42319,30,0,13 9 15,1,65,,42316,30,0,10 16 17,1,25,,42320,30,0,13 9 15,1,25,,42317,30,0,10 16 17,1,65,,42321,30,0,13 9 15,1,25,,42318,30,0,10 16 17,1,59,,42324,30,0,13 9 15,1,25,,42327,30,0,10 16 17,1,70,,42325,30,0,13 9 15,1,30,,42328,30,0,10 16 17,1,70,,42326,30,0,13 9 15,1,30,,42329,30,0,10 16 17,1,72,,42330,30,0,13 9 15,1
100,'3',632,,42333,30,0,10 16 17,1,80,,42335,30,0,13 9 15,1,40,,42334,30,0,10 16 17,1,72,,42336,30,0,13 9 15,1,30,,42338,30,0,10 16 17,1,70,,42337,30,0,13 9 15,1,25,,42339,30,0,10 16 17,1,70,,42342,30,0,13 9 15,1,20,,42354,30,0,10 16 17,1,15,,42343,30,0,13 9 15,1,60,,42355,30,0,10 16 17,1,20,,42344,30,0,13 9 15,1,20,,42356,30,0,10 16 17,1,60,,42345,30,0,13 9 15,1,15,,42357,30,0,10 16 17,1,20,,42346,30,0,13 9 15,1,60,,42358,30,0,10 16 17,1,20,,42347,30,0,13 9 15,1,20,,42359,30,0,10 16 17,1,60,,42348,30,0,13 9 15,1,15,,42360,30,0,10 16 17,1,20,,42349,30,0,13 9 15,1,60,,42361,30,0,10 16 17,1,20,,42350,30,0,13 9 15,1,20,,42362,30,0,10 16 17,1,60,,42351,30,0,13 9 15,1,15,,42363,30,0,10 16 17,1,20,,42352,30,0,13 9 15,1,20,,42364,30,0,10 16 17,1,60,,42353,30,0,13 9 15,1,20,,42365,30,0,10 16 17,1,20,,42366,30,0,13 9 15,1,70,,42373,30,0,10 16 17,1,25,,42367,30,0,13 9 15,1,70,,42374,30,0,10 16 17,1,30,,42368,30,0,13 9 15,1,70,,42375,30,0,10 16 17,1,30,,42369,30,0,13 9 15,1,69,,42376,30,0,10 16 17,1,30,,42370,30,0,13 9 15,1,65,,42377,30,0,10 16 17,1,30,,42371,30,0,13 9 15,1,70,,42378,30,0,10 16 17,1,30,,42372,30,0,13 9 15,1,61,,42380,30,0,10 16 17,1
100,'30',859,,42383,30,0,10 16 17,1,67,,42386,30,0,13 9 15,1,27,,42384,30,0,10 16 17,1,72,,42387,30,0,13 9 15,1,32,,42385,30,0,10 16 17,1,72,,42388,30,0,13 9 15,1,72,,42390,30,0,10 16 17,1,25,,42391,30,0,13 9 15,1,25,,42398,30,0,10 16 17,1,65,,42392,30,0,13 9 15,1,25,,42399,30,0,10 16 17,1,65,,42393,30,0,13 9 15,1,25,,42400,30,0,10 16 17,1,25,,42394,30,0,13 9 15,1,65,,42401,30,0,10 16 17,1,25,,42395,30,0,13 9 15,1,65,,42402,30,0,10 16 17,1,25,,42396,30,0,13 9 15,1,20,,42403,30,0,10 16 17,1,65,,42397,30,0,13 9 15,1,20,,42404,30,0,10 16 17,1,70,,42406,30,0,13 9 15,1,30,,42411,30,0,10 16 17,1,70,,42407,30,0,13 9 15,1,30,,42412,30,0,10 16 17,1,70,,42408,30,0,13 9 15,1,30,,42413,30,0,10 16 17,1,70,,42409,30,0,13 9 15,1,30,,42414,30,0,10 16 17,1,69,,42410,30,0,13 9 15,1,25,,42415,30,0,10 16 17,1,67,,42416,30,0,13 9 15,1
100,'4',859,,42419,30,0,10 16 17,1,67,,42422,30,0,13 9 15,1,27,,42420,30,0,10 16 17,1,72,,42423,30,0,13 9 15,1,32,,42421,30,0,10 16 17,1,72,,42424,30,0,13 9 15,1,72,,42426,30,0,10 16 17,1,25,,42427,30,0,13 9 15,1,25,,42434,30,0,10 16 17,1,65,,42428,30,0,13 9 15,1,25,,42435,30,0,10 16 17,1,65,,42429,30,0,13 9 15,1,25,,42436,30,0,10 16 17,1,25,,42430,30,0,13 9 15,1,65,,42437,30,0,10 16 17,1,25,,42431,30,0,13 9 15,1,65,,42438,30,0,10 16 17,1,25,,42432,30,0,13 9 15,1,20,,42439,30,0,10 16 17,1,65,,42433,30,0,13 9 15,1,20,,42440,30,0,10 16 17,1,70,,42442,30,0,13 9 15,1,30,,42447,30,0,10 16 17,1,70,,42443,30,0,13 9 15,1,30,,42448,30,0,10 16 17,1,70,,42444,30,0,13 9 15,1,30,,42449,30,0,10 16 17,1,70,,42445,30,0,13 9 15,1,30,,42450,30,0,10 16 17,1,69,,42446,30,0,13 9 15,1,25,,42451,30,0,10 16 17,1,67,,42452,30,0,13 9 15,1
301,'11802',1536,,43258,6,,,1,167,,43259,6,,,1
301,'2',555,,43260,6,,,1,95,,43261,6,,,1,70,,43262,6,,,1,33,,43263,6,,,1,67,,43264,6,,,1,30,,43265,6,,,1,69,,43266,6,,,1,30,,43267,6,,,1,70,,43268,6,,,1,30,,43269,6,,,1,70,,43270,6,,,1,30,,43271,6,,,1,71,,43272,6,,,1,30,,43273,6,,,1,70,,43274,6,,,1,30,,43275,6,,,1,71,,43276,6,,,1,30,,43277,6,,,1,70,,43278,6,,,1,30,,43279,6,,,1,70,,43280,6,,,1,30,,43281,6,,,1,70,,43282,6,,,1,30,,43283,6,,,1,68,,43284,6,,,1,28,,43288,6,,,1,70,,43289,6,,,1,30,,43290,6,,,1,70,,43291,6,,,1,30,,43292,6,,,1,69,,43293,6,,,1,26,,43294,6,,,1,70,,43295,6,,,1,30,,43296,6,,,1,70,,43297,6,,,1,19,,43285,6,,,1
301,'3',705,,43298,6,,,1,100,,43299,6,,,1,102,,43300,6,,,1,104,,43301,6,,,1,31,,43305,6,,,1,75,,43306,6,,,1,35,,43307,6,,,1,76,,43308,6,,,1,75,,43309,6,,,1,35,,43310,6,,,1,75,,43311,6,,,1,35,,43312,6,,,1,75,,43313,6,,,1,35,,43314,6,,,1,75,,43315,6,,,1,75,,43316,6,,,1,35,,43317,6,,,1,73,,43318,6,,,1,100,,43319,6,,,1,100,,43320,6,,,1,100,,43321,6,,,1,100,,43322,6,,,1,108,,43302,6,,,1
301,'30',925,,43323,6,,,1,87,,43324,6,,,1,47,,43325,6,,,1,87,,43326,6,,,1,87,,43327,6,,,1,87,,43328,6,,,1,87,,43329,6,,,1,47,,43330,6,,,1,87,,43331,6,,,1,87,,43332,6,,,1,87,,43333,6,,,1,87,,43334,6,,,1,47,,43335,6,,,1,107,,43336,6,,,1,100,,43337,6,,,1,100,,43338,6,,,1,101,,43339,6,,,1
301,'4',925,,43340,6,,,1,87,,43341,6,,,1,47,,43342,6,,,1,87,,43343,6,,,1,87,,43344,6,,,1,87,,43345,6,,,1,87,,43346,6,,,1,47,,43347,6,,,1,87,,43348,6,,,1,87,,43349,6,,,1,87,,43350,6,,,1,87,,43351,6,,,1,47,,43352,6,,,1,107,,43353,6,,,1,100,,43354,6,,,1,100,,43355,6,,,1,101,,43356,6,,,1
501,'2',634,,43812,46,0,10 23 20,1,72,,43813,50,0,13 36,1,30,,43814,46,0,10 23 20,1,70,,43815,50,0,13 36,1,32,,43816,46,0,10 23 20,1,67,,43826,50,0,13 36,1,30,,43817,46,0,10 23 20,1,70,,43827,50,0,13 36,1,30,,43818,46,0,10 23 20,1,70,,43828,50,0,13 36,1,30,,43819,46,0,10 23 20,1,71,,43829,50,0,13 36,1,30,,43820,46,0,10 23 20,1,70,,43830,50,0,13 36,1,30,,43821,46,0,10 23 20,1,71,,43831,50,0,13 36,1,30,,43822,46,0,10 23 20,1,70,,43832,50,0,13 36,1,30,,43823,46,0,10 23 20,1,70,,43833,50,0,13 36,1,30,,43824,46,0,10 23 20,1,70,,43834,50,0,13 36,1,32,,43825,46,0,10 23 20,1,69,,43835,50,0,13 36,1,30,,43836,46,0,10 23 20,1,78,,43841,46,0,10 23 20,1,30,,43842,46,0,10 23 20,1,70,,43843,46,0,10 23 20,1,30,,43844,46,0,10 23 20,1,67,,43845,46,0,10 23 20,1,29,,43846,46,0,10 23 20,1,70,,43847,46,0,10 23 20,1,24,,43848,46,0,10 23 20,1,71,,43849,46,0,10 23 20,1,98,,43850,46,0,10 23 20,1
501,'3',635,,43852,46,0,10 23 20,1,100,,43853,46,0,10 23 20,1,100,,43854,46,0,10 23 20,1,107,,43855,46,0,10 23 20,1,81,,43859,46,0,10 23 20,1,35,,43866,50,0,13 36,1,75,,43860,46,0,10 23 20,1,76,,43867,50,0,13 36,1,35,,43861,46,0,10 23 20,1,75,,43868,50,0,13 36,1,35,,43862,46,0,10 23 20,1,75,,43869,50,0,13 36,1,75,,43863,46,0,10 23 20,1,35,,43870,50,0,13 36,1,75,,43864,46,0,10 23 20,1,35,,43871,50,0,13 36,1,75,,43865,46,0,10 23 20,1,35,,43872,50,0,13 36,1,73,,43873,46,0,10 23 20,1,75,,43874,50,0,13 36,1,38,,43875,46,0,10 23 20,1,100,,43876,46,0,10 23 20,1,100,,43877,46,0,10 23 20,1,110,,43878,46,0,10 23 20,1,150,,43856,46,0,10 23 20,1
501,'30',902,,43880,46,0,10 23 20,1,47,,43881,46,0,10 23 20,1,87,,43882,46,0,10 23 20,1,87,,43883,46,0,10 23 20,1,87,,43884,46,0,10 23 20,1,47,,43885,46,0,10 23 20,1,87,,43886,46,0,10 23 20,1,87,,43887,46,0,10 23 20,1,87,,43888,46,0,10 23 20,1,87,,43889,46,0,10 23 20,1,47,,43890,46,0,10 23 20,1,87,,43891,46,0,10 23 20,1,87,,43892,46,0,10 23 20,1,100,,43893,46,0,10 23 20,1,100,,43894,46,0,10 23 20,1,95,,43895,46,0,10 23 20,1,94,,43896,46,0,10 23 20,1,88,,43897,46,0,10 23 20,1
501,'4',902,,43899,46,0,10 23 20,1,47,,43900,46,0,10 23 20,1,87,,43901,46,0,10 23 20,1,87,,43902,46,0,10 23 20,1,87,,43903,46,0,10 23 20,1,47,,43904,46,0,10 23 20,1,87,,43905,46,0,10 23 20,1,87,,43906,46,0,10 23 20,1,87,,43907,46,0,10 23 20,1,87,,43908,46,0,10 23 20,1,47,,43909,46,0,10 23 20,1,87,,43910,46,0,10 23 20,1,87,,43911,46,0,10 23 20,1,100,,43912,46,0,10 23 20,1,100,,43913,46,0,10 23 20,1,95,,43914,46,0,10 23 20,1,94,,43915,46,0,10 23 20,1,88,,43916,46,0,10 23 20,1
