401,'11802',728,,43532,52,0,13 40 41,1,82,,43531,52,0,13 40 41,1
401,'2',603,,43559,46,0,10 40 41,1,36,,43558,52,0,13 40 41,1,11,,43600,46,0,10 40 41,1,71,,43557,46,0,10 40 41,1,15,,43556,52,0,13 40 41,1,10,,43555,18,,,1,57,,43554,46,0,10 40 41,1,15,,43553,46,0,10 40 41,1,15,,43552,52,0,13 40 41,1,15,,43551,46,0,10 40 41,1,55,,43550,52,0,13 40 41,1,15,,43549,46,0,10 40 41,1,15,,43548,52,0,13 40 41,1,15,,43547,46,0,10 40 41,1,55,,43546,52,0,13 40 41,1,20,,43545,46,0,10 40 41,1,20,,43544,52,0,13 40 41,1,60,,43543,46,0,10 40 41,1,20,,43542,52,0,13 40 41,1,21,,43541,46,0,10 40 41,1,61,,43540,52,0,13 40 41,1,20,,43539,46,0,10 40 41,1,20,,43538,52,0,13 40 41,1,60,,43537,46,0,10 40 41,1,20,,43536,52,0,13 40 41,1,20,,43535,46,0,10 40 41,1,60,,43534,52,0,13 40 41,1,21,,43533,46,0,10 40 41,1,15,,43562,52,0,13 40 41,1,59,,43570,46,0,10 40 41,1,15,,43563,52,0,13 40 41,1,15,,43571,46,0,10 40 41,1,15,,43564,52,0,13 40 41,1,55,,43572,46,0,10 40 41,1,16,,43565,52,0,13 40 41,1,15,,43573,46,0,10 40 41,1,15,,43566,52,0,13 40 41,1,55,,43574,46,0,10 40 41,1,15,,43567,52,0,13 40 41,1,15,,43575,46,0,10 40 41,1,15,,43568,52,0,13 40 41,1,55,,43576,46,0,10 40 41,1,9,,43569,52,0,13 40 41,1,17,,43579,46,0,10 40 41,1,21,,43584,52,0,13 40 41,1,60,,43580,46,0,10 40 41,1,20,,43585,52,0,13 40 41,1,20,,43581,46,0,10 40 41,1,60,,43586,52,0,13 40 41,1,20,,43582,46,0,10 40 41,1,20,,43587,52,0,13 40 41,1,68,,43583,46,0,10 40 41,1,33,,43588,52,0,13 40 41,1,70,,43591,46,0,10 40 41,1,30,,43589,52,0,13 40 41,1,70,,43592,46,0,10 40 41,1,30,,43590,52,0,13 40 41,1,70,,43593,46,0,10 40 41,1,90,,43594,52,0,13 40 41,1
401,'3',638,,43601,46,0,10 40 41,1,70,,43602,52,0,13 40 41,1,20,,43609,46,0,10 40 41,1,30,,43603,52,0,13 40 41,1,72,,43610,46,0,10 40 41,1,70,,43604,52,0,13 40 41,1,30,,43611,46,0,10 40 41,1,70,,43605,52,0,13 40 41,1,32,,43612,46,0,10 40 41,1,70,,43606,52,0,13 40 41,1,30,,43613,46,0,10 40 41,1,70,,43607,52,0,13 40 41,1,30,,43614,46,0,10 40 41,1,70,,43608,52,0,13 40 41,1,26,,43615,46,0,10 40 41,1,27,,43621,52,0,13 40 41,1,66,,43616,46,0,10 40 41,1,25,,43622,52,0,13 40 41,1,65,,43617,46,0,10 40 41,1,25,,43623,52,0,13 40 41,1,65,,43618,46,0,10 40 41,1,25,,43624,52,0,13 40 41,1,25,,43619,46,0,10 40 41,1,65,,43625,52,0,13 40 41,1,25,,43620,46,0,10 40 41,1,65,,43633,52,0,13 40 41,1,24,,43629,46,0,10 40 41,1,25,,43634,52,0,13 40 41,1,65,,43630,46,0,10 40 41,1,25,,43635,52,0,13 40 41,1,65,,43631,46,0,10 40 41,1,25,,43636,52,0,13 40 41,1,65,,43632,46,0,10 40 41,1,24,,43637,52,0,13 40 41,1,17,,43638,46,0,10 40 41,1,70,,43642,52,0,13 40 41,1,30,,43639,46,0,10 40 41,1,70,,43643,52,0,13 40 41,1,30,,43640,46,0,10 40 41,1,70,,43644,52,0,13 40 41,1,28,,43641,46,0,10 40 41,1,72,,43627,52,0,13 40 41,1
401,'30',708,,43677,46,0,10 40 41,1,45,,43676,52,0,13 40 41,1,85,,43675,46,0,10 40 41,1,87,,43646,52,0,13 40 41,1,85,,43647,46,0,10 40 41,1,30,,43648,52,0,13 40 41,1,64,,43649,46,0,10 40 41,1,30,,43650,52,0,13 40 41,1,67,,43651,46,0,10 40 41,1,31,,43652,52,0,13 40 41,1,69,,43653,46,0,10 40 41,1,32,,43654,52,0,13 40 41,1,70,,43655,46,0,10 40 41,1,30,,43656,52,0,13 40 41,1,70,,43657,46,0,10 40 41,1,30,,43658,52,0,13 40 41,1,70,,43659,46,0,10 40 41,1,30,,43660,52,0,13 40 41,1,70,,43661,46,0,10 40 41,1,29,,43662,52,0,13 40 41,1,70,,43663,46,0,10 40 41,1,30,,43664,52,0,13 40 41,1,70,,43665,46,0,10 40 41,1,30,,43666,52,0,13 40 41,1,68,,43667,46,0,10 40 41,1,32,,43668,52,0,13 40 41,1,70,,43669,46,0,10 40 41,1,32,,43670,52,0,13 40 41,1,68,,43671,46,0,10 40 41,1,29,,43672,52,0,13 40 41,1,78,,43645,46,0,10 40 41,1
401,'4',708,,43710,46,0,10 40 41,1,45,,43709,52,0,13 40 41,1,85,,43708,46,0,10 40 41,1,87,,43679,52,0,13 40 41,1,85,,43680,46,0,10 40 41,1,30,,43681,52,0,13 40 41,1,64,,43682,46,0,10 40 41,1,30,,43683,52,0,13 40 41,1,67,,43684,46,0,10 40 41,1,31,,43685,52,0,13 40 41,1,69,,43686,46,0,10 40 41,1,32,,43687,52,0,13 40 41,1,70,,43688,46,0,10 40 41,1,30,,43689,52,0,13 40 41,1,70,,43690,46,0,10 40 41,1,30,,43691,52,0,13 40 41,1,70,,43692,46,0,10 40 41,1,30,,43693,52,0,13 40 41,1,70,,43694,46,0,10 40 41,1,29,,43695,52,0,13 40 41,1,70,,43696,46,0,10 40 41,1,30,,43697,52,0,13 40 41,1,70,,43698,46,0,10 40 41,1,30,,43699,52,0,13 40 41,1,68,,43700,46,0,10 40 41,1,32,,43701,52,0,13 40 41,1,70,,43702,46,0,10 40 41,1,32,,43703,52,0,13 40 41,1,68,,43704,46,0,10 40 41,1,29,,43705,52,0,13 40 41,1,78,,43678,46,0,10 40 41,1
1700,'11802',711,,46724,24,,,1,226,,46728,24,,,1
1700,'2',634,,46739,44,0,10 23 20,1,20,,46740,52,0,13 23 20,1,60,,46780,44,0,10 23 20,1,20,,46741,52,0,13 23 20,1,21,,46781,44,0,10 23 20,1,59,,46742,52,0,13 23 20,1,20,,46743,44,0,10 23 20,1,18,,46744,52,0,13 23 20,1,61,,46745,44,0,10 23 20,1,20,,46746,52,0,13 23 20,1,20,,46747,44,0,10 23 20,1,60,,46748,52,0,13 23 20,1,20,,46749,44,0,10 23 20,1,20,,46750,52,0,13 23 20,1,60,,46751,44,0,10 23 20,1,20,,46752,52,0,13 23 20,1,20,,46753,44,0,10 23 20,1,60,,46754,52,0,13 23 20,1,20,,46755,44,0,10 23 20,1,21,,46756,52,0,13 23 20,1,61,,46757,44,0,10 23 20,1,25,,46758,52,0,13 23 20,1,63,,46759,44,0,10 23 20,1,21,,46760,52,0,13 23 20,1,20,,46761,44,0,10 23 20,1,60,,46762,52,0,13 23 20,1,18,,46763,44,0,10 23 20,1,20,,46764,52,0,13 23 20,1,17,,46765,44,0,10 23 20,1,55,,46766,52,0,13 23 20,1,21,,46767,44,0,10 23 20,1,23,,46768,52,0,13 23 20,1,60,,46769,44,0,10 23 20,1,20,,46770,52,0,13 23 20,1,62,,46771,44,0,10 23 20,1,12,,46772,52,0,13 23 20,1,23,,46773,44,0,10 23 20,1,23,,46782,44,0,10 23 20,1,61,,46775,52,0,13 23 20,1,14,,46729,44,0,10 23 20,1,19,,46738,44,0,10 23 20,1,59,,46737,44,0,10 23 20,1,19,,46736,44,0,10 23 20,1,19,,46735,44,0,10 23 20,1,59,,46734,44,0,10 23 20,1,17,,46733,44,0,10 23 20,1,21,,46731,44,0,10 23 20,1,70,,46732,44,0,10 23 20,1,25,,46730,44,0,10 23 20,1,60,,46776,44,0,10 23 20,1,25,,46777,44,0,10 23 20,1,25,,46778,44,0,10 23 20,1,65,,46779,44,0,10 23 20,1,22,,46783,44,0,10 23 20,1,65,,46784,44,0,10 23 20,1
1700,'3',628,,46819,44,0,10 23 20,1,78,,46817,44,0,10 23 20,1,36,,46818,44,0,10 23 20,1,80,,46816,44,0,10 23 20,1,35,,46815,44,0,10 23 20,1,70,,46814,44,0,10 23 20,1,82,,46813,44,0,10 23 20,1,31,,46812,44,0,10 23 20,1,72,,46811,44,0,10 23 20,1,30,,46820,44,0,10 23 20,1,71,,46810,44,0,10 23 20,1,31,,46809,44,0,10 23 20,1,70,,46808,44,0,10 23 20,1,30,,46807,44,0,10 23 20,1,70,,46806,44,0,10 23 20,1,30,,46805,44,0,10 23 20,1,70,,46804,44,0,10 23 20,1,30,,46803,44,0,10 23 20,1,70,,46802,44,0,10 23 20,1,30,,46801,44,0,10 23 20,1,70,,46800,44,0,10 23 20,1,30,,46799,44,0,10 23 20,1,67,,46798,44,0,10 23 20,1,30,,46797,44,0,10 23 20,1,68,,46796,44,0,10 23 20,1,30,,46795,44,0,10 23 20,1,20,,46794,44,0,10 23 20,1,70,,46793,44,0,10 23 20,1,30,,46792,44,0,10 23 20,1,70,,46791,44,0,10 23 20,1,14,,46790,44,0,10 23 20,1,69,,46789,44,0,10 23 20,1,30,,46788,44,0,10 23 20,1,70,,46787,44,0,10 23 20,1,15,,46821,44,0,10 23 20,1,30,,46786,44,0,10 23 20,1,63,,46822,44,0,10 23 20,1,19,,46823,44,0,10 23 20,1,20,,46824,44,0,10 23 20,1
1700,'30',654,,46855,44,0,10 23 20,1,75,,46856,44,0,10 23 20,1,75,,46857,44,0,10 23 20,1,35,,46858,44,0,10 23 20,1,75,,46828,44,0,10 23 20,1,30,,46829,44,0,10 23 20,1,70,,46830,44,0,10 23 20,1,30,,46831,44,0,10 23 20,1,65,,46832,44,0,10 23 20,1,25,,46833,44,0,10 23 20,1,22,,46834,44,0,10 23 20,1,72,,46835,44,0,10 23 20,1,30,,46836,44,0,10 23 20,1,65,,46837,44,0,10 23 20,1,25,,46838,44,0,10 23 20,1,70,,46839,44,0,10 23 20,1,30,,46840,44,0,10 23 20,1,68,,46841,44,0,10 23 20,1,30,,46842,44,0,10 23 20,1,70,,46843,44,0,10 23 20,1,30,,46844,44,0,10 23 20,1,70,,46845,44,0,10 23 20,1,30,,46846,44,0,10 23 20,1,60,,46847,44,0,10 23 20,1,28,,46848,44,0,10 23 20,1,70,,46849,44,0,10 23 20,1,30,,46850,44,0,10 23 20,1,80,,46851,44,0,10 23 20,1,35,,46852,44,0,10 23 20,1,75,,46853,44,0,10 23 20,1,35,,46854,44,0,10 23 20,1,71,,46827,44,0,10 23 20,1,70,,46860,44,0,10 23 20,1,35,,46859,44,0,10 23 20,1
1700,'4',654,,46890,44,0,10 23 20,1,75,,46891,44,0,10 23 20,1,75,,46892,44,0,10 23 20,1,35,,46893,44,0,10 23 20,1,75,,46863,44,0,10 23 20,1,30,,46864,44,0,10 23 20,1,70,,46865,44,0,10 23 20,1,30,,46866,44,0,10 23 20,1,65,,46867,44,0,10 23 20,1,25,,46868,44,0,10 23 20,1,22,,46869,44,0,10 23 20,1,72,,46870,44,0,10 23 20,1,30,,46871,44,0,10 23 20,1,65,,46872,44,0,10 23 20,1,25,,46873,44,0,10 23 20,1,70,,46874,44,0,10 23 20,1,30,,46875,44,0,10 23 20,1,68,,46876,44,0,10 23 20,1,30,,46877,44,0,10 23 20,1,70,,46878,44,0,10 23 20,1,30,,46879,44,0,10 23 20,1,70,,46880,44,0,10 23 20,1,30,,46881,44,0,10 23 20,1,60,,46882,44,0,10 23 20,1,28,,46883,44,0,10 23 20,1,70,,46884,44,0,10 23 20,1,30,,46885,44,0,10 23 20,1,80,,46886,44,0,10 23 20,1,35,,46887,44,0,10 23 20,1,75,,46888,44,0,10 23 20,1,35,,46889,44,0,10 23 20,1,71,,46862,44,0,10 23 20,1,70,,46895,44,0,10 23 20,1,35,,46894,44,0,10 23 20,1
10400,'3302',723,,50469,17,,,1,27,,50470,17,,,1,70,,50471,23,,,1,30,,50472,23,,,1,72,,50473,23,,,1,30,,50474,23,,,1,70,,50475,23,,,1,30,,50476,23,,,1,69,,50477,23,,,1,31,,50478,23,,,1,68,,50479,23,,,1,32,,50480,23,,,1,67,,50481,23,,,1,32,,50482,23,,,1,66,,50483,23,,,1,29,,50484,23,,,1,71,,50485,23,,,1,32,,50486,23,,,1,71,,50487,23,,,1,30,,50488,23,,,1,71,,50489,23,,,1,33,,50490,23,,,1,67,,50491,23,,,1,26,,50492,23,,,1
10400,'3903',1018,,50510,17,,,1,29,,50495,23,,,1,61,,50496,23,,,1,30,,50497,23,,,1,67,,50498,23,,,1,31,,50499,23,,,1,20,,50500,23,,,1,70,,50501,23,,,1,25,,50502,23,,,1,71,,50503,23,,,1,28,,50504,23,,,1,71,,50505,23,,,1,30,,50506,23,,,1,70,,50507,23,,,1,29,,50508,23,,,1,70,,50509,23,,,1,30,,50494,23,,,1,70,,50493,23,,,1
