201,'11802',737,,42903,45,0,13 24 25,1,75,,42905,39,0,10 24 25,1,30,,42904,45,0,13 24 25,1,70,,42906,39,0,10 24 25,1
201,'2',631,,42908,39,0,10 24 25,1,15,,42944,45,0,13 24 25,1,55,,42909,39,0,10 24 25,1,15,,42945,45,0,13 24 25,1,15,,42910,39,0,10 24 25,1,15,,42946,45,0,13 24 25,1,55,,42911,39,0,10 24 25,1,15,,42947,45,0,13 24 25,1,15,,42912,39,0,10 24 25,1,15,,42948,45,0,13 24 25,1,55,,42913,39,0,10 24 25,1,15,,42949,45,0,13 24 25,1,15,,42914,39,0,10 24 25,1,15,,42950,45,0,13 24 25,1,55,,42915,39,0,10 24 25,1,15,,42951,45,0,13 24 25,1,15,,42916,39,0,10 24 25,1,15,,42952,45,0,13 24 25,1,55,,42917,39,0,10 24 25,1,15,,42953,45,0,13 24 25,1,15,,42918,39,0,10 24 25,1,15,,42954,45,0,13 24 25,1,55,,42919,39,0,10 24 25,1,15,,42955,45,0,13 24 25,1,15,,42920,39,0,10 24 25,1,15,,42956,45,0,13 24 25,1,55,,42921,39,0,10 24 25,1,15,,42957,45,0,13 24 25,1,15,,42922,39,0,10 24 25,1,15,,42958,45,0,13 24 25,1,55,,42923,39,0,10 24 25,1,15,,42959,45,0,13 24 25,1,15,,42924,39,0,10 24 25,1,15,,42960,45,0,13 24 25,1,55,,42925,39,0,10 24 25,1,15,,42961,45,0,13 24 25,1,15,,42926,39,0,10 24 25,1,15,,42962,45,0,13 24 25,1,55,,42927,39,0,10 24 25,1,15,,42963,45,0,13 24 25,1,15,,42928,39,0,10 24 25,1,15,,42964,45,0,13 24 25,1,60,,42929,39,0,10 24 25,1,18,,42965,45,0,13 24 25,1,16,,42930,39,0,10 24 25,1,14,,42966,45,0,13 24 25,1,49,,42931,39,0,10 24 25,1,11,,42967,45,0,13 24 25,1,17,,42932,39,0,10 24 25,1,15,,42968,45,0,13 24 25,1,55,,42933,39,0,10 24 25,1,10,,42969,45,0,13 24 25,1,15,,42934,39,0,10 24 25,1,15,,42970,45,0,13 24 25,1,67,,42971,45,0,13 24 25,1,13,,42936,39,0,10 24 25,1,15,,42972,45,0,13 24 25,1,14,,42937,39,0,10 24 25,1,56,,42973,45,0,13 24 25,1,23,,42974,45,0,13 24 25,1,18,,42939,39,0,10 24 25,1,64,,42975,45,0,13 24 25,1,16,,42940,39,0,10 24 25,1,18,,42976,45,0,13 24 25,1,56,,42941,39,0,10 24 25,1,20,,42977,45,0,13 24 25,1,16,,42942,39,0,10 24 25,1,20,,42978,45,0,13 24 25,1,63,,42943,39,0,10 24 25,1,37,,42979,45,0,13 24 25,1,59,,42980,39,0,10 24 25,1
201,'3',630,,42983,45,0,13 24 25,1,70,,42984,39,0,10 24 25,1,30,,42985,45,0,13 24 25,1,71,,42986,39,0,10 24 25,1,15,,42987,45,0,13 24 25,1,15,,42988,39,0,10 24 25,1,10,,42989,45,0,13 24 25,1,15,,42990,39,0,10 24 25,1,50,,42991,45,0,13 24 25,1,15,,42992,39,0,10 24 25,1,15,,42993,45,0,13 24 25,1,15,,42994,39,0,10 24 25,1,55,,42995,45,0,13 24 25,1,15,,42996,39,0,10 24 25,1,10,,43039,21,,,1,5,,42997,45,0,13 24 25,1,15,,43018,39,0,10 24 25,1,55,,42998,45,0,13 24 25,1,15,,43019,39,0,10 24 25,1,15,,42999,45,0,13 24 25,1,15,,43020,39,0,10 24 25,1,55,,43000,45,0,13 24 25,1,10,,43021,39,0,10 24 25,1,15,,43001,45,0,13 24 25,1,10,,43022,39,0,10 24 25,1,15,,43002,45,0,13 24 25,1,55,,43023,39,0,10 24 25,1,15,,43003,45,0,13 24 25,1,15,,43024,39,0,10 24 25,1,15,,43004,45,0,13 24 25,1,55,,43025,39,0,10 24 25,1,15,,43005,45,0,13 24 25,1,10,,43026,39,0,10 24 25,1,10,,43006,45,0,13 24 25,1,55,,43027,39,0,10 24 25,1,15,,43007,45,0,13 24 25,1,15,,43028,39,0,10 24 25,1,15,,43008,45,0,13 24 25,1,55,,43029,39,0,10 24 25,1,15,,43009,45,0,13 24 25,1,15,,43030,39,0,10 24 25,1,15,,43010,45,0,13 24 25,1,10,,43031,39,0,10 24 25,1,55,,43011,45,0,13 24 25,1,15,,43032,39,0,10 24 25,1,10,,43012,45,0,13 24 25,1,15,,43033,39,0,10 24 25,1,55,,43013,45,0,13 24 25,1,15,,43034,39,0,10 24 25,1,10,,43014,45,0,13 24 25,1,15,,43035,39,0,10 24 25,1,55,,43015,45,0,13 24 25,1,15,,43036,39,0,10 24 25,1,15,,43016,45,0,13 24 25,1,15,,43037,39,0,10 24 25,1,55,,43017,45,0,13 24 25,1,15,,43038,39,0,10 24 25,1,15,,43040,45,0,13 24 25,1,15,,43041,39,0,10 24 25,1,55,,43042,45,0,13 24 25,1,25,,43047,39,0,10 24 25,1,30,,43043,45,0,13 24 25,1,70,,43048,39,0,10 24 25,1,27,,43044,45,0,13 24 25,1,70,,43049,39,0,10 24 25,1,30,,43045,45,0,13 24 25,1,70,,43050,39,0,10 24 25,1,78,,43046,45,0,13 24 25,1
201,'30',628,,43059,21,,,1,72,,43058,45,0,13 24 25,1,30,,43060,39,0,10 24 25,1,70,,43062,45,0,13 24 25,1,30,,43061,39,0,10 24 25,1,75,,43063,45,0,13 24 25,1,30,,43064,39,0,10 24 25,1,65,,43068,45,0,13 24 25,1,25,,43065,39,0,10 24 25,1,25,,43069,45,0,13 24 25,1,65,,43066,39,0,10 24 25,1,15,,43094,29,,,1,10,,43070,45,0,13 24 25,1,66,,43067,39,0,10 24 25,1,15,,43071,45,0,13 24 25,1,15,,43083,39,0,10 24 25,1,15,,43072,45,0,13 24 25,1,55,,43084,39,0,10 24 25,1,15,,43073,45,0,13 24 25,1,15,,43085,39,0,10 24 25,1,15,,43074,45,0,13 24 25,1,55,,43086,39,0,10 24 25,1,15,,43075,45,0,13 24 25,1,15,,43087,39,0,10 24 25,1,15,,43076,45,0,13 24 25,1,55,,43088,39,0,10 24 25,1,15,,43077,45,0,13 24 25,1,15,,43089,39,0,10 24 25,1,15,,43078,45,0,13 24 25,1,55,,43090,39,0,10 24 25,1,15,,43079,45,0,13 24 25,1,15,,43091,39,0,10 24 25,1,15,,43080,45,0,13 24 25,1,55,,43092,39,0,10 24 25,1,15,,43081,45,0,13 24 25,1,15,,43093,39,0,10 24 25,1,15,,43082,45,0,13 24 25,1,54,,43095,39,0,10 24 25,1,35,,43101,45,0,13 24 25,1,15,,43096,39,0,10 24 25,1,65,,43102,45,0,13 24 25,1,25,,43097,39,0,10 24 25,1,65,,43103,45,0,13 24 25,1,25,,43098,39,0,10 24 25,1,65,,43104,45,0,13 24 25,1,25,,43099,39,0,10 24 25,1,25,,43105,45,0,13 24 25,1,65,,43100,39,0,10 24 25,1,25,,43106,45,0,13 24 25,1,60,,43057,39,0,10 24 25,1
201,'4',628,,43113,21,,,1,72,,43112,45,0,13 24 25,1,30,,43114,39,0,10 24 25,1,70,,43116,45,0,13 24 25,1,30,,43115,39,0,10 24 25,1,75,,43117,45,0,13 24 25,1,30,,43118,39,0,10 24 25,1,65,,43122,45,0,13 24 25,1,25,,43119,39,0,10 24 25,1,25,,43123,45,0,13 24 25,1,65,,43120,39,0,10 24 25,1,15,,43148,29,,,1,10,,43124,45,0,13 24 25,1,66,,43121,39,0,10 24 25,1,15,,43125,45,0,13 24 25,1,15,,43137,39,0,10 24 25,1,15,,43126,45,0,13 24 25,1,55,,43138,39,0,10 24 25,1,15,,43127,45,0,13 24 25,1,15,,43139,39,0,10 24 25,1,15,,43128,45,0,13 24 25,1,55,,43140,39,0,10 24 25,1,15,,43129,45,0,13 24 25,1,15,,43141,39,0,10 24 25,1,15,,43130,45,0,13 24 25,1,55,,43142,39,0,10 24 25,1,15,,43131,45,0,13 24 25,1,15,,43143,39,0,10 24 25,1,15,,43132,45,0,13 24 25,1,55,,43144,39,0,10 24 25,1,15,,43133,45,0,13 24 25,1,15,,43145,39,0,10 24 25,1,15,,43134,45,0,13 24 25,1,55,,43146,39,0,10 24 25,1,15,,43135,45,0,13 24 25,1,15,,43147,39,0,10 24 25,1,15,,43136,45,0,13 24 25,1,54,,43149,39,0,10 24 25,1,35,,43155,45,0,13 24 25,1,15,,43150,39,0,10 24 25,1,65,,43156,45,0,13 24 25,1,25,,43151,39,0,10 24 25,1,65,,43157,45,0,13 24 25,1,25,,43152,39,0,10 24 25,1,65,,43158,45,0,13 24 25,1,25,,43153,39,0,10 24 25,1,25,,43159,45,0,13 24 25,1,65,,43154,39,0,10 24 25,1,25,,43160,45,0,13 24 25,1,60,,43111,39,0,10 24 25,1
500,'2',613,,43738,4,0,10 31,1,17,,43711,42,0,13 31,1,71,,43713,42,0,10 31,1,30,,43714,42,0,13 31,1,70,,43725,42,0,10 31,1,30,,43715,42,0,13 31,1,70,,43726,42,0,10 31,1,30,,43716,42,0,13 31,1,70,,43727,42,0,10 31,1,30,,43717,42,0,13 31,1,70,,43728,42,0,10 31,1,30,,43718,42,0,13 31,1,70,,43729,42,0,10 31,1,30,,43719,42,0,13 31,1,70,,43730,42,0,10 31,1,30,,43720,42,0,13 31,1,70,,43731,42,0,10 31,1,30,,43721,42,0,13 31,1,70,,43732,42,0,10 31,1,30,,43722,42,0,13 31,1,70,,43733,42,0,10 31,1,30,,43723,42,0,13 31,1,70,,43734,42,0,10 31,1,30,,43724,42,0,13 31,1,70,,43735,42,0,10 31,1,20,,43736,42,0,13 31,1,30,,43739,42,0,10 31,1,70,,43740,42,0,10 31,1,30,,43741,42,0,10 31,1,70,,43742,42,0,10 31,1,29,,43743,42,0,10 31,1,70,,43744,42,0,10 31,1,27,,43745,42,0,10 31,1,70,,43746,42,0,10 31,1,25,,43747,42,0,10 31,1,68,,43748,42,0,10 31,1,91,,43737,42,0,10 31,1
500,'3',630,,43749,42,0,10 31,1,100,,43750,42,0,10 31,1,101,,43751,42,0,10 31,1,100,,43752,42,0,10 31,1,90,,43753,42,0,13 31,1,35,,43760,42,0,10 31,1,75,,43754,42,0,13 31,1,76,,43761,42,0,10 31,1,35,,43755,42,0,13 31,1,75,,43762,42,0,10 31,1,35,,43756,42,0,13 31,1,75,,43763,42,0,10 31,1,75,,43757,42,0,13 31,1,35,,43764,42,0,10 31,1,75,,43758,42,0,13 31,1,35,,43765,42,0,10 31,1,75,,43759,42,0,13 31,1,35,,43766,42,0,10 31,1,75,,43767,42,0,13 31,1,74,,43773,42,0,10 31,1,35,,43768,42,0,10 31,1,100,,43769,42,0,10 31,1,100,,43770,42,0,10 31,1,110,,43771,42,0,10 31,1,150,,43772,42,0,10 31,1
500,'30',813,,43774,4,0,10 31,1,44,,43775,42,0,10 31,1,87,,43776,42,0,10 31,1,87,,43777,42,0,10 31,1,87,,43778,42,0,10 31,1,87,,43779,42,0,10 31,1,47,,43780,42,0,10 31,1,87,,43781,42,0,10 31,1,87,,43782,42,0,10 31,1,87,,43783,42,0,10 31,1,87,,43784,42,0,10 31,1,47,,43785,42,0,10 31,1,87,,43786,42,0,10 31,1,87,,43787,42,0,10 31,1,100,,43788,42,0,10 31,1,100,,43789,42,0,10 31,1,100,,43790,42,0,10 31,1,93,,43791,42,0,10 31,1,90,,43792,42,0,10 31,1
500,'4',813,,43793,4,0,10 31,1,44,,43794,42,0,10 31,1,87,,43795,42,0,10 31,1,87,,43796,42,0,10 31,1,87,,43797,42,0,10 31,1,87,,43798,42,0,10 31,1,47,,43799,42,0,10 31,1,87,,43800,42,0,10 31,1,87,,43801,42,0,10 31,1,87,,43802,42,0,10 31,1,87,,43803,42,0,10 31,1,47,,43804,42,0,10 31,1,87,,43805,42,0,10 31,1,87,,43806,42,0,10 31,1,100,,43807,42,0,10 31,1,100,,43808,42,0,10 31,1,100,,43809,42,0,10 31,1,93,,43810,42,0,10 31,1,90,,43811,42,0,10 31,1
701,'2',630,,44365,31,,,1,20,,44366,31,,,1,76,,44367,31,,,1,25,,44368,31,,,1,60,,44369,31,,,1,20,,44370,31,,,1,20,,44371,31,,,1,59,,44372,31,,,1,30,,44373,31,,,1,15,,44374,31,,,1,70,,44375,31,,,1,30,,44376,31,,,1,70,,44377,31,,,1,30,,44378,31,,,1,71,,44379,31,,,1,30,,44380,31,,,1,70,,44381,31,,,1,30,,44382,31,,,1,65,,44383,31,,,1,20,,44384,31,,,1,60,,44385,31,,,1,20,,44386,31,,,1,20,,44387,31,,,1,60,,44388,31,,,1,20,,44389,31,,,1,20,,44390,31,,,1,60,,44391,31,,,1,20,,44392,31,,,1,20,,44393,31,,,1,59,,44394,31,,,1,25,,44395,31,,,1,25,,44396,31,,,1,65,,44397,31,,,1,25,,44398,31,,,1,65,,44399,31,,,1,30,,44400,31,,,1,80,,44401,31,,,1,30,,44402,31,,,1,70,,44403,31,,,1,30,,44404,31,,,1,70,,44405,31,,,1,30,,44406,31,,,1
701,'3',630,,44449,31,,,1,76,,44450,31,,,1,31,,44448,31,,,1,72,,44412,31,,,1,30,,44413,31,,,1,65,,44414,31,,,1,30,,44415,31,,,1,70,,44416,31,,,1,25,,44417,31,,,1,25,,44418,31,,,1,70,,44419,31,,,1,30,,44420,31,,,1,65,,44421,31,,,1,25,,44422,31,,,1,70,,44423,31,,,1,30,,44424,31,,,1,70,,44425,31,,,1,30,,44426,31,,,1,70,,44427,31,,,1,30,,44428,31,,,1,70,,44429,31,,,1,30,,44430,31,,,1,70,,44431,31,,,1,30,,44432,31,,,1,70,,44433,31,,,1,30,,44434,31,,,1,65,,44435,31,,,1,25,,44436,31,,,1,70,,44437,31,,,1,25,,44438,31,,,1,22,,44439,31,,,1,70,,44440,31,,,1,30,,44441,31,,,1,70,,44442,31,,,1,30,,44443,31,,,1,70,,44444,31,,,1,30,,44445,31,,,1
701,'30',900,,44451,31,,,1,25,,44452,31,,,1,75,,44453,31,,,1,20,,44454,31,,,1,25,,44455,31,,,1,70,,44456,31,,,1,30,,44457,31,,,1,65,,44458,31,,,1,25,,44459,31,,,1,70,,44460,31,,,1,30,,44461,31,,,1,70,,44462,31,,,1,25,,44463,31,,,1,70,,44464,31,,,1,30,,44465,31,,,1,70,,44466,31,,,1,30,,44467,31,,,1,70,,44468,31,,,1,30,,44469,31,,,1,70,,44470,31,,,1,30,,44471,31,,,1,70,,44473,31,,,1,30,,44474,31,,,1,70,,44475,31,,,1,30,,44476,31,,,1,70,,44477,31,,,1,30,,44478,31,,,1,70,,44481,31,,,1,30,,44482,31,,,1,70,,44479,31,,,1
701,'4',900,,44483,31,,,1,25,,44484,31,,,1,75,,44485,31,,,1,20,,44486,31,,,1,25,,44487,31,,,1,70,,44488,31,,,1,30,,44489,31,,,1,65,,44490,31,,,1,25,,44491,31,,,1,70,,44492,31,,,1,30,,44493,31,,,1,70,,44494,31,,,1,25,,44495,31,,,1,70,,44496,31,,,1,30,,44497,31,,,1,70,,44498,31,,,1,30,,44499,31,,,1,70,,44500,31,,,1,30,,44501,31,,,1,70,,44502,31,,,1,30,,44503,31,,,1,70,,44505,31,,,1,30,,44506,31,,,1,70,,44507,31,,,1,30,,44508,31,,,1,70,,44509,31,,,1,30,,44510,31,,,1,70,,44513,31,,,1,30,,44514,31,,,1,70,,44511,31,,,1
900,'2',631,,44515,4,,,1,17,,44516,4,,,1,57,,44517,4,,,1,16,,44518,4,,,1,16,,44519,4,,,1,16,,44520,4,,,1,54,,44521,4,,,1,16,,44522,4,,,1,15,,44523,4,,,1,17,,44524,4,,,1,55,,44525,4,,,1,15,,44526,4,,,1,15,,44527,4,,,1,15,,44528,4,,,1,55,,44529,4,,,1,15,,44530,4,,,1,15,,44531,4,,,1,15,,44532,4,,,1,55,,44533,4,,,1,15,,44534,4,,,1,15,,44535,4,,,1,15,,44536,4,,,1,55,,44537,4,,,1,15,,44538,4,,,1,15,,44539,4,,,1,15,,44540,4,,,1,55,,44541,4,,,1,15,,44542,4,,,1,15,,44543,4,,,1,15,,44544,4,,,1,55,,44545,4,,,1,15,,44546,4,,,1,15,,44547,4,,,1,15,,44548,4,,,1,55,,44549,4,,,1,15,,44550,4,,,1,15,,44551,4,,,1,15,,44552,4,,,1,55,,44553,4,,,1,15,,44554,4,,,1,15,,44555,4,,,1,15,,44556,4,,,1,55,,44557,4,,,1,15,,44558,4,,,1,15,,44559,4,,,1,15,,44560,4,,,1,55,,44561,4,,,1,22,,44562,4,,,1,69,,44563,4,,,1,22,,44564,4,,,1,22,,44565,4,,,1,62,,44566,4,,,1,22,,44567,4,,,1,22,,44568,4,,,1,65,,44569,4,,,1,29,,44570,4,,,1,72,,44571,4,,,1,32,,44572,4,,,1,72,,44573,4,,,1,37,,44575,4,,,1,143,,44574,4,,,1
900,'3',532,,44618,3,,,1,68,,44621,3,,,1,30,,44582,4,,,1,70,,44620,4,,,1,30,,44583,4,,,1,73,,44619,4,,,1,29,,44584,4,,,1,75,,44585,4,,,1,32,,44586,4,,,1,20,,44587,3,,,1,67,,44588,4,,,1,25,,44589,4,,,1,65,,44590,4,,,1,22,,44591,4,,,1,65,,44592,4,,,1,25,,44593,4,,,1,29,,44594,4,,,1,61,,44595,4,,,1,25,,44596,4,,,1,68,,44597,4,,,1,22,,44598,4,,,1,25,,44599,4,,,1,65,,44600,4,,,1,25,,44601,4,,,1,65,,44602,4,,,1,25,,44603,4,,,1,65,,44604,4,,,1,25,,44605,4,,,1,25,,44606,4,,,1,64,,44607,4,,,1,84,,44608,4,,,1,25,,44609,4,,,1,78,,44610,4,,,1,35,,44611,4,,,1,75,,44612,4,,,1,35,,44613,4,,,1,75,,44614,4,,,1,35,,44615,4,,,1,75,,44616,4,,,1,74,,44617,4,,,1
900,'30',606,,44625,3,,,1,25,,44622,4,,,1,80,,44658,4,,,1,35,,44623,4,,,1,75,,44657,4,,,1,36,,44624,4,,,1,75,,44626,4,,,1,73,,44627,4,,,1,33,,44628,4,,,1,73,,44629,4,,,1,33,,44630,4,,,1,61,,44631,3,,,1,18,,44632,4,,,1,28,,44633,4,,,1,63,,44634,4,,,1,23,,44635,4,,,1,63,,44636,4,,,1,23,,44637,4,,,1,23,,44638,4,,,1,63,,44639,4,,,1,23,,44640,4,,,1,23,,44641,4,,,1,63,,44642,4,,,1,23,,44643,4,,,1,63,,44644,4,,,1,23,,44645,4,,,1,23,,44646,4,,,1,65,,44647,4,,,1,35,,44648,4,,,1,70,,44649,4,,,1,30,,44650,4,,,1,70,,44651,4,,,1,30,,44652,4,,,1,70,,44653,4,,,1,30,,44654,4,,,1,70,,44655,4,,,1,81,,44656,4,,,1
900,'4',606,,44662,3,,,1,25,,44659,4,,,1,80,,44695,4,,,1,35,,44660,4,,,1,75,,44694,4,,,1,36,,44661,4,,,1,75,,44663,4,,,1,73,,44664,4,,,1,33,,44665,4,,,1,73,,44666,4,,,1,33,,44667,4,,,1,61,,44668,3,,,1,18,,44669,4,,,1,28,,44670,4,,,1,63,,44671,4,,,1,23,,44672,4,,,1,63,,44673,4,,,1,23,,44674,4,,,1,23,,44675,4,,,1,63,,44676,4,,,1,23,,44677,4,,,1,23,,44678,4,,,1,63,,44679,4,,,1,23,,44680,4,,,1,63,,44681,4,,,1,23,,44682,4,,,1,23,,44683,4,,,1,65,,44684,4,,,1,35,,44685,4,,,1,70,,44686,4,,,1,30,,44687,4,,,1,70,,44688,4,,,1,30,,44689,4,,,1,70,,44690,4,,,1,30,,44691,4,,,1,70,,44692,4,,,1,81,,44693,4,,,1
1200,'2',631,,45239,2,,,1,69,,45240,2,,,1,28,,45241,2,,,1,30,,45242,2,,,1,70,,45243,2,,,1,30,,45244,2,,,1,70,,45245,2,,,1,30,,45246,2,,,1,70,,45247,2,,,1,30,,45248,2,,,1,70,,45249,2,,,1,30,,45250,2,,,1,70,,45251,2,,,1,30,,45252,2,,,1,70,,45253,2,,,1,30,,45254,2,,,1,70,,45255,2,,,1,25,,45256,2,,,1,56,,45257,2,,,1,25,,45258,2,,,1,25,,45259,2,,,1,65,,45260,2,,,1,27,,45261,2,,,1,65,,45262,2,,,1,25,,45263,2,,,1,65,,45264,2,,,1,25,,45265,2,,,1,28,,45266,2,,,1,70,,45267,2,,,1,30,,45268,2,,,1,70,,45269,2,,,1,30,,45274,2,,,1,70,,45270,2,,,1,30,,45271,2,,,1,70,,45275,2,,,1,30,,45272,2,,,1,70,,45276,2,,,1,29,,45273,2,,,1
1200,'3',631,,45277,2,,,1,70,,45309,2,,,1,30,,45278,2,,,1,70,,45308,2,,,1,30,,45279,2,,,1,70,,45307,2,,,1,25,,45280,2,,,1,25,,45306,2,,,1,70,,45281,2,,,1,30,,45305,2,,,1,70,,45282,2,,,1,30,,45304,2,,,1,70,,45283,2,,,1,35,,45284,2,,,1,75,,45285,2,,,1,75,,45286,2,,,1,35,,45287,2,,,1,75,,45288,2,,,1,35,,45289,2,,,1,75,,45290,2,,,1,75,,45291,2,,,1,35,,45292,2,,,1,65,,45293,2,,,1,33,,45294,2,,,1,67,,45295,2,,,1,33,,45296,2,,,1,67,,45297,2,,,1,33,,45298,2,,,1,67,,45299,2,,,1,33,,45300,2,,,1,67,,45301,2,,,1,33,,45302,2,,,1,67,,45303,2,,,1,33,,45310,2,,,1,67,,45311,2,,,1
1200,'30',831,,45340,2,,,1,70,,45325,2,,,1,30,,45327,2,,,1,23,,45313,2,,,1,70,,45328,2,,,1,30,,45324,2,,,1,70,,45329,2,,,1,24,,45323,2,,,1,70,,45330,2,,,1,24,,45322,2,,,1,64,,45339,2,,,1,31,,45321,2,,,1,64,,45334,2,,,1,30,,45320,2,,,1,70,,45335,2,,,1,30,,45319,2,,,1,70,,45336,2,,,1,30,,45318,2,,,1,70,,45337,2,,,1,30,,45317,2,,,1,70,,45338,2,,,1,30,,45316,2,,,1,70,,45331,2,,,1,30,,45315,2,,,1,70,,45332,2,,,1,30,,45312,2,,,1,70,,45333,2,,,1,30,,45314,2,,,1
1200,'4',831,,45369,2,,,1,70,,45354,2,,,1,30,,45356,2,,,1,23,,45342,2,,,1,70,,45357,2,,,1,30,,45353,2,,,1,70,,45358,2,,,1,24,,45352,2,,,1,70,,45359,2,,,1,24,,45351,2,,,1,64,,45368,2,,,1,31,,45350,2,,,1,64,,45363,2,,,1,30,,45349,2,,,1,70,,45364,2,,,1,30,,45348,2,,,1,70,,45365,2,,,1,30,,45347,2,,,1,70,,45366,2,,,1,30,,45346,2,,,1,70,,45367,2,,,1,30,,45345,2,,,1,70,,45360,2,,,1,30,,45344,2,,,1,70,,45361,2,,,1,30,,45341,2,,,1,70,,45362,2,,,1,30,,45343,2,,,1
1900,'2',602,,47066,4,,,1,30,,47065,4,,,1,74,,47067,4,,,1,12,,47068,4,,,1,27,,47069,4,,,1,67,,47070,4,,,1,27,,47071,4,,,1,68,,47072,4,,,1,25,,47073,4,,,1,27,,47074,4,,,1,67,,47075,4,,,1,27,,47076,4,,,1,67,,47077,4,,,1,27,,47078,4,,,1,68,,47079,4,,,1,27,,47080,4,,,1,67,,47081,4,,,1,27,,47082,4,,,1,64,,47083,4,,,1,27,,47084,4,,,1,27,,47085,4,,,1,71,,47086,4,,,1,27,,47087,4,,,1,70,,47088,4,,,1,28,,47089,4,,,1,69,,47090,4,,,1,28,,47091,4,,,1,67,,47092,4,,,1,28,,47093,4,,,1,68,,47094,4,,,1,24,,47095,4,,,1,67,,47096,4,,,1,27,,47097,4,,,1,27,,47098,4,,,1,67,,47099,4,,,1,27,,47100,4,,,1,87,,47101,4,,,1,67,,47102,4,,,1,36,,47064,4,0,40 3 52,1
1900,'3',803,,47115,4,,,1,32,,47116,4,,,1,72,,47105,4,,,1,32,,47106,4,,,1,73,,47107,4,,,1,32,,47108,4,,,1,72,,47109,4,,,1,32,,47110,4,,,1,72,,47111,4,,,1,32,,47112,4,,,1,72,,47113,4,,,1,32,,47114,4,,,1,70,,47117,4,,,1,27,,47118,4,,,1,64,,47119,4,,,1,27,,47120,4,,,1,67,,47121,4,,,1,27,,47122,4,,,1,67,,47123,4,,,1,27,,47124,4,,,1,27,,47125,4,,,1,79,,47126,4,,,1,72,,47127,4,,,1,32,,47128,4,,,1,72,,47129,4,,,1,32,,47130,4,,,1,71,,47131,4,,,1,35,,47132,4,,,1
1900,'30',803,,47140,4,,,1,35,,47150,4,,,1,75,,47136,4,,,1,35,,47137,4,,,1,75,,47151,4,,,1,35,,47138,4,,,1,75,,47139,4,,,1,79,,47141,4,,,1,40,,47142,4,,,1,80,,47152,4,,,1,80,,47143,4,,,1,40,,47144,4,,,1,80,,47145,4,,,1,80,,47146,4,,,1,40,,47153,4,,,1,75,,47147,4,,,1,75,,47148,4,,,1,35,,47154,4,,,1,75,,47149,4,,,1,35,,47155,4,,,1
1900,'4',803,,47161,4,,,1,35,,47171,4,,,1,75,,47157,4,,,1,35,,47158,4,,,1,75,,47172,4,,,1,35,,47159,4,,,1,75,,47160,4,,,1,79,,47162,4,,,1,40,,47163,4,,,1,80,,47173,4,,,1,80,,47164,4,,,1,40,,47165,4,,,1,80,,47166,4,,,1,80,,47167,4,,,1,40,,47174,4,,,1,75,,47168,4,,,1,75,,47169,4,,,1,35,,47175,4,,,1,75,,47170,4,,,1,35,,47176,4,,,1
2001,'2',631,,47484,29,,,1,80,,47485,29,,,1,15,,47489,29,,,1,15,,47514,29,,,1,15,,47515,29,,,1,55,,47516,29,,,1,15,,47517,29,,,1,15,,47518,29,,,1,15,,47519,29,,,1,55,,47520,29,,,1,15,,47521,29,,,1,15,,47522,29,,,1,15,,47523,29,,,1,55,,47524,29,,,1,13,,47525,29,,,1,15,,47526,29,,,1,15,,47527,29,,,1,55,,47528,29,,,1,15,,47529,29,,,1,15,,47530,29,,,1,15,,47531,29,,,1,55,,47532,29,,,1,15,,47533,29,,,1,15,,47534,29,,,1,15,,47535,29,,,1,55,,47536,29,,,1,15,,47537,29,,,1,15,,47538,29,,,1,15,,47539,29,,,1,55,,47540,29,,,1,15,,47541,29,,,1,15,,47542,29,,,1,15,,47543,29,,,1,55,,47544,29,,,1,15,,47545,29,,,1,15,,47546,29,,,1,15,,47547,29,,,1,55,,47548,29,,,1,15,,47549,29,,,1,20,,47490,29,,,1,10,,47491,29,,,1,55,,47492,29,,,1,15,,47493,29,,,1,15,,47494,29,,,1,15,,47495,29,,,1,54,,47496,29,,,1,16,,47497,29,,,1,20,,47498,29,,,1,64,,47499,29,,,1,20,,47500,29,,,1,20,,47501,29,,,1,65,,47502,29,,,1,20,,47503,29,,,1,71,,47504,29,,,1,32,,47505,29,,,1,66,,47506,29,,,1,26,,47507,29,,,1,26,,47508,29,,,1,66,,47509,29,,,1,26,,47510,29,,,1,57,,47512,29,,,1,27,,47513,29,,,1,70,,47511,29,,,1
2001,'3',631,,47550,29,,,1,75,,47552,29,,,1,28,,47553,29,,,1,75,,47554,29,,,1,27,,47555,29,,,1,22,,47556,29,,,1,70,,47557,29,,,1,26,,47558,29,,,1,66,,47559,29,,,1,23,,47560,29,,,1,60,,47561,29,,,1,20,,47562,29,,,1,20,,47563,29,,,1,60,,47564,29,,,1,20,,47565,29,,,1,23,,47566,29,,,1,60,,47567,29,,,1,20,,47568,29,,,1,20,,47569,29,,,1,60,,47570,29,,,1,20,,47571,29,,,1,16,,47572,29,,,1,60,,47573,29,,,1,20,,47574,29,,,1,20,,47575,29,,,1,60,,47576,29,,,1,20,,47577,29,,,1,20,,47578,29,,,1,60,,47579,29,,,1,20,,47580,29,,,1,20,,47581,29,,,1,60,,47582,29,,,1,18,,47583,29,,,1,20,,47584,29,,,1,67,,47585,29,,,1,27,,47586,29,,,1,67,,47587,29,,,1,27,,47588,29,,,1,27,,47589,29,,,1,66,,47590,29,,,1,27,,47591,29,,,1,67,,47592,29,,,1,27,,47593,29,,,1,67,,47594,29,,,1,22,,47595,29,,,1,72,,47596,29,,,1,26,,47597,29,,,1,72,,47551,29,,,1
2001,'30',654,,47598,29,,,1,80,,47600,29,,,1,81,,47601,29,,,1,29,,47602,29,,,1,65,,47603,29,,,1,20,,47604,29,,,1,26,,47605,29,,,1,71,,47606,29,,,1,26,,47607,29,,,1,66,,47608,29,,,1,26,,47609,29,,,1,66,,47610,29,,,1,27,,47611,29,,,1,66,,47612,29,,,1,26,,47613,29,,,1,26,,47614,29,,,1,66,,47615,29,,,1,26,,47616,29,,,1,66,,47617,29,,,1,26,,47618,29,,,1,66,,47619,29,,,1,26,,47620,29,,,1,26,,47621,29,,,1,65,,47622,29,,,1,26,,47623,29,,,1,66,,47624,29,,,1,26,,47625,29,,,1,65,,47626,29,,,1,25,,47627,29,,,1,25,,47628,29,,,1,65,,47629,29,,,1,25,,47630,29,,,1,65,,47631,29,,,1,25,,47632,29,,,1,65,,47633,29,,,1,26,,47634,29,,,1,75,,47599,29,,,1
2001,'4',654,,47635,29,,,1,80,,47637,29,,,1,81,,47638,29,,,1,29,,47639,29,,,1,65,,47640,29,,,1,20,,47641,29,,,1,26,,47642,29,,,1,71,,47643,29,,,1,26,,47644,29,,,1,66,,47645,29,,,1,26,,47646,29,,,1,66,,47647,29,,,1,27,,47648,29,,,1,66,,47649,29,,,1,26,,47650,29,,,1,26,,47651,29,,,1,66,,47652,29,,,1,26,,47653,29,,,1,66,,47654,29,,,1,26,,47655,29,,,1,66,,47656,29,,,1,26,,47657,29,,,1,26,,47658,29,,,1,65,,47659,29,,,1,26,,47660,29,,,1,66,,47661,29,,,1,26,,47662,29,,,1,65,,47663,29,,,1,25,,47664,29,,,1,25,,47665,29,,,1,65,,47666,29,,,1,25,,47667,29,,,1,65,,47668,29,,,1,25,,47669,29,,,1,65,,47670,29,,,1,26,,47671,29,,,1,75,,47636,29,,,1
9401,'11802',842,,50182,13,,,1
9401,'2',716,,50183,13,,,1,26,,50184,13,,,1,66,,50185,13,,,1,26,,50186,13,,,1,66,,50187,13,,,1,26,,50188,13,,,1,26,,50189,13,,,1,352,,50190,13,,,1,21,,50191,13,,,1,21,,50192,13,,,1,61,,50193,13,,,1,21,,50194,13,,,1,21,,50195,13,,,1,61,,50196,13,,,1,21,,50197,13,,,1,21,,50198,13,,,1,63,,50199,13,,,1,23,,50200,13,,,1,63,,50201,13,,,1,23,,50202,13,,,1,23,,50203,13,,,1
10200,'11802',904,,50235,20,4,,1,828,,50234,20,4,,1
10200,'3302',647,,50295,20,4,,1,65,,50294,20,4,,1,25,,50293,20,4,,1,20,,50292,20,4,,1,70,,50291,20,4,,1,23,,50236,20,4,,1,50,,50237,20,4,,1,19,,50238,20,4,,1,21,,50239,20,4,,1,10,,50240,20,4,,1,60,,50241,20,4,,1,20,,50242,20,4,,1,5,,50243,20,4,,1,18,,50244,20,4,,1,62,,50245,20,4,,1,11,,50246,20,4,,1,11,,50247,20,4,,1,22,,50248,20,4,,1,51,,50249,20,4,,1,11,,50250,20,4,,1,22,,50251,20,4,,1,11,,50252,20,4,,1,51,,50253,20,4,,1,22,,50254,20,4,,1,11,,50255,20,4,,1,11,,50256,20,4,,1,62,,50257,20,4,,1,11,,50258,20,4,,1,13,,50259,20,4,,1,65,,50260,20,4,,1,12,,50261,20,4,,1,12,,50262,20,4,,1,22,,50263,20,4,,1,54,,50264,20,4,,1,12,,50265,20,4,,1,24,,50266,20,4,,1,12,,50267,20,4,,1,52,,50268,20,4,,1,24,,50269,20,4,,1,14,,50270,20,4,,1,12,,50271,20,4,,1,68,,50272,20,4,,1,12,,50274,20,4,,1,70,,50275,20,4,,1,15,,50276,20,4,,1,30,,50277,20,4,,1,55,,50278,20,4,,1,30,,50279,20,4,,1,17,,50280,20,4,,1,67,,50281,20,4,,1,20,,50282,20,4,,1,20,,50283,20,4,,1,60,,50284,20,4,,1,20,,50285,20,4,,1,20,,50286,20,4,,1,60,,50287,20,4,,1,20,,50288,20,4,,1
10200,'3602',908,,50296,20,4,,1,22,,50297,20,4,,1,70,,50298,20,4,,1,20,,50299,20,4,,1,84,,50300,20,4,,1,44,,50301,20,4,,1,84,,50302,20,4,,1,84,,50304,20,4,,1,84,,50305,20,4,,1,48,,50306,20,4,,1,88,,50307,20,4,,1,88,,50308,20,4,,1,88,,50309,20,4,,1,88,,50310,20,4,,1,45,,50311,20,4,,1,85,,50312,20,4,,1,85,,50313,20,4,,1
10200,'3903',1119,,50315,20,4,,1,82,,50316,20,4,,1,44,,50317,20,4,,1,80,,50318,20,4,,1,80,,50319,20,4,,1,41,,50320,20,4,,1,80,,50321,20,4,,1,82,,50322,20,4,,1,44,,50323,20,4,,1,85,,50324,20,4,,1,82,,50325,20,4,,1,40,,50326,20,4,,1,80,,50327,20,4,,1,80,,50328,20,4,,1,40,,50329,20,4,,1,74,,50330,20,4,,1,75,,50331,20,4,,1,35,,50332,20,4,,1,75,,50333,20,4,,1
10200,'6404',1119,,50334,20,4,,1,82,,50335,20,4,,1,44,,50336,20,4,,1,80,,50337,20,4,,1,80,,50338,20,4,,1,41,,50339,20,4,,1,80,,50340,20,4,,1,82,,50341,20,4,,1,44,,50342,20,4,,1,85,,50343,20,4,,1,82,,50344,20,4,,1,40,,50345,20,4,,1,80,,50346,20,4,,1,80,,50347,20,4,,1,40,,50348,20,4,,1,74,,50349,20,4,,1,75,,50350,20,4,,1
10201,'11802',904,,50351,1,,,1,21,,50352,1,,,1,807,,50353,1,,,1
10201,'3302',600,,50413,1,,,1,22,,50412,1,,,1,25,,50411,1,,,1,65,,50410,1,,,1,25,,50409,1,,,1,20,,50363,1,,,1,50,,50362,1,,,1,20,,50361,1,,,1,23,,50360,1,,,1,50,,50359,1,,,1,19,,50358,1,,,1,21,,50357,1,,,1,10,,50356,1,,,1,60,,50355,1,,,1,20,,50354,1,,,1,6,,50364,1,,,1,17,,50365,1,,,1,62,,50366,1,,,1,11,,50367,1,,,1,11,,50368,1,,,1,22,,50369,1,,,1,51,,50370,1,,,1,11,,50371,1,,,1,22,,50372,1,,,1,11,,50373,1,,,1,51,,50374,1,,,1,22,,50375,1,,,1,11,,50376,1,,,1,11,,50377,1,,,1,62,,50378,1,,,1,11,,50379,1,,,1,13,,50380,1,,,1,65,,50381,1,,,1,12,,50382,1,,,1,12,,50383,1,,,1,22,,50384,1,,,1,54,,50385,1,,,1,12,,50386,1,,,1,24,,50387,1,,,1,12,,50388,1,,,1,52,,50389,1,,,1,24,,50390,1,,,1,14,,50391,1,,,1,12,,50392,1,,,1,68,,50393,1,,,1,12,,50394,1,,,1,70,,50395,1,,,1,15,,50396,1,,,1,30,,50397,1,,,1,55,,50398,1,,,1,30,,50399,1,,,1,17,,50400,1,,,1,67,,50401,1,,,1,20,,50402,1,,,1,20,,50403,1,,,1,60,,50404,1,,,1,20,,50405,1,,,1,20,,50406,1,,,1,60,,50407,1,,,1,20,,50408,1,,,1
10201,'3602',817,,50419,1,,,1,20,,50418,1,,,1,71,,50417,1,,,1,22,,50416,1,,,1,70,,50415,1,,,1,20,,50414,1,,,1,84,,50420,1,,,1,44,,50421,1,,,1,84,,50422,1,,,1,84,,50423,1,,,1,84,,50424,1,,,1,48,,50425,1,,,1,88,,50426,1,,,1,88,,50427,1,,,1,88,,50428,1,,,1,88,,50429,1,,,1,45,,50430,1,,,1,85,,50431,1,,,1,85,,50432,1,,,1
10201,'3903',1119,,50433,1,,,1,82,,50434,1,,,1,44,,50435,1,,,1,80,,50436,1,,,1,80,,50437,1,,,1,41,,50438,1,,,1,80,,50439,1,,,1,82,,50440,1,,,1,44,,50441,1,,,1,85,,50442,1,,,1,82,,50443,1,,,1,40,,50444,1,,,1,80,,50445,1,,,1,80,,50446,1,,,1,40,,50447,1,,,1,74,,50448,1,,,1,75,,50449,1,,,1,35,,50450,1,,,1,75,,50451,1,,,1
10201,'6404',1119,,50452,1,,,1,82,,50453,1,,,1,44,,50454,1,,,1,80,,50455,1,,,1,80,,50456,1,,,1,41,,50457,1,,,1,80,,50458,1,,,1,82,,50459,1,,,1,44,,50460,1,,,1,85,,50461,1,,,1,82,,50462,1,,,1,40,,50463,1,,,1,80,,50464,1,,,1,80,,50465,1,,,1,40,,50466,1,,,1,74,,50467,1,,,1,75,,50468,1,,,1
