2400,'11802',1600,,47672,51,4,,1
2400,'2',613,,47695,6,4,,1,30,,47674,51,4,,1,70,,47675,51,4,,1,30,,47676,51,4,,1,71,,47677,51,4,,1,30,,47678,51,4,,1,70,,47679,51,4,,1,30,,47680,51,4,,1,70,,47681,51,4,,1,30,,47682,51,4,,1,70,,47683,51,4,,1,30,,47684,51,4,,1,70,,47685,51,4,,1,30,,47686,51,4,,1,70,,47687,51,4,,1,30,,47688,51,4,,1,70,,47689,51,4,,1,30,,47690,51,4,,1,71,,47691,51,4,,1,30,,47692,51,4,,1,73,,47693,51,4,,1,31,,47699,51,4,,1,75,,47696,51,4,,1,33,,47697,51,4,,1,75,,47698,51,4,,1,69,,47700,51,4,,1,29,,47701,51,4,,1,72,,47702,51,4,,1,30,,47703,51,4,,1,20,,47704,51,4,,1
2400,'3',642,,47723,42,4,,1,80,,47722,51,4,,1,80,,47721,51,4,,1,40,,47707,51,4,,1,80,,47714,51,4,,1,80,,47708,51,4,,1,40,,47715,51,4,,1,82,,47709,51,4,,1,76,,47716,51,4,,1,44,,47710,51,4,,1,86,,47717,51,4,,1,85,,47711,51,4,,1,85,,47718,51,4,,1,44,,47712,51,4,,1,86,,47719,51,4,,1,84,,47713,51,4,,1,40,,47720,51,4,,1,84,,47724,51,4,,1,80,,47725,51,4,,1,84,,47726,51,4,,1,40,,47727,51,4,,1
2400,'30',727,,47730,42,4,,1,80,,47729,51,4,,1,40,,47731,51,4,,1,80,,47732,51,4,,1,80,,47733,51,4,,1,40,,47734,51,4,,1,80,,47735,51,4,,1,80,,47736,51,4,,1,40,,47737,51,4,,1,80,,47738,51,4,,1,80,,47739,51,4,,1,40,,47740,51,4,,1,80,,47741,51,4,,1,80,,47742,51,4,,1,40,,47743,51,4,,1,80,,47744,51,4,,1,80,,47745,51,4,,1,40,,47746,51,4,,1,80,,47747,51,4,,1,80,,47748,51,4,,1,40,,47749,51,4,,1
2400,'4',727,,47752,42,4,,1,80,,47751,51,4,,1,40,,47753,51,4,,1,80,,47754,51,4,,1,80,,47755,51,4,,1,40,,47756,51,4,,1,80,,47757,51,4,,1,80,,47758,51,4,,1,40,,47759,51,4,,1,80,,47760,51,4,,1,80,,47761,51,4,,1,40,,47762,51,4,,1,80,,47763,51,4,,1,80,,47764,51,4,,1,40,,47765,51,4,,1,80,,47766,51,4,,1,80,,47767,51,4,,1,40,,47768,51,4,,1,80,,47769,51,4,,1,80,,47770,51,4,,1,40,,47771,51,4,,1
2401,'11802',1600,,47773,1,,,1
2401,'2',613,,47775,1,,,1,30,,47776,1,,,1,70,,47777,1,,,1,31,,47778,1,,,1,70,,47779,1,,,1,30,,47780,1,,,1,70,,47781,1,,,1,30,,47782,1,,,1,70,,47783,1,,,1,30,,47784,1,,,1,70,,47785,1,,,1,30,,47786,1,,,1,70,,47787,1,,,1,30,,47788,1,,,1,70,,47789,1,,,1,30,,47790,1,,,1,70,,47791,1,,,1,31,,47792,1,,,1,70,,47793,1,,,1,30,,47794,1,,,1,73,,47797,1,,,1,33,,47798,1,,,1,73,,47799,1,,,1,33,,47800,1,,,1,75,,47801,1,,,1,70,,47802,1,,,1,30,,47803,1,,,1,70,,47804,1,,,1,30,,47805,1,,,1,20,,47806,1,,,1
2401,'3',642,,47822,1,,,1,80,,47821,1,,,1,80,,47807,1,,,1,40,,47808,1,,,1,80,,47815,1,,,1,80,,47809,1,,,1,40,,47816,1,,,1,82,,47810,1,,,1,76,,47817,1,,,1,44,,47811,1,,,1,86,,47818,1,,,1,85,,47812,1,,,1,85,,47819,1,,,1,44,,47813,1,,,1,86,,47820,1,,,1,84,,47814,1,,,1,40,,47824,1,,,1,84,,47825,1,,,1,80,,47826,1,,,1,84,,47827,1,,,1
2401,'30',727,,47828,1,,,1,80,,47830,1,,,1,40,,47831,1,,,1,80,,47832,1,,,1,80,,47833,1,,,1,40,,47834,1,,,1,80,,47835,1,,,1,80,,47836,1,,,1,40,,47837,1,,,1,80,,47838,1,,,1,80,,47839,1,,,1,40,,47840,1,,,1,80,,47841,1,,,1,80,,47842,1,,,1,40,,47843,1,,,1,80,,47844,1,,,1,80,,47845,1,,,1,40,,47846,1,,,1,80,,47847,1,,,1,80,,47848,1,,,1,40,,47849,1,0,42 20,1
2401,'4',727,,47850,1,,,1,80,,47852,1,,,1,40,,47853,1,,,1,80,,47854,1,,,1,80,,47855,1,,,1,40,,47856,1,,,1,80,,47857,1,,,1,80,,47858,1,,,1,40,,47859,1,,,1,80,,47860,1,,,1,80,,47861,1,,,1,40,,47862,1,,,1,80,,47863,1,,,1,80,,47864,1,,,1,40,,47865,1,,,1,80,,47866,1,,,1,80,,47867,1,,,1,40,,47868,1,,,1,80,,47869,1,,,1,80,,47870,1,,,1,40,,47871,1,0,42 20,1
