400,'11802',1454,,43357,9,0,13 18 19 20,1,287,,43358,9,0,10 18 19 20,1
400,'2',616,,43385,9,0,13 18 19 20,1,39,,43384,9,0,10 18 19 20,1,55,,43383,9,0,13 18 19 20,1,15,,43382,9,0,10 18 19 20,1,15,,43381,9,0,13 18 19 20,1,15,,43380,9,0,10 18 19 20,1,55,,43379,9,0,13 18 19 20,1,15,,43378,9,0,10 18 19 20,1,15,,43377,9,0,13 18 19 20,1,60,,43376,9,0,10 18 19 20,1,20,,43375,9,0,13 18 19 20,1,20,,43374,9,0,10 18 19 20,1,60,,43373,9,0,13 18 19 20,1,20,,43372,9,0,10 18 19 20,1,20,,43371,9,0,13 18 19 20,1,60,,43370,9,0,10 18 19 20,1,20,,43369,9,0,13 18 19 20,1,20,,43368,9,0,10 18 19 20,1,60,,43367,9,0,13 18 19 20,1,20,,43366,9,0,10 18 19 20,1,20,,43365,9,0,13 18 19 20,1,60,,43364,9,0,10 18 19 20,1,20,,43363,9,0,13 18 19 20,1,17,,43362,9,0,10 18 19 20,1,14,,43387,9,0,13 18 19 20,1,50,,43388,9,0,10 18 19 20,1,15,,43396,9,0,13 18 19 20,1,15,,43389,9,0,10 18 19 20,1,15,,43397,9,0,13 18 19 20,1,55,,43390,9,0,10 18 19 20,1,15,,43398,9,0,13 18 19 20,1,15,,43391,9,0,10 18 19 20,1,14,,43399,9,0,13 18 19 20,1,14,,43392,9,0,10 18 19 20,1,55,,43400,9,0,13 18 19 20,1,10,,43393,9,0,10 18 19 20,1,15,,43401,9,0,13 18 19 20,1,15,,43394,9,0,10 18 19 20,1,50,,43402,9,0,13 18 19 20,1,15,,43395,9,0,10 18 19 20,1,10,,43403,9,0,13 18 19 20,1,23,,43404,9,0,10 18 19 20,1,60,,43405,9,0,13 18 19 20,1,15,,43409,9,0,10 18 19 20,1,20,,43406,9,0,13 18 19 20,1,60,,43410,9,0,10 18 19 20,1,20,,43407,9,0,13 18 19 20,1,20,,43411,9,0,10 18 19 20,1,60,,43408,9,0,13 18 19 20,1,17,,43412,9,0,10 18 19 20,1,15,,43413,9,0,13 18 19 20,1,67,,43416,9,0,10 18 19 20,1,30,,43414,9,0,13 18 19 20,1,70,,43417,9,0,10 18 19 20,1,30,,43415,9,0,13 18 19 20,1,72,,43418,9,0,10 18 19 20,1,40,,43419,9,0,13 18 19 20,1,99,,43420,9,0,13 18 19 20,1
400,'3',605,,43423,9,0,13 18 19 20,1,13,,43422,9,0,10 18 19 20,1,32,,43425,9,0,13 18 19 20,1,70,,43432,9,0,10 18 19 20,1,30,,43426,9,0,13 18 19 20,1,68,,43433,9,0,10 18 19 20,1,30,,43427,9,0,13 18 19 20,1,70,,43434,9,0,10 18 19 20,1,30,,43428,9,0,13 18 19 20,1,68,,43435,9,0,10 18 19 20,1,30,,43429,9,0,13 18 19 20,1,70,,43436,9,0,10 18 19 20,1,30,,43430,9,0,13 18 19 20,1,67,,43437,9,0,10 18 19 20,1,29,,43431,9,0,13 18 19 20,1,63,,43438,9,0,10 18 19 20,1,20,,43443,9,0,13 18 19 20,1,25,,43439,9,0,10 18 19 20,1,64,,43444,9,0,13 18 19 20,1,25,,43440,9,0,10 18 19 20,1,65,,43445,9,0,13 18 19 20,1,25,,43441,9,0,10 18 19 20,1,25,,43446,9,0,13 18 19 20,1,65,,43442,9,0,10 18 19 20,1,25,,43447,9,0,13 18 19 20,1,65,,43454,9,0,10 18 19 20,1,25,,43450,9,0,13 18 19 20,1,25,,43455,9,0,10 18 19 20,1,65,,43451,9,0,13 18 19 20,1,25,,43456,9,0,10 18 19 20,1,65,,43452,9,0,13 18 19 20,1,25,,43457,9,0,10 18 19 20,1,65,,43453,9,0,13 18 19 20,1,25,,43458,9,0,10 18 19 20,1,23,,43459,9,0,13 18 19 20,1,70,,43462,9,0,10 18 19 20,1,35,,43460,9,0,13 18 19 20,1,70,,43463,9,0,10 18 19 20,1,30,,43461,9,0,13 18 19 20,1,70,,43464,9,0,10 18 19 20,1,27,,43448,9,0,13 18 19 20,1,94,,43449,9,0,10 18 19 20,1
400,'30',648,,43495,9,0,13 18 19 20,1,82,,43496,9,0,10 18 19 20,1,80,,43497,9,0,13 18 19 20,1,43,,43467,9,0,10 18 19 20,1,74,,43468,9,0,13 18 19 20,1,25,,43469,9,0,10 18 19 20,1,70,,43470,9,0,13 18 19 20,1,30,,43471,9,0,10 18 19 20,1,70,,43472,9,0,13 18 19 20,1,30,,43473,9,0,10 18 19 20,1,66,,43474,9,0,13 18 19 20,1,30,,43475,9,0,10 18 19 20,1,70,,43476,9,0,13 18 19 20,1,30,,43477,9,0,10 18 19 20,1,70,,43478,9,0,13 18 19 20,1,30,,43479,9,0,10 18 19 20,1,70,,43480,9,0,13 18 19 20,1,30,,43481,9,0,10 18 19 20,1,70,,43482,9,0,13 18 19 20,1,30,,43483,9,0,10 18 19 20,1,70,,43484,9,0,13 18 19 20,1,30,,43485,9,0,10 18 19 20,1,72,,43486,9,0,13 18 19 20,1,30,,43487,9,0,10 18 19 20,1,70,,43488,9,0,13 18 19 20,1,30,,43489,9,0,10 18 19 20,1,70,,43490,9,0,13 18 19 20,1,30,,43491,9,0,10 18 19 20,1,70,,43492,9,0,13 18 19 20,1,30,,43493,9,0,10 18 19 20,1,66,,43494,9,0,13 18 19 20,1,29,,43465,9,0,10 18 19 20,1
400,'4',648,,43528,9,0,13 18 19 20,1,82,,43529,9,0,10 18 19 20,1,80,,43530,9,0,13 18 19 20,1,43,,43500,9,0,10 18 19 20,1,74,,43501,9,0,13 18 19 20,1,25,,43502,9,0,10 18 19 20,1,70,,43503,9,0,13 18 19 20,1,30,,43504,9,0,10 18 19 20,1,70,,43505,9,0,13 18 19 20,1,30,,43506,9,0,10 18 19 20,1,66,,43507,9,0,13 18 19 20,1,30,,43508,9,0,10 18 19 20,1,70,,43509,9,0,13 18 19 20,1,30,,43510,9,0,10 18 19 20,1,70,,43511,9,0,13 18 19 20,1,30,,43512,9,0,10 18 19 20,1,70,,43513,9,0,13 18 19 20,1,30,,43514,9,0,10 18 19 20,1,70,,43515,9,0,13 18 19 20,1,30,,43516,9,0,10 18 19 20,1,70,,43517,9,0,13 18 19 20,1,30,,43518,9,0,10 18 19 20,1,72,,43519,9,0,13 18 19 20,1,30,,43520,9,0,10 18 19 20,1,70,,43521,9,0,13 18 19 20,1,30,,43522,9,0,10 18 19 20,1,70,,43523,9,0,13 18 19 20,1,30,,43524,9,0,10 18 19 20,1,70,,43525,9,0,13 18 19 20,1,30,,43526,9,0,10 18 19 20,1,66,,43527,9,0,13 18 19 20,1,29,,43498,9,0,10 18 19 20,1
1701,'11802',1543,,46896,8,0,54 3 35,1,80,,46897,8,0,54 3 35,1
1701,'2',621,,46912,22,0,13 33,1,18,,46953,22,0,10 31,1,16,,46913,22,0,13 33,1,59,,46914,22,0,10 31,1,20,,46915,22,0,13 33,1,20,,46916,22,0,10 31,1,60,,46917,22,0,13 33,1,20,,46918,22,0,10 31,1,21,,46919,22,0,13 33,1,60,,46920,22,0,10 31,1,20,,46921,22,0,13 33,1,20,,46922,22,0,10 31,1,60,,46923,22,0,13 33,1,20,,46924,22,0,10 31,1,19,,46925,22,0,13 33,1,60,,46926,22,0,10 31,1,19,,46927,22,0,13 33,1,20,,46928,22,0,10 31,1,60,,46929,22,0,13 33,1,20,,46930,22,0,10 31,1,21,,46931,22,0,13 33,1,60,,46932,22,0,10 31,1,21,,46933,22,0,13 33,1,21,,46934,22,0,10 31,1,61,,46935,22,0,13 33,1,16,,46936,22,0,10 31,1,20,,46937,22,0,13 33,1,60,,46938,22,0,10 31,1,20,,46939,22,0,13 33,1,20,,46940,22,0,10 31,1,60,,46941,22,0,13 33,1,20,,46942,22,0,10 31,1,15,,46943,22,0,13 33,1,55,,46944,22,0,10 31,1,20,,46945,22,0,13 33,1,18,,46946,22,0,10 31,1,63,,46947,22,0,13 33,1,19,,46908,22,0,10 31,1,19,,46907,22,0,10 31,1,59,,46906,22,0,10 31,1,19,,46905,22,0,10 31,1,19,,46904,22,0,10 31,1,19,,46903,22,0,10 31,1,59,,46902,22,0,10 31,1,25,,46901,22,0,10 31,1,68,,46899,22,0,10 31,1,30,,46900,22,0,10 31,1,60,,46948,22,0,10 31,1,25,,46949,22,0,10 31,1,25,,46950,22,0,10 31,1,65,,46951,22,0,10 31,1,22,,46952,22,0,10 31,1,65,,46909,22,0,10 31,1,50,,46955,22,0,10 31,1
1701,'3',609,,46990,22,0,10 31,1,35,,46989,22,0,10 31,1,74,,46988,22,0,10 31,1,35,,46956,22,0,10 31,1,75,,46987,22,0,10 31,1,75,,46986,22,0,10 31,1,30,,46985,22,0,10 31,1,67,,46992,22,0,10 31,1,29,,46984,22,0,10 31,1,30,,46983,22,0,10 31,1,70,,46982,22,0,10 31,1,30,,46981,22,0,10 31,1,70,,46980,22,0,10 31,1,30,,46979,22,0,10 31,1,70,,46978,22,0,10 31,1,30,,46977,22,0,10 31,1,70,,46976,22,0,10 31,1,30,,46975,22,0,10 31,1,70,,46974,22,0,10 31,1,30,,46973,22,0,10 31,1,70,,46972,22,0,10 31,1,30,,46971,22,0,10 31,1,70,,46970,22,0,10 31,1,73,,46969,22,0,10 31,1,30,,46968,22,0,10 31,1,20,,46967,22,0,10 31,1,70,,46966,22,0,10 31,1,30,,46965,22,0,10 31,1,70,,46964,22,0,10 31,1,20,,46963,22,0,10 31,1,71,,46962,22,0,10 31,1,30,,46961,22,0,10 31,1,70,,46960,22,0,10 31,1,15,,46993,22,0,10 31,1,30,,46959,22,0,10 31,1,65,,46958,22,0,10 31,1,20,,46957,22,0,10 31,1,60,,46994,22,0,10 31,1,30,,46995,22,0,10 31,1
1701,'30',626,,47026,22,0,10 31,1,75,,47027,22,0,10 31,1,35,,47028,22,0,10 31,1,75,,47029,22,0,10 31,1,32,,46998,22,0,10 31,1,70,,46999,22,0,10 31,1,30,,47000,22,0,10 31,1,15,,47001,22,0,10 31,1,65,,47002,22,0,10 31,1,30,,47003,22,0,10 31,1,70,,47004,22,0,10 31,1,28,,47005,22,0,10 31,1,64,,47006,22,0,10 31,1,25,,47007,22,0,10 31,1,70,,47008,22,0,10 31,1,30,,47009,22,0,10 31,1,65,,47010,22,0,10 31,1,28,,47011,22,0,10 31,1,70,,47012,22,0,10 31,1,30,,47013,22,0,10 31,1,70,,47014,22,0,10 31,1,30,,47015,22,0,10 31,1,25,,47016,22,0,10 31,1,70,,47017,22,0,10 31,1,30,,47018,22,0,10 31,1,70,,47019,22,0,10 31,1,80,,47020,22,0,10 31,1,35,,47021,22,0,10 31,1,70,,47022,22,0,10 31,1,40,,47023,22,0,10 31,1,75,,47024,22,0,10 31,1,30,,47025,22,0,10 31,1,75,,46996,22,0,10 31,1,70,,46997,22,0,10 31,1
1701,'4',626,,47060,22,0,10 31,1,75,,47061,22,0,10 31,1,35,,47062,22,0,10 31,1,75,,47063,22,0,10 31,1,32,,47032,22,0,10 31,1,70,,47033,22,0,10 31,1,30,,47034,22,0,10 31,1,15,,47035,22,0,10 31,1,65,,47036,22,0,10 31,1,30,,47037,22,0,10 31,1,70,,47038,22,0,10 31,1,28,,47039,22,0,10 31,1,64,,47040,22,0,10 31,1,25,,47041,22,0,10 31,1,70,,47042,22,0,10 31,1,30,,47043,22,0,10 31,1,65,,47044,22,0,10 31,1,28,,47045,22,0,10 31,1,70,,47046,22,0,10 31,1,30,,47047,22,0,10 31,1,70,,47048,22,0,10 31,1,30,,47049,22,0,10 31,1,25,,47050,22,0,10 31,1,70,,47051,22,0,10 31,1,30,,47052,22,0,10 31,1,70,,47053,22,0,10 31,1,80,,47054,22,0,10 31,1,35,,47055,22,0,10 31,1,70,,47056,22,0,10 31,1,40,,47057,22,0,10 31,1,75,,47058,22,0,10 31,1,30,,47059,22,0,10 31,1,75,,47030,22,0,10 31,1,70,,47031,22,0,10 31,1
10401,'3302',734,,50511,9,,,1,70,,50512,9,,,1,32,,50513,9,,,1,72,,50514,9,,,1,30,,50515,9,,,1,70,,50516,9,,,1,29,,50517,9,,,1,71,,50518,9,,,1,28,,50519,9,,,1,74,,50520,9,,,1,27,,50521,9,,,1,72,,50522,9,,,1,24,,50523,9,,,1,69,,50524,9,,,1,28,,50525,9,,,1,72,,50526,9,,,1,29,,50527,9,,,1,70,,50528,9,,,1,30,,50529,9,,,1,73,,50530,9,,,1,31,,50531,9,,,1,70,,50532,9,,,1
10401,'3903',1009,,50549,9,,,1,21,,50535,9,,,1,70,,50536,9,,,1,27,,50537,9,,,1,29,,50538,9,,,1,60,,50539,9,,,1,30,,50540,9,,,1,65,,50541,9,,,1,29,,50542,9,,,1,68,,50543,9,,,1,31,,50544,9,,,1,70,,50545,9,,,1,30,,50546,9,,,1,69,,50547,9,,,1,30,,50548,9,,,1,70,,50534,9,,,1,30,,50533,9,,,1
