900,'2',641,,44515,15,,,1,17,,44516,15,,,1,59,,44517,15,,,1,16,,44518,15,,,1,16,,44519,15,,,1,56,,44520,15,,,1,14,,44521,15,,,1,16,,44522,15,,,1,15,,44523,15,,,1,57,,44524,15,,,1,15,,44525,15,,,1,15,,44526,15,,,1,15,,44527,15,,,1,55,,44528,15,,,1,15,,44529,15,,,1,15,,44530,15,,,1,15,,44531,15,,,1,55,,44532,15,,,1,15,,44533,15,,,1,15,,44534,15,,,1,15,,44535,15,,,1,55,,44536,15,,,1,15,,44537,15,,,1,15,,44538,15,,,1,15,,44539,15,,,1,55,,44540,15,,,1,15,,44541,15,,,1,15,,44542,15,,,1,15,,44543,15,,,1,56,,44544,15,,,1,15,,44545,15,,,1,15,,44546,15,,,1,15,,44547,15,,,1,55,,44548,15,,,1,15,,44549,15,,,1,15,,44550,15,,,1,15,,44551,15,,,1,55,,44552,15,,,1,16,,44553,15,,,1,15,,44554,15,,,1,15,,44555,15,,,1,55,,44556,15,,,1,15,,44557,15,,,1,15,,44558,15,,,1,15,,44559,15,,,1,54,,44560,15,,,1,13,,44561,15,,,1,22,,44562,15,,,1,69,,44563,15,,,1,22,,44564,15,,,1,22,,44565,15,,,1,62,,44566,15,,,1,22,,44567,15,,,1,62,,44568,15,,,1,24,,44569,15,,,1,29,,44570,15,,,1,72,,44571,15,,,1,32,,44572,15,,,1,72,,44573,15,,,1,77,,44575,15,,,1,103,,44574,15,,,1
900,'3',541,,44618,14,,,1,68,,44621,14,,,1,30,,44582,15,,,1,70,,44620,15,,,1,30,,44583,15,,,1,75,,44619,15,,,1,29,,44584,15,,,1,75,,44585,15,,,1,32,,44586,15,,,1,60,,44587,14,,,1,27,,44588,15,,,1,65,,44589,15,,,1,25,,44590,15,,,1,22,,44591,15,,,1,66,,44592,15,,,1,25,,44593,15,,,1,69,,44594,15,,,1,21,,44595,15,,,1,25,,44596,15,,,1,68,,44597,15,,,1,22,,44598,15,,,1,65,,44599,15,,,1,25,,44600,15,,,1,65,,44601,15,,,1,25,,44602,15,,,1,25,,44603,15,,,1,65,,44604,15,,,1,25,,44605,15,,,1,65,,44606,15,,,1,22,,44607,15,,,1,84,,44608,15,,,1,25,,44609,15,,,1,78,,44610,15,,,1,35,,44611,15,,,1,74,,44612,15,,,1,35,,44613,15,,,1,75,,44614,15,,,1,75,,44615,15,,,1,35,,44616,15,,,1,74,,44617,15,,,1
900,'30',617,,44625,14,,,1,25,,44622,15,,,1,80,,44658,15,,,1,35,,44623,15,,,1,75,,44657,15,,,1,76,,44624,15,,,1,35,,44626,15,,,1,73,,44627,15,,,1,33,,44628,15,,,1,73,,44629,15,,,1,33,,44630,15,,,1,62,,44631,14,,,1,18,,44632,15,,,1,68,,44633,15,,,1,23,,44634,15,,,1,23,,44635,15,,,1,63,,44636,15,,,1,23,,44637,15,,,1,23,,44638,15,,,1,63,,44639,15,,,1,23,,44640,15,,,1,63,,44641,15,,,1,23,,44642,15,,,1,23,,44643,15,,,1,61,,44644,15,,,1,23,,44645,15,,,1,63,,44646,15,,,1,25,,44647,15,,,1,75,,44648,15,,,1,30,,44649,15,,,1,70,,44650,15,,,1,30,,44651,15,,,1,70,,44652,15,,,1,30,,44653,15,,,1,70,,44654,15,,,1,29,,44655,15,,,1,81,,44656,15,,,1
900,'4',617,,44662,14,,,1,25,,44659,15,,,1,80,,44695,15,,,1,35,,44660,15,,,1,75,,44694,15,,,1,76,,44661,15,,,1,35,,44663,15,,,1,73,,44664,15,,,1,33,,44665,15,,,1,73,,44666,15,,,1,33,,44667,15,,,1,62,,44668,14,,,1,18,,44669,15,,,1,68,,44670,15,,,1,23,,44671,15,,,1,23,,44672,15,,,1,63,,44673,15,,,1,23,,44674,15,,,1,23,,44675,15,,,1,63,,44676,15,,,1,23,,44677,15,,,1,63,,44678,15,,,1,23,,44679,15,,,1,23,,44680,15,,,1,61,,44681,15,,,1,23,,44682,15,,,1,63,,44683,15,,,1,25,,44684,15,,,1,75,,44685,15,,,1,30,,44686,15,,,1,70,,44687,15,,,1,30,,44688,15,,,1,70,,44689,15,,,1,30,,44690,15,,,1,70,,44691,15,,,1,29,,44692,15,,,1,81,,44693,15,,,1
2700,'11802',816,,48173,29,,,1,89,,48174,29,,,1,848,,48175,29,,,1
2700,'2',622,,48246,29,,,1,33,,48176,29,,,1,76,,48177,29,,,1,13,,48178,29,,,1,13,,48179,29,,,1,53,,48180,29,,,1,13,,48181,29,,,1,13,,48182,29,,,1,13,,48183,29,,,1,53,,48184,29,,,1,12,,48185,29,,,1,13,,48186,29,,,1,13,,48187,29,,,1,13,,48188,29,,,1,53,,48189,29,,,1,13,,48190,29,,,1,13,,48191,29,,,1,13,,48192,29,,,1,13,,48193,29,,,1,53,,48194,29,,,1,13,,48195,29,,,1,13,,48196,29,,,1,13,,48197,29,,,1,53,,48198,29,,,1,12,,48199,29,,,1,12,,48200,29,,,1,12,,48201,29,,,1,12,,48202,29,,,1,52,,48203,29,,,1,12,,48204,29,,,1,12,,48205,29,,,1,12,,48206,29,,,1,12,,48207,29,,,1,52,,48208,29,,,1,15,,48209,29,,,1,13,,48210,29,,,1,13,,48211,29,,,1,13,,48212,29,,,1,53,,48213,29,,,1,13,,48214,29,,,1,13,,48215,29,,,1,13,,48216,29,,,1,52,,48217,29,,,1,15,,48218,29,,,1,9,,48219,29,,,1,11,,48220,29,,,1,11,,48221,29,,,1,11,,48222,29,,,1,51,,48223,29,,,1,11,,48224,29,,,1,11,,48225,29,,,1,11,,48226,29,,,1,11,,48227,29,,,1,51,,48228,29,,,1,6,,48229,29,,,1,13,,48230,29,,,1,15,,48231,29,,,1,13,,48232,29,,,1,54,,48233,29,,,1,13,,48234,29,,,1,17,,48235,29,,,1,17,,48236,29,,,1,57,,48237,29,,,1,17,,48238,29,,,1,17,,48239,29,,,1,57,,48240,29,,,1,16,,48241,29,,,1,27,,48242,29,,,1,67,,48243,29,,,1,27,,48244,29,,,1,70,,48245,29,,,1
2700,'3',921,,48247,29,,,1,29,,48249,29,,,1,98,,48258,29,,,1,76,,48250,29,,,1,32,,48268,29,,,1,72,,48259,29,,,1,72,,48251,29,,,1,32,,48248,29,,,1,72,,48260,29,,,1,34,,48252,29,,,1,72,,48267,29,,,1,30,,48261,29,,,1,74,,48253,29,,,1,32,,48269,29,,,1,70,,48262,29,,,1,34,,48254,29,,,1,72,,48270,29,,,1,18,,48263,29,,,1,85,,48255,29,,,1,85,,48264,29,,,1,45,,48256,29,,,1,80,,48265,29,,,1,80,,48257,29,,,1,40,,48266,29,,,1
2700,'30',903,,48271,29,,,1,45,,48278,29,,,1,85,,48272,29,,,1,85,,48279,29,,,1,85,,48273,29,,,1,48,,48280,29,,,1,72,,48282,29,,,1,27,,48274,29,,,1,77,,48281,29,,,1,32,,48283,29,,,1,72,,48275,29,,,1,72,,48284,29,,,1,32,,48286,29,,,1,72,,48276,29,,,1,35,,48285,29,,,1,86,,48277,29,,,1,85,,48288,29,,,1,45,,48287,29,,,1
2700,'4',903,,48289,29,,,1,45,,48296,29,,,1,85,,48290,29,,,1,85,,48297,29,,,1,85,,48291,29,,,1,48,,48298,29,,,1,72,,48300,29,,,1,27,,48292,29,,,1,77,,48299,29,,,1,32,,48301,29,,,1,72,,48293,29,,,1,72,,48302,29,,,1,32,,48304,29,,,1,72,,48294,29,,,1,35,,48303,29,,,1,86,,48295,29,,,1,85,,48306,29,,,1,45,,48305,29,,,1
3100,'11802',1602,,48511,2,,,1,100,,48512,2,,,1
3100,'2',611,,48513,2,,,1,16,,48514,2,,,1,74,,48515,2,,,1,20,,48516,2,,,1,20,,48517,2,,,1,60,,48518,2,,,1,20,,48519,2,,,1,20,,48520,2,,,1,61,,48521,2,,,1,37,,48522,2,,,1,20,,48523,2,,,1,70,,48524,2,,,1,30,,48525,2,,,1,70,,48526,2,,,1,30,,48527,2,,,1,70,,48528,2,,,1,30,,48529,2,,,1,70,,48530,2,,,1,26,,48531,2,,,1,59,,48532,2,,,1,12,,48533,2,,,1,25,,48534,2,,,1,60,,48535,2,,,1,20,,48536,2,,,1,20,,48537,2,,,1,62,,48538,2,,,1,20,,48539,2,,,1,20,,48540,2,,,1,60,,48541,2,,,1,20,,48542,2,,,1,20,,48543,2,,,1,77,,48544,2,,,1,18,,48545,2,,,1,70,,48546,2,,,1,30,,48547,2,,,1,70,,48548,2,,,1,30,,48549,2,,,1,70,,48550,2,,,1,30,,48551,2,,,1,70,,48552,2,,,1,30,,48553,2,,,1,70,,48554,2,,,1,30,,48555,2,,,1,71,,48556,2,,,1,24,,48557,2,,,1
3100,'3',708,,48558,2,,,1,23,,48559,2,,,1,25,,48560,2,,,1,65,,48561,2,,,1,25,,48562,2,,,1,65,,48563,2,,,1,25,,48564,2,,,1,65,,48565,2,,,1,25,,48566,2,,,1,25,,48567,2,,,1,65,,48568,2,,,1,25,,48569,2,,,1,65,,48570,2,,,1,27,,48571,2,,,1,67,,48572,2,,,1,27,,48573,2,,,1,27,,48574,2,,,1,66,,48575,2,,,1,27,,48576,2,,,1,67,,48577,2,,,1,27,,48578,2,,,1,67,,48579,2,,,1,27,,48580,2,,,1,65,,48581,2,,,1,27,,48582,2,,,1,28,,48583,2,,,1,65,,48584,2,,,1,25,,48585,2,,,1,65,,48586,2,,,1,25,,48587,2,,,1,65,,48588,2,,,1,25,,48589,2,,,1,25,,48590,2,,,1,65,,48591,2,,,1,25,,48592,2,,,1,65,,48593,2,,,1,25,,48594,2,,,1,25,,48595,2,,,1,65,,48596,2,,,1,25,,48597,2,,,1,65,,48598,2,,,1,25,,48599,2,,,1
3100,'30',715,,48612,2,,,1,21,,48600,2,,,1,65,,48601,2,,,1,25,,48602,2,,,1,25,,48603,2,,,1,65,,48604,2,,,1,25,,48605,2,,,1,65,,48606,2,,,1,25,,48607,2,,,1,25,,48608,2,,,1,65,,48609,2,,,1,25,,48610,2,,,1,65,,48611,2,,,1,25,,48613,2,,,1,65,,48614,2,,,1,25,,48615,2,,,1,25,,48616,2,,,1,65,,48617,2,,,1,25,,48618,2,,,1,65,,48619,2,,,1,25,,48620,2,,,1,25,,48621,2,,,1,65,,48622,2,,,1,25,,48623,2,,,1,65,,48624,2,,,1,25,,48625,2,,,1,65,,48626,2,,,1,25,,48627,2,,,1,25,,48628,2,,,1,65,,48629,2,,,1,25,,48630,2,,,1
3100,'4',715,,48643,2,,,1,21,,48631,2,,,1,65,,48632,2,,,1,25,,48633,2,,,1,25,,48634,2,,,1,65,,48635,2,,,1,25,,48636,2,,,1,65,,48637,2,,,1,25,,48638,2,,,1,25,,48639,2,,,1,65,,48640,2,,,1,25,,48641,2,,,1,65,,48642,2,,,1,25,,48644,2,,,1,65,,48645,2,,,1,25,,48646,2,,,1,25,,48647,2,,,1,65,,48648,2,,,1,25,,48649,2,,,1,65,,48650,2,,,1,25,,48651,2,,,1,25,,48652,2,,,1,65,,48653,2,,,1,25,,48654,2,,,1,65,,48655,2,,,1,25,,48656,2,,,1,65,,48657,2,,,1,25,,48658,2,,,1,25,,48659,2,,,1,65,,48660,2,,,1,25,,48661,2,,,1
12701,'3302',711,,50880,4,,,1,93,,50881,4,,,1,18,,50882,4,,,1,94,,50883,4,,,1,21,,50884,4,,,1,88,,50885,4,,,1,23,,50886,4,,,1,86,,50887,4,,,1,23,,50888,4,,,1,86,,50889,4,,,1,63,,50890,4,,,1,44,,50891,4,,,1,70,,50892,4,,,1,85,,50893,4,,,1,30,,50894,4,,,1,87,,50895,4,,,1,32,,50896,4,,,1,88,,50897,4,,,1,73,,50898,4,,,1,37,,50899,4,,,1,74,,50900,4,,,1,74,,50901,4,,,1,34,,50902,4,,,1,74,,50903,4,,,1,98,,50904,4,,,1,104,,50905,4,,,1,98,,50906,4,,,1
12701,'3602',634,,50907,4,,,1,94,,50908,4,,,1,18,,50909,4,,,1,94,,50910,4,,,1,18,,50911,4,,,1,143,,50912,4,,,1,110,,50913,4,,,1,109,,50914,4,,,1,111,,50915,4,,,1,74,,50916,4,,,1,30,,50917,4,,,1,15,,50918,4,,,1,70,,50919,4,,,1,30,,50920,4,,,1,56,,50921,4,,,1,32,,50922,4,,,1,72,,50923,4,,,1,16,,50924,4,,,1
12701,'3903',633,,50925,4,,,1,99,,50926,4,,,1,102,,50927,4,,,1,102,,50928,4,,,1,72,,50929,4,,,1,34,,50930,4,,,1,74,,50931,4,,,1,34,,50932,4,,,1,75,,50933,4,,,1,75,,50934,4,,,1,35,,50935,4,,,1,75,,50936,4,,,1,36,,50937,4,,,1,75,,50938,4,,,1,35,,50939,4,,,1,75,,50940,4,,,1,75,,50941,4,,,1,37,,50942,4,,,1,75,,50943,4,,,1,34,,50944,4,,,1,74,,50945,4,,,1,74,,50946,4,,,1,34,,50947,4,,,1,73,,50950,4,,,1,102,,50948,4,,,1,102,,50949,4,,,1
12701,'6404',722,,50951,4,,,1,102,,50952,4,,,1,105,,50953,4,,,1,74,,50954,4,,,1,34,,50955,4,,,1,74,,50956,4,,,1,34,,50957,4,,,1,73,,50958,4,,,1,34,,50959,4,,,1,74,,50960,4,,,1,74,,50961,4,,,1,34,,50962,4,,,1,74,,50963,4,,,1,34,,50964,4,,,1,74,,50965,4,,,1,34,,50966,4,,,1,75,,50967,4,,,1,104,,50968,4,,,1,101,,50969,4,,,1,101,,50970,4,,,1,101,,50971,4,,,1,101,,50972,4,,,1
