2500,'11802',1500,,47872,1,,,1
2500,'2',608,,47873,1,,,1,22,,47874,1,,,1,28,,47875,1,,,1,66,,47876,1,,,1,26,,47877,1,,,1,60,,47878,1,,,1,20,,47879,1,,,1,20,,47880,1,,,1,60,,47881,1,,,1,20,,47882,1,,,1,20,,47883,1,,,1,60,,47884,1,,,1,20,,47885,1,,,1,20,,47886,1,,,1,60,,47887,1,,,1,20,,47888,1,,,1,20,,47889,1,,,1,60,,47890,1,,,1,20,,47891,1,,,1,20,,47892,1,,,1,60,,47893,1,,,1,20,,47894,1,,,1,20,,47895,1,,,1,60,,47896,1,,,1,20,,47897,1,,,1,20,,47898,1,,,1,60,,47899,1,,,1,20,,47900,1,,,1,20,,47901,1,,,1,61,,47902,1,,,1,21,,47903,1,,,1,21,,47904,1,,,1,61,,47905,1,,,1,21,,47906,1,,,1,21,,47907,1,,,1,60,,47908,1,,,1,20,,47909,1,,,1,20,,47910,1,,,1,60,,47911,1,,,1,20,,47912,1,,,1,20,,47913,1,,,1,60,,47914,1,,,1,14,,47915,1,,,1,20,,47916,1,,,1,60,,47917,1,,,1,25,,47918,1,,,1,65,,47919,1,,,1,25,,47920,1,,,1,25,,47921,1,,,1,65,,47922,1,,,1,25,,47923,1,,,1
2500,'3',624,,47924,1,,,1,23,,47955,1,,,1,64,,47925,1,,,1,25,,47956,1,,,1,65,,47926,1,,,1,24,,47927,1,,,1,27,,47928,1,,,1,66,,47929,1,,,1,29,,47930,1,,,1,65,,47931,1,,,1,30,,47932,1,,,1,67,,47933,1,,,1,30,,47934,1,,,1,65,,47935,1,,,1,25,,47936,1,,,1,30,,47937,1,,,1,65,,47938,1,,,1,30,,47939,1,,,1,65,,47940,1,,,1,30,,47941,1,,,1,70,,47942,1,,,1,30,,47943,1,,,1,70,,47944,1,,,1,30,,47945,1,,,1,70,,47946,1,,,1,30,,47947,1,,,1,70,,47948,1,,,1,30,,47949,1,,,1,70,,47950,1,,,1,28,,47957,1,,,1,67,,47951,1,,,1,28,,47958,1,,,1,67,,47952,1,,,1,25,,47959,1,,,1,25,,47953,1,,,1,65,,47960,1,,,1,25,,47954,1,,,1
2500,'30',847,,47969,1,,,1,63,,47976,1,,,1,30,,47977,1,,,1,70,,47978,1,,,1,30,,47979,1,,,1,70,,47980,1,,,1,30,,47981,1,,,1,70,,47982,1,,,1,30,,47983,1,,,1,70,,47984,1,,,1,30,,47985,1,,,1,70,,47986,1,,,1,30,,47970,1,,,1,70,,47968,1,,,1,27,,47972,1,,,1,67,,47967,1,,,1,27,,47971,1,,,1,27,,47966,1,,,1,62,,47973,1,,,1,27,,47965,1,,,1,67,,47974,1,,,1,24,,47975,1,,,1,70,,47964,1,,,1,28,,47987,1,,,1,70,,47963,1,,,1,33,,47988,1,,,1,70,,47962,1,,,1,30,,47989,1,,,1,67,,47961,1,,,1,30,,47990,1,,,1
2500,'4',847,,47999,1,,,1,63,,48006,1,,,1,30,,48007,1,,,1,70,,48008,1,,,1,30,,48009,1,,,1,70,,48010,1,,,1,30,,48011,1,,,1,70,,48012,1,,,1,30,,48013,1,,,1,70,,48014,1,,,1,30,,48015,1,,,1,70,,48016,1,,,1,30,,48000,1,,,1,70,,47998,1,,,1,27,,48002,1,,,1,67,,47997,1,,,1,27,,48001,1,,,1,27,,47996,1,,,1,62,,48003,1,,,1,27,,47995,1,,,1,67,,48004,1,,,1,24,,48005,1,,,1,70,,47994,1,,,1,28,,48017,1,,,1,70,,47993,1,,,1,33,,48018,1,,,1,70,,47992,1,,,1,30,,48019,1,,,1,67,,47991,1,,,1,30,,48020,1,,,1
2501,'11802',730,,48021,30,4,,1,887,,48022,30,4,,1,106,,48023,30,4,,1
2501,'2',624,,48024,30,4,,1,24,,48025,30,4,,1,75,,48026,30,4,,1,20,,48027,30,4,,1,60,,48028,30,4,,1,20,,48029,30,4,,1,20,,48030,30,4,,1,60,,48031,30,4,,1,19,,48032,30,4,,1,20,,48033,30,4,,1,60,,48034,30,4,,1,20,,48035,30,4,,1,20,,48036,30,4,,1,60,,48037,30,4,,1,20,,48038,30,4,,1,20,,48039,30,4,,1,60,,48040,30,4,,1,20,,48041,30,4,,1,20,,48042,30,4,,1,60,,48043,30,4,,1,20,,48044,30,4,,1,20,,48045,30,4,,1,60,,48046,30,4,,1,25,,48047,30,4,,1,20,,48048,30,4,,1,60,,48049,30,4,,1,20,,48050,30,4,,1,20,,48051,30,4,,1,60,,48052,30,4,,1,22,,48053,30,4,,1,21,,48054,30,4,,1,61,,48055,30,4,,1,21,,48056,30,4,,1,21,,48057,30,4,,1,61,,48058,30,4,,1,13,,48059,30,4,,1,20,,48060,30,4,,1,60,,48061,30,4,,1,20,,48062,30,4,,1,20,,48063,30,4,,1,60,,48064,30,4,,1,20,,48065,30,4,,1,20,,48066,30,4,,1,60,,48067,30,4,,1,27,,48068,30,4,,1,24,,48069,30,4,,1,65,,48070,30,4,,1,25,,48071,30,4,,1,65,,48072,30,4,,1,25,,48073,30,4,,1,21,,48074,30,4,,1
2501,'3',636,,48108,30,4,,1,65,,48075,30,4,,1,26,,48107,30,4,,1,25,,48076,30,4,,1,66,,48106,30,4,,1,26,,48077,30,4,,1,67,,48078,30,4,,1,27,,48079,30,4,,1,65,,48080,30,4,,1,32,,48081,30,4,,1,65,,48082,30,4,,1,30,,48083,30,4,,1,24,,48084,30,4,,1,69,,48085,30,4,,1,30,,48086,30,4,,1,65,,48087,30,4,,1,30,,48088,30,4,,1,66,,48089,30,4,,1,29,,48090,30,4,,1,70,,48091,30,4,,1,30,,48092,30,4,,1,70,,48093,30,4,,1,30,,48094,30,4,,1,70,,48095,30,4,,1,30,,48096,30,4,,1,70,,48097,30,4,,1,30,,48098,30,4,,1,70,,48099,30,4,,1,24,,48105,30,4,,1,71,,48100,30,4,,1,27,,48109,30,4,,1,68,,48101,30,4,,1,23,,48110,30,4,,1,27,,48102,30,4,,1,65,,48111,30,4,,1,25,,48103,30,4,,1,65,,48112,30,4,,1,22,,48104,30,4,,1
2501,'30',931,,48120,30,4,,1,71,,48129,30,4,,1,30,,48130,30,4,,1,70,,48131,30,4,,1,30,,48132,30,4,,1,70,,48133,30,4,,1,30,,48134,30,4,,1,70,,48135,30,4,,1,30,,48136,30,4,,1,70,,48137,30,4,,1,30,,48138,30,4,,1,70,,48139,30,4,,1,28,,48121,30,4,,1,27,,48119,30,4,,1,67,,48122,30,4,,1,27,,48118,30,4,,1,64,,48123,30,4,,1,27,,48117,30,4,,1,67,,48124,30,4,,1,27,,48116,30,4,,1,67,,48125,30,4,,1,25,,48128,30,4,,1,30,,48126,30,4,,1,70,,48140,30,4,,1,30,,48115,30,4,,1,72,,48141,30,4,,1,70,,48114,30,4,,1,28,,48142,30,4,,1,15,,48113,30,4,,1,82,,48127,30,4,,1
2501,'4',931,,48150,30,4,,1,71,,48159,30,4,,1,30,,48160,30,4,,1,70,,48161,30,4,,1,30,,48162,30,4,,1,70,,48163,30,4,,1,30,,48164,30,4,,1,70,,48165,30,4,,1,30,,48166,30,4,,1,70,,48167,30,4,,1,30,,48168,30,4,,1,70,,48169,30,4,,1,28,,48151,30,4,,1,27,,48149,30,4,,1,67,,48152,30,4,,1,27,,48148,30,4,,1,64,,48153,30,4,,1,27,,48147,30,4,,1,67,,48154,30,4,,1,27,,48146,30,4,,1,67,,48155,30,4,,1,25,,48158,30,4,,1,30,,48156,30,4,,1,70,,48170,30,4,,1,30,,48145,30,4,,1,72,,48171,30,4,,1,70,,48144,30,4,,1,28,,48172,30,4,,1,15,,48143,30,4,,1,82,,48157,30,4,,1
2700,'11802',742,,48173,1,,,1,90,,48174,1,,,1,878,,48175,1,,,1
2700,'2',553,,48246,1,,,1,73,,48176,1,,,1,31,,48177,1,,,1,53,,48178,1,,,1,13,,48179,1,,,1,13,,48180,1,,,1,13,,48181,1,,,1,53,,48182,1,,,1,13,,48183,1,,,1,13,,48184,1,,,1,13,,48185,1,,,1,11,,48186,1,,,1,53,,48187,1,,,1,13,,48188,1,,,1,13,,48189,1,,,1,13,,48190,1,,,1,13,,48191,1,,,1,53,,48192,1,,,1,13,,48193,1,,,1,13,,48194,1,,,1,13,,48195,1,,,1,53,,48196,1,,,1,13,,48197,1,,,1,13,,48198,1,,,1,12,,48199,1,,,1,12,,48200,1,,,1,52,,48201,1,,,1,12,,48202,1,,,1,12,,48203,1,,,1,12,,48204,1,,,1,12,,48205,1,,,1,52,,48206,1,,,1,12,,48207,1,,,1,12,,48208,1,,,1,11,,48209,1,,,1,12,,48210,1,,,1,53,,48211,1,,,1,13,,48212,1,,,1,13,,48213,1,,,1,13,,48214,1,,,1,13,,48215,1,,,1,53,,48216,1,,,1,12,,48217,1,,,1,12,,48218,1,,,1,9,,48219,1,,,1,11,,48220,1,,,1,51,,48221,1,,,1,11,,48222,1,,,1,11,,48223,1,,,1,11,,48224,1,,,1,11,,48225,1,,,1,11,,48226,1,,,1,51,,48227,1,,,1,11,,48228,1,,,1,11,,48229,1,,,1,13,,48230,1,,,1,55,,48231,1,,,1,13,,48232,1,,,1,14,,48233,1,,,1,13,,48234,1,,,1,17,,48235,1,,,1,57,,48236,1,,,1,17,,48237,1,,,1,17,,48238,1,,,1,57,,48239,1,,,1,17,,48240,1,,,1,21,,48241,1,,,1,71,,48242,1,,,1,27,,48243,1,,,1,67,,48244,1,,,1,30,,48245,1,,,1
2700,'3',850,,48247,1,,,1,73,,48249,1,,,1,83,,48258,1,,,1,42,,48250,1,,,1,74,,48268,1,,,1,30,,48259,1,,,1,74,,48251,1,,,1,32,,48248,1,,,1,72,,48260,1,,,1,72,,48252,1,,,1,32,,48267,1,,,1,70,,48261,1,,,1,34,,48253,1,,,1,72,,48269,1,,,1,30,,48262,1,,,1,74,,48254,1,,,1,32,,48270,1,,,1,60,,48263,1,,,1,45,,48255,1,,,1,85,,48264,1,,,1,85,,48256,1,,,1,85,,48265,1,,,1,40,,48257,1,,,1,80,,48266,1,,,1
2700,'30',830,,48271,1,,,1,85,,48278,1,,,1,85,,48272,1,,,1,45,,48279,1,,,1,85,,48273,1,,,1,85,,48280,1,,,1,32,,48282,1,,,1,62,,48274,1,,,1,42,,48281,1,,,1,72,,48283,1,,,1,32,,48275,1,,,1,72,,48284,1,,,1,32,,48286,1,,,1,72,,48276,1,,,1,72,,48285,1,,,1,52,,48277,1,,,1,85,,48288,1,,,1,85,,48287,1,,,1
2700,'4',830,,48289,1,,,1,85,,48296,1,,,1,85,,48290,1,,,1,45,,48297,1,,,1,85,,48291,1,,,1,85,,48298,1,,,1,32,,48300,1,,,1,62,,48292,1,,,1,42,,48299,1,,,1,72,,48301,1,,,1,32,,48293,1,,,1,72,,48302,1,,,1,32,,48304,1,,,1,72,,48294,1,,,1,72,,48303,1,,,1,52,,48295,1,,,1,85,,48306,1,,,1,85,,48305,1,,,1
2701,'11802',827,,48307,39,4,,1,880,,48308,39,4,,1
2701,'2',624,,48380,38,4,,1,92,,48309,39,4,,1,25,,48310,38,4,,1,13,,48311,39,4,,1,53,,48312,38,4,,1,13,,48313,38,4,,1,13,,48314,39,4,,1,13,,48315,39,4,,1,8,,48316,39,4,,1,53,,48317,39,4,,1,15,,48318,39,4,,1,12,,48319,39,4,,1,14,,48320,39,4,,1,53,,48321,39,4,,1,13,,48322,39,4,,1,13,,48323,39,4,,1,13,,48324,39,4,,1,13,,48325,39,4,,1,53,,48326,39,4,,1,13,,48327,39,4,,1,13,,48328,39,4,,1,13,,48329,39,4,,1,13,,48330,39,4,,1,53,,48331,39,4,,1,12,,48332,39,4,,1,13,,48333,39,4,,1,12,,48334,39,4,,1,52,,48335,39,4,,1,12,,48336,39,4,,1,12,,48337,39,4,,1,12,,48338,39,4,,1,12,,48339,39,4,,1,52,,48340,39,4,,1,13,,48341,39,4,,1,12,,48342,39,4,,1,12,,48343,39,4,,1,14,,48344,39,4,,1,53,,48345,39,4,,1,13,,48346,39,4,,1,13,,48347,39,4,,1,13,,48348,39,4,,1,13,,48349,39,4,,1,49,,48350,38,4,,1,12,,48351,39,4,,1,12,,48352,39,4,,1,11,,48353,39,4,,1,11,,48354,39,4,,1,51,,48355,38,4,,1,11,,48356,39,4,,1,11,,48357,39,4,,1,11,,48358,39,4,,1,11,,48359,39,4,,1,11,,48360,39,4,,1,50,,48361,39,4,,1,11,,48362,39,4,,1,7,,48363,39,4,,1,13,,48364,39,4,,1,9,,48365,39,4,,1,53,,48366,39,4,,1,11,,48367,39,4,,1,11,,48368,39,4,,1,17,,48369,39,4,,1,17,,48370,39,4,,1,57,,48371,39,4,,1,17,,48372,39,4,,1,17,,48373,39,4,,1,57,,48374,39,4,,1,13,,48375,39,4,,1,20,,48376,39,4,,1,67,,48377,39,4,,1,27,,48378,39,4,,1,27,,48379,39,4,,1
2701,'3',923,,48381,38,4,,1,83,,48391,39,4,,1,32,,48382,39,4,,1,104,,48392,39,4,,1,74,,48383,39,4,,1,32,,48400,39,4,,1,72,,48393,39,4,,1,32,,48384,39,4,,1,72,,48401,39,4,,1,30,,48394,39,4,,1,74,,48385,39,4,,1,72,,48402,39,4,,1,30,,48395,39,4,,1,74,,48386,39,4,,1,32,,48403,39,4,,1,70,,48396,39,4,,1,35,,48387,39,4,,1,85,,48397,39,4,,1,85,,48388,39,4,,1,45,,48398,39,4,,1,80,,48389,39,4,,1,80,,48399,39,4,,1,40,,48390,39,4,,1,80,,48404,39,4,,1
2701,'30',907,,48405,38,4,,1,45,,48406,39,4,,1,85,,48412,39,4,,1,85,,48407,39,4,,1,85,,48413,39,4,,1,46,,48408,39,4,,1,88,,48414,39,4,,1,72,,48415,39,4,,1,32,,48409,39,4,,1,72,,48417,39,4,,1,32,,48416,39,4,,1,72,,48410,39,4,,1,32,,48418,39,4,,1,72,,48420,39,4,,1,28,,48411,39,4,,1,77,,48419,39,4,,1,85,,48421,39,4,,1,85,,48422,39,4,,1
2701,'4',907,,48423,38,4,,1,45,,48424,39,4,,1,85,,48430,39,4,,1,85,,48425,39,4,,1,85,,48431,39,4,,1,46,,48426,39,4,,1,88,,48432,39,4,,1,72,,48433,39,4,,1,32,,48427,39,4,,1,72,,48435,39,4,,1,32,,48434,39,4,,1,72,,48428,39,4,,1,32,,48436,39,4,,1,72,,48438,39,4,,1,28,,48429,39,4,,1,77,,48437,39,4,,1,85,,48439,39,4,,1,85,,48440,39,4,,1
9500,'2',622,,50204,5,4,,1,28,,50214,11,4,,1,72,,50215,11,4,,1,32,,50216,11,4,,1,72,,50217,11,4,,1,32,,50218,11,4,,1,561,,50206,5,4,,1,33,,50208,11,4,,1,75,,50209,11,4,,1,75,,50210,11,4,,1,36,,50211,11,4,,1,75,,50212,11,4,,1,35,,50213,11,4,,1
9501,'2',625,,50229,1,,,1,28,,50230,1,,,1,72,,50231,1,,,1,32,,50232,1,,,1,72,,50233,1,,,1,71,,50220,1,0,21 3 32,1,521,,50223,1,,,1,35,,50224,1,,,1,75,,50225,1,,,1,75,,50226,1,,,1,36,,50227,1,,,1,75,,50228,1,,,1,33,,50222,1,0,21 3 32,1
