401,'2',605,,34915,50,0,10 40 41,1,36,,34914,56,0,13 40 41,1,11,,34956,50,0,10 40 41,1,71,,34913,50,0,10 40 41,1,15,,34912,56,0,13 40 41,1,10,,34911,22,,,1,57,,34910,50,0,10 40 41,1,15,,34909,50,0,10 40 41,1,15,,34908,56,0,13 40 41,1,15,,34907,50,0,10 40 41,1,55,,34906,56,0,13 40 41,1,15,,34905,50,0,10 40 41,1,15,,34904,56,0,13 40 41,1,15,,34903,50,0,10 40 41,1,55,,34902,56,0,13 40 41,1,20,,34901,50,0,10 40 41,1,20,,34900,56,0,13 40 41,1,60,,34899,50,0,10 40 41,1,20,,34898,56,0,13 40 41,1,21,,34897,50,0,10 40 41,1,61,,34896,56,0,13 40 41,1,20,,34895,50,0,10 40 41,1,20,,34894,56,0,13 40 41,1,60,,34893,50,0,10 40 41,1,20,,34892,56,0,13 40 41,1,20,,34891,50,0,10 40 41,1,60,,34890,56,0,13 40 41,1,21,,34889,50,0,10 40 41,1,15,,34918,56,0,13 40 41,1,59,,34926,50,0,10 40 41,1,15,,34919,56,0,13 40 41,1,15,,34927,50,0,10 40 41,1,15,,34920,56,0,13 40 41,1,55,,34928,50,0,10 40 41,1,16,,34921,56,0,13 40 41,1,15,,34929,50,0,10 40 41,1,15,,34922,56,0,13 40 41,1,55,,34930,50,0,10 40 41,1,15,,34923,56,0,13 40 41,1,15,,34931,50,0,10 40 41,1,15,,34924,56,0,13 40 41,1,55,,34932,50,0,10 40 41,1,9,,34925,56,0,13 40 41,1,17,,34935,50,0,10 40 41,1,21,,34940,56,0,13 40 41,1,60,,34936,50,0,10 40 41,1,20,,34941,56,0,13 40 41,1,20,,34937,50,0,10 40 41,1,60,,34942,56,0,13 40 41,1,20,,34938,50,0,10 40 41,1,20,,34943,56,0,13 40 41,1,68,,34939,50,0,10 40 41,1,33,,34944,56,0,13 40 41,1,70,,34947,50,0,10 40 41,1,30,,34945,56,0,13 40 41,1,70,,34948,50,0,10 40 41,1,30,,34946,56,0,13 40 41,1,70,,34949,50,0,10 40 41,1,90,,34950,56,0,13 40 41,1
401,'3',640,,34957,50,0,10 40 41,1,70,,34958,56,0,13 40 41,1,20,,34965,50,0,10 40 41,1,70,,34959,56,0,13 40 41,1,32,,34966,50,0,10 40 41,1,70,,34960,56,0,13 40 41,1,30,,34967,50,0,10 40 41,1,70,,34961,56,0,13 40 41,1,32,,34968,50,0,10 40 41,1,70,,34962,56,0,13 40 41,1,30,,34969,50,0,10 40 41,1,70,,34963,56,0,13 40 41,1,30,,34970,50,0,10 40 41,1,70,,34964,56,0,13 40 41,1,26,,34971,50,0,10 40 41,1,27,,34977,56,0,13 40 41,1,66,,34972,50,0,10 40 41,1,25,,34978,56,0,13 40 41,1,65,,34973,50,0,10 40 41,1,25,,34979,56,0,13 40 41,1,65,,34974,50,0,10 40 41,1,25,,34980,56,0,13 40 41,1,25,,34975,50,0,10 40 41,1,65,,34981,56,0,13 40 41,1,25,,34976,50,0,10 40 41,1,65,,34989,56,0,13 40 41,1,25,,34985,50,0,10 40 41,1,25,,34990,56,0,13 40 41,1,65,,34986,50,0,10 40 41,1,25,,34991,56,0,13 40 41,1,65,,34987,50,0,10 40 41,1,25,,34992,56,0,13 40 41,1,65,,34988,50,0,10 40 41,1,23,,34993,56,0,13 40 41,1,17,,34994,50,0,10 40 41,1,70,,34998,56,0,13 40 41,1,30,,34995,50,0,10 40 41,1,70,,34999,56,0,13 40 41,1,30,,34996,50,0,10 40 41,1,70,,35000,56,0,13 40 41,1,28,,34997,50,0,10 40 41,1,72,,34983,56,0,13 40 41,1
401,'30',710,,35033,50,0,10 40 41,1,45,,35032,56,0,13 40 41,1,85,,35031,50,0,10 40 41,1,87,,35002,56,0,13 40 41,1,85,,35003,50,0,10 40 41,1,30,,35004,56,0,13 40 41,1,64,,35005,50,0,10 40 41,1,30,,35006,56,0,13 40 41,1,67,,35007,50,0,10 40 41,1,31,,35008,56,0,13 40 41,1,69,,35009,50,0,10 40 41,1,32,,35010,56,0,13 40 41,1,70,,35011,50,0,10 40 41,1,30,,35012,56,0,13 40 41,1,70,,35013,50,0,10 40 41,1,30,,35014,56,0,13 40 41,1,70,,35015,50,0,10 40 41,1,30,,35016,56,0,13 40 41,1,70,,35017,50,0,10 40 41,1,29,,35018,56,0,13 40 41,1,70,,35019,50,0,10 40 41,1,30,,35020,56,0,13 40 41,1,70,,35021,50,0,10 40 41,1,30,,35022,56,0,13 40 41,1,68,,35023,50,0,10 40 41,1,32,,35024,56,0,13 40 41,1,70,,35025,50,0,10 40 41,1,32,,35026,56,0,13 40 41,1,68,,35027,50,0,10 40 41,1,29,,35028,56,0,13 40 41,1,78,,35001,50,0,10 40 41,1
401,'4',710,,35066,50,0,10 40 41,1,45,,35065,56,0,13 40 41,1,85,,35064,50,0,10 40 41,1,87,,35035,56,0,13 40 41,1,85,,35036,50,0,10 40 41,1,30,,35037,56,0,13 40 41,1,64,,35038,50,0,10 40 41,1,30,,35039,56,0,13 40 41,1,67,,35040,50,0,10 40 41,1,31,,35041,56,0,13 40 41,1,69,,35042,50,0,10 40 41,1,32,,35043,56,0,13 40 41,1,70,,35044,50,0,10 40 41,1,30,,35045,56,0,13 40 41,1,70,,35046,50,0,10 40 41,1,30,,35047,56,0,13 40 41,1,70,,35048,50,0,10 40 41,1,30,,35049,56,0,13 40 41,1,70,,35050,50,0,10 40 41,1,29,,35051,56,0,13 40 41,1,70,,35052,50,0,10 40 41,1,30,,35053,56,0,13 40 41,1,70,,35054,50,0,10 40 41,1,30,,35055,56,0,13 40 41,1,68,,35056,50,0,10 40 41,1,32,,35057,56,0,13 40 41,1,70,,35058,50,0,10 40 41,1,32,,35059,56,0,13 40 41,1,68,,35060,50,0,10 40 41,1,29,,35061,56,0,13 40 41,1,78,,35034,50,0,10 40 41,1
1700,'2',637,,38074,48,0,10 23 20,1,20,,38075,56,0,13 23 20,1,60,,38115,48,0,10 23 20,1,20,,38076,56,0,13 23 20,1,21,,38116,48,0,10 23 20,1,59,,38077,56,0,13 23 20,1,20,,38078,48,0,10 23 20,1,18,,38079,56,0,13 23 20,1,61,,38080,48,0,10 23 20,1,20,,38081,56,0,13 23 20,1,20,,38082,48,0,10 23 20,1,60,,38083,56,0,13 23 20,1,20,,38084,48,0,10 23 20,1,20,,38085,56,0,13 23 20,1,60,,38086,48,0,10 23 20,1,20,,38087,56,0,13 23 20,1,20,,38088,48,0,10 23 20,1,59,,38089,56,0,13 23 20,1,20,,38090,48,0,10 23 20,1,21,,38091,56,0,13 23 20,1,61,,38092,48,0,10 23 20,1,25,,38093,56,0,13 23 20,1,63,,38094,48,0,10 23 20,1,21,,38095,56,0,13 23 20,1,20,,38096,48,0,10 23 20,1,60,,38097,56,0,13 23 20,1,18,,38098,48,0,10 23 20,1,20,,38099,56,0,13 23 20,1,57,,38100,48,0,10 23 20,1,15,,38101,56,0,13 23 20,1,21,,38102,48,0,10 23 20,1,63,,38103,56,0,13 23 20,1,20,,38104,48,0,10 23 20,1,20,,38105,56,0,13 23 20,1,62,,38106,48,0,10 23 20,1,13,,38107,56,0,13 23 20,1,23,,38108,48,0,10 23 20,1,63,,38117,48,0,10 23 20,1,21,,38110,56,0,13 23 20,1,14,,38064,48,0,10 23 20,1,19,,38073,48,0,10 23 20,1,59,,38072,48,0,10 23 20,1,19,,38071,48,0,10 23 20,1,19,,38070,48,0,10 23 20,1,59,,38069,48,0,10 23 20,1,17,,38068,48,0,10 23 20,1,21,,38066,48,0,10 23 20,1,70,,38067,48,0,10 23 20,1,25,,38065,48,0,10 23 20,1,60,,38111,48,0,10 23 20,1,25,,38112,48,0,10 23 20,1,25,,38113,48,0,10 23 20,1,65,,38114,48,0,10 23 20,1,22,,38118,48,0,10 23 20,1,65,,38119,48,0,10 23 20,1
1700,'3',630,,38154,48,0,10 23 20,1,79,,38152,48,0,10 23 20,1,36,,38153,48,0,10 23 20,1,80,,38151,48,0,10 23 20,1,75,,38150,48,0,10 23 20,1,30,,38149,48,0,10 23 20,1,82,,38148,48,0,10 23 20,1,31,,38147,48,0,10 23 20,1,72,,38146,48,0,10 23 20,1,30,,38155,48,0,10 23 20,1,70,,38145,48,0,10 23 20,1,31,,38144,48,0,10 23 20,1,70,,38143,48,0,10 23 20,1,30,,38142,48,0,10 23 20,1,70,,38141,48,0,10 23 20,1,30,,38140,48,0,10 23 20,1,70,,38139,48,0,10 23 20,1,30,,38138,48,0,10 23 20,1,70,,38137,48,0,10 23 20,1,30,,38136,48,0,10 23 20,1,70,,38135,48,0,10 23 20,1,30,,38134,48,0,10 23 20,1,68,,38133,48,0,10 23 20,1,30,,38132,48,0,10 23 20,1,68,,38131,48,0,10 23 20,1,30,,38130,48,0,10 23 20,1,60,,38129,48,0,10 23 20,1,30,,38128,48,0,10 23 20,1,70,,38127,48,0,10 23 20,1,30,,38126,48,0,10 23 20,1,14,,38125,48,0,10 23 20,1,69,,38124,48,0,10 23 20,1,30,,38123,48,0,10 23 20,1,70,,38122,48,0,10 23 20,1,15,,38156,48,0,10 23 20,1,70,,38121,48,0,10 23 20,1,23,,38157,48,0,10 23 20,1,19,,38158,48,0,10 23 20,1,60,,38159,48,0,10 23 20,1
1700,'30',657,,38190,48,0,10 23 20,1,75,,38191,48,0,10 23 20,1,75,,38192,48,0,10 23 20,1,35,,38193,48,0,10 23 20,1,75,,38163,48,0,10 23 20,1,30,,38164,48,0,10 23 20,1,70,,38165,48,0,10 23 20,1,30,,38166,48,0,10 23 20,1,65,,38167,48,0,10 23 20,1,25,,38168,48,0,10 23 20,1,22,,38169,48,0,10 23 20,1,72,,38170,48,0,10 23 20,1,70,,38171,48,0,10 23 20,1,25,,38172,48,0,10 23 20,1,25,,38173,48,0,10 23 20,1,70,,38174,48,0,10 23 20,1,30,,38175,48,0,10 23 20,1,68,,38176,48,0,10 23 20,1,30,,38177,48,0,10 23 20,1,70,,38178,48,0,10 23 20,1,30,,38179,48,0,10 23 20,1,70,,38180,48,0,10 23 20,1,30,,38181,48,0,10 23 20,1,60,,38182,48,0,10 23 20,1,28,,38183,48,0,10 23 20,1,70,,38184,48,0,10 23 20,1,30,,38185,48,0,10 23 20,1,80,,38186,48,0,10 23 20,1,35,,38187,48,0,10 23 20,1,75,,38188,48,0,10 23 20,1,75,,38189,48,0,10 23 20,1,31,,38162,48,0,10 23 20,1,70,,38195,48,0,10 23 20,1,35,,38194,48,0,10 23 20,1
1700,'4',657,,38225,48,0,10 23 20,1,75,,38226,48,0,10 23 20,1,75,,38227,48,0,10 23 20,1,35,,38228,48,0,10 23 20,1,75,,38198,48,0,10 23 20,1,30,,38199,48,0,10 23 20,1,70,,38200,48,0,10 23 20,1,30,,38201,48,0,10 23 20,1,65,,38202,48,0,10 23 20,1,25,,38203,48,0,10 23 20,1,22,,38204,48,0,10 23 20,1,72,,38205,48,0,10 23 20,1,70,,38206,48,0,10 23 20,1,25,,38207,48,0,10 23 20,1,25,,38208,48,0,10 23 20,1,70,,38209,48,0,10 23 20,1,30,,38210,48,0,10 23 20,1,68,,38211,48,0,10 23 20,1,30,,38212,48,0,10 23 20,1,70,,38213,48,0,10 23 20,1,30,,38214,48,0,10 23 20,1,70,,38215,48,0,10 23 20,1,30,,38216,48,0,10 23 20,1,60,,38217,48,0,10 23 20,1,28,,38218,48,0,10 23 20,1,70,,38219,48,0,10 23 20,1,30,,38220,48,0,10 23 20,1,80,,38221,48,0,10 23 20,1,35,,38222,48,0,10 23 20,1,75,,38223,48,0,10 23 20,1,75,,38224,48,0,10 23 20,1,31,,38197,48,0,10 23 20,1,70,,38230,48,0,10 23 20,1,35,,38229,48,0,10 23 20,1
2000,'2',646,,38625,57,,,1,56,,38628,57,,,1,26,,38631,22,,,1,9,,38626,57,,,1,15,,38627,57,,,1,55,,38629,57,,,1,15,,38651,57,,,1,15,,38652,57,,,1,15,,38653,57,,,1,55,,38654,57,,,1,16,,38655,57,,,1,16,,38656,57,,,1,15,,38657,57,,,1,55,,38658,57,,,1,15,,38659,57,,,1,15,,38660,57,,,1,15,,38661,57,,,1,55,,38662,57,,,1,15,,38663,57,,,1,10,,38664,57,,,1,15,,38665,57,,,1,55,,38666,57,,,1,15,,38667,57,,,1,15,,38668,57,,,1,15,,38669,57,,,1,55,,38670,57,,,1,15,,38671,57,,,1,15,,38672,57,,,1,15,,38673,57,,,1,55,,38674,57,,,1,10,,38675,57,,,1,15,,38676,57,,,1,15,,38677,57,,,1,15,,38678,57,,,1,55,,38679,57,,,1,15,,38680,57,,,1,15,,38681,57,,,1,15,,38682,57,,,1,55,,38683,57,,,1,15,,38684,57,,,1,15,,38685,57,,,1,15,,38686,57,,,1,55,,38687,57,,,1,15,,38688,57,,,1,19,,38689,57,,,1,61,,38630,57,,,1,15,,38632,57,,,1,16,,38633,57,,,1,16,,38634,57,,,1,52,,38643,57,,,1,12,,38635,57,,,1,15,,38636,57,,,1,20,,38637,57,,,1,72,,38638,57,,,1,13,,38639,57,,,1,67,,38640,57,,,1,26,,38641,57,,,1,18,,38644,57,,,1,71,,38645,57,,,1,26,,38646,57,,,1,66,,38647,57,,,1,26,,38624,57,,,1,68,,38649,57,,,1,25,,38650,57,,,1,81,,38648,57,,,1
2000,'3',644,,38693,57,,,1,66,,38696,57,,,1,30,,38697,57,,,1,81,,38698,57,,,1,29,,38699,57,,,1,66,,38700,57,,,1,26,,38701,57,,,1,66,,38702,57,,,1,32,,38703,57,,,1,64,,38704,57,,,1,20,,38705,57,,,1,20,,38706,57,,,1,60,,38707,57,,,1,20,,38708,57,,,1,20,,38709,57,,,1,63,,38710,57,,,1,20,,38711,57,,,1,20,,38712,57,,,1,60,,38713,57,,,1,20,,38714,57,,,1,20,,38715,57,,,1,59,,38716,57,,,1,20,,38717,57,,,1,20,,38718,57,,,1,60,,38719,57,,,1,20,,38720,57,,,1,20,,38721,57,,,1,60,,38722,57,,,1,20,,38723,57,,,1,20,,38724,57,,,1,60,,38725,57,,,1,14,,38726,57,,,1,20,,38727,57,,,1,63,,38728,57,,,1,27,,38729,57,,,1,27,,38730,57,,,1,67,,38731,57,,,1,27,,38732,57,,,1,67,,38733,57,,,1,27,,38734,57,,,1,60,,38735,57,,,1,27,,38736,57,,,1,27,,38737,57,,,1,67,,38738,57,,,1,27,,38739,57,,,1,61,,38740,57,,,1,19,,38741,57,,,1,81,,38695,57,,,1
2000,'30',709,,38743,57,,,1,42,,38744,57,,,1,85,,38745,57,,,1,87,,38746,57,,,1,31,,38747,57,,,1,66,,38748,57,,,1,25,,38749,57,,,1,66,,38750,57,,,1,27,,38751,57,,,1,66,,38752,57,,,1,26,,38753,57,,,1,70,,38754,57,,,1,26,,38755,57,,,1,26,,38756,57,,,1,66,,38757,57,,,1,26,,38758,57,,,1,66,,38759,57,,,1,26,,38760,57,,,1,66,,38761,57,,,1,26,,38762,57,,,1,26,,38763,57,,,1,66,,38764,57,,,1,26,,38765,57,,,1,63,,38766,57,,,1,25,,38767,57,,,1,25,,38768,57,,,1,65,,38769,57,,,1,25,,38770,57,,,1,65,,38771,57,,,1,25,,38772,57,,,1,65,,38773,57,,,1,25,,38774,57,,,1,25,,38775,57,,,1,66,,38776,57,,,1,19,,38777,57,,,1,20,,38778,57,,,1
2000,'4',709,,38780,57,,,1,42,,38781,57,,,1,85,,38782,57,,,1,87,,38783,57,,,1,31,,38784,57,,,1,66,,38785,57,,,1,25,,38786,57,,,1,66,,38787,57,,,1,27,,38788,57,,,1,66,,38789,57,,,1,26,,38790,57,,,1,70,,38791,57,,,1,26,,38792,57,,,1,26,,38793,57,,,1,66,,38794,57,,,1,26,,38795,57,,,1,66,,38796,57,,,1,26,,38797,57,,,1,66,,38798,57,,,1,26,,38799,57,,,1,26,,38800,57,,,1,66,,38801,57,,,1,26,,38802,57,,,1,63,,38803,57,,,1,25,,38804,57,,,1,25,,38805,57,,,1,65,,38806,57,,,1,25,,38807,57,,,1,65,,38808,57,,,1,25,,38809,57,,,1,65,,38810,57,,,1,25,,38811,57,,,1,25,,38812,57,,,1,66,,38813,57,,,1,19,,38814,57,,,1,20,,38815,57,,,1
10400,'3302',726,,41771,21,,,1,27,,41772,21,,,1,70,,41773,27,,,1,30,,41774,27,,,1,72,,41775,27,,,1,30,,41776,27,,,1,70,,41777,27,,,1,30,,41778,27,,,1,69,,41779,27,,,1,31,,41780,27,,,1,68,,41781,27,,,1,32,,41782,27,,,1,67,,41783,27,,,1,32,,41784,27,,,1,66,,41785,27,,,1,29,,41786,27,,,1,71,,41787,27,,,1,32,,41788,27,,,1,71,,41789,27,,,1,30,,41790,27,,,1,71,,41791,27,,,1,33,,41792,27,,,1,67,,41793,27,,,1,26,,41794,27,,,1
10400,'3903',1021,,41812,21,,,1,29,,41797,27,,,1,61,,41798,27,,,1,30,,41799,27,,,1,67,,41800,27,,,1,31,,41801,27,,,1,20,,41802,27,,,1,70,,41803,27,,,1,25,,41804,27,,,1,71,,41805,27,,,1,28,,41806,27,,,1,71,,41807,27,,,1,30,,41808,27,,,1,70,,41809,27,,,1,29,,41810,27,,,1,70,,41811,27,,,1,30,,41796,27,,,1,70,,41795,27,,,1
