700,'2',606,,35578,4,,,1,27,,35579,4,,,1,25,,35580,4,,,1,60,,35581,4,,,1,20,,35582,4,,,1,20,,35583,4,,,1,60,,35584,4,,,1,21,,35585,4,,,1,66,,35586,4,,,1,30,,35587,4,,,1,70,,35588,4,,,1,25,,35589,4,,,1,70,,35590,4,,,1,30,,35591,4,,,1,29,,35592,4,,,1,70,,35593,4,,,1,30,,35594,4,,,1,70,,35596,4,,,1,25,,35597,4,,,1,60,,35598,4,,,1,20,,35599,4,,,1,20,,35600,4,,,1,60,,35601,4,,,1,20,,35602,4,,,1,19,,35603,4,,,1,60,,35604,4,,,1,20,,35605,4,,,1,25,,35606,4,,,1,55,,35607,4,,,1,20,,35608,4,,,1,68,,35609,4,,,1,25,,35610,4,,,1,25,,35611,4,,,1,65,,35612,4,,,1,25,,35613,4,,,1,65,,35614,4,,,1,25,,35615,4,,,1,79,,35616,4,,,1,30,,35617,4,,,1,70,,35618,4,,,1,30,,35619,4,,,1,70,,35620,4,,,1,27,,35621,4,,,1
700,'3',611,,35657,4,,,1,29,,35658,4,,,1,70,,35656,4,,,1,39,,35622,4,,,1,66,,35655,4,,,1,30,,35623,4,,,1,65,,35624,4,,,1,25,,35625,4,,,1,71,,35626,4,,,1,30,,35627,4,,,1,65,,35628,4,,,1,25,,35629,4,,,1,29,,35630,4,,,1,70,,35631,4,,,1,30,,35632,4,,,1,65,,35633,4,,,1,30,,35634,4,,,1,70,,35635,4,,,1,30,,35636,4,,,1,70,,35637,4,,,1,30,,35638,4,,,1,70,,35639,4,,,1,30,,35640,4,,,1,70,,35641,4,,,1,26,,35642,4,,,1,71,,35643,4,,,1,30,,35644,4,,,1,70,,35645,4,,,1,25,,35646,4,,,1,70,,35647,4,,,1,31,,35648,4,,,1,71,,35649,4,,,1,28,,35650,4,,,1,72,,35651,4,,,1,30,,35652,4,,,1,70,,35653,4,,,1,30,,35654,4,,,1
700,'30',841,,35660,4,,,1,85,,35662,4,,,1,30,,35663,4,,,1,70,,35664,4,,,1,25,,35665,4,,,1,65,,35666,4,,,1,29,,35667,4,,,1,70,,35668,4,,,1,30,,35669,4,,,1,65,,35670,4,,,1,30,,35671,4,,,1,70,,35672,4,,,1,30,,35673,4,,,1,65,,35674,4,,,1,30,,35675,4,,,1,70,,35676,4,,,1,22,,35677,4,,,1,30,,35678,4,,,1,70,,35679,4,,,1,30,,35680,4,,,1,70,,35681,4,,,1,30,,35682,4,,,1,70,,35683,4,,,1,30,,35684,4,,,1,70,,35685,4,,,1,30,,35686,4,,,1,70,,35687,4,,,1,73,,35689,4,,,1,45,,35688,4,,,1
700,'4',841,,35691,4,,,1,85,,35693,4,,,1,30,,35694,4,,,1,70,,35695,4,,,1,25,,35696,4,,,1,65,,35697,4,,,1,29,,35698,4,,,1,70,,35699,4,,,1,30,,35700,4,,,1,65,,35701,4,,,1,30,,35702,4,,,1,70,,35703,4,,,1,30,,35704,4,,,1,65,,35705,4,,,1,30,,35706,4,,,1,70,,35707,4,,,1,22,,35708,4,,,1,30,,35709,4,,,1,70,,35710,4,,,1,30,,35711,4,,,1,70,,35712,4,,,1,30,,35713,4,,,1,70,,35714,4,,,1,30,,35715,4,,,1,70,,35716,4,,,1,30,,35717,4,,,1,70,,35718,4,,,1,73,,35720,4,,,1,45,,35719,4,,,1
1000,'2',612,,36233,52,,,1,15,,36234,52,,,1,15,,36235,67,,,1,15,,36236,52,,,1,55,,36244,67,,,1,15,,36245,52,,,1,20,,36243,67,,,1,55,,36246,52,,,1,17,,36237,67,,,1,19,,36283,67,,,1,17,,36238,67,,,1,54,,36284,67,,,1,15,,36242,67,,,1,18,,36241,67,,,1,69,,36239,67,,,1,30,,36250,67,,,1,70,,36249,67,,,1,30,,36248,67,,,1,71,,36247,67,,,1,32,,36254,67,,,1,13,,36255,52,,,1,67,,36253,67,,,1,13,,36287,52,,,1,17,,36252,67,,,1,59,,36251,67,,,1,15,,36288,52,,,1,18,,36257,67,,,1,63,,36256,67,,,1,18,,36285,67,,,1,16,,36258,67,,,1,15,,36286,67,,,1,59,,36259,67,,,1,17,,36266,67,,,1,13,,36260,67,,,1,57,,36261,67,,,1,16,,36262,67,,,1,18,,36263,67,,,1,15,,36264,67,,,1,55,,36289,67,,,1,12,,36265,67,,,1,33,,36267,67,,,1,56,,36268,67,,,1,33,,36269,67,,,1,73,,36270,67,,,1,30,,36271,67,,,1,70,,36272,67,,,1,35,,36273,67,,,1,64,,36274,67,,,1,38,,36275,67,,,1,73,,36276,67,,,1,30,,36277,67,,,1,75,,36278,67,,,1,75,,36279,67,,,1,30,,36280,67,,,1
1000,'3',619,,36295,52,,,1,35,,36292,52,,,1,75,,36293,67,,,1,76,,36294,67,,,1,37,,36296,67,,,1,70,,36297,67,,,1,15,,36298,67,,,1,30,,36299,67,,,1,72,,36300,67,,,1,30,,36301,67,,,1,70,,36302,67,,,1,30,,36303,67,,,1,80,,36304,67,,,1,70,,36305,67,,,1,30,,36306,67,,,1,70,,36307,67,,,1,31,,36308,67,,,1,70,,36309,67,,,1,30,,36310,67,,,1,65,,36311,67,,,1,12,,36312,67,,,1,30,,36313,67,,,1,70,,36314,67,,,1,30,,36315,67,,,1,68,,36316,67,,,1,28,,36317,67,,,1,65,,36318,67,,,1,30,,36319,67,,,1,70,,36320,67,,,1,30,,36321,67,,,1,69,,36322,67,,,1,30,,36326,67,,,1,65,,36327,67,,,1,25,,36328,67,,,1,25,,36329,67,,,1,65,,36330,67,,,1,30,,36331,67,,,1,62,,36332,67,,,1,47,,36333,67,,,1
1000,'30',713,,36334,52,,,1,37,,36370,67,,,1,60,,36335,67,,,1,36,,36369,67,,,1,60,,36336,67,,,1,30,,36337,67,,,1,70,,36338,67,,,1,30,,36339,67,,,1,65,,36340,67,,,1,25,,36341,67,,,1,25,,36342,67,,,1,66,,36343,67,,,1,31,,36344,67,,,1,70,,36345,67,,,1,30,,36346,67,,,1,70,,36347,67,,,1,30,,36348,67,,,1,70,,36349,67,,,1,30,,36350,67,,,1,70,,36351,67,,,1,30,,36352,67,,,1,70,,36353,67,,,1,29,,36356,67,,,1,70,,36357,67,,,1,30,,36358,67,,,1,70,,36359,67,,,1,30,,36360,67,,,1,66,,36361,67,,,1,30,,36362,67,,,1,70,,36363,67,,,1,27,,36364,67,,,1,70,,36365,67,,,1,32,,36366,67,,,1,70,,36367,67,,,1
1000,'4',713,,36371,52,,,1,37,,36407,67,,,1,60,,36372,67,,,1,36,,36406,67,,,1,60,,36373,67,,,1,30,,36374,67,,,1,70,,36375,67,,,1,30,,36376,67,,,1,65,,36377,67,,,1,25,,36378,67,,,1,25,,36379,67,,,1,66,,36380,67,,,1,31,,36381,67,,,1,70,,36382,67,,,1,30,,36383,67,,,1,70,,36384,67,,,1,30,,36385,67,,,1,70,,36386,67,,,1,30,,36387,67,,,1,70,,36388,67,,,1,30,,36389,67,,,1,70,,36390,67,,,1,29,,36393,67,,,1,70,,36394,67,,,1,30,,36395,67,,,1,70,,36396,67,,,1,30,,36397,67,,,1,66,,36398,67,,,1,30,,36399,67,,,1,70,,36400,67,,,1,27,,36401,67,,,1,70,,36402,67,,,1,32,,36403,67,,,1,70,,36404,67,,,1
2401,'2',624,,39103,11,,,1,30,,39104,11,,,1,69,,39105,11,,,1,31,,39106,11,,,1,70,,39107,11,,,1,30,,39108,11,,,1,70,,39109,11,,,1,30,,39110,11,,,1,70,,39111,11,,,1,30,,39112,11,,,1,70,,39113,11,,,1,30,,39114,11,,,1,70,,39115,11,,,1,30,,39116,11,,,1,70,,39117,11,,,1,30,,39118,11,,,1,68,,39119,11,,,1,31,,39120,11,,,1,70,,39121,11,,,1,30,,39122,11,,,1,75,,39125,11,,,1,73,,39126,11,,,1,33,,39127,11,,,1,73,,39128,11,,,1,36,,39129,11,,,1,70,,39130,11,,,1,30,,39131,11,,,1,70,,39132,11,,,1,30,,39133,11,,,1,60,,39134,11,,,1
2401,'3',652,,39150,11,,,1,80,,39149,11,,,1,80,,39135,11,,,1,40,,39136,11,,,1,80,,39143,11,,,1,80,,39137,11,,,1,38,,39144,11,,,1,82,,39138,11,,,1,75,,39145,11,,,1,44,,39139,11,,,1,86,,39146,11,,,1,87,,39140,11,,,1,85,,39147,11,,,1,44,,39141,11,,,1,86,,39148,11,,,1,84,,39142,11,,,1,80,,39152,11,,,1,44,,39153,11,,,1,80,,39154,11,,,1,84,,39155,11,,,1
2401,'30',734,,39156,11,,,1,82,,39158,11,,,1,40,,39159,11,,,1,80,,39160,11,,,1,80,,39161,11,,,1,40,,39162,11,,,1,80,,39163,11,,,1,81,,39164,11,,,1,42,,39165,11,,,1,80,,39166,11,,,1,80,,39167,11,,,1,40,,39168,11,,,1,80,,39169,11,,,1,80,,39170,11,,,1,40,,39171,11,,,1,83,,39172,11,,,1,80,,39173,11,,,1,80,,39174,11,,,1,40,,39175,11,,,1,80,,39176,11,,,1
2401,'4',734,,39178,11,,,1,82,,39180,11,,,1,40,,39181,11,,,1,80,,39182,11,,,1,80,,39183,11,,,1,40,,39184,11,,,1,80,,39185,11,,,1,81,,39186,11,,,1,42,,39187,11,,,1,80,,39188,11,,,1,80,,39189,11,,,1,40,,39190,11,,,1,80,,39191,11,,,1,80,,39192,11,,,1,40,,39193,11,,,1,83,,39194,11,,,1,80,,39195,11,,,1,80,,39196,11,,,1,40,,39197,11,,,1,80,,39198,11,,,1
