400,'2',624,,34743,21,0,13 18 19 20,1,81,,34742,21,0,10 18 19 20,1,15,,34741,21,0,13 18 19 20,1,15,,34740,21,0,10 18 19 20,1,15,,34739,21,0,13 18 19 20,1,55,,34738,21,0,10 18 19 20,1,15,,34737,21,0,13 18 19 20,1,15,,34736,21,0,10 18 19 20,1,15,,34735,21,0,13 18 19 20,1,60,,34734,21,0,10 18 19 20,1,20,,34733,21,0,13 18 19 20,1,20,,34732,21,0,10 18 19 20,1,60,,34731,21,0,13 18 19 20,1,20,,34730,21,0,10 18 19 20,1,20,,34729,21,0,13 18 19 20,1,60,,34728,21,0,10 18 19 20,1,20,,34727,21,0,13 18 19 20,1,20,,34726,21,0,10 18 19 20,1,60,,34725,21,0,13 18 19 20,1,20,,34724,21,0,10 18 19 20,1,20,,34723,21,0,13 18 19 20,1,60,,34722,21,0,10 18 19 20,1,20,,34721,21,0,13 18 19 20,1,17,,34720,21,0,10 18 19 20,1,54,,34745,21,0,13 18 19 20,1,10,,34746,21,0,10 18 19 20,1,15,,34754,21,0,13 18 19 20,1,15,,34747,21,0,10 18 19 20,1,15,,34755,21,0,13 18 19 20,1,55,,34748,21,0,10 18 19 20,1,15,,34756,21,0,13 18 19 20,1,15,,34749,21,0,10 18 19 20,1,14,,34757,21,0,13 18 19 20,1,55,,34750,21,0,10 18 19 20,1,15,,34758,21,0,13 18 19 20,1,10,,34751,21,0,10 18 19 20,1,15,,34759,21,0,13 18 19 20,1,55,,34752,21,0,10 18 19 20,1,10,,34760,21,0,13 18 19 20,1,15,,34753,21,0,10 18 19 20,1,10,,34761,21,0,13 18 19 20,1,62,,34762,21,0,10 18 19 20,1,20,,34763,21,0,13 18 19 20,1,15,,34767,21,0,10 18 19 20,1,20,,34764,21,0,13 18 19 20,1,60,,34768,21,0,10 18 19 20,1,20,,34765,21,0,13 18 19 20,1,20,,34769,21,0,10 18 19 20,1,60,,34766,21,0,13 18 19 20,1,17,,34770,21,0,10 18 19 20,1,15,,34771,21,0,13 18 19 20,1,65,,34774,21,0,10 18 19 20,1,30,,34772,21,0,13 18 19 20,1,70,,34775,21,0,10 18 19 20,1,30,,34773,21,0,13 18 19 20,1,70,,34776,21,0,10 18 19 20,1,40,,34777,21,0,13 18 19 20,1,99,,34778,21,0,13 18 19 20,1
400,'3',611,,34781,21,0,13 18 19 20,1,13,,34780,21,0,10 18 19 20,1,32,,34783,21,0,13 18 19 20,1,70,,34790,21,0,10 18 19 20,1,30,,34784,21,0,13 18 19 20,1,69,,34791,21,0,10 18 19 20,1,30,,34785,21,0,13 18 19 20,1,70,,34792,21,0,10 18 19 20,1,30,,34786,21,0,13 18 19 20,1,70,,34793,21,0,10 18 19 20,1,30,,34787,21,0,13 18 19 20,1,70,,34794,21,0,10 18 19 20,1,30,,34788,21,0,13 18 19 20,1,67,,34795,21,0,10 18 19 20,1,29,,34789,21,0,13 18 19 20,1,63,,34796,21,0,10 18 19 20,1,20,,34801,21,0,13 18 19 20,1,25,,34797,21,0,10 18 19 20,1,65,,34802,21,0,13 18 19 20,1,25,,34798,21,0,10 18 19 20,1,65,,34803,21,0,13 18 19 20,1,25,,34799,21,0,10 18 19 20,1,65,,34804,21,0,13 18 19 20,1,25,,34800,21,0,10 18 19 20,1,25,,34805,21,0,13 18 19 20,1,65,,34812,21,0,10 18 19 20,1,25,,34808,21,0,13 18 19 20,1,65,,34813,21,0,10 18 19 20,1,25,,34809,21,0,13 18 19 20,1,25,,34814,21,0,10 18 19 20,1,65,,34810,21,0,13 18 19 20,1,25,,34815,21,0,10 18 19 20,1,65,,34811,21,0,13 18 19 20,1,25,,34816,21,0,10 18 19 20,1,61,,34817,21,0,13 18 19 20,1,30,,34820,21,0,10 18 19 20,1,75,,34818,21,0,13 18 19 20,1,30,,34821,21,0,10 18 19 20,1,70,,34819,21,0,13 18 19 20,1,30,,34822,21,0,10 18 19 20,1,66,,34806,21,0,13 18 19 20,1,54,,34807,21,0,10 18 19 20,1
400,'30',654,,34853,21,0,13 18 19 20,1,82,,34854,21,0,10 18 19 20,1,80,,34855,21,0,13 18 19 20,1,84,,34825,21,0,10 18 19 20,1,35,,34826,21,0,13 18 19 20,1,65,,34827,21,0,10 18 19 20,1,30,,34828,21,0,13 18 19 20,1,70,,34829,21,0,10 18 19 20,1,30,,34830,21,0,13 18 19 20,1,70,,34831,21,0,10 18 19 20,1,26,,34832,21,0,13 18 19 20,1,30,,34833,21,0,10 18 19 20,1,70,,34834,21,0,13 18 19 20,1,30,,34835,21,0,10 18 19 20,1,70,,34836,21,0,13 18 19 20,1,30,,34837,21,0,10 18 19 20,1,70,,34838,21,0,13 18 19 20,1,30,,34839,21,0,10 18 19 20,1,70,,34840,21,0,13 18 19 20,1,30,,34841,21,0,10 18 19 20,1,70,,34842,21,0,13 18 19 20,1,30,,34843,21,0,10 18 19 20,1,72,,34844,21,0,13 18 19 20,1,30,,34845,21,0,10 18 19 20,1,70,,34846,21,0,13 18 19 20,1,30,,34847,21,0,10 18 19 20,1,70,,34848,21,0,13 18 19 20,1,30,,34849,21,0,10 18 19 20,1,70,,34850,21,0,13 18 19 20,1,30,,34851,21,0,10 18 19 20,1,66,,34852,21,0,13 18 19 20,1,29,,34823,21,0,10 18 19 20,1
400,'4',654,,34886,21,0,13 18 19 20,1,82,,34887,21,0,10 18 19 20,1,80,,34888,21,0,13 18 19 20,1,84,,34858,21,0,10 18 19 20,1,35,,34859,21,0,13 18 19 20,1,65,,34860,21,0,10 18 19 20,1,30,,34861,21,0,13 18 19 20,1,70,,34862,21,0,10 18 19 20,1,30,,34863,21,0,13 18 19 20,1,70,,34864,21,0,10 18 19 20,1,26,,34865,21,0,13 18 19 20,1,30,,34866,21,0,10 18 19 20,1,70,,34867,21,0,13 18 19 20,1,30,,34868,21,0,10 18 19 20,1,70,,34869,21,0,13 18 19 20,1,30,,34870,21,0,10 18 19 20,1,70,,34871,21,0,13 18 19 20,1,30,,34872,21,0,10 18 19 20,1,70,,34873,21,0,13 18 19 20,1,30,,34874,21,0,10 18 19 20,1,70,,34875,21,0,13 18 19 20,1,30,,34876,21,0,10 18 19 20,1,72,,34877,21,0,13 18 19 20,1,30,,34878,21,0,10 18 19 20,1,70,,34879,21,0,13 18 19 20,1,30,,34880,21,0,10 18 19 20,1,70,,34881,21,0,13 18 19 20,1,30,,34882,21,0,10 18 19 20,1,70,,34883,21,0,13 18 19 20,1,30,,34884,21,0,10 18 19 20,1,66,,34885,21,0,13 18 19 20,1,29,,34856,21,0,10 18 19 20,1
601,'2',623,,35425,10,,,1,77,,35427,10,,,1,35,,35428,10,,,1,65,,35429,10,,,1,25,,35430,10,,,1,25,,35431,10,,,1,69,,35433,10,,,1,25,,35434,10,,,1,70,,35435,10,,,1,30,,35436,10,,,1,65,,35437,10,,,1,30,,35438,10,,,1,69,,35439,10,,,1,30,,35440,10,,,1,70,,35441,10,,,1,25,,35442,10,,,1,70,,35443,10,,,1,30,,35444,10,,,1,70,,35445,10,,,1,30,,35446,10,,,1,70,,35447,10,,,1,25,,35448,10,,,1,30,,35449,10,,,1,70,,35450,10,,,1,30,,35451,10,,,1,65,,35452,10,,,1,25,,35453,10,,,1,65,,35454,10,,,1,25,,35455,10,,,1,21,,35456,10,,,1,65,,35457,10,,,1,26,,35458,10,,,1,65,,35459,10,,,1,25,,35460,10,,,1,65,,35461,10,,,1,25,,35462,10,,,1,25,,35463,10,,,1,65,,35464,10,,,1,26,,35465,10,,,1,67,,35466,10,,,1,43,,35467,10,,,1
601,'3',613,,35469,10,,,1,33,,35470,10,,,1,75,,35471,10,,,1,35,,35472,10,,,1,75,,35473,10,,,1,75,,35474,10,,,1,35,,35475,10,,,1,65,,35476,10,,,1,20,,35477,10,,,1,30,,35478,10,,,1,65,,35479,10,,,1,20,,35480,10,,,1,69,,35482,10,,,1,20,,35483,10,,,1,20,,35484,10,,,1,60,,35485,10,,,1,20,,35486,10,,,1,20,,35487,10,,,1,59,,35488,10,,,1,20,,35489,10,,,1,20,,35490,10,,,1,60,,35491,10,,,1,20,,35492,10,,,1,20,,35493,10,,,1,60,,35494,10,,,1,20,,35495,10,,,1,20,,35496,10,,,1,60,,35497,10,,,1,20,,35498,10,,,1,20,,35499,10,,,1,60,,35500,10,,,1,20,,35502,10,,,1,17,,35501,10,0,37 3 45,1,59,,35503,10,,,1,25,,35504,10,,,1,25,,35505,10,,,1,65,,35506,10,,,1,28,,35507,10,,,1,59,,35508,10,0,37 3 45,1,22,,35509,10,,,1,30,,35510,10,,,1,76,,35511,10,,,1,76,,35512,10,,,1,36,,35513,10,,,1,73,,35514,10,,,1,35,,35515,10,,,1
601,'30',911,,35516,10,,,1,33,,35517,10,,,1,75,,35518,10,,,1,35,,35519,10,,,1,78,,35520,10,,,1,78,,35521,10,,,1,25,,35522,10,,,1,65,,35523,10,,,1,25,,35524,10,,,1,25,,35525,10,,,1,65,,35526,10,,,1,25,,35527,10,,,1,65,,35528,10,,,1,25,,35529,10,,,1,25,,35530,10,,,1,65,,35531,10,,,1,25,,35532,10,,,1,70,,35533,10,,,1,25,,35534,10,,,1,13,,35535,10,0,37 3 45,1,64,,35536,10,,,1,32,,35537,10,,,1,75,,35538,10,,,1,35,,35539,10,,,1,75,,35540,10,,,1,75,,35541,10,,,1,35,,35542,10,,,1,74,,35543,10,,,1,35,,35545,10,,,1,73,,35544,10,0,37 3 45,1
601,'4',911,,35546,10,,,1,33,,35547,10,,,1,75,,35548,10,,,1,35,,35549,10,,,1,78,,35550,10,,,1,78,,35551,10,,,1,25,,35552,10,,,1,65,,35553,10,,,1,25,,35554,10,,,1,25,,35555,10,,,1,65,,35556,10,,,1,25,,35557,10,,,1,65,,35558,10,,,1,25,,35559,10,,,1,25,,35560,10,,,1,65,,35561,10,,,1,25,,35562,10,,,1,70,,35563,10,,,1,25,,35564,10,,,1,13,,35565,10,0,37 3 45,1,64,,35566,10,,,1,32,,35567,10,,,1,75,,35568,10,,,1,35,,35569,10,,,1,75,,35570,10,,,1,75,,35571,10,,,1,35,,35572,10,,,1,74,,35573,10,,,1,35,,35575,10,,,1,73,,35574,10,0,37 3 45,1
1300,'2',623,,36854,18,0,10 18 19 20,1,18,,36855,18,,,1,14,,36856,18,0,10 18 19 20,1,55,,36857,18,,,1,10,,36858,18,0,10 18 19 20,1,15,,36859,18,,,1,15,,36860,18,0,10 18 19 20,1,55,,36861,18,,,1,15,,36862,18,0,10 18 19 20,1,15,,36863,18,,,1,15,,36864,18,0,10 18 19 20,1,55,,36865,18,,,1,15,,36866,18,0,10 18 19 20,1,15,,36867,18,,,1,15,,36868,18,0,10 18 19 20,1,50,,36869,18,,,1,15,,36870,18,0,10 18 19 20,1,15,,36871,18,,,1,15,,36872,18,0,10 18 19 20,1,55,,36873,18,,,1,15,,36874,18,0,10 18 19 20,1,15,,36875,18,,,1,15,,36876,18,0,10 18 19 20,1,10,,36877,18,,,1,55,,36878,18,0,10 18 19 20,1,15,,36879,18,,,1,15,,36880,18,0,10 18 19 20,1,15,,36881,18,,,1,55,,36882,18,0,10 18 19 20,1,15,,36883,18,,,1,15,,36884,18,0,10 18 19 20,1,15,,36885,18,,,1,55,,36886,18,0,10 18 19 20,1,15,,36887,18,,,1,15,,36888,18,0,10 18 19 20,1,15,,36889,18,,,1,55,,36890,18,0,10 18 19 20,1,15,,36891,18,,,1,15,,36892,18,0,10 18 19 20,1,15,,36893,18,,,1,54,,36894,18,0,10 18 19 20,1,15,,36895,18,,,1,15,,36896,18,0,10 18 19 20,1,15,,36897,18,,,1,55,,36898,18,0,10 18 19 20,1,15,,36899,18,,,1,15,,36900,18,0,10 18 19 20,1,15,,36901,18,,,1,56,,36902,18,0,10 18 19 20,1,20,,36907,18,,,1,20,,36903,18,0,10 18 19 20,1,60,,36908,18,,,1,20,,36904,18,0,10 18 19 20,1,20,,36909,18,,,1,60,,36905,18,0,10 18 19 20,1,20,,36910,18,,,1,20,,36906,18,,,1,70,,36911,18,0,10 18 19 20,1,25,,36914,18,,,1,65,,36912,18,0,10 18 19 20,1,27,,36915,18,,,1,73,,36913,18,0,10 18 19 20,1,30,,36916,18,,,1,66,,36918,18,0,10 18 19 20,1,47,,36917,18,,,1
1300,'3',623,,36923,18,0,10 18 19 20,1,78,,36924,18,,,1,35,,36925,18,0,10 18 19 20,1,74,,36926,18,,,1,11,,36930,18,0,10 18 19 20,1,16,,36927,18,,,1,16,,36931,18,0,10 18 19 20,1,56,,36928,18,,,1,16,,36932,18,,,1,16,,36929,18,0,10 18 19 20,1,16,,36933,18,,,1,55,,36934,18,0,10 18 19 20,1,15,,36939,18,,,1,15,,36935,18,0,10 18 19 20,1,15,,36940,18,,,1,55,,36936,18,0,10 18 19 20,1,15,,36941,18,,,1,15,,36937,18,0,10 18 19 20,1,15,,36942,18,,,1,55,,36938,18,,,1,15,,36943,18,0,10 18 19 20,1,15,,36952,18,,,1,15,,36944,18,0,10 18 19 20,1,55,,36953,18,,,1,15,,36945,18,0,10 18 19 20,1,15,,36954,18,,,1,15,,36946,18,0,10 18 19 20,1,55,,36955,18,,,1,15,,36947,18,0,10 18 19 20,1,15,,36956,18,,,1,15,,36948,18,0,10 18 19 20,1,55,,36957,18,,,1,15,,36949,18,0,10 18 19 20,1,15,,36958,18,,,1,15,,36950,18,0,10 18 19 20,1,55,,36959,18,,,1,15,,36951,18,0,10 18 19 20,1,10,,36960,18,,,1,15,,36963,18,0,10 18 19 20,1,55,,36961,18,,,1,15,,36964,18,0,10 18 19 20,1,15,,36962,18,,,1,15,,36965,18,,,1,54,,36966,18,0,10 18 19 20,1,15,,36990,18,,,1,15,,36970,18,,,1,15,,36967,18,0,10 18 19 20,1,60,,36971,18,,,1,15,,36968,18,0,10 18 19 20,1,20,,36972,18,,,1,60,,36969,18,0,10 18 19 20,1,20,,36973,18,,,1,20,,36977,18,,,1,70,,36974,18,0,10 18 19 20,1,25,,36978,18,,,1,65,,36975,18,0,10 18 19 20,1,30,,36979,18,,,1,70,,36976,18,0,10 18 19 20,1,19,,36980,18,,,1,20,,36981,18,0,10 18 19 20,1,71,,36983,18,,,1,37,,36982,18,0,10 18 19 20,1
1300,'30',652,,37013,18,,,1,83,,37015,18,0,10 18 19 20,1,75,,37014,18,,,1,35,,37016,18,0,10 18 19 20,1,75,,37001,18,,,1,30,,37012,18,0,10 18 19 20,1,55,,37000,18,,,1,30,,37011,18,0,10 18 19 20,1,70,,36999,18,,,1,30,,37010,18,0,10 18 19 20,1,24,,36998,18,,,1,72,,37009,18,0,10 18 19 20,1,70,,36997,18,,,1,30,,37008,18,0,10 18 19 20,1,70,,36996,18,,,1,30,,37007,18,0,10 18 19 20,1,70,,36995,18,,,1,30,,37006,18,0,10 18 19 20,1,70,,36994,18,,,1,30,,37005,18,0,10 18 19 20,1,70,,36993,18,,,1,30,,37004,18,0,10 18 19 20,1,25,,36992,18,,,1,70,,37003,18,0,10 18 19 20,1,31,,36991,18,,,1,65,,37017,18,0,10 18 19 20,1,20,,37020,18,,,1,70,,37018,18,0,10 18 19 20,1,30,,37021,18,,,1,70,,37019,18,0,10 18 19 20,1,30,,37022,18,0,10 18 19 20,1,71,,37023,18,,,1,41,,37002,18,0,10 18 19 20,1
1300,'4',652,,37046,18,,,1,83,,37048,18,0,10 18 19 20,1,75,,37047,18,,,1,35,,37049,18,0,10 18 19 20,1,75,,37034,18,,,1,30,,37045,18,0,10 18 19 20,1,55,,37033,18,,,1,30,,37044,18,0,10 18 19 20,1,70,,37032,18,,,1,30,,37043,18,0,10 18 19 20,1,24,,37031,18,,,1,72,,37042,18,0,10 18 19 20,1,70,,37030,18,,,1,30,,37041,18,0,10 18 19 20,1,70,,37029,18,,,1,30,,37040,18,0,10 18 19 20,1,70,,37028,18,,,1,30,,37039,18,0,10 18 19 20,1,70,,37027,18,,,1,30,,37038,18,0,10 18 19 20,1,70,,37026,18,,,1,30,,37037,18,0,10 18 19 20,1,25,,37025,18,,,1,70,,37036,18,0,10 18 19 20,1,31,,37024,18,,,1,65,,37050,18,0,10 18 19 20,1,20,,37053,18,,,1,70,,37051,18,0,10 18 19 20,1,30,,37054,18,,,1,70,,37052,18,0,10 18 19 20,1,30,,37055,18,0,10 18 19 20,1,71,,37056,18,,,1,41,,37035,18,0,10 18 19 20,1
1500,'2',623,,37258,30,0,13 28 3 8,1,22,,37259,30,0,13 28 3 8,1,60,,37263,30,0,10 29,1,15,,37260,30,0,13 28 3 8,1,15,,37264,30,0,10 29,1,12,,37261,30,0,13 28 3 8,1,56,,37265,30,0,10 29,1,16,,37262,30,0,13 28 3 8,1,16,,37266,30,0,10 29,1,16,,37267,30,0,13 28 3 8,1,55,,37284,30,0,10 29,1,15,,37268,30,0,13 28 3 8,1,15,,37285,30,0,10 29,1,15,,37269,30,0,13 28 3 8,1,55,,37286,30,0,10 29,1,15,,37270,30,0,13 28 3 8,1,15,,37287,30,0,10 29,1,15,,37271,30,0,13 28 3 8,1,55,,37288,30,0,10 29,1,15,,37272,30,0,13 28 3 8,1,15,,37289,30,0,10 29,1,15,,37273,30,0,13 28 3 8,1,55,,37290,30,0,10 29,1,15,,37274,30,0,13 28 3 8,1,15,,37291,30,0,10 29,1,15,,37275,30,0,13 28 3 8,1,55,,37292,30,0,10 29,1,15,,37276,30,0,13 28 3 8,1,15,,37293,30,0,10 29,1,15,,37277,30,0,13 28 3 8,1,54,,37294,30,0,10 29,1,15,,37278,30,0,13 28 3 8,1,15,,37295,30,0,10 29,1,15,,37279,30,0,13 28 3 8,1,50,,37296,30,0,10 29,1,15,,37280,30,0,13 28 3 8,1,15,,37297,30,0,10 29,1,14,,37281,30,0,13 28 3 8,1,57,,37298,30,0,10 29,1,15,,37282,30,0,13 28 3 8,1,17,,37299,30,0,10 29,1,17,,37283,30,0,13 28 3 8,1,57,,37300,30,0,10 29,1,15,,37301,30,0,13 28 3 8,1,17,,37302,30,0,10 29,1,17,,37303,30,0,13 28 3 8,1,59,,37305,30,0,10 29,1,14,,37306,30,0,13 28 3 8,1,26,,37307,30,0,10 29,1,60,,37308,30,0,13 28 3 8,1,20,,37309,30,0,10 29,1,65,,37310,30,0,13 28 3 8,1,30,,37311,30,0,10 29,1,70,,37312,30,0,13 28 3 8,1,27,,37313,30,0,10 29,1,30,,37314,30,0,13 28 3 8,1,70,,37315,30,0,10 29,1,30,,37316,30,0,13 28 3 8,1,70,,37317,30,0,10 29,1,30,,37318,30,0,13 28 3 8,1,68,,37319,30,0,10 29,1,30,,37304,30,0,13 28 3 8,1
1500,'3',623,,37325,30,0,10 29,1,27,,37326,30,0,13 28 3 8,1,70,,37327,30,0,10 29,1,30,,37328,30,0,13 28 3 8,1,64,,37330,30,0,10 29,1,31,,37329,30,0,13 28 3 8,1,69,,37331,30,0,10 29,1,31,,37332,30,0,13 28 3 8,1,70,,37333,30,0,10 29,1,19,,37345,30,0,13 28 3 8,1,16,,37334,30,0,10 29,1,59,,37346,30,0,13 28 3 8,1,21,,37335,30,0,10 29,1,19,,37347,30,0,13 28 3 8,1,60,,37336,30,0,10 29,1,20,,37348,30,0,13 28 3 8,1,20,,37337,30,0,10 29,1,60,,37349,30,0,13 28 3 8,1,20,,37338,30,0,10 29,1,20,,37350,30,0,13 28 3 8,1,60,,37339,30,0,10 29,1,20,,37351,30,0,13 28 3 8,1,20,,37340,30,0,10 29,1,60,,37352,30,0,13 28 3 8,1,20,,37341,30,0,10 29,1,20,,37353,30,0,13 28 3 8,1,60,,37342,30,0,10 29,1,20,,37354,30,0,13 28 3 8,1,20,,37343,30,0,10 29,1,60,,37355,30,0,13 28 3 8,1,18,,37344,30,0,13 28 3 8,1,22,,37356,30,0,10 29,1,71,,37362,30,0,13 28 3 8,1,29,,37357,30,0,10 29,1,71,,37363,30,0,13 28 3 8,1,29,,37358,30,0,10 29,1,71,,37364,30,0,13 28 3 8,1,29,,37359,30,0,10 29,1,66,,37365,30,0,13 28 3 8,1,30,,37360,30,0,10 29,1,65,,37366,30,0,13 28 3 8,1,25,,37361,30,0,10 29,1,70,,37367,30,0,13 28 3 8,1,26,,37369,30,0,10 29,1,70,,37373,30,0,10 29,1,52,,37368,30,0,10 29,1
1500,'30',626,,37411,30,0,10 29,1,28,,37374,30,0,13 28 3 8,1,65,,37410,30,0,10 29,1,27,,37409,30,0,13 28 3 8,1,65,,37375,30,0,10 29,1,34,,37376,30,0,13 28 3 8,1,67,,37377,30,0,10 29,1,22,,37378,30,0,13 28 3 8,1,22,,37379,30,0,10 29,1,70,,37380,30,0,13 28 3 8,1,30,,37381,30,0,10 29,1,65,,37382,30,0,13 28 3 8,1,27,,37383,30,0,10 29,1,69,,37384,30,0,13 28 3 8,1,30,,37385,30,0,10 29,1,70,,37386,30,0,13 28 3 8,1,30,,37387,30,0,10 29,1,70,,37388,30,0,13 28 3 8,1,30,,37389,30,0,10 29,1,70,,37390,30,0,13 28 3 8,1,30,,37391,30,0,10 29,1,70,,37392,30,0,13 28 3 8,1,30,,37393,30,0,10 29,1,71,,37394,30,0,13 28 3 8,1,30,,37395,30,0,10 29,1,70,,37396,30,0,13 28 3 8,1,25,,37397,30,0,10 29,1,70,,37398,30,0,13 28 3 8,1,25,,37399,30,0,10 29,1,70,,37400,30,0,13 28 3 8,1,30,,37401,30,0,10 29,1,65,,37402,30,0,13 28 3 8,1,30,,37403,30,0,10 29,1,67,,37404,30,0,13 28 3 8,1,29,,37405,30,0,10 29,1,24,,37406,30,0,13 28 3 8,1
1500,'4',626,,37449,30,0,10 29,1,28,,37412,30,0,13 28 3 8,1,65,,37448,30,0,10 29,1,27,,37447,30,0,13 28 3 8,1,65,,37413,30,0,10 29,1,34,,37414,30,0,13 28 3 8,1,67,,37415,30,0,10 29,1,22,,37416,30,0,13 28 3 8,1,22,,37417,30,0,10 29,1,70,,37418,30,0,13 28 3 8,1,30,,37419,30,0,10 29,1,65,,37420,30,0,13 28 3 8,1,27,,37421,30,0,10 29,1,69,,37422,30,0,13 28 3 8,1,30,,37423,30,0,10 29,1,70,,37424,30,0,13 28 3 8,1,30,,37425,30,0,10 29,1,70,,37426,30,0,13 28 3 8,1,30,,37427,30,0,10 29,1,70,,37428,30,0,13 28 3 8,1,30,,37429,30,0,10 29,1,70,,37430,30,0,13 28 3 8,1,30,,37431,30,0,10 29,1,71,,37432,30,0,13 28 3 8,1,30,,37433,30,0,10 29,1,70,,37434,30,0,13 28 3 8,1,25,,37435,30,0,10 29,1,70,,37436,30,0,13 28 3 8,1,25,,37437,30,0,10 29,1,70,,37438,30,0,13 28 3 8,1,30,,37439,30,0,10 29,1,65,,37440,30,0,13 28 3 8,1,30,,37441,30,0,10 29,1,67,,37442,30,0,13 28 3 8,1,29,,37443,30,0,10 29,1,24,,37444,30,0,13 28 3 8,1
9000,'2',640,,40775,5,,,1,15,,40776,5,,,1,58,,40777,5,,,1,15,,40778,5,,,1,15,,40779,5,,,1,15,,40780,5,,,1,55,,40781,5,,,1,15,,40782,5,,,1,15,,40783,5,,,1,15,,40784,5,,,1,53,,40785,5,,,1,15,,40786,5,,,1,15,,40787,5,,,1,15,,40788,5,,,1,55,,40789,5,,,1,15,,40790,5,,,1,15,,40791,5,,,1,15,,40792,5,,,1,55,,40793,5,,,1,15,,40794,5,,,1,15,,40795,5,,,1,15,,40796,5,,,1,55,,40797,5,,,1,15,,40798,5,,,1,15,,40799,5,,,1,15,,40800,5,,,1,55,,40801,5,,,1,15,,40802,5,,,1,15,,40803,5,,,1,15,,40804,5,,,1,56,,40805,5,,,1,15,,40806,5,,,1,15,,40807,5,,,1,15,,40808,5,,,1,59,,40809,5,,,1,15,,40810,5,,,1,15,,40811,5,,,1,55,,40812,5,,,1,16,,40813,5,,,1,15,,40814,5,,,1,15,,40815,5,,,1,55,,40816,5,,,1,12,,40817,5,,,1,16,,40818,5,,,1,17,,40819,5,,,1,55,,40820,5,,,1,13,,40821,5,,,1,27,,40822,5,,,1,67,,40823,5,,,1,27,,40824,5,,,1,67,,40825,5,,,1,27,,40826,5,,,1,27,,40827,5,,,1,65,,40828,5,,,1,22,,40829,5,,,1
9000,'3',824,,40848,5,,,1,30,,40849,5,,,1,70,,40850,5,,,1,30,,40851,5,,,1,70,,40852,5,,,1,25,,40847,5,,,1,65,,40846,5,,,1,25,,40845,5,,,1,65,,40844,5,,,1,25,,40843,5,,,1,25,,40842,5,,,1,65,,40841,5,,,1,25,,40840,5,,,1,65,,40839,5,,,1,25,,40838,5,,,1,25,,40837,5,,,1,65,,40836,5,,,1,25,,40835,5,,,1,65,,40834,5,,,1,25,,40833,5,,,1,65,,40832,5,,,1,25,,40831,5,,,1,25,,40830,5,,,1
9000,'4',1004,,40854,5,,,1,20,,40855,5,,,1,20,,40856,5,,,1,60,,40857,5,,,1,20,,40858,5,,,1,20,,40859,5,,,1,60,,40860,5,,,1,21,,40861,5,,,1,16,,40862,5,,,1,16,,40863,5,,,1,56,,40864,5,,,1,16,,40865,5,,,1,16,,40866,5,,,1,56,,40867,5,,,1,16,,40868,5,,,1,16,,40869,5,,,1,16,,40870,5,,,1,56,,40871,5,,,1,16,,40872,5,,,1,16,,40873,5,,,1,16,,40874,5,,,1,56,,40875,5,,,1,16,,40876,5,,,1,16,,40877,5,,,1,61,,40878,5,,,1,17,,40879,5,,,1,20,,40880,5,,,1,70,,40881,5,,,1,25,,40882,5,,,1,25,,40883,5,,,1,50,,40853,5,,,1,30,,40884,5,,,1
10200,'3302',640,,41600,14,,,1,65,,41599,14,,,1,25,,41598,14,,,1,20,,41597,14,,,1,70,,41596,14,,,1,23,,41541,14,,,1,10,,41542,14,,,1,59,,41543,14,,,1,21,,41544,14,,,1,10,,41545,14,,,1,60,,41546,14,,,1,20,,41547,14,,,1,5,,41548,14,,,1,18,,41549,14,,,1,62,,41550,14,,,1,11,,41551,14,,,1,11,,41552,14,,,1,21,,41553,14,,,1,51,,41554,14,,,1,11,,41555,14,,,1,22,,41556,14,,,1,11,,41557,14,,,1,11,,41558,14,,,1,62,,41559,14,,,1,11,,41560,14,,,1,11,,41561,14,,,1,62,,41562,14,,,1,11,,41563,14,,,1,13,,41564,14,,,1,25,,41565,14,,,1,52,,41566,14,,,1,12,,41567,14,,,1,22,,41568,14,,,1,14,,41569,14,,,1,52,,41570,14,,,1,24,,41571,14,,,1,12,,41572,14,,,1,12,,41573,14,,,1,64,,41574,14,,,1,15,,41575,14,,,1,12,,41576,14,,,1,16,,41578,14,,,1,51,,41577,14,,,1,13,,41579,14,,,1,30,,41580,14,,,1,55,,41581,14,,,1,30,,41582,14,,,1,15,,41583,14,,,1,70,,41584,14,,,1,17,,41585,14,,,1,67,,41586,14,,,1,20,,41587,14,,,1,20,,41588,14,,,1,60,,41589,14,,,1,20,,41590,14,,,1,20,,41591,14,,,1,60,,41592,14,,,1,20,,41593,14,,,1,17,,41595,14,,,1,60,,41594,14,,,1
10200,'3602',901,,41601,14,,,1,22,,41602,14,,,1,30,,41603,14,,,1,60,,41604,14,,,1,19,,41608,14,,,1,25,,41605,14,,,1,84,,41606,14,,,1,83,,41607,14,,,1,84,,41609,14,,,1,44,,41610,14,,,1,88,,41611,14,,,1,88,,41612,14,,,1,88,,41613,14,,,1,88,,41614,14,,,1,49,,41615,14,,,1,85,,41616,14,,,1,85,,41617,14,,,1,85,,41618,14,,,1,41,,41619,14,,,1
10200,'3903',1112,,41620,14,,,1,42,,41621,14,,,1,83,,41622,14,,,1,80,,41623,14,,,1,40,,41624,14,,,1,81,,41625,14,,,1,80,,41626,14,,,1,82,,41627,14,,,1,44,,41628,14,,,1,85,,41629,14,,,1,83,,41630,14,,,1,40,,41631,14,,,1,80,,41632,14,,,1,80,,41633,14,,,1,40,,41634,14,,,1,74,,41635,14,,,1,75,,41636,14,,,1,35,,41637,14,,,1,75,,41638,14,,,1
10200,'6404',1112,,41639,14,,,1,42,,41640,14,,,1,83,,41641,14,,,1,80,,41642,14,,,1,40,,41643,14,,,1,81,,41644,14,,,1,80,,41645,14,,,1,82,,41646,14,,,1,44,,41647,14,,,1,85,,41648,14,,,1,83,,41649,14,,,1,40,,41650,14,,,1,80,,41651,14,,,1,80,,41652,14,,,1,40,,41653,14,,,1,74,,41654,14,,,1,75,,41655,14,,,1
10401,'3302',744,,41813,21,,,1,70,,41814,21,,,1,32,,41815,21,,,1,72,,41816,21,,,1,30,,41817,21,,,1,70,,41818,21,,,1,29,,41819,21,,,1,71,,41820,21,,,1,28,,41821,21,,,1,73,,41822,21,,,1,27,,41823,21,,,1,72,,41824,21,,,1,24,,41825,21,,,1,69,,41826,21,,,1,29,,41827,21,,,1,72,,41828,21,,,1,29,,41829,21,,,1,70,,41830,21,,,1,31,,41831,21,,,1,73,,41832,21,,,1,31,,41833,21,,,1,69,,41834,21,,,1
10401,'3903',1017,,41851,21,,,1,21,,41837,21,,,1,70,,41838,21,,,1,27,,41839,21,,,1,71,,41840,21,,,1,20,,41841,21,,,1,30,,41842,21,,,1,65,,41843,21,,,1,29,,41844,21,,,1,68,,41845,21,,,1,31,,41846,21,,,1,70,,41847,21,,,1,30,,41848,21,,,1,69,,41849,21,,,1,30,,41850,21,,,1,70,,41836,21,,,1,30,,41835,21,,,1
