400,'11802',1457,,43357,13,0,13 18 19 20,1,287,,43358,13,0,10 18 19 20,1
400,'2',618,,43385,13,0,13 18 19 20,1,40,,43384,13,0,10 18 19 20,1,55,,43383,13,0,13 18 19 20,1,15,,43382,13,0,10 18 19 20,1,15,,43381,13,0,13 18 19 20,1,15,,43380,13,0,10 18 19 20,1,55,,43379,13,0,13 18 19 20,1,15,,43378,13,0,10 18 19 20,1,15,,43377,13,0,13 18 19 20,1,60,,43376,13,0,10 18 19 20,1,20,,43375,13,0,13 18 19 20,1,20,,43374,13,0,10 18 19 20,1,60,,43373,13,0,13 18 19 20,1,20,,43372,13,0,10 18 19 20,1,20,,43371,13,0,13 18 19 20,1,60,,43370,13,0,10 18 19 20,1,20,,43369,13,0,13 18 19 20,1,20,,43368,13,0,10 18 19 20,1,60,,43367,13,0,13 18 19 20,1,20,,43366,13,0,10 18 19 20,1,20,,43365,13,0,13 18 19 20,1,60,,43364,13,0,10 18 19 20,1,20,,43363,13,0,13 18 19 20,1,17,,43362,13,0,10 18 19 20,1,14,,43387,13,0,13 18 19 20,1,50,,43388,13,0,10 18 19 20,1,15,,43396,13,0,13 18 19 20,1,15,,43389,13,0,10 18 19 20,1,15,,43397,13,0,13 18 19 20,1,55,,43390,13,0,10 18 19 20,1,15,,43398,13,0,13 18 19 20,1,15,,43391,13,0,10 18 19 20,1,14,,43399,13,0,13 18 19 20,1,54,,43392,13,0,10 18 19 20,1,15,,43400,13,0,13 18 19 20,1,10,,43393,13,0,10 18 19 20,1,15,,43401,13,0,13 18 19 20,1,15,,43394,13,0,10 18 19 20,1,50,,43402,13,0,13 18 19 20,1,15,,43395,13,0,10 18 19 20,1,10,,43403,13,0,13 18 19 20,1,23,,43404,13,0,10 18 19 20,1,60,,43405,13,0,13 18 19 20,1,15,,43409,13,0,10 18 19 20,1,20,,43406,13,0,13 18 19 20,1,60,,43410,13,0,10 18 19 20,1,20,,43407,13,0,13 18 19 20,1,20,,43411,13,0,10 18 19 20,1,60,,43408,13,0,13 18 19 20,1,17,,43412,13,0,10 18 19 20,1,15,,43413,13,0,13 18 19 20,1,66,,43416,13,0,10 18 19 20,1,30,,43414,13,0,13 18 19 20,1,70,,43417,13,0,10 18 19 20,1,30,,43415,13,0,13 18 19 20,1,71,,43418,13,0,10 18 19 20,1,40,,43419,13,0,13 18 19 20,1,99,,43420,13,0,13 18 19 20,1
400,'3',606,,43423,13,0,13 18 19 20,1,13,,43422,13,0,10 18 19 20,1,32,,43425,13,0,13 18 19 20,1,70,,43432,13,0,10 18 19 20,1,30,,43426,13,0,13 18 19 20,1,69,,43433,13,0,10 18 19 20,1,30,,43427,13,0,13 18 19 20,1,70,,43434,13,0,10 18 19 20,1,30,,43428,13,0,13 18 19 20,1,69,,43435,13,0,10 18 19 20,1,30,,43429,13,0,13 18 19 20,1,70,,43436,13,0,10 18 19 20,1,30,,43430,13,0,13 18 19 20,1,66,,43437,13,0,10 18 19 20,1,29,,43431,13,0,13 18 19 20,1,63,,43438,13,0,10 18 19 20,1,20,,43443,13,0,13 18 19 20,1,25,,43439,13,0,10 18 19 20,1,65,,43444,13,0,13 18 19 20,1,25,,43440,13,0,10 18 19 20,1,65,,43445,13,0,13 18 19 20,1,25,,43441,13,0,10 18 19 20,1,25,,43446,13,0,13 18 19 20,1,65,,43442,13,0,10 18 19 20,1,25,,43447,13,0,13 18 19 20,1,65,,43454,13,0,10 18 19 20,1,25,,43450,13,0,13 18 19 20,1,65,,43455,13,0,10 18 19 20,1,25,,43451,13,0,13 18 19 20,1,25,,43456,13,0,10 18 19 20,1,65,,43452,13,0,13 18 19 20,1,25,,43457,13,0,10 18 19 20,1,65,,43453,13,0,13 18 19 20,1,25,,43458,13,0,10 18 19 20,1,22,,43459,13,0,13 18 19 20,1,70,,43462,13,0,10 18 19 20,1,35,,43460,13,0,13 18 19 20,1,70,,43463,13,0,10 18 19 20,1,30,,43461,13,0,13 18 19 20,1,70,,43464,13,0,10 18 19 20,1,26,,43448,13,0,13 18 19 20,1,94,,43449,13,0,10 18 19 20,1
400,'30',649,,43495,13,0,13 18 19 20,1,82,,43496,13,0,10 18 19 20,1,80,,43497,13,0,13 18 19 20,1,43,,43467,13,0,10 18 19 20,1,75,,43468,13,0,13 18 19 20,1,25,,43469,13,0,10 18 19 20,1,70,,43470,13,0,13 18 19 20,1,30,,43471,13,0,10 18 19 20,1,70,,43472,13,0,13 18 19 20,1,30,,43473,13,0,10 18 19 20,1,66,,43474,13,0,13 18 19 20,1,30,,43475,13,0,10 18 19 20,1,70,,43476,13,0,13 18 19 20,1,30,,43477,13,0,10 18 19 20,1,70,,43478,13,0,13 18 19 20,1,30,,43479,13,0,10 18 19 20,1,70,,43480,13,0,13 18 19 20,1,30,,43481,13,0,10 18 19 20,1,70,,43482,13,0,13 18 19 20,1,30,,43483,13,0,10 18 19 20,1,70,,43484,13,0,13 18 19 20,1,30,,43485,13,0,10 18 19 20,1,72,,43486,13,0,13 18 19 20,1,30,,43487,13,0,10 18 19 20,1,70,,43488,13,0,13 18 19 20,1,30,,43489,13,0,10 18 19 20,1,70,,43490,13,0,13 18 19 20,1,30,,43491,13,0,10 18 19 20,1,70,,43492,13,0,13 18 19 20,1,30,,43493,13,0,10 18 19 20,1,66,,43494,13,0,13 18 19 20,1,29,,43465,13,0,10 18 19 20,1
400,'4',649,,43528,13,0,13 18 19 20,1,82,,43529,13,0,10 18 19 20,1,80,,43530,13,0,13 18 19 20,1,43,,43500,13,0,10 18 19 20,1,75,,43501,13,0,13 18 19 20,1,25,,43502,13,0,10 18 19 20,1,70,,43503,13,0,13 18 19 20,1,30,,43504,13,0,10 18 19 20,1,70,,43505,13,0,13 18 19 20,1,30,,43506,13,0,10 18 19 20,1,66,,43507,13,0,13 18 19 20,1,30,,43508,13,0,10 18 19 20,1,70,,43509,13,0,13 18 19 20,1,30,,43510,13,0,10 18 19 20,1,70,,43511,13,0,13 18 19 20,1,30,,43512,13,0,10 18 19 20,1,70,,43513,13,0,13 18 19 20,1,30,,43514,13,0,10 18 19 20,1,70,,43515,13,0,13 18 19 20,1,30,,43516,13,0,10 18 19 20,1,70,,43517,13,0,13 18 19 20,1,30,,43518,13,0,10 18 19 20,1,72,,43519,13,0,13 18 19 20,1,30,,43520,13,0,10 18 19 20,1,70,,43521,13,0,13 18 19 20,1,30,,43522,13,0,10 18 19 20,1,70,,43523,13,0,13 18 19 20,1,30,,43524,13,0,10 18 19 20,1,70,,43525,13,0,13 18 19 20,1,30,,43526,13,0,10 18 19 20,1,66,,43527,13,0,13 18 19 20,1,29,,43498,13,0,10 18 19 20,1
1701,'11802',1546,,46896,12,0,54 3 35,1,80,,46897,12,0,54 3 35,1
1701,'2',623,,46912,26,0,13 33,1,18,,46953,26,0,10 31,1,16,,46913,26,0,13 33,1,60,,46914,26,0,10 31,1,20,,46915,26,0,13 33,1,20,,46916,26,0,10 31,1,60,,46917,26,0,13 33,1,20,,46918,26,0,10 31,1,21,,46919,26,0,13 33,1,60,,46920,26,0,10 31,1,20,,46921,26,0,13 33,1,20,,46922,26,0,10 31,1,60,,46923,26,0,13 33,1,20,,46924,26,0,10 31,1,19,,46925,26,0,13 33,1,60,,46926,26,0,10 31,1,19,,46927,26,0,13 33,1,20,,46928,26,0,10 31,1,60,,46929,26,0,13 33,1,20,,46930,26,0,10 31,1,21,,46931,26,0,13 33,1,60,,46932,26,0,10 31,1,21,,46933,26,0,13 33,1,21,,46934,26,0,10 31,1,61,,46935,26,0,13 33,1,16,,46936,26,0,10 31,1,20,,46937,26,0,13 33,1,60,,46938,26,0,10 31,1,20,,46939,26,0,13 33,1,20,,46940,26,0,10 31,1,60,,46941,26,0,13 33,1,20,,46942,26,0,10 31,1,15,,46943,26,0,13 33,1,55,,46944,26,0,10 31,1,20,,46945,26,0,13 33,1,18,,46946,26,0,10 31,1,63,,46947,26,0,13 33,1,19,,46908,26,0,10 31,1,19,,46907,26,0,10 31,1,59,,46906,26,0,10 31,1,19,,46905,26,0,10 31,1,19,,46904,26,0,10 31,1,59,,46903,26,0,10 31,1,19,,46902,26,0,10 31,1,25,,46901,26,0,10 31,1,68,,46899,26,0,10 31,1,30,,46900,26,0,10 31,1,60,,46948,26,0,10 31,1,25,,46949,26,0,10 31,1,25,,46950,26,0,10 31,1,65,,46951,26,0,10 31,1,22,,46952,26,0,10 31,1,65,,46909,26,0,10 31,1,50,,46955,26,0,10 31,1
1701,'3',610,,46990,26,0,10 31,1,35,,46989,26,0,10 31,1,75,,46988,26,0,10 31,1,35,,46956,26,0,10 31,1,75,,46987,26,0,10 31,1,75,,46986,26,0,10 31,1,30,,46985,26,0,10 31,1,67,,46992,26,0,10 31,1,30,,46984,26,0,10 31,1,70,,46983,26,0,10 31,1,30,,46982,26,0,10 31,1,70,,46981,26,0,10 31,1,30,,46980,26,0,10 31,1,70,,46979,26,0,10 31,1,30,,46978,26,0,10 31,1,70,,46977,26,0,10 31,1,30,,46976,26,0,10 31,1,70,,46975,26,0,10 31,1,30,,46974,26,0,10 31,1,70,,46973,26,0,10 31,1,30,,46972,26,0,10 31,1,70,,46971,26,0,10 31,1,30,,46970,26,0,10 31,1,73,,46969,26,0,10 31,1,30,,46968,26,0,10 31,1,20,,46967,26,0,10 31,1,70,,46966,26,0,10 31,1,30,,46965,26,0,10 31,1,70,,46964,26,0,10 31,1,20,,46963,26,0,10 31,1,70,,46962,26,0,10 31,1,30,,46961,26,0,10 31,1,70,,46960,26,0,10 31,1,15,,46993,26,0,10 31,1,70,,46959,26,0,10 31,1,25,,46958,26,0,10 31,1,20,,46957,26,0,10 31,1,60,,46994,26,0,10 31,1,30,,46995,26,0,10 31,1
1701,'30',628,,47026,26,0,10 31,1,75,,47027,26,0,10 31,1,35,,47028,26,0,10 31,1,75,,47029,26,0,10 31,1,32,,46998,26,0,10 31,1,70,,46999,26,0,10 31,1,30,,47000,26,0,10 31,1,55,,47001,26,0,10 31,1,25,,47002,26,0,10 31,1,30,,47003,26,0,10 31,1,70,,47004,26,0,10 31,1,28,,47005,26,0,10 31,1,65,,47006,26,0,10 31,1,25,,47007,26,0,10 31,1,70,,47008,26,0,10 31,1,30,,47009,26,0,10 31,1,65,,47010,26,0,10 31,1,28,,47011,26,0,10 31,1,70,,47012,26,0,10 31,1,30,,47013,26,0,10 31,1,70,,47014,26,0,10 31,1,30,,47015,26,0,10 31,1,65,,47016,26,0,10 31,1,30,,47017,26,0,10 31,1,70,,47018,26,0,10 31,1,30,,47019,26,0,10 31,1,80,,47020,26,0,10 31,1,35,,47021,26,0,10 31,1,70,,47022,26,0,10 31,1,40,,47023,26,0,10 31,1,75,,47024,26,0,10 31,1,70,,47025,26,0,10 31,1,35,,46996,26,0,10 31,1,70,,46997,26,0,10 31,1
1701,'4',628,,47060,26,0,10 31,1,75,,47061,26,0,10 31,1,35,,47062,26,0,10 31,1,75,,47063,26,0,10 31,1,32,,47032,26,0,10 31,1,70,,47033,26,0,10 31,1,30,,47034,26,0,10 31,1,55,,47035,26,0,10 31,1,25,,47036,26,0,10 31,1,30,,47037,26,0,10 31,1,70,,47038,26,0,10 31,1,28,,47039,26,0,10 31,1,65,,47040,26,0,10 31,1,25,,47041,26,0,10 31,1,70,,47042,26,0,10 31,1,30,,47043,26,0,10 31,1,65,,47044,26,0,10 31,1,28,,47045,26,0,10 31,1,70,,47046,26,0,10 31,1,30,,47047,26,0,10 31,1,70,,47048,26,0,10 31,1,30,,47049,26,0,10 31,1,65,,47050,26,0,10 31,1,30,,47051,26,0,10 31,1,70,,47052,26,0,10 31,1,30,,47053,26,0,10 31,1,80,,47054,26,0,10 31,1,35,,47055,26,0,10 31,1,70,,47056,26,0,10 31,1,40,,47057,26,0,10 31,1,75,,47058,26,0,10 31,1,70,,47059,26,0,10 31,1,35,,47030,26,0,10 31,1,70,,47031,26,0,10 31,1
10401,'3302',737,,50511,13,,,1,70,,50512,13,,,1,32,,50513,13,,,1,72,,50514,13,,,1,30,,50515,13,,,1,70,,50516,13,,,1,29,,50517,13,,,1,71,,50518,13,,,1,28,,50519,13,,,1,74,,50520,13,,,1,27,,50521,13,,,1,72,,50522,13,,,1,24,,50523,13,,,1,69,,50524,13,,,1,28,,50525,13,,,1,72,,50526,13,,,1,29,,50527,13,,,1,70,,50528,13,,,1,30,,50529,13,,,1,73,,50530,13,,,1,31,,50531,13,,,1,70,,50532,13,,,1
10401,'3903',1011,,50549,13,,,1,21,,50535,13,,,1,70,,50536,13,,,1,27,,50537,13,,,1,30,,50538,13,,,1,60,,50539,13,,,1,30,,50540,13,,,1,65,,50541,13,,,1,29,,50542,13,,,1,68,,50543,13,,,1,31,,50544,13,,,1,70,,50545,13,,,1,30,,50546,13,,,1,69,,50547,13,,,1,30,,50548,13,,,1,70,,50534,13,,,1,30,,50533,13,,,1
