1601,'2',541,,46517,18,,,1,13,,46519,18,,,1,59,,46518,35,,,1,20,,46522,35,,,1,18,,46523,35,,,1,58,,46524,35,,,1,24,,46525,35,,,1,9,,46526,35,,,1,16,,46527,35,,,1,56,,46528,35,,,1,16,,46529,35,,,1,16,,46530,35,,,1,56,,46531,35,,,1,14,,46532,35,,,1,18,,46533,35,,,1,22,,46534,35,,,1,58,,46535,35,,,1,18,,46536,35,,,1,18,,46537,35,,,1,58,,46538,35,,,1,18,,46539,35,,,1,18,,46540,35,,,1,58,,46541,35,,,1,19,,46542,35,,,1,16,,46543,35,,,1,10,,46544,35,,,1,56,,46545,35,,,1,16,,46546,35,,,1,16,,46547,35,,,1,16,,46548,35,,,1,56,,46549,35,,,1,18,,46550,35,,,1,6,,46551,35,,,1,15,,46552,35,,,1,55,,46553,35,,,1,15,,46554,35,,,1,15,,46555,35,,,1,15,,46556,35,,,1,55,,46557,35,,,1,15,,46558,35,,,1,17,,46559,35,,,1,15,,46560,35,,,1,55,,46561,35,,,1,15,,46562,35,,,1,15,,46563,35,,,1,15,,46564,35,,,1,55,,46565,35,,,1,29,,46566,35,,,1,19,,46568,35,,,1,63,,46569,35,,,1,22,,46570,35,,,1,22,,46571,35,,,1,62,,46572,35,,,1,22,,46573,35,,,1,62,,46574,35,,,1,21,,46575,35,,,1,77,,46577,35,,,1,25,,46578,35,,,1,25,,46579,35,,,1,65,,46580,35,,,1,25,,46581,35,,,1,65,,46582,35,,,1,23,,46583,35,,,1,23,,46520,35,,,1
1601,'3',605,,46642,18,,,1,25,,46643,18,,,1,12,,46584,35,,,1,65,,46585,35,,,1,25,,46586,35,,,1,25,,46587,35,,,1,65,,46588,35,,,1,25,,46589,35,,,1,65,,46590,35,,,1,25,,46591,35,,,1,19,,46644,18,,,1,46,,46592,35,,,1,24,,46593,35,,,1,21,,46594,35,,,1,61,,46595,35,,,1,16,,46596,35,,,1,18,,46645,18,,,1,3,,46597,35,,,1,61,,46598,35,,,1,15,,46599,35,,,1,15,,46600,35,,,1,15,,46601,35,,,1,55,,46602,35,,,1,10,,46603,35,,,1,15,,46604,35,,,1,15,,46605,35,,,1,55,,46606,35,,,1,16,,46607,35,,,1,15,,46608,35,,,1,15,,46609,35,,,1,55,,46610,35,,,1,15,,46611,35,,,1,15,,46612,35,,,1,15,,46613,35,,,1,55,,46614,35,,,1,15,,46615,35,,,1,15,,46616,35,,,1,15,,46617,35,,,1,55,,46618,35,,,1,15,,46619,35,,,1,15,,46620,35,,,1,15,,46621,35,,,1,55,,46622,35,,,1,16,,46623,35,,,1,20,,46624,35,,,1,20,,46625,35,,,1,60,,46626,35,,,1,20,,46627,35,,,1,20,,46628,35,,,1,60,,46629,35,,,1,20,,46630,35,,,1,20,,46631,35,,,1,60,,46632,35,,,1,26,,46633,35,,,1,65,,46634,35,,,1,25,,46635,35,,,1,25,,46636,35,,,1,65,,46637,35,,,1,21,,46638,35,,,1,64,,46639,35,,,1,29,,46640,35,,,1,70,,46641,35,,,1
1601,'30',644,,46682,18,,,1,73,,46646,35,,,1,35,,46647,35,,,1,75,,46648,35,,,1,20,,46683,18,,,1,55,,46649,35,,,1,33,,46650,35,,,1,65,,46651,35,,,1,30,,46652,35,,,1,70,,46653,35,,,1,30,,46654,35,,,1,70,,46655,35,,,1,11,,46684,18,,,1,20,,46656,35,,,1,22,,46658,35,,,1,63,,46659,35,,,1,22,,46657,35,,,1,62,,46660,35,,,1,22,,46661,35,,,1,22,,46662,35,,,1,62,,46663,35,,,1,22,,46664,35,,,1,22,,46665,35,,,1,62,,46666,35,,,1,22,,46667,35,,,1,22,,46668,35,,,1,58,,46669,35,,,1,30,,46670,35,,,1,70,,46671,35,,,1,30,,46672,35,,,1,70,,46673,35,,,1,30,,46674,35,,,1,70,,46675,35,,,1,30,,46676,35,,,1,70,,46677,35,,,1,30,,46678,35,,,1,69,,46679,35,,,1,30,,46680,35,,,1,70,,46681,35,,,1
1601,'4',644,,46721,18,,,1,73,,46685,35,,,1,35,,46686,35,,,1,75,,46687,35,,,1,20,,46722,18,,,1,55,,46688,35,,,1,33,,46689,35,,,1,65,,46690,35,,,1,30,,46691,35,,,1,70,,46692,35,,,1,30,,46693,35,,,1,70,,46694,35,,,1,11,,46723,18,,,1,20,,46695,35,,,1,22,,46697,35,,,1,63,,46698,35,,,1,22,,46696,35,,,1,62,,46699,35,,,1,22,,46700,35,,,1,22,,46701,35,,,1,62,,46702,35,,,1,22,,46703,35,,,1,22,,46704,35,,,1,62,,46705,35,,,1,22,,46706,35,,,1,22,,46707,35,,,1,58,,46708,35,,,1,30,,46709,35,,,1,70,,46710,35,,,1,30,,46711,35,,,1,70,,46712,35,,,1,30,,46713,35,,,1,70,,46714,35,,,1,30,,46715,35,,,1,70,,46716,35,,,1,30,,46717,35,,,1,69,,46718,35,,,1,30,,46719,35,,,1,70,,46720,35,,,1
2500,'11802',1522,,47872,22,,,1
2500,'2',625,,47873,22,,,1,22,,47874,22,,,1,68,,47875,22,,,1,27,,47876,22,,,1,66,,47877,22,,,1,20,,47878,22,,,1,20,,47879,22,,,1,60,,47880,22,,,1,20,,47881,22,,,1,20,,47882,22,,,1,60,,47883,22,,,1,20,,47884,22,,,1,20,,47885,22,,,1,60,,47886,22,,,1,20,,47887,22,,,1,20,,47888,22,,,1,60,,47889,22,,,1,20,,47890,22,,,1,20,,47891,22,,,1,60,,47892,22,,,1,20,,47893,22,,,1,20,,47894,22,,,1,60,,47895,22,,,1,24,,47896,22,,,1,20,,47897,22,,,1,60,,47898,22,,,1,20,,47899,22,,,1,20,,47900,22,,,1,60,,47901,22,,,1,22,,47902,22,,,1,21,,47903,22,,,1,61,,47904,22,,,1,21,,47905,22,,,1,21,,47906,22,,,1,61,,47907,22,,,1,15,,47908,22,,,1,20,,47909,22,,,1,60,,47910,22,,,1,20,,47911,22,,,1,20,,47912,22,,,1,60,,47913,22,,,1,20,,47914,22,,,1,14,,47915,22,,,1,60,,47916,22,,,1,19,,47917,22,,,1,25,,47918,22,,,1,65,,47919,22,,,1,25,,47920,22,,,1,65,,47921,22,,,1,25,,47922,22,,,1,25,,47923,22,,,1
2500,'3',640,,47924,22,,,1,63,,47955,22,,,1,24,,47925,22,,,1,25,,47956,22,,,1,66,,47926,22,,,1,24,,47927,22,,,1,67,,47928,22,,,1,26,,47929,22,,,1,69,,47930,22,,,1,23,,47931,22,,,1,30,,47932,22,,,1,67,,47933,22,,,1,30,,47934,22,,,1,68,,47935,22,,,1,25,,47936,22,,,1,70,,47937,22,,,1,25,,47938,22,,,1,70,,47939,22,,,1,26,,47940,22,,,1,70,,47941,22,,,1,30,,47942,22,,,1,70,,47943,22,,,1,30,,47944,22,,,1,70,,47945,22,,,1,30,,47946,22,,,1,70,,47947,22,,,1,29,,47948,22,,,1,70,,47949,22,,,1,30,,47950,22,,,1,68,,47957,22,,,1,27,,47951,22,,,1,68,,47958,22,,,1,25,,47952,22,,,1,25,,47959,22,,,1,65,,47953,22,,,1,25,,47960,22,,,1,65,,47954,22,,,1
2500,'30',902,,47969,22,,,1,25,,47976,22,,,1,30,,47977,22,,,1,70,,47978,22,,,1,30,,47979,22,,,1,70,,47980,22,,,1,30,,47981,22,,,1,70,,47982,22,,,1,30,,47983,22,,,1,70,,47984,22,,,1,30,,47985,22,,,1,70,,47986,22,,,1,30,,47970,22,,,1,70,,47968,22,,,1,27,,47972,22,,,1,67,,47967,22,,,1,27,,47971,22,,,1,67,,47966,22,,,1,22,,47973,22,,,1,67,,47965,22,,,1,27,,47974,22,,,1,24,,47975,22,,,1,70,,47964,22,,,1,28,,47987,22,,,1,70,,47963,22,,,1,33,,47988,22,,,1,70,,47962,22,,,1,30,,47989,22,,,1,65,,47961,22,,,1,30,,47990,22,,,1
2500,'4',902,,47999,22,,,1,25,,48006,22,,,1,30,,48007,22,,,1,70,,48008,22,,,1,30,,48009,22,,,1,70,,48010,22,,,1,30,,48011,22,,,1,70,,48012,22,,,1,30,,48013,22,,,1,70,,48014,22,,,1,30,,48015,22,,,1,70,,48016,22,,,1,30,,48000,22,,,1,70,,47998,22,,,1,27,,48002,22,,,1,67,,47997,22,,,1,27,,48001,22,,,1,67,,47996,22,,,1,22,,48003,22,,,1,67,,47995,22,,,1,27,,48004,22,,,1,24,,48005,22,,,1,70,,47994,22,,,1,28,,48017,22,,,1,70,,47993,22,,,1,33,,48018,22,,,1,70,,47992,22,,,1,30,,48019,22,,,1,65,,47991,22,,,1,30,,48020,22,,,1
9200,'2',735,,49862,10,,,1,22,,49863,10,,,1,62,,49864,10,,,1,22,,49865,10,,,1,62,,49866,10,,,1,22,,49867,10,,,1,399,,49868,10,,,1,32,,49869,10,,,1,74,,49870,10,,,1,28,,49871,10,,,1,65,,49872,10,,,1,25,,49873,10,,,1,65,,49874,10,,,1,27,,49875,10,,,1,65,,49876,10,,,1,25,,49877,10,,,1,25,,49878,10,,,1,67,,49879,10,,,1,29,,49880,10,,,1,81,,49881,10,,,1
