101,'2',602,,42466,4,,,1,26,,42468,4,,,1,13,,42455,47,0,10 11 63,1,17,,42467,4,,,1,44,,42456,48,0,13 11 63,1,20,,42457,47,0,10 11 63,1,15,,42462,48,0,13 11 63,1,15,,42458,47,0,10 11 63,1,55,,42463,48,0,13 11 63,1,10,,42459,47,0,10 11 63,1,15,,42464,48,0,13 11 63,1,15,,42460,47,0,10 11 63,1,54,,42465,48,0,13 11 63,1,15,,42461,47,0,10 11 63,1,20,,42469,48,0,13 11 63,1,20,,42476,47,0,10 11 63,1,60,,42470,48,0,13 11 63,1,20,,42477,47,0,10 11 63,1,20,,42471,48,0,13 11 63,1,60,,42478,47,0,10 11 63,1,15,,42472,48,0,13 11 63,1,20,,42479,47,0,10 11 63,1,61,,42473,48,0,13 11 63,1,20,,42480,47,0,10 11 63,1,20,,42474,48,0,13 11 63,1,60,,42481,47,0,10 11 63,1,20,,42475,48,0,13 11 63,1,18,,42482,47,0,10 11 63,1,53,,42507,4,,,1,8,,42484,48,0,13 11 63,1,17,,42488,47,0,10 11 63,1,15,,42485,48,0,13 11 63,1,15,,42489,47,0,10 11 63,1,55,,42486,48,0,13 11 63,1,15,,42490,47,0,10 11 63,1,15,,42487,48,0,13 11 63,1,15,,42491,47,0,10 11 63,1,55,,42492,48,0,13 11 63,1,16,,42496,47,0,10 11 63,1,16,,42493,48,0,13 11 63,1,56,,42497,47,0,10 11 63,1,16,,42494,48,0,13 11 63,1,16,,42498,47,0,10 11 63,1,16,,42495,48,0,13 11 63,1,56,,42499,47,0,10 11 63,1,24,,42500,48,0,13 11 63,1,25,,42504,47,0,10 11 63,1,66,,42501,48,0,13 11 63,1,24,,42505,47,0,10 11 63,1,66,,42502,48,0,13 11 63,1,24,,42506,47,0,10 11 63,1,66,,42503,48,0,13 11 63,1,29,,42509,47,0,10 11 63,1,30,,42512,48,0,13 11 63,1,70,,42510,47,0,10 11 63,1,30,,42513,48,0,13 11 63,1,70,,42511,47,0,10 11 63,1,30,,42514,48,0,13 11 63,1,61,,42516,47,0,10 11 63,1
101,'3',611,,42526,4,,,1,29,,42519,47,0,10 11 63,1,80,,42521,48,0,13 11 63,1,38,,42520,47,0,10 11 63,1,65,,42522,48,0,13 11 63,1,25,,42524,47,0,10 11 63,1,70,,42523,48,0,13 11 63,1,30,,42525,47,0,10 11 63,1,66,,42568,4,,,1,4,,42527,48,0,13 11 63,1,20,,42539,47,0,10 11 63,1,20,,42528,48,0,13 11 63,1,60,,42540,47,0,10 11 63,1,20,,42529,48,0,13 11 63,1,15,,42541,47,0,10 11 63,1,61,,42530,48,0,13 11 63,1,19,,42542,47,0,10 11 63,1,21,,42531,48,0,13 11 63,1,59,,42543,47,0,10 11 63,1,16,,42532,48,0,13 11 63,1,19,,42544,47,0,10 11 63,1,61,,42533,48,0,13 11 63,1,20,,42545,47,0,10 11 63,1,20,,42534,48,0,13 11 63,1,60,,42546,47,0,10 11 63,1,15,,42535,48,0,13 11 63,1,20,,42547,47,0,10 11 63,1,60,,42536,48,0,13 11 63,1,20,,42548,47,0,10 11 63,1,20,,42537,48,0,13 11 63,1,60,,42549,47,0,10 11 63,1,15,,42538,48,0,13 11 63,1,20,,42550,47,0,10 11 63,1,20,,42551,48,0,13 11 63,1,62,,42552,47,0,10 11 63,1,30,,42558,48,0,13 11 63,1,70,,42553,47,0,10 11 63,1,30,,42559,48,0,13 11 63,1,70,,42554,47,0,10 11 63,1,30,,42560,48,0,13 11 63,1,67,,42555,47,0,10 11 63,1,30,,42561,48,0,13 11 63,1,70,,42556,47,0,10 11 63,1,30,,42562,48,0,13 11 63,1,65,,42557,47,0,10 11 63,1,30,,42563,48,0,13 11 63,1,67,,42565,47,0,10 11 63,1
101,'30',833,,42576,4,,,1,15,,42569,48,0,13 11 63,1,72,,42573,47,0,10 11 63,1,32,,42570,48,0,13 11 63,1,72,,42574,47,0,10 11 63,1,32,,42571,48,0,13 11 63,1,72,,42575,47,0,10 11 63,1,27,,42572,48,0,13 11 63,1,65,,42577,47,0,10 11 63,1,25,,42584,48,0,13 11 63,1,60,,42578,47,0,10 11 63,1,25,,42585,48,0,13 11 63,1,25,,42579,47,0,10 11 63,1,65,,42586,48,0,13 11 63,1,25,,42580,47,0,10 11 63,1,65,,42587,48,0,13 11 63,1,25,,42581,47,0,10 11 63,1,65,,42588,48,0,13 11 63,1,25,,42582,47,0,10 11 63,1,25,,42589,48,0,13 11 63,1,64,,42583,47,0,10 11 63,1,25,,42590,48,0,13 11 63,1,65,,42591,47,0,10 11 63,1,30,,42597,48,0,13 11 63,1,70,,42592,47,0,10 11 63,1,30,,42598,48,0,13 11 63,1,70,,42593,47,0,10 11 63,1,30,,42599,48,0,13 11 63,1,70,,42594,47,0,10 11 63,1,30,,42600,48,0,13 11 63,1,69,,42595,47,0,10 11 63,1,30,,42601,48,0,13 11 63,1,78,,42596,47,0,10 11 63,1
101,'4',833,,42612,4,,,1,15,,42605,48,0,13 11 63,1,72,,42609,47,0,10 11 63,1,32,,42606,48,0,13 11 63,1,72,,42610,47,0,10 11 63,1,32,,42607,48,0,13 11 63,1,72,,42611,47,0,10 11 63,1,27,,42608,48,0,13 11 63,1,65,,42613,47,0,10 11 63,1,25,,42620,48,0,13 11 63,1,60,,42614,47,0,10 11 63,1,25,,42621,48,0,13 11 63,1,25,,42615,47,0,10 11 63,1,65,,42622,48,0,13 11 63,1,25,,42616,47,0,10 11 63,1,65,,42623,48,0,13 11 63,1,25,,42617,47,0,10 11 63,1,65,,42624,48,0,13 11 63,1,25,,42618,47,0,10 11 63,1,25,,42625,48,0,13 11 63,1,64,,42619,47,0,10 11 63,1,25,,42626,48,0,13 11 63,1,65,,42627,47,0,10 11 63,1,30,,42633,48,0,13 11 63,1,70,,42628,47,0,10 11 63,1,30,,42634,48,0,13 11 63,1,70,,42629,47,0,10 11 63,1,30,,42635,48,0,13 11 63,1,70,,42630,47,0,10 11 63,1,30,,42636,48,0,13 11 63,1,69,,42631,47,0,10 11 63,1,30,,42637,48,0,13 11 63,1,78,,42632,47,0,10 11 63,1
1601,'2',535,,46517,12,,,1,13,,46519,12,,,1,59,,46518,29,,,1,19,,46522,29,,,1,18,,46523,29,,,1,58,,46524,29,,,1,22,,46525,29,,,1,9,,46526,29,,,1,16,,46527,29,,,1,56,,46528,29,,,1,16,,46529,29,,,1,16,,46530,29,,,1,16,,46531,29,,,1,55,,46532,29,,,1,18,,46533,29,,,1,22,,46534,29,,,1,58,,46535,29,,,1,18,,46536,29,,,1,18,,46537,29,,,1,58,,46538,29,,,1,18,,46539,29,,,1,18,,46540,29,,,1,18,,46541,29,,,1,58,,46542,29,,,1,16,,46543,29,,,1,10,,46544,29,,,1,16,,46545,29,,,1,56,,46546,29,,,1,16,,46547,29,,,1,16,,46548,29,,,1,16,,46549,29,,,1,57,,46550,29,,,1,6,,46551,29,,,1,15,,46552,29,,,1,15,,46553,29,,,1,55,,46554,29,,,1,15,,46555,29,,,1,15,,46556,29,,,1,15,,46557,29,,,1,55,,46558,29,,,1,17,,46559,29,,,1,15,,46560,29,,,1,15,,46561,29,,,1,55,,46562,29,,,1,15,,46563,29,,,1,15,,46564,29,,,1,15,,46565,29,,,1,70,,46566,29,,,1,19,,46568,29,,,1,63,,46569,29,,,1,22,,46570,29,,,1,22,,46571,29,,,1,62,,46572,29,,,1,22,,46573,29,,,1,22,,46574,29,,,1,63,,46575,29,,,1,37,,46577,29,,,1,65,,46578,29,,,1,25,,46579,29,,,1,65,,46580,29,,,1,25,,46581,29,,,1,65,,46582,29,,,1,23,,46583,29,,,1,23,,46520,29,,,1
1601,'3',558,,46642,12,,,1,65,,46643,12,,,1,12,,46584,29,,,1,65,,46585,29,,,1,25,,46586,29,,,1,25,,46587,29,,,1,65,,46588,29,,,1,25,,46589,29,,,1,65,,46590,29,,,1,25,,46591,29,,,1,19,,46644,12,,,1,6,,46592,29,,,1,63,,46593,29,,,1,21,,46594,29,,,1,61,,46595,29,,,1,16,,46596,29,,,1,18,,46645,12,,,1,3,,46597,29,,,1,21,,46598,29,,,1,55,,46599,29,,,1,15,,46600,29,,,1,15,,46601,29,,,1,15,,46602,29,,,1,50,,46603,29,,,1,15,,46604,29,,,1,15,,46605,29,,,1,15,,46606,29,,,1,56,,46607,29,,,1,15,,46608,29,,,1,15,,46609,29,,,1,15,,46610,29,,,1,55,,46611,29,,,1,15,,46612,29,,,1,15,,46613,29,,,1,15,,46614,29,,,1,55,,46615,29,,,1,15,,46616,29,,,1,15,,46617,29,,,1,15,,46618,29,,,1,55,,46619,29,,,1,15,,46620,29,,,1,15,,46621,29,,,1,15,,46622,29,,,1,57,,46623,29,,,1,20,,46624,29,,,1,20,,46625,29,,,1,60,,46626,29,,,1,20,,46627,29,,,1,20,,46628,29,,,1,60,,46629,29,,,1,20,,46630,29,,,1,20,,46631,29,,,1,61,,46632,29,,,1,26,,46633,29,,,1,65,,46634,29,,,1,25,,46635,29,,,1,25,,46636,29,,,1,65,,46637,29,,,1,21,,46638,29,,,1,65,,46639,29,,,1,29,,46640,29,,,1,70,,46641,29,,,1
1601,'30',638,,46682,12,,,1,73,,46646,29,,,1,35,,46647,29,,,1,75,,46648,29,,,1,20,,46683,12,,,1,15,,46649,29,,,1,72,,46650,29,,,1,25,,46651,29,,,1,70,,46652,29,,,1,30,,46653,29,,,1,70,,46654,29,,,1,30,,46655,29,,,1,52,,46684,12,,,1,18,,46656,29,,,1,22,,46658,29,,,1,63,,46659,29,,,1,22,,46657,29,,,1,22,,46660,29,,,1,62,,46661,29,,,1,22,,46662,29,,,1,22,,46663,29,,,1,62,,46664,29,,,1,22,,46665,29,,,1,62,,46666,29,,,1,22,,46667,29,,,1,22,,46668,29,,,1,59,,46669,29,,,1,30,,46670,29,,,1,70,,46671,29,,,1,30,,46672,29,,,1,70,,46673,29,,,1,30,,46674,29,,,1,70,,46675,29,,,1,30,,46676,29,,,1,70,,46677,29,,,1,30,,46678,29,,,1,70,,46679,29,,,1,30,,46680,29,,,1,70,,46681,29,,,1
1601,'4',638,,46721,12,,,1,73,,46685,29,,,1,35,,46686,29,,,1,75,,46687,29,,,1,20,,46722,12,,,1,15,,46688,29,,,1,72,,46689,29,,,1,25,,46690,29,,,1,70,,46691,29,,,1,30,,46692,29,,,1,70,,46693,29,,,1,30,,46694,29,,,1,52,,46723,12,,,1,18,,46695,29,,,1,22,,46697,29,,,1,63,,46698,29,,,1,22,,46696,29,,,1,22,,46699,29,,,1,62,,46700,29,,,1,22,,46701,29,,,1,22,,46702,29,,,1,62,,46703,29,,,1,22,,46704,29,,,1,62,,46705,29,,,1,22,,46706,29,,,1,22,,46707,29,,,1,59,,46708,29,,,1,30,,46709,29,,,1,70,,46710,29,,,1,30,,46711,29,,,1,70,,46712,29,,,1,30,,46713,29,,,1,70,,46714,29,,,1,30,,46715,29,,,1,70,,46716,29,,,1,30,,46717,29,,,1,70,,46718,29,,,1,30,,46719,29,,,1,70,,46720,29,,,1
2701,'11802',809,,48307,21,,,1,838,,48308,21,,,1
2701,'2',606,,48380,20,,,1,52,,48309,21,,,1,65,,48310,20,,,1,13,,48311,21,,,1,13,,48312,20,,,1,53,,48313,20,,,1,13,,48314,21,,,1,13,,48315,21,,,1,8,,48316,21,,,1,13,,48317,21,,,1,53,,48318,21,,,1,12,,48319,21,,,1,14,,48320,21,,,1,13,,48321,21,,,1,13,,48322,21,,,1,53,,48323,21,,,1,13,,48324,21,,,1,13,,48325,21,,,1,13,,48326,21,,,1,13,,48327,21,,,1,53,,48328,21,,,1,13,,48329,21,,,1,13,,48330,21,,,1,13,,48331,21,,,1,53,,48332,21,,,1,13,,48333,21,,,1,12,,48334,21,,,1,12,,48335,21,,,1,12,,48336,21,,,1,52,,48337,21,,,1,12,,48338,21,,,1,12,,48339,21,,,1,12,,48340,21,,,1,12,,48341,21,,,1,52,,48342,21,,,1,12,,48343,21,,,1,14,,48344,21,,,1,13,,48345,21,,,1,13,,48346,21,,,1,53,,48347,21,,,1,13,,48348,21,,,1,13,,48349,21,,,1,9,,48350,20,,,1,12,,48351,21,,,1,52,,48352,21,,,1,11,,48353,21,,,1,11,,48354,21,,,1,11,,48355,20,,,1,11,,48356,21,,,1,51,,48357,21,,,1,11,,48358,21,,,1,11,,48359,21,,,1,11,,48360,21,,,1,11,,48361,21,,,1,11,,48362,21,,,1,47,,48363,21,,,1,13,,48364,21,,,1,9,,48365,21,,,1,13,,48366,21,,,1,11,,48367,21,,,1,51,,48368,21,,,1,17,,48369,21,,,1,17,,48370,21,,,1,17,,48371,21,,,1,57,,48372,21,,,1,17,,48373,21,,,1,17,,48374,21,,,1,57,,48375,21,,,1,20,,48376,21,,,1,27,,48377,21,,,1,67,,48378,21,,,1,27,,48379,21,,,1
2701,'3',908,,48381,20,,,1,43,,48391,21,,,1,72,,48382,21,,,1,104,,48392,21,,,1,74,,48383,21,,,1,32,,48400,21,,,1,72,,48393,21,,,1,32,,48384,21,,,1,72,,48401,21,,,1,31,,48394,21,,,1,74,,48385,21,,,1,32,,48402,21,,,1,70,,48395,21,,,1,34,,48386,21,,,1,72,,48403,21,,,1,30,,48396,21,,,1,75,,48387,21,,,1,85,,48397,21,,,1,45,,48388,21,,,1,85,,48398,21,,,1,82,,48389,21,,,1,80,,48399,21,,,1,40,,48390,21,,,1,80,,48404,21,,,1
2701,'30',853,,48405,20,,,1,85,,48406,21,,,1,85,,48412,21,,,1,85,,48407,21,,,1,45,,48413,21,,,1,85,,48408,21,,,1,88,,48414,21,,,1,32,,48415,21,,,1,72,,48409,21,,,1,72,,48417,21,,,1,32,,48416,21,,,1,72,,48410,21,,,1,32,,48418,21,,,1,72,,48420,21,,,1,29,,48411,21,,,1,77,,48419,21,,,1,85,,48421,21,,,1,45,,48422,21,,,1
2701,'4',853,,48423,20,,,1,85,,48424,21,,,1,85,,48430,21,,,1,85,,48425,21,,,1,45,,48431,21,,,1,85,,48426,21,,,1,88,,48432,21,,,1,32,,48433,21,,,1,72,,48427,21,,,1,72,,48435,21,,,1,32,,48434,21,,,1,72,,48428,21,,,1,32,,48436,21,,,1,72,,48438,21,,,1,29,,48429,21,,,1,77,,48437,21,,,1,85,,48439,21,,,1,45,,48440,21,,,1
9200,'2',729,,49862,8,,,1,22,,49863,8,,,1,62,,49864,8,,,1,22,,49865,8,,,1,22,,49866,8,,,1,62,,49867,8,,,1,398,,49868,8,,,1,32,,49869,8,,,1,73,,49870,8,,,1,28,,49871,8,,,1,65,,49872,8,,,1,25,,49873,8,,,1,65,,49874,8,,,1,26,,49875,8,,,1,25,,49876,8,,,1,65,,49877,8,,,1,25,,49878,8,,,1,67,,49879,8,,,1,31,,49880,8,,,1,81,,49881,8,,,1
