401,'11802',722,,43532,41,0,13 40 41,1,82,,43531,41,0,13 40 41,1
401,'2',558,,43559,35,0,10 40 41,1,76,,43558,41,0,13 40 41,1,10,,43600,35,0,10 40 41,1,71,,43557,35,0,10 40 41,1,15,,43556,41,0,13 40 41,1,11,,43555,7,,,1,16,,43554,35,0,10 40 41,1,55,,43553,35,0,10 40 41,1,15,,43552,41,0,13 40 41,1,15,,43551,35,0,10 40 41,1,15,,43550,41,0,13 40 41,1,55,,43549,35,0,10 40 41,1,15,,43548,41,0,13 40 41,1,15,,43547,35,0,10 40 41,1,15,,43546,41,0,13 40 41,1,60,,43545,35,0,10 40 41,1,20,,43544,41,0,13 40 41,1,20,,43543,35,0,10 40 41,1,60,,43542,41,0,13 40 41,1,21,,43541,35,0,10 40 41,1,20,,43540,41,0,13 40 41,1,60,,43539,35,0,10 40 41,1,20,,43538,41,0,13 40 41,1,20,,43537,35,0,10 40 41,1,60,,43536,41,0,13 40 41,1,20,,43535,35,0,10 40 41,1,19,,43534,41,0,13 40 41,1,61,,43533,35,0,10 40 41,1,15,,43562,41,0,13 40 41,1,19,,43570,35,0,10 40 41,1,55,,43563,41,0,13 40 41,1,15,,43571,35,0,10 40 41,1,15,,43564,41,0,13 40 41,1,15,,43572,35,0,10 40 41,1,57,,43565,41,0,13 40 41,1,15,,43573,35,0,10 40 41,1,15,,43566,41,0,13 40 41,1,15,,43574,35,0,10 40 41,1,55,,43567,41,0,13 40 41,1,15,,43575,35,0,10 40 41,1,15,,43568,41,0,13 40 41,1,15,,43576,35,0,10 40 41,1,50,,43569,41,0,13 40 41,1,17,,43579,35,0,10 40 41,1,21,,43584,41,0,13 40 41,1,60,,43580,35,0,10 40 41,1,20,,43585,41,0,13 40 41,1,20,,43581,35,0,10 40 41,1,60,,43586,41,0,13 40 41,1,20,,43582,35,0,10 40 41,1,20,,43587,41,0,13 40 41,1,69,,43583,35,0,10 40 41,1,33,,43588,41,0,13 40 41,1,70,,43591,35,0,10 40 41,1,30,,43589,41,0,13 40 41,1,70,,43592,35,0,10 40 41,1,30,,43590,41,0,13 40 41,1,70,,43593,35,0,10 40 41,1,90,,43594,41,0,13 40 41,1
401,'3',633,,43601,35,0,10 40 41,1,70,,43602,41,0,13 40 41,1,20,,43609,35,0,10 40 41,1,30,,43603,41,0,13 40 41,1,71,,43610,35,0,10 40 41,1,30,,43604,41,0,13 40 41,1,70,,43611,35,0,10 40 41,1,30,,43605,41,0,13 40 41,1,71,,43612,35,0,10 40 41,1,30,,43606,41,0,13 40 41,1,70,,43613,35,0,10 40 41,1,30,,43607,41,0,13 40 41,1,70,,43614,35,0,10 40 41,1,30,,43608,41,0,13 40 41,1,66,,43615,35,0,10 40 41,1,27,,43621,41,0,13 40 41,1,66,,43616,35,0,10 40 41,1,25,,43622,41,0,13 40 41,1,65,,43617,35,0,10 40 41,1,25,,43623,41,0,13 40 41,1,25,,43618,35,0,10 40 41,1,65,,43624,41,0,13 40 41,1,25,,43619,35,0,10 40 41,1,65,,43625,41,0,13 40 41,1,25,,43620,35,0,10 40 41,1,25,,43633,41,0,13 40 41,1,64,,43629,35,0,10 40 41,1,25,,43634,41,0,13 40 41,1,65,,43630,35,0,10 40 41,1,25,,43635,41,0,13 40 41,1,65,,43631,35,0,10 40 41,1,25,,43636,41,0,13 40 41,1,25,,43632,35,0,10 40 41,1,65,,43637,41,0,13 40 41,1,17,,43638,35,0,10 40 41,1,70,,43642,41,0,13 40 41,1,30,,43639,35,0,10 40 41,1,70,,43643,41,0,13 40 41,1,30,,43640,35,0,10 40 41,1,70,,43644,41,0,13 40 41,1,28,,43641,35,0,10 40 41,1,72,,43627,41,0,13 40 41,1
401,'30',703,,43677,35,0,10 40 41,1,45,,43676,41,0,13 40 41,1,85,,43675,35,0,10 40 41,1,86,,43646,41,0,13 40 41,1,85,,43647,35,0,10 40 41,1,30,,43648,41,0,13 40 41,1,24,,43649,35,0,10 40 41,1,70,,43650,41,0,13 40 41,1,27,,43651,35,0,10 40 41,1,71,,43652,41,0,13 40 41,1,29,,43653,35,0,10 40 41,1,72,,43654,41,0,13 40 41,1,30,,43655,35,0,10 40 41,1,70,,43656,41,0,13 40 41,1,30,,43657,35,0,10 40 41,1,70,,43658,41,0,13 40 41,1,30,,43659,35,0,10 40 41,1,70,,43660,41,0,13 40 41,1,30,,43661,35,0,10 40 41,1,69,,43662,41,0,13 40 41,1,30,,43663,35,0,10 40 41,1,70,,43664,41,0,13 40 41,1,30,,43665,35,0,10 40 41,1,70,,43666,41,0,13 40 41,1,28,,43667,35,0,10 40 41,1,72,,43668,41,0,13 40 41,1,30,,43669,35,0,10 40 41,1,72,,43670,41,0,13 40 41,1,28,,43671,35,0,10 40 41,1,70,,43672,41,0,13 40 41,1,78,,43645,35,0,10 40 41,1
401,'4',703,,43710,35,0,10 40 41,1,45,,43709,41,0,13 40 41,1,85,,43708,35,0,10 40 41,1,86,,43679,41,0,13 40 41,1,85,,43680,35,0,10 40 41,1,30,,43681,41,0,13 40 41,1,24,,43682,35,0,10 40 41,1,70,,43683,41,0,13 40 41,1,27,,43684,35,0,10 40 41,1,71,,43685,41,0,13 40 41,1,29,,43686,35,0,10 40 41,1,72,,43687,41,0,13 40 41,1,30,,43688,35,0,10 40 41,1,70,,43689,41,0,13 40 41,1,30,,43690,35,0,10 40 41,1,70,,43691,41,0,13 40 41,1,30,,43692,35,0,10 40 41,1,70,,43693,41,0,13 40 41,1,30,,43694,35,0,10 40 41,1,69,,43695,41,0,13 40 41,1,30,,43696,35,0,10 40 41,1,70,,43697,41,0,13 40 41,1,30,,43698,35,0,10 40 41,1,70,,43699,41,0,13 40 41,1,28,,43700,35,0,10 40 41,1,72,,43701,41,0,13 40 41,1,30,,43702,35,0,10 40 41,1,72,,43703,41,0,13 40 41,1,28,,43704,35,0,10 40 41,1,70,,43705,41,0,13 40 41,1,78,,43678,35,0,10 40 41,1
1700,'11802',705,,46724,13,,,1,225,,46728,13,,,1
1700,'2',628,,46739,33,0,10 23 20,1,20,,46740,41,0,13 23 20,1,60,,46780,33,0,10 23 20,1,20,,46741,41,0,13 23 20,1,21,,46781,33,0,10 23 20,1,59,,46742,41,0,13 23 20,1,20,,46743,33,0,10 23 20,1,18,,46744,41,0,13 23 20,1,60,,46745,33,0,10 23 20,1,20,,46746,41,0,13 23 20,1,20,,46747,33,0,10 23 20,1,60,,46748,41,0,13 23 20,1,20,,46749,33,0,10 23 20,1,20,,46750,41,0,13 23 20,1,60,,46751,33,0,10 23 20,1,20,,46752,41,0,13 23 20,1,20,,46753,33,0,10 23 20,1,60,,46754,41,0,13 23 20,1,20,,46755,33,0,10 23 20,1,21,,46756,41,0,13 23 20,1,61,,46757,33,0,10 23 20,1,24,,46758,41,0,13 23 20,1,23,,46759,33,0,10 23 20,1,61,,46760,41,0,13 23 20,1,20,,46761,33,0,10 23 20,1,20,,46762,41,0,13 23 20,1,58,,46763,33,0,10 23 20,1,20,,46764,41,0,13 23 20,1,17,,46765,33,0,10 23 20,1,55,,46766,41,0,13 23 20,1,21,,46767,33,0,10 23 20,1,23,,46768,41,0,13 23 20,1,60,,46769,33,0,10 23 20,1,20,,46770,41,0,13 23 20,1,22,,46771,33,0,10 23 20,1,54,,46772,41,0,13 23 20,1,23,,46773,33,0,10 23 20,1,23,,46782,33,0,10 23 20,1,61,,46775,41,0,13 23 20,1,14,,46729,33,0,10 23 20,1,19,,46738,33,0,10 23 20,1,59,,46737,33,0,10 23 20,1,19,,46736,33,0,10 23 20,1,19,,46735,33,0,10 23 20,1,59,,46734,33,0,10 23 20,1,17,,46733,33,0,10 23 20,1,21,,46731,33,0,10 23 20,1,70,,46732,33,0,10 23 20,1,25,,46730,33,0,10 23 20,1,20,,46776,33,0,10 23 20,1,65,,46777,33,0,10 23 20,1,25,,46778,33,0,10 23 20,1,65,,46779,33,0,10 23 20,1,22,,46783,33,0,10 23 20,1,25,,46784,33,0,10 23 20,1
1700,'3',622,,46819,33,0,10 23 20,1,78,,46817,33,0,10 23 20,1,36,,46818,33,0,10 23 20,1,80,,46816,33,0,10 23 20,1,35,,46815,33,0,10 23 20,1,70,,46814,33,0,10 23 20,1,80,,46813,33,0,10 23 20,1,31,,46812,33,0,10 23 20,1,72,,46811,33,0,10 23 20,1,30,,46820,33,0,10 23 20,1,70,,46810,33,0,10 23 20,1,31,,46809,33,0,10 23 20,1,70,,46808,33,0,10 23 20,1,30,,46807,33,0,10 23 20,1,70,,46806,33,0,10 23 20,1,30,,46805,33,0,10 23 20,1,70,,46804,33,0,10 23 20,1,30,,46803,33,0,10 23 20,1,70,,46802,33,0,10 23 20,1,30,,46801,33,0,10 23 20,1,70,,46800,33,0,10 23 20,1,30,,46799,33,0,10 23 20,1,70,,46798,33,0,10 23 20,1,30,,46797,33,0,10 23 20,1,68,,46796,33,0,10 23 20,1,30,,46795,33,0,10 23 20,1,20,,46794,33,0,10 23 20,1,70,,46793,33,0,10 23 20,1,30,,46792,33,0,10 23 20,1,70,,46791,33,0,10 23 20,1,14,,46790,33,0,10 23 20,1,69,,46789,33,0,10 23 20,1,30,,46788,33,0,10 23 20,1,70,,46787,33,0,10 23 20,1,15,,46821,33,0,10 23 20,1,30,,46786,33,0,10 23 20,1,64,,46822,33,0,10 23 20,1,19,,46823,33,0,10 23 20,1,20,,46824,33,0,10 23 20,1
1700,'30',647,,46855,33,0,10 23 20,1,75,,46856,33,0,10 23 20,1,35,,46857,33,0,10 23 20,1,75,,46858,33,0,10 23 20,1,75,,46828,33,0,10 23 20,1,30,,46829,33,0,10 23 20,1,70,,46830,33,0,10 23 20,1,30,,46831,33,0,10 23 20,1,65,,46832,33,0,10 23 20,1,25,,46833,33,0,10 23 20,1,22,,46834,33,0,10 23 20,1,72,,46835,33,0,10 23 20,1,30,,46836,33,0,10 23 20,1,65,,46837,33,0,10 23 20,1,25,,46838,33,0,10 23 20,1,70,,46839,33,0,10 23 20,1,30,,46840,33,0,10 23 20,1,68,,46841,33,0,10 23 20,1,30,,46842,33,0,10 23 20,1,70,,46843,33,0,10 23 20,1,30,,46844,33,0,10 23 20,1,70,,46845,33,0,10 23 20,1,30,,46846,33,0,10 23 20,1,20,,46847,33,0,10 23 20,1,69,,46848,33,0,10 23 20,1,30,,46849,33,0,10 23 20,1,70,,46850,33,0,10 23 20,1,80,,46851,33,0,10 23 20,1,35,,46852,33,0,10 23 20,1,75,,46853,33,0,10 23 20,1,35,,46854,33,0,10 23 20,1,71,,46827,33,0,10 23 20,1,30,,46860,33,0,10 23 20,1,75,,46859,33,0,10 23 20,1
1700,'4',647,,46890,33,0,10 23 20,1,75,,46891,33,0,10 23 20,1,35,,46892,33,0,10 23 20,1,75,,46893,33,0,10 23 20,1,75,,46863,33,0,10 23 20,1,30,,46864,33,0,10 23 20,1,70,,46865,33,0,10 23 20,1,30,,46866,33,0,10 23 20,1,65,,46867,33,0,10 23 20,1,25,,46868,33,0,10 23 20,1,22,,46869,33,0,10 23 20,1,72,,46870,33,0,10 23 20,1,30,,46871,33,0,10 23 20,1,65,,46872,33,0,10 23 20,1,25,,46873,33,0,10 23 20,1,70,,46874,33,0,10 23 20,1,30,,46875,33,0,10 23 20,1,68,,46876,33,0,10 23 20,1,30,,46877,33,0,10 23 20,1,70,,46878,33,0,10 23 20,1,30,,46879,33,0,10 23 20,1,70,,46880,33,0,10 23 20,1,30,,46881,33,0,10 23 20,1,20,,46882,33,0,10 23 20,1,69,,46883,33,0,10 23 20,1,30,,46884,33,0,10 23 20,1,70,,46885,33,0,10 23 20,1,80,,46886,33,0,10 23 20,1,35,,46887,33,0,10 23 20,1,75,,46888,33,0,10 23 20,1,35,,46889,33,0,10 23 20,1,71,,46862,33,0,10 23 20,1,30,,46895,33,0,10 23 20,1,75,,46894,33,0,10 23 20,1
10400,'3302',716,,50469,6,,,1,27,,50470,6,,,1,69,,50471,12,,,1,30,,50472,12,,,1,72,,50473,12,,,1,30,,50474,12,,,1,70,,50475,12,,,1,30,,50476,12,,,1,69,,50477,12,,,1,31,,50478,12,,,1,68,,50479,12,,,1,32,,50480,12,,,1,67,,50481,12,,,1,32,,50482,12,,,1,66,,50483,12,,,1,29,,50484,12,,,1,71,,50485,12,,,1,32,,50486,12,,,1,71,,50487,12,,,1,30,,50488,12,,,1,71,,50489,12,,,1,33,,50490,12,,,1,68,,50491,12,,,1,26,,50492,12,,,1
10400,'3903',1012,,50510,6,,,1,28,,50495,12,,,1,61,,50496,12,,,1,30,,50497,12,,,1,27,,50498,12,,,1,70,,50499,12,,,1,20,,50500,12,,,1,70,,50501,12,,,1,25,,50502,12,,,1,71,,50503,12,,,1,28,,50504,12,,,1,71,,50505,12,,,1,30,,50506,12,,,1,70,,50507,12,,,1,29,,50508,12,,,1,70,,50509,12,,,1,30,,50494,12,,,1,70,,50493,12,,,1
