200,'11802',1445,,42641,15,0,13 30,1,277,,42642,15,0,10 23 20,1
200,'2',627,,42650,15,0,13 30,1,16,,42686,15,0,10 23 20,1,15,,42651,15,0,13 30,1,55,,42687,15,0,10 23 20,1,15,,42652,15,0,13 30,1,15,,42688,15,0,10 23 20,1,15,,42653,15,0,13 30,1,55,,42689,15,0,10 23 20,1,15,,42654,15,0,13 30,1,15,,42690,15,0,10 23 20,1,15,,42655,15,0,13 30,1,55,,42691,15,0,10 23 20,1,15,,42656,15,0,13 30,1,15,,42692,15,0,10 23 20,1,15,,42657,15,0,13 30,1,55,,42693,15,0,10 23 20,1,15,,42658,15,0,13 30,1,15,,42694,15,0,10 23 20,1,15,,42659,15,0,13 30,1,55,,42695,15,0,10 23 20,1,15,,42660,15,0,13 30,1,15,,42696,15,0,10 23 20,1,12,,42661,15,0,13 30,1,55,,42697,15,0,10 23 20,1,15,,42662,15,0,13 30,1,15,,42698,15,0,10 23 20,1,15,,42663,15,0,13 30,1,55,,42699,15,0,10 23 20,1,15,,42664,15,0,13 30,1,15,,42700,15,0,10 23 20,1,15,,42665,15,0,13 30,1,55,,42701,15,0,10 23 20,1,15,,42666,15,0,13 30,1,13,,42702,15,0,10 23 20,1,14,,42667,15,0,13 30,1,55,,42703,15,0,10 23 20,1,15,,42668,15,0,13 30,1,16,,42704,15,0,10 23 20,1,19,,42669,15,0,13 30,1,55,,42705,15,0,10 23 20,1,15,,42670,15,0,13 30,1,15,,42706,15,0,10 23 20,1,15,,42671,15,0,13 30,1,53,,42707,15,0,10 23 20,1,19,,42672,15,0,13 30,1,11,,42708,15,0,10 23 20,1,61,,42673,15,0,13 30,1,15,,42709,15,0,10 23 20,1,15,,42674,15,0,13 30,1,12,,42710,15,0,10 23 20,1,15,,42675,15,0,13 30,1,55,,42711,15,0,10 23 20,1,15,,42676,15,0,13 30,1,15,,42712,15,0,10 23 20,1,15,,42677,15,0,13 30,1,55,,42713,15,0,10 23 20,1,10,,42678,15,0,13 30,1,23,,42714,15,0,10 23 20,1,12,,42679,15,0,13 30,1,63,,42715,15,0,10 23 20,1,17,,42680,15,0,13 30,1,63,,42716,15,0,10 23 20,1,17,,42681,15,0,13 30,1,23,,42717,15,0,10 23 20,1,60,,42682,15,0,13 30,1,17,,42718,15,0,10 23 20,1,15,,42683,15,0,13 30,1,20,,42719,15,0,10 23 20,1,55,,42684,15,0,13 30,1,20,,42720,15,0,10 23 20,1,20,,42685,15,0,13 30,1,74,,42721,15,0,45 3 21,1
200,'3',628,,42725,15,0,13 30,1,30,,42726,15,0,10 23 20,1,70,,42728,15,0,13 30,1,30,,42730,15,0,13 30,1,55,,42731,15,0,10 23 20,1,15,,42732,15,0,13 30,1,15,,42733,15,0,10 23 20,1,15,,42734,15,0,13 30,1,55,,42735,15,0,10 23 20,1,15,,42736,15,0,13 30,1,10,,42737,15,0,10 23 20,1,15,,42738,15,0,13 30,1,55,,42739,15,0,10 23 20,1,15,,42740,15,0,13 30,1,15,,42741,15,0,10 23 20,1,15,,42742,15,0,13 30,1,50,,42743,15,0,10 23 20,1,15,,42744,15,0,13 30,1,10,,42745,15,0,10 23 20,1,15,,42746,15,0,13 30,1,15,,42747,15,0,10 23 20,1,55,,42748,15,0,13 30,1,15,,42749,15,0,10 23 20,1,15,,42750,15,0,13 30,1,10,,42761,15,0,10 23 20,1,55,,42751,15,0,13 30,1,10,,42762,15,0,10 23 20,1,15,,42752,15,0,13 30,1,15,,42763,15,0,10 23 20,1,55,,42753,15,0,13 30,1,15,,42764,15,0,10 23 20,1,15,,42754,15,0,13 30,1,15,,42765,15,0,10 23 20,1,55,,42755,15,0,13 30,1,15,,42766,15,0,10 23 20,1,10,,42756,15,0,13 30,1,10,,42767,15,0,10 23 20,1,15,,42757,15,0,13 30,1,55,,42768,15,0,10 23 20,1,15,,42758,15,0,13 30,1,15,,42769,15,0,10 23 20,1,15,,42759,15,0,13 30,1,55,,42770,15,0,10 23 20,1,15,,42760,15,0,13 30,1,15,,42771,15,0,10 23 20,1,14,,42784,15,0,45 3 21,1,1,,42772,15,0,13 30,1,55,,42773,15,0,10 23 20,1,15,,42779,15,0,13 30,1,15,,42774,15,0,10 23 20,1,15,,42780,15,0,13 30,1,55,,42775,15,0,10 23 20,1,15,,42781,15,0,13 30,1,15,,42776,15,0,10 23 20,1,15,,42782,15,0,13 30,1,55,,42777,15,0,10 23 20,1,15,,42783,15,0,13 30,1,15,,42778,15,0,10 23 20,1,15,,42785,15,0,13 30,1,4,,42790,15,0,45 3 21,1,66,,42788,15,0,10 23 20,1,3,,42791,15,0,45 3 21,1,27,,42786,15,0,13 30,1,70,,42789,15,0,10 23 20,1,30,,42787,15,0,13 30,1,70,,42722,15,0,10 23 20,1,30,,42723,15,0,13 30,1,70,,42792,15,0,10 23 20,1,35,,42793,15,0,13 30,1,68,,42794,15,0,45 3 21,1
200,'30',658,,42797,15,0,13 30,1,70,,42800,15,0,10 23 20,1,30,,42802,15,0,13 30,1,70,,42801,15,0,10 23 20,1,30,,42803,15,0,13 30,1,65,,42804,15,0,10 23 20,1,25,,42808,15,0,13 30,1,65,,42805,15,0,10 23 20,1,25,,42809,15,0,13 30,1,65,,42806,15,0,10 23 20,1,25,,42810,15,0,10 23 20,1,25,,42807,15,0,10 23 20,1,55,,42811,15,0,13 30,1,15,,42823,15,0,10 23 20,1,15,,42812,15,0,13 30,1,15,,42824,15,0,10 23 20,1,55,,42813,15,0,13 30,1,15,,42825,15,0,10 23 20,1,15,,42814,15,0,13 30,1,15,,42826,15,0,10 23 20,1,55,,42815,15,0,13 30,1,15,,42827,15,0,10 23 20,1,15,,42816,15,0,13 30,1,15,,42828,15,0,10 23 20,1,55,,42817,15,0,13 30,1,15,,42829,15,0,10 23 20,1,15,,42818,15,0,13 30,1,15,,42830,15,0,10 23 20,1,55,,42819,15,0,13 30,1,15,,42831,15,0,10 23 20,1,15,,42820,15,0,13 30,1,15,,42832,15,0,10 23 20,1,55,,42821,15,0,13 30,1,15,,42833,15,0,10 23 20,1,15,,42822,15,0,13 30,1,15,,42834,15,0,10 23 20,1,65,,42837,15,0,13 30,1,4,,42848,15,0,45 3 21,1,21,,42843,15,0,10 23 20,1,65,,42838,15,0,13 30,1,25,,42844,15,0,10 23 20,1,25,,42839,15,0,13 30,1,65,,42845,15,0,10 23 20,1,25,,42840,15,0,13 30,1,65,,42846,15,0,10 23 20,1,25,,42841,15,0,13 30,1,65,,42847,15,0,10 23 20,1,25,,42842,15,0,13 30,1,30,,42796,15,0,10 23 20,1,69,,42795,15,0,45 3 21,1
200,'4',658,,42851,15,0,13 30,1,70,,42854,15,0,10 23 20,1,30,,42856,15,0,13 30,1,70,,42855,15,0,10 23 20,1,30,,42857,15,0,13 30,1,65,,42858,15,0,10 23 20,1,25,,42862,15,0,13 30,1,65,,42859,15,0,10 23 20,1,25,,42863,15,0,13 30,1,65,,42860,15,0,10 23 20,1,25,,42864,15,0,10 23 20,1,25,,42861,15,0,10 23 20,1,55,,42865,15,0,13 30,1,15,,42877,15,0,10 23 20,1,15,,42866,15,0,13 30,1,15,,42878,15,0,10 23 20,1,55,,42867,15,0,13 30,1,15,,42879,15,0,10 23 20,1,15,,42868,15,0,13 30,1,15,,42880,15,0,10 23 20,1,55,,42869,15,0,13 30,1,15,,42881,15,0,10 23 20,1,15,,42870,15,0,13 30,1,15,,42882,15,0,10 23 20,1,55,,42871,15,0,13 30,1,15,,42883,15,0,10 23 20,1,15,,42872,15,0,13 30,1,15,,42884,15,0,10 23 20,1,55,,42873,15,0,13 30,1,15,,42885,15,0,10 23 20,1,15,,42874,15,0,13 30,1,15,,42886,15,0,10 23 20,1,55,,42875,15,0,13 30,1,15,,42887,15,0,10 23 20,1,15,,42876,15,0,13 30,1,15,,42888,15,0,10 23 20,1,65,,42891,15,0,13 30,1,4,,42902,15,0,45 3 21,1,21,,42897,15,0,10 23 20,1,65,,42892,15,0,13 30,1,25,,42898,15,0,10 23 20,1,25,,42893,15,0,13 30,1,65,,42899,15,0,10 23 20,1,25,,42894,15,0,13 30,1,65,,42900,15,0,10 23 20,1,25,,42895,15,0,13 30,1,65,,42901,15,0,10 23 20,1,25,,42896,15,0,13 30,1,30,,42850,15,0,10 23 20,1,69,,42849,15,0,45 3 21,1
901,'2',619,,44696,30,,,1,20,,44697,30,,,1,17,,44698,30,,,1,56,,44699,30,,,1,16,,44700,30,,,1,15,,44701,30,,,1,14,,44702,30,,,1,56,,44703,30,,,1,15,,44704,30,,,1,17,,44705,30,,,1,55,,44706,30,,,1,15,,44707,30,,,1,15,,44708,30,,,1,15,,44709,30,,,1,55,,44710,30,,,1,15,,44711,30,,,1,15,,44712,30,,,1,15,,44713,30,,,1,55,,44714,30,,,1,15,,44715,30,,,1,15,,44716,30,,,1,15,,44717,30,,,1,55,,44718,30,,,1,15,,44719,30,,,1,15,,44720,30,,,1,15,,44721,30,,,1,55,,44722,30,,,1,15,,44723,30,,,1,15,,44724,30,,,1,15,,44725,30,,,1,14,,44726,30,,,1,55,,44727,30,,,1,15,,44728,30,,,1,15,,44729,30,,,1,15,,44730,30,,,1,55,,44731,30,,,1,15,,44732,30,,,1,15,,44733,30,,,1,15,,44734,30,,,1,55,,44735,30,,,1,15,,44736,30,,,1,15,,44737,30,,,1,15,,44738,30,,,1,55,,44739,30,,,1,15,,44740,30,,,1,15,,44741,30,,,1,57,,44742,30,,,1,22,,44743,30,,,1,15,,44744,30,,,1,14,,44745,30,,,1,62,,44746,30,,,1,22,,44747,30,,,1,22,,44748,30,,,1,62,,44749,30,,,1,22,,44750,30,,,1,65,,44751,30,,,1,29,,44752,30,,,1,72,,44753,30,,,1,32,,44754,30,,,1,72,,44755,30,,,1,37,,44756,30,,,1,100,,44757,30,,,1
901,'3',622,,44763,30,,,1,30,,44802,30,,,1,70,,44764,30,,,1,30,,44801,30,,,1,70,,44765,30,,,1,35,,44766,30,,,1,72,,44767,30,,,1,87,,44768,30,,,1,25,,44769,30,,,1,65,,44770,30,,,1,22,,44771,30,,,1,25,,44772,30,,,1,65,,44773,30,,,1,29,,44774,30,,,1,61,,44775,30,,,1,25,,44776,30,,,1,68,,44777,30,,,1,22,,44778,30,,,1,25,,44779,30,,,1,65,,44780,30,,,1,25,,44781,30,,,1,65,,44782,30,,,1,25,,44783,30,,,1,25,,44784,30,,,1,65,,44785,30,,,1,25,,44786,30,,,1,65,,44787,30,,,1,44,,44789,30,,,1,65,,44790,30,,,1,38,,44791,30,,,1,75,,44792,30,,,1,75,,44793,30,,,1,35,,44794,30,,,1,75,,44795,30,,,1,35,,44796,30,,,1,75,,44797,30,,,1,75,,44798,30,,,1
901,'30',702,,44837,30,,,1,35,,44803,30,,,1,75,,44838,30,,,1,35,,44804,30,,,1,75,,44839,30,,,1,33,,44805,30,,,1,73,,44806,30,,,1,73,,44807,30,,,1,33,,44808,30,,,1,79,,44809,30,,,1,28,,44810,30,,,1,63,,44811,30,,,1,23,,44812,30,,,1,23,,44813,30,,,1,63,,44814,30,,,1,23,,44815,30,,,1,23,,44816,30,,,1,63,,44817,30,,,1,23,,44818,30,,,1,63,,44819,30,,,1,23,,44820,30,,,1,24,,44821,30,,,1,63,,44822,30,,,1,23,,44823,30,,,1,65,,44824,30,,,1,17,,44825,30,,,1,19,,44826,30,,,1,70,,44827,30,,,1,30,,44828,30,,,1,70,,44829,30,,,1,30,,44830,30,,,1,70,,44831,30,,,1,30,,44832,30,,,1,70,,44833,30,,,1,41,,44834,30,,,1,58,,44835,30,,,1
901,'4',702,,44874,30,,,1,35,,44840,30,,,1,75,,44875,30,,,1,35,,44841,30,,,1,75,,44876,30,,,1,33,,44842,30,,,1,73,,44843,30,,,1,73,,44844,30,,,1,33,,44845,30,,,1,79,,44846,30,,,1,28,,44847,30,,,1,63,,44848,30,,,1,23,,44849,30,,,1,23,,44850,30,,,1,63,,44851,30,,,1,23,,44852,30,,,1,23,,44853,30,,,1,63,,44854,30,,,1,23,,44855,30,,,1,63,,44856,30,,,1,23,,44857,30,,,1,24,,44858,30,,,1,63,,44859,30,,,1,23,,44860,30,,,1,65,,44861,30,,,1,17,,44862,30,,,1,19,,44863,30,,,1,70,,44864,30,,,1,30,,44865,30,,,1,70,,44866,30,,,1,30,,44867,30,,,1,70,,44868,30,,,1,30,,44869,30,,,1,70,,44870,30,,,1,41,,44871,30,,,1,58,,44872,30,,,1
1201,'2',620,,45371,29,,,1,31,,45370,29,,,1,70,,45372,29,,,1,28,,45373,29,,,1,70,,45374,29,,,1,30,,45375,29,,,1,70,,45376,29,,,1,31,,45377,29,,,1,70,,45378,29,,,1,30,,45379,29,,,1,70,,45380,29,,,1,30,,45381,29,,,1,70,,45382,29,,,1,30,,45383,29,,,1,70,,45384,29,,,1,30,,45385,29,,,1,70,,45386,29,,,1,23,,45387,29,,,1,57,,45388,29,,,1,25,,45389,29,,,1,25,,45390,29,,,1,65,,45391,29,,,1,27,,45392,29,,,1,65,,45393,29,,,1,25,,45394,29,,,1,25,,45395,29,,,1,65,,45396,29,,,1,29,,45398,29,,,1,70,,45399,29,,,1,30,,45400,29,,,1,70,,45401,29,,,1,30,,45402,29,,,1,70,,45407,29,,,1,30,,45406,29,,,1,69,,45408,29,,,1,31,,45403,29,,,1,70,,45409,29,,,1,29,,45404,29,,,1
1201,'3',623,,45411,29,,,1,30,,45433,29,,,1,70,,45412,29,,,1,30,,45432,29,,,1,70,,45413,29,,,1,30,,45431,29,,,1,65,,45414,29,,,1,25,,45430,29,,,1,70,,45415,29,,,1,30,,45429,29,,,1,70,,45416,29,,,1,30,,45428,29,,,1,70,,45417,29,,,1,35,,45427,29,,,1,75,,45418,29,,,1,35,,45419,29,,,1,75,,45420,29,,,1,75,,45421,29,,,1,35,,45422,29,,,1,75,,45423,29,,,1,35,,45424,29,,,1,76,,45425,29,,,1,25,,45426,29,,,1,73,,45434,29,,,1,27,,45440,29,,,1,73,,45435,29,,,1,27,,45441,29,,,1,73,,45436,29,,,1,27,,45442,29,,,1,72,,45437,29,,,1,27,,45443,29,,,1,73,,45438,29,,,1,27,,45444,29,,,1,73,,45439,29,,,1,27,,45445,29,,,1,65,,45446,29,,,1
1201,'30',824,,45462,29,,,1,30,,45461,29,,,1,70,,45463,29,,,1,23,,45448,29,,,1,70,,45464,29,,,1,30,,45460,29,,,1,70,,45465,29,,,1,24,,45459,29,,,1,70,,45466,29,,,1,24,,45458,29,,,1,24,,45467,29,,,1,71,,45457,29,,,1,24,,45468,29,,,1,70,,45456,29,,,1,30,,45469,29,,,1,70,,45455,29,,,1,30,,45470,29,,,1,70,,45454,29,,,1,30,,45471,29,,,1,70,,45453,29,,,1,30,,45472,29,,,1,70,,45452,29,,,1,30,,45473,29,,,1,70,,45451,29,,,1,30,,45474,29,,,1,70,,45450,29,,,1,30,,45475,29,,,1,70,,45447,29,,,1,30,,45476,29,,,1
1201,'4',824,,45492,29,,,1,30,,45491,29,,,1,70,,45493,29,,,1,23,,45478,29,,,1,70,,45494,29,,,1,30,,45490,29,,,1,70,,45495,29,,,1,24,,45489,29,,,1,70,,45496,29,,,1,24,,45488,29,,,1,24,,45497,29,,,1,71,,45487,29,,,1,24,,45498,29,,,1,70,,45486,29,,,1,30,,45499,29,,,1,70,,45485,29,,,1,30,,45500,29,,,1,70,,45484,29,,,1,30,,45501,29,,,1,70,,45483,29,,,1,30,,45502,29,,,1,70,,45482,29,,,1,30,,45503,29,,,1,70,,45481,29,,,1,30,,45504,29,,,1,70,,45480,29,,,1,30,,45505,29,,,1,70,,45477,29,,,1,30,,45506,29,,,1
1901,'2',659,,47179,66,,,1,79,,47180,66,,,1,67,,47181,66,,,1,27,,47182,66,,,1,69,,47183,66,,,1,25,,47184,66,,,1,27,,47185,66,,,1,67,,47186,66,,,1,27,,47187,66,,,1,67,,47188,66,,,1,27,,47189,66,,,1,67,,47190,66,,,1,27,,47191,66,,,1,67,,47192,66,,,1,27,,47193,66,,,1,24,,47194,66,,,1,67,,47195,66,,,1,27,,47196,66,,,1,71,,47197,66,,,1,27,,47198,66,,,1,70,,47199,66,,,1,28,,47200,66,,,1,69,,47201,66,,,1,28,,47202,66,,,1,68,,47203,66,,,1,28,,47204,66,,,1,68,,47205,66,,,1,24,,47206,66,,,1,27,,47207,66,,,1,67,,47208,66,,,1,27,,47209,66,,,1,67,,47210,66,,,1,27,,47211,66,,,1,60,,47212,66,,,1,27,,47213,66,,,1,27,,47214,66,,,1,76,,47215,66,,,1,12,,47216,66,,,1,85,,47217,66,,,1
1901,'3',830,,47218,50,,,1,72,,47220,66,,,1,32,,47221,66,,,1,72,,47222,66,,,1,32,,47223,66,,,1,72,,47224,66,,,1,32,,47225,66,,,1,72,,47226,66,,,1,32,,47227,66,,,1,72,,47228,66,,,1,32,,47229,66,,,1,70,,47230,66,,,1,27,,47231,66,,,1,64,,47232,66,,,1,27,,47233,66,,,1,67,,47234,66,,,1,27,,47235,66,,,1,27,,47236,66,,,1,67,,47237,66,,,1,27,,47238,66,,,1,5,,47239,66,0,9 3 37,1,74,,47240,66,,,1,72,,47241,66,,,1,32,,47242,66,,,1,72,,47243,66,,,1,32,,47244,66,,,1,72,,47245,66,,,1,35,,47246,66,,,1,69,,47247,66,0,9 3 37,1,26,,47248,66,0,9 3 37,1,13,,47219,66,0,9 3 37,1
1901,'30',907,,47270,66,,,1,35,,47250,66,,,1,75,,47264,66,,,1,35,,47251,66,,,1,74,,47252,66,,,1,81,,47253,66,,,1,40,,47268,66,,,1,80,,47254,66,,,1,80,,47255,66,,,1,40,,47256,66,,,1,80,,47257,66,,,1,80,,47265,66,,,1,40,,47258,66,,,1,75,,47259,66,,,1,35,,47269,66,,,1,76,,47260,66,,,1,75,,47261,66,,,1,35,,47266,66,,,1,65,,47267,66,0,9 3 37,1
1901,'4',907,,47291,66,,,1,35,,47271,66,,,1,75,,47285,66,,,1,35,,47272,66,,,1,74,,47273,66,,,1,81,,47274,66,,,1,40,,47289,66,,,1,80,,47275,66,,,1,80,,47276,66,,,1,40,,47277,66,,,1,80,,47278,66,,,1,80,,47286,66,,,1,40,,47279,66,,,1,75,,47280,66,,,1,35,,47290,66,,,1,76,,47281,66,,,1,75,,47282,66,,,1,35,,47287,66,,,1,65,,47288,66,0,9 3 37,1
2000,'2',621,,47293,34,,,1,23,,47296,34,,,1,74,,47294,34,,,1,15,,47295,34,,,1,15,,47297,34,,,1,55,,47319,34,,,1,15,,47320,34,,,1,15,,47321,34,,,1,15,,47322,34,,,1,55,,47323,34,,,1,15,,47324,34,,,1,15,,47325,34,,,1,15,,47326,34,,,1,55,,47327,34,,,1,15,,47328,34,,,1,15,,47329,34,,,1,15,,47330,34,,,1,55,,47331,34,,,1,10,,47332,34,,,1,15,,47333,34,,,1,15,,47334,34,,,1,15,,47335,34,,,1,55,,47336,34,,,1,15,,47337,34,,,1,15,,47338,34,,,1,15,,47339,34,,,1,55,,47340,34,,,1,15,,47341,34,,,1,15,,47342,34,,,1,10,,47343,34,,,1,55,,47344,34,,,1,15,,47345,34,,,1,15,,47346,34,,,1,15,,47347,34,,,1,55,,47348,34,,,1,15,,47349,34,,,1,15,,47350,34,,,1,15,,47351,34,,,1,55,,47352,34,,,1,15,,47353,34,,,1,15,,47354,34,,,1,15,,47355,34,,,1,55,,47356,34,,,1,19,,47357,34,,,1,21,,47298,34,,,1,55,,47300,34,,,1,16,,47301,34,,,1,16,,47302,34,,,1,13,,47311,34,,,1,53,,47303,34,,,1,15,,47304,34,,,1,20,,47305,34,,,1,72,,47306,34,,,1,13,,47307,34,,,1,27,,47308,34,,,1,66,,47309,34,,,1,19,,47312,34,,,1,71,,47313,34,,,1,26,,47314,34,,,1,26,,47315,34,,,1,66,,47292,34,,,1,30,,47317,34,,,1,65,,47318,34,,,1,12,,47358,34,0,36,1,25,,47316,34,,,1,57,,47359,34,0,36,1
2000,'3',628,,47361,34,,,1,26,,47364,34,,,1,70,,47365,34,,,1,81,,47366,34,,,1,27,,47367,34,,,1,26,,47368,34,,,1,66,,47369,34,,,1,26,,47370,34,,,1,72,,47371,34,,,1,22,,47372,34,,,1,60,,47373,34,,,1,20,,47374,34,,,1,20,,47375,34,,,1,60,,47376,34,,,1,20,,47377,34,,,1,22,,47378,34,,,1,60,,47379,34,,,1,20,,47380,34,,,1,20,,47381,34,,,1,60,,47382,34,,,1,20,,47383,34,,,1,19,,47384,34,,,1,60,,47385,34,,,1,20,,47386,34,,,1,20,,47387,34,,,1,60,,47388,34,,,1,20,,47389,34,,,1,20,,47390,34,,,1,60,,47391,34,,,1,20,,47392,34,,,1,20,,47393,34,,,1,14,,47394,34,,,1,60,,47395,34,,,1,24,,47396,34,,,1,67,,47397,34,,,1,27,,47398,34,,,1,67,,47399,34,,,1,27,,47400,34,,,1,27,,47401,34,,,1,67,,47402,34,,,1,23,,47403,34,,,1,67,,47404,34,,,1,27,,47405,34,,,1,67,,47406,34,,,1,27,,47407,34,,,1,21,,47408,34,,,1,59,,47409,34,,,1,42,,47363,34,,,1
2000,'30',653,,47411,34,,,1,82,,47412,34,,,1,85,,47413,34,,,1,87,,47414,34,,,1,30,,47415,34,,,1,66,,47416,34,,,1,25,,47417,34,,,1,26,,47418,34,,,1,67,,47419,34,,,1,26,,47420,34,,,1,66,,47421,34,,,1,27,,47422,34,,,1,66,,47423,34,,,1,26,,47424,34,,,1,26,,47425,34,,,1,66,,47426,34,,,1,26,,47427,34,,,1,66,,47428,34,,,1,26,,47429,34,,,1,66,,47430,34,,,1,26,,47431,34,,,1,66,,47432,34,,,1,26,,47433,34,,,1,26,,47434,34,,,1,65,,47435,34,,,1,25,,47436,34,,,1,65,,47437,34,,,1,25,,47438,34,,,1,25,,47439,34,,,1,65,,47440,34,,,1,25,,47441,34,,,1,65,,47442,34,,,1,25,,47443,34,,,1,66,,47444,34,,,1,21,,47445,34,,,1,20,,47446,34,,,1,70,,47410,34,0,36,1
2000,'4',653,,47448,34,,,1,82,,47449,34,,,1,85,,47450,34,,,1,87,,47451,34,,,1,30,,47452,34,,,1,66,,47453,34,,,1,25,,47454,34,,,1,26,,47455,34,,,1,67,,47456,34,,,1,26,,47457,34,,,1,66,,47458,34,,,1,27,,47459,34,,,1,66,,47460,34,,,1,26,,47461,34,,,1,26,,47462,34,,,1,66,,47463,34,,,1,26,,47464,34,,,1,66,,47465,34,,,1,26,,47466,34,,,1,66,,47467,34,,,1,26,,47468,34,,,1,66,,47469,34,,,1,26,,47470,34,,,1,26,,47471,34,,,1,65,,47472,34,,,1,25,,47473,34,,,1,65,,47474,34,,,1,25,,47475,34,,,1,25,,47476,34,,,1,65,,47477,34,,,1,25,,47478,34,,,1,65,,47479,34,,,1,25,,47480,34,,,1,66,,47481,34,,,1,21,,47482,34,,,1,20,,47483,34,,,1,70,,47447,34,0,36,1
10601,'11802',857,,50671,15,,,1,689,,50669,15,,,1,90,,50670,15,,,1
10601,'3302',736,,50672,15,,,1,20,,50686,15,,,1,65,,50673,15,,,1,20,,50687,15,,,1,65,,50674,15,,,1,20,,50688,15,,,1,25,,50675,15,,,1,65,,50699,15,,,1,20,,50676,15,,,1,65,,50689,15,,,1,20,,50677,15,,,1,20,,50690,15,,,1,65,,50678,15,,,1,21,,50691,15,,,1,25,,50679,15,,,1,60,,50692,15,,,1,25,,50680,15,,,1,20,,50693,15,,,1,66,,50681,15,,,1,20,,50694,15,,,1,65,,50682,15,,,1,20,,50695,15,,,1,25,,50683,15,,,1,60,,50696,15,,,1,30,,50684,15,,,1,60,,50697,15,,,1,10,,50700,15,,,1,25,,50685,15,,,1,20,,50698,15,,,1,50,,50701,15,,,1,20,,50715,15,,,1,19,,50702,15,,,1,58,,50706,15,,,1,22,,50703,15,,,1,18,,50707,15,,,1,62,,50704,15,,,1,18,,50708,15,,,1,22,,50705,15,,,1,58,,50714,15,,,1,38,,50709,15,,,1,81,,50710,15,,,1,80,,50711,15,,,1,40,,50712,15,,,1,74,,50713,15,,,1
10601,'3602',746,,50716,15,,,1,60,,50730,15,,,1,25,,50717,15,,,1,20,,50731,15,,,1,65,,50718,15,,,1,20,,50732,15,,,1,65,,50719,15,,,1,25,,50733,15,,,1,20,,50720,15,,,1,65,,50734,15,,,1,20,,50721,15,,,1,20,,50735,15,,,1,66,,50722,15,,,1,20,,50736,15,,,1,65,,50723,15,,,1,20,,50737,15,,,1,25,,50724,15,,,1,60,,50738,15,,,1,26,,50725,15,,,1,20,,50739,15,,,1,65,,50726,15,,,1,20,,50740,15,,,1,65,,50727,15,,,1,25,,50741,15,,,1,25,,50728,15,,,1,75,,50742,15,,,1,20,,50729,15,,,1,70,,50750,15,,,1,20,,50743,15,,,1,18,,50744,15,,,1,60,,50745,15,,,1,21,,50746,15,,,1,18,,50747,15,,,1,62,,50748,15,,,1,18,,50751,15,,,1,20,,50749,15,,,1
10601,'3903',1134,,50752,15,,,1,86,,50753,15,,,1,80,,50754,15,,,1,40,,50755,15,,,1,81,,50756,15,,,1,85,,50757,15,,,1,45,,50758,15,,,1,90,,50759,15,,,1,90,,50760,15,,,1,84,,50761,15,,,1,40,,50762,15,,,1,80,,50763,15,,,1,80,,50764,15,,,1,40,,50765,15,,,1,79,,50766,15,,,1,80,,50767,15,,,1,39,,50768,15,,,1
10601,'6404',1134,,50769,15,,,1,86,,50770,15,,,1,80,,50771,15,,,1,40,,50772,15,,,1,81,,50773,15,,,1,85,,50774,15,,,1,45,,50775,15,,,1,90,,50776,15,,,1,90,,50777,15,,,1,84,,50778,15,,,1,40,,50779,15,,,1,80,,50780,15,,,1,80,,50781,15,,,1,40,,50782,15,,,1,79,,50783,15,,,1,80,,50784,15,,,1
