600,'2',608,,43919,26,,,1,28,,43918,26,,,1,81,,43920,26,,,1,25,,43921,26,,,1,60,,43922,26,,,1,25,,43923,26,,,1,25,,43924,26,,,1,66,,43925,26,,,1,30,,43926,26,,,1,70,,43927,26,,,1,25,,43928,26,,,1,70,,43929,26,,,1,30,,43930,26,,,1,70,,43931,26,,,1,25,,43932,26,,,1,70,,43933,26,,,1,30,,43934,26,,,1,70,,43935,26,,,1,30,,43936,26,,,1,65,,43937,26,,,1,30,,43938,26,,,1,25,,43939,26,,,1,71,,43940,26,,,1,30,,43941,26,,,1,70,,43942,26,,,1,30,,43943,26,,,1,63,,43944,26,,,1,25,,43945,26,,,1,65,,43946,26,,,1,25,,43947,26,,,1,65,,43948,26,,,1,25,,43949,26,,,1,24,,43950,26,,,1,64,,43951,26,,,1,25,,43952,26,,,1,65,,43953,26,,,1,25,,43954,26,,,1,25,,43955,26,,,1,65,,43956,26,,,1,25,,43957,26,,,1,67,,43958,26,,,1,25,,43959,26,,,1,69,,43960,26,,,1
600,'3',602,,43961,9,,,1,33,,43962,26,,,1,67,,43963,26,,,1,35,,43964,26,,,1,75,,43965,26,,,1,35,,43966,26,,,1,75,,43967,26,,,1,26,,43969,9,,,1,9,,43968,26,,,1,72,,43970,26,,,1,28,,43971,26,,,1,65,,43972,26,,,1,25,,43973,26,,,1,64,,43974,26,,,1,18,,43975,26,,,1,20,,43976,26,,,1,58,,43977,26,,,1,20,,43978,26,,,1,19,,43979,26,,,1,61,,43980,26,,,1,20,,43981,26,,,1,20,,43982,26,,,1,60,,43983,26,,,1,20,,43984,26,,,1,20,,43985,26,,,1,60,,43986,26,,,1,20,,43987,26,,,1,20,,43988,26,,,1,60,,43989,26,,,1,20,,43990,26,,,1,20,,43991,26,,,1,60,,43992,26,,,1,20,,43993,26,,,1,15,,43994,26,,,1,65,,43995,26,,,1,25,,43996,26,,,1,25,,43997,26,,,1,65,,43998,26,,,1,25,,43999,26,,,1,65,,44000,26,,,1,25,,44001,26,,,1,79,,44002,26,,,1,33,,44003,26,,,1,76,,44004,26,,,1,76,,44005,26,,,1,36,,44006,26,,,1,69,,44007,26,,,1
600,'30',856,,44008,9,,,1,68,,44009,9,,,1,35,,44010,26,,,1,75,,44011,26,,,1,75,,44012,26,,,1,35,,44013,26,,,1,70,,44014,9,,,1,15,,44015,26,,,1,74,,44016,26,,,1,25,,44017,26,,,1,25,,44018,26,,,1,65,,44019,26,,,1,25,,44020,26,,,1,65,,44021,26,,,1,25,,44022,26,,,1,25,,44023,26,,,1,65,,44024,26,,,1,25,,44025,26,,,1,65,,44026,26,,,1,26,,44027,26,,,1,63,,44028,26,,,1,25,,44029,26,,,1,77,,44030,26,,,1,35,,44031,26,,,1,75,,44032,26,,,1,35,,44033,26,,,1,75,,44034,26,,,1,35,,44035,26,,,1,73,,44036,26,,,1,74,,44037,26,,,1
600,'4',856,,44038,9,,,1,68,,44039,9,,,1,35,,44040,26,,,1,75,,44041,26,,,1,75,,44042,26,,,1,35,,44043,26,,,1,70,,44067,9,,,1,15,,44044,26,,,1,74,,44045,26,,,1,25,,44046,26,,,1,25,,44047,26,,,1,65,,44048,26,,,1,25,,44049,26,,,1,65,,44050,26,,,1,25,,44051,26,,,1,25,,44052,26,,,1,65,,44053,26,,,1,25,,44054,26,,,1,65,,44055,26,,,1,26,,44056,26,,,1,63,,44057,26,,,1,25,,44058,26,,,1,77,,44059,26,,,1,35,,44060,26,,,1,75,,44061,26,,,1,35,,44062,26,,,1,75,,44063,26,,,1,35,,44064,26,,,1,73,,44065,26,,,1,74,,44066,26,,,1
1301,'11802',803,,45714,29,,,1,816,,45715,29,,,1,96,,45716,29,,,1
1301,'2',636,,45717,55,0,10 14 20,1,7,,45718,29,,,1,15,,45719,55,0,10 14 20,1,57,,45720,29,,,1,10,,45721,55,0,10 14 20,1,15,,45722,29,,,1,15,,45723,55,0,10 14 20,1,55,,45724,29,,,1,15,,45725,55,0,10 14 20,1,15,,45726,29,,,1,15,,45727,55,0,10 14 20,1,56,,45728,29,,,1,10,,45729,55,0,10 14 20,1,15,,45730,33,,,1,15,,45731,55,0,10 14 20,1,55,,45732,33,,,1,15,,45733,55,0,10 14 20,1,15,,45734,33,,,1,15,,45735,55,0,10 14 20,1,55,,45736,33,,,1,10,,45737,55,0,10 14 20,1,15,,45738,33,,,1,15,,45739,55,0,10 14 20,1,55,,45740,33,,,1,16,,45741,55,0,10 14 20,1,15,,45742,33,,,1,15,,45743,55,0,10 14 20,1,55,,45744,33,,,1,15,,45745,55,0,10 14 20,1,15,,45746,33,,,1,15,,45747,55,0,10 14 20,1,55,,45748,33,,,1,15,,45749,55,0,10 14 20,1,15,,45750,29,,,1,15,,45751,55,0,10 14 20,1,55,,45752,29,,,1,15,,45753,55,0,10 14 20,1,15,,45754,29,,,1,21,,45755,55,0,10 14 20,1,55,,45756,29,,,1,17,,45757,55,0,10 14 20,1,15,,45758,29,,,1,15,,45759,55,0,10 14 20,1,55,,45760,29,,,1,13,,45761,55,0,10 14 20,1,13,,45762,29,,,1,15,,45763,55,0,10 14 20,1,54,,45764,29,,,1,12,,45765,55,0,10 14 20,1,20,,45767,29,,,1,20,,45771,29,,,1,60,,45768,55,0,10 14 20,1,15,,45772,29,,,1,15,,45769,55,0,10 14 20,1,60,,45773,29,,,1,20,,45770,55,0,10 14 20,1,20,,45774,29,,,1,60,,45775,55,0,10 14 20,1,25,,45778,29,,,1,70,,45776,55,0,10 14 20,1,30,,45779,29,,,1,25,,45777,55,0,10 14 20,1,65,,45780,29,,,1,18,,45781,55,0,10 14 20,1,74,,45783,29,,,1,29,,45782,55,0,10 14 20,1,64,,45784,29,,,1
1301,'3',634,,45785,55,0,10 14 20,1,75,,45786,29,,,1,35,,45787,55,0,10 14 20,1,62,,45788,29,,,1,16,,45792,55,0,10 14 20,1,16,,45789,29,,,1,16,,45793,55,0,10 14 20,1,56,,45790,29,,,1,16,,45794,29,,,1,16,,45791,55,0,10 14 20,1,16,,45795,29,,,1,56,,45796,55,0,10 14 20,1,15,,45797,29,,,1,10,,45813,55,0,10 14 20,1,15,,45798,29,,,1,55,,45814,55,0,10 14 20,1,15,,45799,29,,,1,15,,45815,55,0,10 14 20,1,15,,45800,29,,,1,56,,45816,55,0,10 14 20,1,15,,45801,29,,,1,15,,45817,55,0,10 14 20,1,15,,45802,29,,,1,55,,45818,55,0,10 14 20,1,15,,45803,29,,,1,10,,45819,55,0,10 14 20,1,15,,45804,29,,,1,55,,45820,55,0,10 14 20,1,15,,45805,29,,,1,15,,45821,55,0,10 14 20,1,15,,45806,29,,,1,55,,45822,55,0,10 14 20,1,15,,45807,29,,,1,15,,45823,55,0,10 14 20,1,15,,45808,29,,,1,50,,45824,55,0,10 14 20,1,15,,45809,29,,,1,15,,45825,55,0,10 14 20,1,15,,45810,29,,,1,55,,45826,55,0,10 14 20,1,15,,45811,29,,,1,15,,45827,55,0,10 14 20,1,15,,45812,29,,,1,55,,45828,55,0,10 14 20,1,15,,45833,29,,,1,15,,45829,55,0,10 14 20,1,15,,45834,29,,,1,60,,45830,55,0,10 14 20,1,20,,45835,29,,,1,20,,45831,55,0,10 14 20,1,60,,45836,29,,,1,20,,45832,55,0,10 14 20,1,20,,45837,29,,,1,60,,45838,55,0,10 14 20,1,24,,45842,29,,,1,30,,45839,55,0,10 14 20,1,70,,45843,29,,,1,20,,45840,55,0,10 14 20,1,65,,45844,29,,,1,30,,45841,55,0,10 14 20,1,69,,45845,29,,,1,42,,45847,55,0,10 14 20,1,51,,45846,29,,,1
1301,'30',708,,45869,55,0,10 14 20,1,35,,45871,29,,,1,75,,45870,55,0,10 14 20,1,35,,45872,29,,,1,69,,45873,11,,,1,6,,45868,55,0,10 14 20,1,30,,45867,29,,,1,71,,45856,55,0,10 14 20,1,30,,45866,29,,,1,65,,45855,55,0,10 14 20,1,30,,45865,29,,,1,70,,45854,55,0,10 14 20,1,30,,45864,29,,,1,70,,45853,55,0,10 14 20,1,30,,45863,29,,,1,70,,45852,55,0,10 14 20,1,30,,45862,29,,,1,70,,45851,55,0,10 14 20,1,30,,45861,29,,,1,65,,45850,55,0,10 14 20,1,30,,45860,29,,,1,70,,45849,55,0,10 14 20,1,30,,45859,29,,,1,70,,45848,55,0,10 14 20,1,28,,45858,29,,,1,65,,45874,55,0,10 14 20,1,30,,45878,29,,,1,65,,45875,55,0,10 14 20,1,25,,45879,29,,,1,15,,45876,55,0,10 14 20,1,70,,45880,29,,,1,30,,45877,55,0,10 14 20,1,71,,45881,29,,,1,37,,45882,55,0,10 14 20,1,51,,45857,29,,,1
1301,'4',708,,45904,55,0,10 14 20,1,35,,45906,29,,,1,75,,45905,55,0,10 14 20,1,35,,45907,29,,,1,69,,45908,11,,,1,6,,45903,55,0,10 14 20,1,30,,45902,29,,,1,71,,45891,55,0,10 14 20,1,30,,45901,29,,,1,65,,45890,55,0,10 14 20,1,30,,45900,29,,,1,70,,45889,55,0,10 14 20,1,30,,45899,29,,,1,70,,45888,55,0,10 14 20,1,30,,45898,29,,,1,70,,45887,55,0,10 14 20,1,30,,45897,29,,,1,70,,45886,55,0,10 14 20,1,30,,45896,29,,,1,65,,45885,55,0,10 14 20,1,30,,45895,29,,,1,70,,45884,55,0,10 14 20,1,30,,45894,29,,,1,70,,45883,55,0,10 14 20,1,28,,45893,29,,,1,65,,45909,55,0,10 14 20,1,30,,45913,29,,,1,65,,45910,55,0,10 14 20,1,25,,45914,29,,,1,15,,45911,55,0,10 14 20,1,70,,45915,29,,,1,30,,45912,55,0,10 14 20,1,71,,45916,29,,,1,37,,45917,55,0,10 14 20,1,51,,45892,29,,,1
10600,'11802',829,,50550,11,,,1,85,,50551,11,,,1,690,,50552,11,,,1,52,,50553,11,,,1
10600,'3302',712,,50554,11,,,1,20,,50569,11,,,1,21,,50555,11,,,1,60,,50570,11,,,1,25,,50556,11,,,1,20,,50571,11,,,1,65,,50557,11,,,1,20,,50572,11,,,1,65,,50558,11,,,1,25,,50573,11,,,1,20,,50559,11,,,1,65,,50574,11,,,1,20,,50560,11,,,1,20,,50575,11,,,1,65,,50561,11,,,1,21,,50576,11,,,1,65,,50562,11,,,1,20,,50577,11,,,1,25,,50563,11,,,1,61,,50578,11,,,1,26,,50564,11,,,1,60,,50579,11,,,1,25,,50565,11,,,1,20,,50580,11,,,1,65,,50566,11,,,1,22,,50581,11,,,1,70,,50567,11,,,1,20,,50582,11,,,1,10,,50584,11,,,1,25,,50568,11,,,1,57,,50583,11,,,1,10,,50585,11,,,1,20,,50590,11,,,1,59,,50586,11,,,1,18,,50591,11,,,1,22,,50587,11,,,1,58,,50592,11,,,1,22,,50588,11,,,1,18,,50593,11,,,1,62,,50589,11,,,1,17,,50594,11,,,1,38,,50595,11,,,1,81,,50596,11,,,1,80,,50597,11,,,1,80,,50598,11,,,1
10600,'3602',722,,50599,11,,,1,20,,50614,11,,,1,61,,50600,11,,,1,20,,50615,11,,,1,25,,50601,11,,,1,60,,50616,11,,,1,25,,50602,11,,,1,20,,50617,11,,,1,65,,50603,11,,,1,25,,50618,11,,,1,60,,50604,11,,,1,25,,50619,11,,,1,20,,50605,11,,,1,60,,50620,11,,,1,26,,50606,11,,,1,20,,50621,11,,,1,65,,50607,11,,,1,20,,50622,11,,,1,65,,50608,11,,,1,21,,50623,11,,,1,26,,50609,11,,,1,60,,50624,11,,,1,25,,50610,11,,,1,20,,50625,11,,,1,67,,50611,11,,,1,25,,50626,11,,,1,65,,50612,11,,,1,35,,50627,11,,,1,60,,50613,11,,,1,27,,50628,11,,,1,20,,50629,11,,,1,58,,50630,11,,,1,20,,50631,11,,,1,21,,50632,11,,,1,58,,50633,11,,,1,22,,50634,11,,,1,18,,50635,11,,,1
10600,'3903',1110,,50636,11,,,1,41,,50637,11,,,1,86,,50638,11,,,1,80,,50639,11,,,1,40,,50640,11,,,1,82,,50641,11,,,1,85,,50642,11,,,1,85,,50643,11,,,1,92,,50644,11,,,1,50,,50645,11,,,1,81,,50646,11,,,1,80,,50647,11,,,1,40,,50648,11,,,1,80,,50649,11,,,1,79,,50650,11,,,1,39,,50651,11,,,1,80,,50652,11,,,1
10600,'6404',1110,,50653,11,,,1,41,,50654,11,,,1,86,,50655,11,,,1,80,,50656,11,,,1,40,,50657,11,,,1,82,,50658,11,,,1,85,,50659,11,,,1,85,,50660,11,,,1,92,,50661,11,,,1,50,,50662,11,,,1,81,,50663,11,,,1,80,,50664,11,,,1,40,,50665,11,,,1,80,,50666,11,,,1,79,,50667,11,,,1,39,,50668,11,,,1
