401,'11802',726,,43532,47,0,13 40 41,1,82,,43531,47,0,13 40 41,1
401,'2',601,,43559,41,0,10 40 41,1,36,,43558,47,0,13 40 41,1,11,,43600,41,0,10 40 41,1,71,,43557,41,0,10 40 41,1,15,,43556,47,0,13 40 41,1,10,,43555,13,,,1,57,,43554,41,0,10 40 41,1,15,,43553,41,0,10 40 41,1,15,,43552,47,0,13 40 41,1,15,,43551,41,0,10 40 41,1,55,,43550,47,0,13 40 41,1,15,,43549,41,0,10 40 41,1,15,,43548,47,0,13 40 41,1,15,,43547,41,0,10 40 41,1,55,,43546,47,0,13 40 41,1,20,,43545,41,0,10 40 41,1,20,,43544,47,0,13 40 41,1,60,,43543,41,0,10 40 41,1,20,,43542,47,0,13 40 41,1,21,,43541,41,0,10 40 41,1,60,,43540,47,0,13 40 41,1,20,,43539,41,0,10 40 41,1,20,,43538,47,0,13 40 41,1,60,,43537,41,0,10 40 41,1,20,,43536,47,0,13 40 41,1,20,,43535,41,0,10 40 41,1,60,,43534,47,0,13 40 41,1,21,,43533,41,0,10 40 41,1,15,,43562,47,0,13 40 41,1,19,,43570,41,0,10 40 41,1,55,,43563,47,0,13 40 41,1,15,,43571,41,0,10 40 41,1,15,,43564,47,0,13 40 41,1,15,,43572,41,0,10 40 41,1,56,,43565,47,0,13 40 41,1,15,,43573,41,0,10 40 41,1,15,,43566,47,0,13 40 41,1,15,,43574,41,0,10 40 41,1,55,,43567,47,0,13 40 41,1,15,,43575,41,0,10 40 41,1,15,,43568,47,0,13 40 41,1,15,,43576,41,0,10 40 41,1,50,,43569,47,0,13 40 41,1,17,,43579,41,0,10 40 41,1,21,,43584,47,0,13 40 41,1,60,,43580,41,0,10 40 41,1,20,,43585,47,0,13 40 41,1,20,,43581,41,0,10 40 41,1,60,,43586,47,0,13 40 41,1,20,,43582,41,0,10 40 41,1,20,,43587,47,0,13 40 41,1,68,,43583,41,0,10 40 41,1,33,,43588,47,0,13 40 41,1,70,,43591,41,0,10 40 41,1,30,,43589,47,0,13 40 41,1,70,,43592,41,0,10 40 41,1,30,,43590,47,0,13 40 41,1,70,,43593,41,0,10 40 41,1,90,,43594,47,0,13 40 41,1
401,'3',636,,43601,41,0,10 40 41,1,70,,43602,47,0,13 40 41,1,20,,43609,41,0,10 40 41,1,30,,43603,47,0,13 40 41,1,71,,43610,41,0,10 40 41,1,30,,43604,47,0,13 40 41,1,70,,43611,41,0,10 40 41,1,30,,43605,47,0,13 40 41,1,72,,43612,41,0,10 40 41,1,30,,43606,47,0,13 40 41,1,70,,43613,41,0,10 40 41,1,30,,43607,47,0,13 40 41,1,70,,43614,41,0,10 40 41,1,30,,43608,47,0,13 40 41,1,66,,43615,41,0,10 40 41,1,27,,43621,47,0,13 40 41,1,66,,43616,41,0,10 40 41,1,25,,43622,47,0,13 40 41,1,65,,43617,41,0,10 40 41,1,25,,43623,47,0,13 40 41,1,25,,43618,41,0,10 40 41,1,65,,43624,47,0,13 40 41,1,25,,43619,41,0,10 40 41,1,65,,43625,47,0,13 40 41,1,25,,43620,41,0,10 40 41,1,65,,43633,47,0,13 40 41,1,24,,43629,41,0,10 40 41,1,25,,43634,47,0,13 40 41,1,65,,43630,41,0,10 40 41,1,25,,43635,47,0,13 40 41,1,65,,43631,41,0,10 40 41,1,25,,43636,47,0,13 40 41,1,25,,43632,41,0,10 40 41,1,64,,43637,47,0,13 40 41,1,17,,43638,41,0,10 40 41,1,70,,43642,47,0,13 40 41,1,30,,43639,41,0,10 40 41,1,70,,43643,47,0,13 40 41,1,30,,43640,41,0,10 40 41,1,70,,43644,47,0,13 40 41,1,28,,43641,41,0,10 40 41,1,72,,43627,47,0,13 40 41,1
401,'30',706,,43677,41,0,10 40 41,1,45,,43676,47,0,13 40 41,1,85,,43675,41,0,10 40 41,1,86,,43646,47,0,13 40 41,1,85,,43647,41,0,10 40 41,1,30,,43648,47,0,13 40 41,1,64,,43649,41,0,10 40 41,1,30,,43650,47,0,13 40 41,1,27,,43651,41,0,10 40 41,1,71,,43652,47,0,13 40 41,1,29,,43653,41,0,10 40 41,1,72,,43654,47,0,13 40 41,1,70,,43655,41,0,10 40 41,1,30,,43656,47,0,13 40 41,1,70,,43657,41,0,10 40 41,1,30,,43658,47,0,13 40 41,1,70,,43659,41,0,10 40 41,1,30,,43660,47,0,13 40 41,1,70,,43661,41,0,10 40 41,1,29,,43662,47,0,13 40 41,1,30,,43663,41,0,10 40 41,1,70,,43664,47,0,13 40 41,1,30,,43665,41,0,10 40 41,1,70,,43666,47,0,13 40 41,1,28,,43667,41,0,10 40 41,1,72,,43668,47,0,13 40 41,1,30,,43669,41,0,10 40 41,1,72,,43670,47,0,13 40 41,1,28,,43671,41,0,10 40 41,1,70,,43672,47,0,13 40 41,1,78,,43645,41,0,10 40 41,1
401,'4',706,,43710,41,0,10 40 41,1,45,,43709,47,0,13 40 41,1,85,,43708,41,0,10 40 41,1,86,,43679,47,0,13 40 41,1,85,,43680,41,0,10 40 41,1,30,,43681,47,0,13 40 41,1,64,,43682,41,0,10 40 41,1,30,,43683,47,0,13 40 41,1,27,,43684,41,0,10 40 41,1,71,,43685,47,0,13 40 41,1,29,,43686,41,0,10 40 41,1,72,,43687,47,0,13 40 41,1,70,,43688,41,0,10 40 41,1,30,,43689,47,0,13 40 41,1,70,,43690,41,0,10 40 41,1,30,,43691,47,0,13 40 41,1,70,,43692,41,0,10 40 41,1,30,,43693,47,0,13 40 41,1,70,,43694,41,0,10 40 41,1,29,,43695,47,0,13 40 41,1,30,,43696,41,0,10 40 41,1,70,,43697,47,0,13 40 41,1,30,,43698,41,0,10 40 41,1,70,,43699,47,0,13 40 41,1,28,,43700,41,0,10 40 41,1,72,,43701,47,0,13 40 41,1,30,,43702,41,0,10 40 41,1,72,,43703,47,0,13 40 41,1,28,,43704,41,0,10 40 41,1,70,,43705,47,0,13 40 41,1,78,,43678,41,0,10 40 41,1
1700,'11802',708,,46724,19,,,1,226,,46728,19,,,1
1700,'2',631,,46739,39,0,10 23 20,1,20,,46740,47,0,13 23 20,1,60,,46780,39,0,10 23 20,1,20,,46741,47,0,13 23 20,1,21,,46781,39,0,10 23 20,1,59,,46742,47,0,13 23 20,1,20,,46743,39,0,10 23 20,1,18,,46744,47,0,13 23 20,1,61,,46745,39,0,10 23 20,1,20,,46746,47,0,13 23 20,1,20,,46747,39,0,10 23 20,1,60,,46748,47,0,13 23 20,1,20,,46749,39,0,10 23 20,1,20,,46750,47,0,13 23 20,1,60,,46751,39,0,10 23 20,1,20,,46752,47,0,13 23 20,1,20,,46753,39,0,10 23 20,1,59,,46754,47,0,13 23 20,1,20,,46755,39,0,10 23 20,1,21,,46756,47,0,13 23 20,1,61,,46757,39,0,10 23 20,1,25,,46758,47,0,13 23 20,1,23,,46759,39,0,10 23 20,1,61,,46760,47,0,13 23 20,1,20,,46761,39,0,10 23 20,1,60,,46762,47,0,13 23 20,1,18,,46763,39,0,10 23 20,1,20,,46764,47,0,13 23 20,1,17,,46765,39,0,10 23 20,1,55,,46766,47,0,13 23 20,1,21,,46767,39,0,10 23 20,1,23,,46768,47,0,13 23 20,1,60,,46769,39,0,10 23 20,1,20,,46770,47,0,13 23 20,1,22,,46771,39,0,10 23 20,1,53,,46772,47,0,13 23 20,1,23,,46773,39,0,10 23 20,1,23,,46782,39,0,10 23 20,1,61,,46775,47,0,13 23 20,1,14,,46729,39,0,10 23 20,1,19,,46738,39,0,10 23 20,1,59,,46737,39,0,10 23 20,1,19,,46736,39,0,10 23 20,1,19,,46735,39,0,10 23 20,1,59,,46734,39,0,10 23 20,1,17,,46733,39,0,10 23 20,1,21,,46731,39,0,10 23 20,1,70,,46732,39,0,10 23 20,1,25,,46730,39,0,10 23 20,1,20,,46776,39,0,10 23 20,1,65,,46777,39,0,10 23 20,1,25,,46778,39,0,10 23 20,1,65,,46779,39,0,10 23 20,1,22,,46783,39,0,10 23 20,1,65,,46784,39,0,10 23 20,1
1700,'3',625,,46819,39,0,10 23 20,1,78,,46817,39,0,10 23 20,1,36,,46818,39,0,10 23 20,1,80,,46816,39,0,10 23 20,1,35,,46815,39,0,10 23 20,1,70,,46814,39,0,10 23 20,1,82,,46813,39,0,10 23 20,1,31,,46812,39,0,10 23 20,1,72,,46811,39,0,10 23 20,1,30,,46820,39,0,10 23 20,1,70,,46810,39,0,10 23 20,1,31,,46809,39,0,10 23 20,1,70,,46808,39,0,10 23 20,1,30,,46807,39,0,10 23 20,1,70,,46806,39,0,10 23 20,1,30,,46805,39,0,10 23 20,1,70,,46804,39,0,10 23 20,1,30,,46803,39,0,10 23 20,1,70,,46802,39,0,10 23 20,1,30,,46801,39,0,10 23 20,1,70,,46800,39,0,10 23 20,1,30,,46799,39,0,10 23 20,1,68,,46798,39,0,10 23 20,1,30,,46797,39,0,10 23 20,1,68,,46796,39,0,10 23 20,1,30,,46795,39,0,10 23 20,1,20,,46794,39,0,10 23 20,1,70,,46793,39,0,10 23 20,1,30,,46792,39,0,10 23 20,1,70,,46791,39,0,10 23 20,1,14,,46790,39,0,10 23 20,1,69,,46789,39,0,10 23 20,1,30,,46788,39,0,10 23 20,1,70,,46787,39,0,10 23 20,1,15,,46821,39,0,10 23 20,1,30,,46786,39,0,10 23 20,1,63,,46822,39,0,10 23 20,1,19,,46823,39,0,10 23 20,1,20,,46824,39,0,10 23 20,1
1700,'30',651,,46855,39,0,10 23 20,1,75,,46856,39,0,10 23 20,1,75,,46857,39,0,10 23 20,1,35,,46858,39,0,10 23 20,1,75,,46828,39,0,10 23 20,1,30,,46829,39,0,10 23 20,1,70,,46830,39,0,10 23 20,1,30,,46831,39,0,10 23 20,1,65,,46832,39,0,10 23 20,1,25,,46833,39,0,10 23 20,1,22,,46834,39,0,10 23 20,1,72,,46835,39,0,10 23 20,1,30,,46836,39,0,10 23 20,1,65,,46837,39,0,10 23 20,1,25,,46838,39,0,10 23 20,1,70,,46839,39,0,10 23 20,1,30,,46840,39,0,10 23 20,1,68,,46841,39,0,10 23 20,1,30,,46842,39,0,10 23 20,1,70,,46843,39,0,10 23 20,1,30,,46844,39,0,10 23 20,1,70,,46845,39,0,10 23 20,1,30,,46846,39,0,10 23 20,1,60,,46847,39,0,10 23 20,1,28,,46848,39,0,10 23 20,1,70,,46849,39,0,10 23 20,1,30,,46850,39,0,10 23 20,1,80,,46851,39,0,10 23 20,1,35,,46852,39,0,10 23 20,1,75,,46853,39,0,10 23 20,1,35,,46854,39,0,10 23 20,1,71,,46827,39,0,10 23 20,1,30,,46860,39,0,10 23 20,1,75,,46859,39,0,10 23 20,1
1700,'4',651,,46890,39,0,10 23 20,1,75,,46891,39,0,10 23 20,1,75,,46892,39,0,10 23 20,1,35,,46893,39,0,10 23 20,1,75,,46863,39,0,10 23 20,1,30,,46864,39,0,10 23 20,1,70,,46865,39,0,10 23 20,1,30,,46866,39,0,10 23 20,1,65,,46867,39,0,10 23 20,1,25,,46868,39,0,10 23 20,1,22,,46869,39,0,10 23 20,1,72,,46870,39,0,10 23 20,1,30,,46871,39,0,10 23 20,1,65,,46872,39,0,10 23 20,1,25,,46873,39,0,10 23 20,1,70,,46874,39,0,10 23 20,1,30,,46875,39,0,10 23 20,1,68,,46876,39,0,10 23 20,1,30,,46877,39,0,10 23 20,1,70,,46878,39,0,10 23 20,1,30,,46879,39,0,10 23 20,1,70,,46880,39,0,10 23 20,1,30,,46881,39,0,10 23 20,1,60,,46882,39,0,10 23 20,1,28,,46883,39,0,10 23 20,1,70,,46884,39,0,10 23 20,1,30,,46885,39,0,10 23 20,1,80,,46886,39,0,10 23 20,1,35,,46887,39,0,10 23 20,1,75,,46888,39,0,10 23 20,1,35,,46889,39,0,10 23 20,1,71,,46862,39,0,10 23 20,1,30,,46895,39,0,10 23 20,1,75,,46894,39,0,10 23 20,1
10400,'3302',720,,50469,12,,,1,27,,50470,12,,,1,69,,50471,18,,,1,30,,50472,18,,,1,72,,50473,18,,,1,30,,50474,18,,,1,70,,50475,18,,,1,30,,50476,18,,,1,69,,50477,18,,,1,31,,50478,18,,,1,68,,50479,18,,,1,32,,50480,18,,,1,67,,50481,18,,,1,32,,50482,18,,,1,66,,50483,18,,,1,29,,50484,18,,,1,71,,50485,18,,,1,32,,50486,18,,,1,71,,50487,18,,,1,30,,50488,18,,,1,71,,50489,18,,,1,33,,50490,18,,,1,68,,50491,18,,,1,26,,50492,18,,,1
10400,'3903',1015,,50510,12,,,1,29,,50495,18,,,1,61,,50496,18,,,1,30,,50497,18,,,1,67,,50498,18,,,1,30,,50499,18,,,1,20,,50500,18,,,1,70,,50501,18,,,1,25,,50502,18,,,1,71,,50503,18,,,1,28,,50504,18,,,1,71,,50505,18,,,1,30,,50506,18,,,1,70,,50507,18,,,1,29,,50508,18,,,1,70,,50509,18,,,1,30,,50494,18,,,1,70,,50493,18,,,1
