701,'2',634,,44365,35,,,1,20,,44366,35,,,1,76,,44367,35,,,1,25,,44368,35,,,1,60,,44369,35,,,1,20,,44370,35,,,1,20,,44371,35,,,1,59,,44372,35,,,1,30,,44373,35,,,1,15,,44374,35,,,1,70,,44375,35,,,1,30,,44376,35,,,1,70,,44377,35,,,1,30,,44378,35,,,1,71,,44379,35,,,1,70,,44380,35,,,1,30,,44381,35,,,1,70,,44382,35,,,1,25,,44383,35,,,1,20,,44384,35,,,1,60,,44385,35,,,1,20,,44386,35,,,1,20,,44387,35,,,1,61,,44388,35,,,1,20,,44389,35,,,1,20,,44390,35,,,1,60,,44391,35,,,1,20,,44392,35,,,1,20,,44393,35,,,1,58,,44394,35,,,1,25,,44395,35,,,1,25,,44396,35,,,1,65,,44397,35,,,1,25,,44398,35,,,1,65,,44399,35,,,1,30,,44400,35,,,1,80,,44401,35,,,1,30,,44402,35,,,1,70,,44403,35,,,1,30,,44404,35,,,1,70,,44405,35,,,1,30,,44406,35,,,1
701,'3',634,,44449,35,,,1,76,,44450,35,,,1,31,,44448,35,,,1,72,,44412,35,,,1,30,,44413,35,,,1,65,,44414,35,,,1,30,,44415,35,,,1,70,,44416,35,,,1,25,,44417,35,,,1,25,,44418,35,,,1,70,,44419,35,,,1,30,,44420,35,,,1,65,,44421,35,,,1,25,,44422,35,,,1,70,,44423,35,,,1,30,,44424,35,,,1,70,,44425,35,,,1,30,,44426,35,,,1,70,,44427,35,,,1,30,,44428,35,,,1,70,,44429,35,,,1,30,,44430,35,,,1,70,,44431,35,,,1,30,,44432,35,,,1,70,,44433,35,,,1,30,,44434,35,,,1,65,,44435,35,,,1,25,,44436,35,,,1,70,,44437,35,,,1,25,,44438,35,,,1,22,,44439,35,,,1,70,,44440,35,,,1,30,,44441,35,,,1,70,,44442,35,,,1,30,,44443,35,,,1,70,,44444,35,,,1,30,,44445,35,,,1
701,'30',904,,44451,35,,,1,25,,44452,35,,,1,75,,44453,35,,,1,20,,44454,35,,,1,25,,44455,35,,,1,70,,44456,35,,,1,30,,44457,35,,,1,65,,44458,35,,,1,25,,44459,35,,,1,70,,44460,35,,,1,30,,44461,35,,,1,70,,44462,35,,,1,25,,44463,35,,,1,70,,44464,35,,,1,30,,44465,35,,,1,70,,44466,35,,,1,30,,44467,35,,,1,70,,44468,35,,,1,30,,44469,35,,,1,70,,44470,35,,,1,30,,44471,35,,,1,70,,44473,35,,,1,30,,44474,35,,,1,70,,44475,35,,,1,30,,44476,35,,,1,70,,44477,35,,,1,30,,44478,35,,,1,69,,44481,35,,,1,30,,44482,35,,,1,70,,44479,35,,,1
701,'4',904,,44483,35,,,1,25,,44484,35,,,1,75,,44485,35,,,1,20,,44486,35,,,1,25,,44487,35,,,1,70,,44488,35,,,1,30,,44489,35,,,1,65,,44490,35,,,1,25,,44491,35,,,1,70,,44492,35,,,1,30,,44493,35,,,1,70,,44494,35,,,1,25,,44495,35,,,1,70,,44496,35,,,1,30,,44497,35,,,1,70,,44498,35,,,1,30,,44499,35,,,1,70,,44500,35,,,1,30,,44501,35,,,1,70,,44502,35,,,1,30,,44503,35,,,1,70,,44505,35,,,1,30,,44506,35,,,1,70,,44507,35,,,1,30,,44508,35,,,1,70,,44509,35,,,1,30,,44510,35,,,1,69,,44513,35,,,1,30,,44514,35,,,1,70,,44511,35,,,1
1200,'2',634,,45239,7,,,1,69,,45240,7,,,1,29,,45241,7,,,1,70,,45242,7,,,1,30,,45243,7,,,1,70,,45244,7,,,1,30,,45245,7,,,1,70,,45246,7,,,1,30,,45247,7,,,1,70,,45248,7,,,1,30,,45249,7,,,1,70,,45250,7,,,1,30,,45251,7,,,1,70,,45252,7,,,1,30,,45253,7,,,1,70,,45254,7,,,1,31,,45255,7,,,1,25,,45256,7,,,1,56,,45257,7,,,1,25,,45258,7,,,1,65,,45259,7,,,1,26,,45260,7,,,1,27,,45261,7,,,1,65,,45262,7,,,1,25,,45263,7,,,1,63,,45264,7,,,1,25,,45265,7,,,1,68,,45266,7,,,1,30,,45267,7,,,1,70,,45268,7,,,1,30,,45269,7,,,1,69,,45274,7,,,1,30,,45270,7,,,1,70,,45271,7,,,1,30,,45275,7,,,1,70,,45272,7,,,1,30,,45276,7,,,1,69,,45273,7,,,1
1200,'3',634,,45277,7,,,1,70,,45309,7,,,1,30,,45278,7,,,1,70,,45308,7,,,1,30,,45279,7,,,1,70,,45307,7,,,1,25,,45280,7,,,1,25,,45306,7,,,1,71,,45281,7,,,1,30,,45305,7,,,1,70,,45282,7,,,1,30,,45304,7,,,1,70,,45283,7,,,1,75,,45284,7,,,1,35,,45285,7,,,1,75,,45286,7,,,1,35,,45287,7,,,1,75,,45288,7,,,1,35,,45289,7,,,1,75,,45290,7,,,1,75,,45291,7,,,1,35,,45292,7,,,1,64,,45293,7,,,1,33,,45294,7,,,1,67,,45295,7,,,1,33,,45296,7,,,1,67,,45297,7,,,1,33,,45298,7,,,1,67,,45299,7,,,1,33,,45300,7,,,1,67,,45301,7,,,1,33,,45302,7,,,1,67,,45303,7,,,1,33,,45310,7,,,1,67,,45311,7,,,1
1200,'30',835,,45340,7,,,1,70,,45325,7,,,1,30,,45327,7,,,1,23,,45313,7,,,1,70,,45328,7,,,1,30,,45324,7,,,1,70,,45329,7,,,1,24,,45323,7,,,1,70,,45330,7,,,1,24,,45322,7,,,1,64,,45339,7,,,1,31,,45321,7,,,1,64,,45334,7,,,1,30,,45320,7,,,1,70,,45335,7,,,1,30,,45319,7,,,1,70,,45336,7,,,1,30,,45318,7,,,1,70,,45337,7,,,1,30,,45317,7,,,1,70,,45338,7,,,1,30,,45316,7,,,1,70,,45331,7,,,1,30,,45315,7,,,1,70,,45332,7,,,1,30,,45312,7,,,1,70,,45333,7,,,1,30,,45314,7,,,1
1200,'4',835,,45369,7,,,1,70,,45354,7,,,1,30,,45356,7,,,1,23,,45342,7,,,1,70,,45357,7,,,1,30,,45353,7,,,1,70,,45358,7,,,1,24,,45352,7,,,1,70,,45359,7,,,1,24,,45351,7,,,1,64,,45368,7,,,1,31,,45350,7,,,1,64,,45363,7,,,1,30,,45349,7,,,1,70,,45364,7,,,1,30,,45348,7,,,1,70,,45365,7,,,1,30,,45347,7,,,1,70,,45366,7,,,1,30,,45346,7,,,1,70,,45367,7,,,1,30,,45345,7,,,1,70,,45360,7,,,1,30,,45344,7,,,1,70,,45361,7,,,1,30,,45341,7,,,1,70,,45362,7,,,1,30,,45343,7,,,1
9301,'2',626,,50036,9,,,1,20,,50038,9,,,1,60,,50039,9,,,1,22,,50040,9,,,1,20,,50041,9,,,1,65,,50042,9,,,1,21,,50043,9,,,1,24,,50044,9,,,1,75,,50045,9,,,1,69,,50046,9,,,1,32,,50047,9,,,1,72,,50048,9,,,1,32,,50049,9,,,1,72,,50050,9,,,1,32,,50051,9,,,1,72,,50052,9,,,1,32,,50053,9,,,1,75,,50054,9,,,1,30,,50055,9,,,1,62,,50056,9,,,1,22,,50057,9,,,1,19,,50058,9,,,1,62,,50059,9,,,1,23,,50060,9,,,1,62,,50061,9,,,1,22,,50062,9,,,1,25,,50063,9,,,1,62,,50064,9,,,1,23,,50065,9,,,1,74,,50066,9,,,1,25,,50067,9,,,1,72,,50068,9,,,1,32,,50069,9,,,1,72,,50070,9,,,1,28,,50071,9,,,1,70,,50072,9,,,1,30,,50073,9,,,1,70,,50074,9,,,1,30,,50075,9,,,1,64,,50037,9,,,1
9301,'3',822,,50076,9,,,1,25,,50077,9,,,1,65,,50078,9,,,1,25,,50079,9,,,1,65,,50080,9,,,1,29,,50081,9,,,1,70,,50082,9,,,1,30,,50083,9,,,1,70,,50084,9,,,1,39,,50085,9,,,1,70,,50086,9,,,1,30,,50087,9,,,1,80,,50088,9,,,1,28,,50089,9,,,1,70,,50090,9,,,1,40,,50091,9,,,1,70,,50092,9,,,1,30,,50093,9,,,1,71,,50094,9,,,1,25,,50095,9,,,1,65,,50096,9,,,1,24,,50097,9,,,1,65,,50098,9,,,1,25,,50099,9,,,1,25,,50100,9,,,1,65,,50101,9,,,1,25,,50102,9,,,1,65,,50103,9,,,1,21,,50104,9,,,1,25,,50105,9,,,1,65,,50106,9,,,1,25,,50107,9,,,1,75,,50108,9,,,1,25,,50109,9,,,1,65,,50110,9,,,1
9301,'30',842,,50111,9,,,1,71,,50112,9,,,1,35,,50113,9,,,1,75,,50114,9,,,1,35,,50115,9,,,1,75,,50116,9,,,1,76,,50117,9,,,1,37,,50118,9,,,1,77,,50119,9,,,1,77,,50120,9,,,1,37,,50121,9,,,1,77,,50122,9,,,1,37,,50123,9,,,1,77,,50124,9,,,1,77,,50125,9,,,1,37,,50126,9,,,1,77,,50127,9,,,1,37,,50128,9,,,1,77,,50129,9,,,1,77,,50130,9,,,1,37,,50131,9,,,1,77,,50132,9,,,1,77,,50133,9,,,1,37,,50134,9,,,1
9301,'4',842,,50136,9,,,1,71,,50137,9,,,1,35,,50138,9,,,1,75,,50139,9,,,1,35,,50140,9,,,1,75,,50141,9,,,1,76,,50142,9,,,1,37,,50143,9,,,1,77,,50144,9,,,1,77,,50145,9,,,1,37,,50146,9,,,1,77,,50147,9,,,1,37,,50148,9,,,1,77,,50149,9,,,1,77,,50150,9,,,1,37,,50151,9,,,1,77,,50152,9,,,1,37,,50153,9,,,1,77,,50154,9,,,1,77,,50155,9,,,1,37,,50156,9,,,1,77,,50157,9,,,1,77,,50158,9,,,1,37,,50159,9,,,1
