1601,'2',544,,46517,23,,,1,13,,46519,23,,,1,59,,46518,40,,,1,22,,46522,40,,,1,18,,46523,40,,,1,58,,46524,40,,,1,23,,46525,40,,,1,10,,46526,40,,,1,56,,46527,40,,,1,16,,46528,40,,,1,16,,46529,40,,,1,16,,46530,40,,,1,56,,46531,40,,,1,13,,46532,40,,,1,18,,46533,40,,,1,62,,46534,40,,,1,18,,46535,40,,,1,18,,46536,40,,,1,18,,46537,40,,,1,58,,46538,40,,,1,18,,46539,40,,,1,18,,46540,40,,,1,58,,46541,40,,,1,20,,46542,40,,,1,16,,46543,40,,,1,10,,46544,40,,,1,56,,46545,40,,,1,16,,46546,40,,,1,16,,46547,40,,,1,16,,46548,40,,,1,56,,46549,40,,,1,18,,46550,40,,,1,6,,46551,40,,,1,15,,46552,40,,,1,55,,46553,40,,,1,15,,46554,40,,,1,15,,46555,40,,,1,15,,46556,40,,,1,55,,46557,40,,,1,15,,46558,40,,,1,18,,46559,40,,,1,15,,46560,40,,,1,55,,46561,40,,,1,15,,46562,40,,,1,15,,46563,40,,,1,15,,46564,40,,,1,55,,46565,40,,,1,28,,46566,40,,,1,19,,46568,40,,,1,63,,46569,40,,,1,22,,46570,40,,,1,62,,46571,40,,,1,22,,46572,40,,,1,22,,46573,40,,,1,62,,46574,40,,,1,19,,46575,40,,,1,77,,46577,40,,,1,25,,46578,40,,,1,25,,46579,40,,,1,65,,46580,40,,,1,25,,46581,40,,,1,65,,46582,40,,,1,23,,46583,40,,,1,23,,46520,40,,,1
1601,'3',608,,46642,23,,,1,25,,46643,23,,,1,12,,46584,40,,,1,65,,46585,40,,,1,25,,46586,40,,,1,65,,46587,40,,,1,25,,46588,40,,,1,25,,46589,40,,,1,65,,46590,40,,,1,25,,46591,40,,,1,60,,46644,23,,,1,6,,46592,40,,,1,24,,46593,40,,,1,21,,46594,40,,,1,61,,46595,40,,,1,16,,46596,40,,,1,18,,46645,23,,,1,3,,46597,40,,,1,61,,46598,40,,,1,15,,46599,40,,,1,15,,46600,40,,,1,15,,46601,40,,,1,55,,46602,40,,,1,10,,46603,40,,,1,15,,46604,40,,,1,15,,46605,40,,,1,55,,46606,40,,,1,16,,46607,40,,,1,15,,46608,40,,,1,15,,46609,40,,,1,55,,46610,40,,,1,15,,46611,40,,,1,15,,46612,40,,,1,15,,46613,40,,,1,55,,46614,40,,,1,15,,46615,40,,,1,15,,46616,40,,,1,15,,46617,40,,,1,55,,46618,40,,,1,15,,46619,40,,,1,15,,46620,40,,,1,15,,46621,40,,,1,54,,46622,40,,,1,16,,46623,40,,,1,20,,46624,40,,,1,60,,46625,40,,,1,20,,46626,40,,,1,20,,46627,40,,,1,60,,46628,40,,,1,20,,46629,40,,,1,20,,46630,40,,,1,60,,46631,40,,,1,20,,46632,40,,,1,26,,46633,40,,,1,65,,46634,40,,,1,25,,46635,40,,,1,65,,46636,40,,,1,25,,46637,40,,,1,21,,46638,40,,,1,63,,46639,40,,,1,29,,46640,40,,,1,70,,46641,40,,,1
1601,'30',647,,46682,23,,,1,73,,46646,40,,,1,35,,46647,40,,,1,75,,46648,40,,,1,20,,46683,23,,,1,55,,46649,40,,,1,33,,46650,40,,,1,65,,46651,40,,,1,30,,46652,40,,,1,70,,46653,40,,,1,30,,46654,40,,,1,70,,46655,40,,,1,11,,46684,23,,,1,21,,46656,40,,,1,22,,46658,40,,,1,63,,46659,40,,,1,22,,46657,40,,,1,62,,46660,40,,,1,22,,46661,40,,,1,22,,46662,40,,,1,62,,46663,40,,,1,22,,46664,40,,,1,22,,46665,40,,,1,62,,46666,40,,,1,22,,46667,40,,,1,62,,46668,40,,,1,17,,46669,40,,,1,30,,46670,40,,,1,70,,46671,40,,,1,30,,46672,40,,,1,70,,46673,40,,,1,30,,46674,40,,,1,70,,46675,40,,,1,30,,46676,40,,,1,70,,46677,40,,,1,30,,46678,40,,,1,69,,46679,40,,,1,30,,46680,40,,,1,70,,46681,40,,,1
1601,'4',647,,46721,23,,,1,73,,46685,40,,,1,35,,46686,40,,,1,75,,46687,40,,,1,20,,46722,23,,,1,55,,46688,40,,,1,33,,46689,40,,,1,65,,46690,40,,,1,30,,46691,40,,,1,70,,46692,40,,,1,30,,46693,40,,,1,70,,46694,40,,,1,11,,46723,23,,,1,21,,46695,40,,,1,22,,46697,40,,,1,63,,46698,40,,,1,22,,46696,40,,,1,62,,46699,40,,,1,22,,46700,40,,,1,22,,46701,40,,,1,62,,46702,40,,,1,22,,46703,40,,,1,22,,46704,40,,,1,62,,46705,40,,,1,22,,46706,40,,,1,62,,46707,40,,,1,17,,46708,40,,,1,30,,46709,40,,,1,70,,46710,40,,,1,30,,46711,40,,,1,70,,46712,40,,,1,30,,46713,40,,,1,70,,46714,40,,,1,30,,46715,40,,,1,70,,46716,40,,,1,30,,46717,40,,,1,69,,46718,40,,,1,30,,46719,40,,,1,70,,46720,40,,,1
1901,'2',614,,47179,20,,,1,33,,47180,20,,,1,67,,47181,20,,,1,30,,47182,20,,,1,75,,47183,20,,,1,19,,47184,20,,,1,67,,47185,20,,,1,26,,47186,20,,,1,27,,47187,20,,,1,69,,47188,20,,,1,27,,47189,20,,,1,67,,47190,20,,,1,27,,47191,20,,,1,67,,47192,20,,,1,27,,47193,20,,,1,67,,47194,20,,,1,25,,47195,20,,,1,67,,47196,20,,,1,27,,47197,20,,,1,27,,47198,20,,,1,70,,47199,20,,,1,28,,47200,20,,,1,69,,47201,20,,,1,28,,47202,20,,,1,68,,47203,20,,,1,28,,47204,20,,,1,68,,47205,20,,,1,26,,47206,20,,,1,67,,47207,20,,,1,27,,47208,20,,,1,67,,47209,20,,,1,27,,47210,20,,,1,27,,47211,20,,,1,66,,47212,20,,,1,27,,47213,20,,,1,67,,47214,20,,,1,27,,47215,20,,,1,61,,47216,20,,,1,45,,47217,20,,,1
1901,'3',801,,47218,4,,,1,16,,47220,20,,,1,36,,47221,20,,,1,69,,47222,20,,,1,32,,47223,20,,,1,72,,47224,20,,,1,32,,47225,20,,,1,74,,47226,20,,,1,72,,47227,20,,,1,32,,47228,20,,,1,72,,47229,20,,,1,32,,47230,20,,,1,67,,47231,20,,,1,22,,47232,20,,,1,20,,47233,20,,,1,69,,47234,20,,,1,32,,47235,20,,,1,67,,47236,20,,,1,27,,47237,20,,,1,67,,47238,20,,,1,11,,47239,20,0,9 3 37,1,28,,47240,20,,,1,74,,47241,20,,,1,29,,47242,20,,,1,68,,47243,20,,,1,36,,47244,20,,,1,72,,47245,20,,,1,75,,47246,20,,,1,29,,47247,20,0,9 3 37,1,72,,47248,20,0,9 3 37,1,21,,47219,20,0,9 3 37,1
1901,'30',830,,47270,20,,,1,74,,47250,20,,,1,35,,47264,20,,,1,75,,47251,20,,,1,35,,47252,20,,,1,75,,47253,20,,,1,35,,47268,20,,,1,81,,47254,20,,,1,80,,47255,20,,,1,80,,47256,20,,,1,40,,47257,20,,,1,80,,47265,20,,,1,80,,47258,20,,,1,40,,47259,20,,,1,76,,47269,20,,,1,35,,47260,20,,,1,76,,47261,20,,,1,75,,47266,20,,,1,35,,47267,20,0,9 3 37,1
1901,'4',830,,47291,20,,,1,74,,47271,20,,,1,35,,47285,20,,,1,75,,47272,20,,,1,35,,47273,20,,,1,75,,47274,20,,,1,35,,47289,20,,,1,81,,47275,20,,,1,80,,47276,20,,,1,80,,47277,20,,,1,40,,47278,20,,,1,80,,47286,20,,,1,80,,47279,20,,,1,40,,47280,20,,,1,76,,47290,20,,,1,35,,47281,20,,,1,76,,47282,20,,,1,75,,47287,20,,,1,35,,47288,20,0,9 3 37,1
2500,'11802',1526,,47872,28,,,1
2500,'2',628,,47873,28,,,1,22,,47874,28,,,1,68,,47875,28,,,1,27,,47876,28,,,1,66,,47877,28,,,1,20,,47878,28,,,1,20,,47879,28,,,1,60,,47880,28,,,1,20,,47881,28,,,1,20,,47882,28,,,1,60,,47883,28,,,1,20,,47884,28,,,1,20,,47885,28,,,1,60,,47886,28,,,1,20,,47887,28,,,1,20,,47888,28,,,1,60,,47889,28,,,1,20,,47890,28,,,1,20,,47891,28,,,1,60,,47892,28,,,1,20,,47893,28,,,1,20,,47894,28,,,1,60,,47895,28,,,1,25,,47896,28,,,1,20,,47897,28,,,1,60,,47898,28,,,1,20,,47899,28,,,1,20,,47900,28,,,1,60,,47901,28,,,1,22,,47902,28,,,1,21,,47903,28,,,1,61,,47904,28,,,1,21,,47905,28,,,1,61,,47906,28,,,1,21,,47907,28,,,1,14,,47908,28,,,1,20,,47909,28,,,1,60,,47910,28,,,1,20,,47911,28,,,1,20,,47912,28,,,1,60,,47913,28,,,1,20,,47914,28,,,1,14,,47915,28,,,1,60,,47916,28,,,1,19,,47917,28,,,1,25,,47918,28,,,1,65,,47919,28,,,1,25,,47920,28,,,1,65,,47921,28,,,1,25,,47922,28,,,1,65,,47923,28,,,1
2500,'3',643,,47924,28,,,1,63,,47955,28,,,1,24,,47925,28,,,1,25,,47956,28,,,1,66,,47926,28,,,1,24,,47927,28,,,1,67,,47928,28,,,1,26,,47929,28,,,1,70,,47930,28,,,1,23,,47931,28,,,1,70,,47932,28,,,1,27,,47933,28,,,1,30,,47934,28,,,1,68,,47935,28,,,1,25,,47936,28,,,1,70,,47937,28,,,1,25,,47938,28,,,1,70,,47939,28,,,1,27,,47940,28,,,1,70,,47941,28,,,1,30,,47942,28,,,1,70,,47943,28,,,1,30,,47944,28,,,1,70,,47945,28,,,1,30,,47946,28,,,1,69,,47947,28,,,1,28,,47948,28,,,1,70,,47949,28,,,1,30,,47950,28,,,1,68,,47957,28,,,1,27,,47951,28,,,1,68,,47958,28,,,1,25,,47952,28,,,1,25,,47959,28,,,1,65,,47953,28,,,1,25,,47960,28,,,1,65,,47954,28,,,1
2500,'30',905,,47969,28,,,1,25,,47976,28,,,1,70,,47977,28,,,1,30,,47978,28,,,1,70,,47979,28,,,1,30,,47980,28,,,1,70,,47981,28,,,1,30,,47982,28,,,1,70,,47983,28,,,1,30,,47984,28,,,1,70,,47985,28,,,1,30,,47986,28,,,1,70,,47970,28,,,1,30,,47968,28,,,1,27,,47972,28,,,1,67,,47967,28,,,1,27,,47971,28,,,1,67,,47966,28,,,1,22,,47973,28,,,1,67,,47965,28,,,1,27,,47974,28,,,1,24,,47975,28,,,1,70,,47964,28,,,1,28,,47987,28,,,1,70,,47963,28,,,1,33,,47988,28,,,1,70,,47962,28,,,1,30,,47989,28,,,1,65,,47961,28,,,1,30,,47990,28,,,1
2500,'4',905,,47999,28,,,1,25,,48006,28,,,1,70,,48007,28,,,1,30,,48008,28,,,1,70,,48009,28,,,1,30,,48010,28,,,1,70,,48011,28,,,1,30,,48012,28,,,1,70,,48013,28,,,1,30,,48014,28,,,1,70,,48015,28,,,1,30,,48016,28,,,1,70,,48000,28,,,1,30,,47998,28,,,1,27,,48002,28,,,1,67,,47997,28,,,1,27,,48001,28,,,1,67,,47996,28,,,1,22,,48003,28,,,1,67,,47995,28,,,1,27,,48004,28,,,1,24,,48005,28,,,1,70,,47994,28,,,1,28,,48017,28,,,1,70,,47993,28,,,1,33,,48018,28,,,1,70,,47992,28,,,1,30,,48019,28,,,1,65,,47991,28,,,1,30,,48020,28,,,1
3401,'2',623,,49048,55,0,14,1,83,,49051,55,0,14,1,34,,49034,55,0,14,1,86,,49035,55,0,14,1,82,,49037,55,0,14,1,42,,49036,55,0,14,1,81,,49038,55,0,14,1,80,,49039,55,0,14,1,45,,49040,55,0,14,1,80,,49041,55,0,14,1,80,,49042,55,0,14,1,40,,49043,55,0,14,1,78,,49044,55,0,14,1,82,,49045,55,0,14,1,40,,49046,55,0,14,1,80,,49047,55,0,14,1,79,,49052,55,0,14,1,40,,49053,55,0,14,1,80,,49054,55,0,14,1,74,,49055,55,0,14,1,42,,49056,55,0,14,1,80,,49057,55,0,14,1,80,,49061,55,0,14,1,36,,49058,55,0,14,1,82,,49059,55,0,14,1,80,,49049,55,0,14,1,40,,49050,55,0,14,1,80,,49060,55,0,14,1
3401,'3',851,,49062,55,0,14,1,76,,49072,55,0,14,1,81,,49071,55,0,14,1,40,,49063,55,0,14,1,85,,49064,55,0,14,1,85,,49065,55,0,14,1,41,,49066,55,0,14,1,80,,49067,55,0,14,1,80,,49068,55,0,14,1,40,,49069,55,0,14,1,80,,49070,55,0,14,1,80,,49073,55,0,14,1,40,,49074,55,0,14,1,80,,49075,55,0,14,1,78,,49076,55,0,14,1,40,,49077,55,0,14,1,80,,49078,55,0,14,1,79,,49079,55,0,14,1,40,,49080,55,0,14,1,79,,49081,55,0,14,1,80,,49082,55,0,14,1,40,,49083,55,0,14,1,80,,49084,55,0,14,1
3401,'30',1148,,49085,55,0,14,1,80,,49086,55,0,14,1,80,,49087,55,0,14,1,40,,49088,55,0,14,1,80,,49089,55,0,14,1,80,,49090,55,0,14,1,40,,49091,55,0,14,1,80,,49092,55,0,14,1,78,,49093,55,0,14,1,40,,49094,55,0,14,1,80,,49095,55,0,14,1,80,,49096,55,0,14,1,40,,49097,55,0,14,1,80,,49098,55,0,14,1,80,,49099,55,0,14,1
3401,'4',1148,,49100,55,0,14,1,80,,49101,55,0,14,1,80,,49102,55,0,14,1,40,,49103,55,0,14,1,80,,49104,55,0,14,1,80,,49105,55,0,14,1,40,,49106,55,0,14,1,80,,49107,55,0,14,1,78,,49108,55,0,14,1,40,,49109,55,0,14,1,80,,49110,55,0,14,1,80,,49111,55,0,14,1,40,,49112,55,0,14,1,80,,49113,55,0,14,1,80,,49114,55,0,14,1
