400,'2',620,,34743,15,0,13 18 19 20,1,80,,34742,15,0,10 18 19 20,1,15,,34741,15,0,13 18 19 20,1,15,,34740,15,0,10 18 19 20,1,15,,34739,15,0,13 18 19 20,1,55,,34738,15,0,10 18 19 20,1,15,,34737,15,0,13 18 19 20,1,15,,34736,15,0,10 18 19 20,1,15,,34735,15,0,13 18 19 20,1,60,,34734,15,0,10 18 19 20,1,20,,34733,15,0,13 18 19 20,1,20,,34732,15,0,10 18 19 20,1,60,,34731,15,0,13 18 19 20,1,20,,34730,15,0,10 18 19 20,1,20,,34729,15,0,13 18 19 20,1,60,,34728,15,0,10 18 19 20,1,20,,34727,15,0,13 18 19 20,1,20,,34726,15,0,10 18 19 20,1,60,,34725,15,0,13 18 19 20,1,20,,34724,15,0,10 18 19 20,1,20,,34723,15,0,13 18 19 20,1,60,,34722,15,0,10 18 19 20,1,20,,34721,15,0,13 18 19 20,1,17,,34720,15,0,10 18 19 20,1,14,,34745,15,0,13 18 19 20,1,50,,34746,15,0,10 18 19 20,1,15,,34754,15,0,13 18 19 20,1,15,,34747,15,0,10 18 19 20,1,15,,34755,15,0,13 18 19 20,1,55,,34748,15,0,10 18 19 20,1,15,,34756,15,0,13 18 19 20,1,15,,34749,15,0,10 18 19 20,1,14,,34757,15,0,13 18 19 20,1,54,,34750,15,0,10 18 19 20,1,15,,34758,15,0,13 18 19 20,1,10,,34751,15,0,10 18 19 20,1,15,,34759,15,0,13 18 19 20,1,15,,34752,15,0,10 18 19 20,1,50,,34760,15,0,13 18 19 20,1,15,,34753,15,0,10 18 19 20,1,10,,34761,15,0,13 18 19 20,1,23,,34762,15,0,10 18 19 20,1,60,,34763,15,0,13 18 19 20,1,15,,34767,15,0,10 18 19 20,1,20,,34764,15,0,13 18 19 20,1,60,,34768,15,0,10 18 19 20,1,20,,34765,15,0,13 18 19 20,1,20,,34769,15,0,10 18 19 20,1,60,,34766,15,0,13 18 19 20,1,17,,34770,15,0,10 18 19 20,1,15,,34771,15,0,13 18 19 20,1,66,,34774,15,0,10 18 19 20,1,30,,34772,15,0,13 18 19 20,1,70,,34775,15,0,10 18 19 20,1,30,,34773,15,0,13 18 19 20,1,71,,34776,15,0,10 18 19 20,1,40,,34777,15,0,13 18 19 20,1,99,,34778,15,0,13 18 19 20,1
400,'3',608,,34781,15,0,13 18 19 20,1,13,,34780,15,0,10 18 19 20,1,32,,34783,15,0,13 18 19 20,1,70,,34790,15,0,10 18 19 20,1,30,,34784,15,0,13 18 19 20,1,69,,34791,15,0,10 18 19 20,1,30,,34785,15,0,13 18 19 20,1,70,,34792,15,0,10 18 19 20,1,30,,34786,15,0,13 18 19 20,1,69,,34793,15,0,10 18 19 20,1,30,,34787,15,0,13 18 19 20,1,70,,34794,15,0,10 18 19 20,1,30,,34788,15,0,13 18 19 20,1,66,,34795,15,0,10 18 19 20,1,29,,34789,15,0,13 18 19 20,1,63,,34796,15,0,10 18 19 20,1,20,,34801,15,0,13 18 19 20,1,25,,34797,15,0,10 18 19 20,1,65,,34802,15,0,13 18 19 20,1,25,,34798,15,0,10 18 19 20,1,65,,34803,15,0,13 18 19 20,1,25,,34799,15,0,10 18 19 20,1,25,,34804,15,0,13 18 19 20,1,65,,34800,15,0,10 18 19 20,1,25,,34805,15,0,13 18 19 20,1,65,,34812,15,0,10 18 19 20,1,25,,34808,15,0,13 18 19 20,1,65,,34813,15,0,10 18 19 20,1,25,,34809,15,0,13 18 19 20,1,25,,34814,15,0,10 18 19 20,1,65,,34810,15,0,13 18 19 20,1,25,,34815,15,0,10 18 19 20,1,65,,34811,15,0,13 18 19 20,1,25,,34816,15,0,10 18 19 20,1,22,,34817,15,0,13 18 19 20,1,70,,34820,15,0,10 18 19 20,1,75,,34818,15,0,13 18 19 20,1,30,,34821,15,0,10 18 19 20,1,70,,34819,15,0,13 18 19 20,1,30,,34822,15,0,10 18 19 20,1,26,,34806,15,0,13 18 19 20,1,94,,34807,15,0,10 18 19 20,1
400,'30',651,,34853,15,0,13 18 19 20,1,82,,34854,15,0,10 18 19 20,1,80,,34855,15,0,13 18 19 20,1,43,,34825,15,0,10 18 19 20,1,75,,34826,15,0,13 18 19 20,1,25,,34827,15,0,10 18 19 20,1,70,,34828,15,0,13 18 19 20,1,30,,34829,15,0,10 18 19 20,1,70,,34830,15,0,13 18 19 20,1,30,,34831,15,0,10 18 19 20,1,66,,34832,15,0,13 18 19 20,1,30,,34833,15,0,10 18 19 20,1,70,,34834,15,0,13 18 19 20,1,30,,34835,15,0,10 18 19 20,1,70,,34836,15,0,13 18 19 20,1,30,,34837,15,0,10 18 19 20,1,70,,34838,15,0,13 18 19 20,1,30,,34839,15,0,10 18 19 20,1,70,,34840,15,0,13 18 19 20,1,30,,34841,15,0,10 18 19 20,1,70,,34842,15,0,13 18 19 20,1,30,,34843,15,0,10 18 19 20,1,72,,34844,15,0,13 18 19 20,1,30,,34845,15,0,10 18 19 20,1,70,,34846,15,0,13 18 19 20,1,30,,34847,15,0,10 18 19 20,1,70,,34848,15,0,13 18 19 20,1,30,,34849,15,0,10 18 19 20,1,70,,34850,15,0,13 18 19 20,1,30,,34851,15,0,10 18 19 20,1,66,,34852,15,0,13 18 19 20,1,29,,34823,15,0,10 18 19 20,1
400,'4',651,,34886,15,0,13 18 19 20,1,82,,34887,15,0,10 18 19 20,1,80,,34888,15,0,13 18 19 20,1,43,,34858,15,0,10 18 19 20,1,75,,34859,15,0,13 18 19 20,1,25,,34860,15,0,10 18 19 20,1,70,,34861,15,0,13 18 19 20,1,30,,34862,15,0,10 18 19 20,1,70,,34863,15,0,13 18 19 20,1,30,,34864,15,0,10 18 19 20,1,66,,34865,15,0,13 18 19 20,1,30,,34866,15,0,10 18 19 20,1,70,,34867,15,0,13 18 19 20,1,30,,34868,15,0,10 18 19 20,1,70,,34869,15,0,13 18 19 20,1,30,,34870,15,0,10 18 19 20,1,70,,34871,15,0,13 18 19 20,1,30,,34872,15,0,10 18 19 20,1,70,,34873,15,0,13 18 19 20,1,30,,34874,15,0,10 18 19 20,1,70,,34875,15,0,13 18 19 20,1,30,,34876,15,0,10 18 19 20,1,72,,34877,15,0,13 18 19 20,1,30,,34878,15,0,10 18 19 20,1,70,,34879,15,0,13 18 19 20,1,30,,34880,15,0,10 18 19 20,1,70,,34881,15,0,13 18 19 20,1,30,,34882,15,0,10 18 19 20,1,70,,34883,15,0,13 18 19 20,1,30,,34884,15,0,10 18 19 20,1,66,,34885,15,0,13 18 19 20,1,29,,34856,15,0,10 18 19 20,1
1701,'2',625,,38244,28,0,13 33,1,18,,38285,28,0,10 31,1,16,,38245,28,0,13 33,1,60,,38246,28,0,10 31,1,20,,38247,28,0,13 33,1,20,,38248,28,0,10 31,1,60,,38249,28,0,13 33,1,20,,38250,28,0,10 31,1,61,,38251,28,0,13 33,1,20,,38252,28,0,10 31,1,20,,38253,28,0,13 33,1,60,,38254,28,0,10 31,1,20,,38255,28,0,13 33,1,20,,38256,28,0,10 31,1,19,,38257,28,0,13 33,1,60,,38258,28,0,10 31,1,19,,38259,28,0,13 33,1,20,,38260,28,0,10 31,1,60,,38261,28,0,13 33,1,20,,38262,28,0,10 31,1,21,,38263,28,0,13 33,1,60,,38264,28,0,10 31,1,21,,38265,28,0,13 33,1,61,,38266,28,0,10 31,1,21,,38267,28,0,13 33,1,16,,38268,28,0,10 31,1,20,,38269,28,0,13 33,1,60,,38270,28,0,10 31,1,20,,38271,28,0,13 33,1,20,,38272,28,0,10 31,1,60,,38273,28,0,13 33,1,20,,38274,28,0,10 31,1,15,,38275,28,0,13 33,1,55,,38276,28,0,10 31,1,20,,38277,28,0,13 33,1,18,,38278,28,0,10 31,1,63,,38279,28,0,13 33,1,19,,38240,28,0,10 31,1,19,,38239,28,0,10 31,1,59,,38238,28,0,10 31,1,19,,38237,28,0,10 31,1,19,,38236,28,0,10 31,1,59,,38235,28,0,10 31,1,19,,38234,28,0,10 31,1,25,,38233,28,0,10 31,1,68,,38231,28,0,10 31,1,30,,38232,28,0,10 31,1,60,,38280,28,0,10 31,1,25,,38281,28,0,10 31,1,25,,38282,28,0,10 31,1,65,,38283,28,0,10 31,1,22,,38284,28,0,10 31,1,65,,38241,28,0,10 31,1,50,,38287,28,0,10 31,1
1701,'3',612,,38322,28,0,10 31,1,35,,38321,28,0,10 31,1,75,,38320,28,0,10 31,1,35,,38288,28,0,10 31,1,75,,38319,28,0,10 31,1,75,,38318,28,0,10 31,1,30,,38317,28,0,10 31,1,67,,38324,28,0,10 31,1,30,,38316,28,0,10 31,1,70,,38315,28,0,10 31,1,30,,38314,28,0,10 31,1,70,,38313,28,0,10 31,1,30,,38312,28,0,10 31,1,70,,38311,28,0,10 31,1,30,,38310,28,0,10 31,1,70,,38309,28,0,10 31,1,30,,38308,28,0,10 31,1,70,,38307,28,0,10 31,1,30,,38306,28,0,10 31,1,70,,38305,28,0,10 31,1,30,,38304,28,0,10 31,1,70,,38303,28,0,10 31,1,30,,38302,28,0,10 31,1,73,,38301,28,0,10 31,1,30,,38300,28,0,10 31,1,20,,38299,28,0,10 31,1,70,,38298,28,0,10 31,1,30,,38297,28,0,10 31,1,70,,38296,28,0,10 31,1,20,,38295,28,0,10 31,1,70,,38294,28,0,10 31,1,30,,38293,28,0,10 31,1,70,,38292,28,0,10 31,1,15,,38325,28,0,10 31,1,70,,38291,28,0,10 31,1,25,,38290,28,0,10 31,1,20,,38289,28,0,10 31,1,60,,38326,28,0,10 31,1,30,,38327,28,0,10 31,1
1701,'30',630,,38358,28,0,10 31,1,75,,38359,28,0,10 31,1,35,,38360,28,0,10 31,1,75,,38361,28,0,10 31,1,32,,38330,28,0,10 31,1,70,,38331,28,0,10 31,1,30,,38332,28,0,10 31,1,55,,38333,28,0,10 31,1,25,,38334,28,0,10 31,1,30,,38335,28,0,10 31,1,70,,38336,28,0,10 31,1,28,,38337,28,0,10 31,1,65,,38338,28,0,10 31,1,25,,38339,28,0,10 31,1,70,,38340,28,0,10 31,1,30,,38341,28,0,10 31,1,65,,38342,28,0,10 31,1,28,,38343,28,0,10 31,1,70,,38344,28,0,10 31,1,30,,38345,28,0,10 31,1,70,,38346,28,0,10 31,1,30,,38347,28,0,10 31,1,65,,38348,28,0,10 31,1,30,,38349,28,0,10 31,1,70,,38350,28,0,10 31,1,30,,38351,28,0,10 31,1,80,,38352,28,0,10 31,1,35,,38353,28,0,10 31,1,70,,38354,28,0,10 31,1,40,,38355,28,0,10 31,1,75,,38356,28,0,10 31,1,70,,38357,28,0,10 31,1,35,,38328,28,0,10 31,1,70,,38329,28,0,10 31,1
1701,'4',630,,38392,28,0,10 31,1,75,,38393,28,0,10 31,1,35,,38394,28,0,10 31,1,75,,38395,28,0,10 31,1,32,,38364,28,0,10 31,1,70,,38365,28,0,10 31,1,30,,38366,28,0,10 31,1,55,,38367,28,0,10 31,1,25,,38368,28,0,10 31,1,30,,38369,28,0,10 31,1,70,,38370,28,0,10 31,1,28,,38371,28,0,10 31,1,65,,38372,28,0,10 31,1,25,,38373,28,0,10 31,1,70,,38374,28,0,10 31,1,30,,38375,28,0,10 31,1,65,,38376,28,0,10 31,1,28,,38377,28,0,10 31,1,70,,38378,28,0,10 31,1,30,,38379,28,0,10 31,1,70,,38380,28,0,10 31,1,30,,38381,28,0,10 31,1,65,,38382,28,0,10 31,1,30,,38383,28,0,10 31,1,70,,38384,28,0,10 31,1,30,,38385,28,0,10 31,1,80,,38386,28,0,10 31,1,35,,38387,28,0,10 31,1,70,,38388,28,0,10 31,1,40,,38389,28,0,10 31,1,75,,38390,28,0,10 31,1,70,,38391,28,0,10 31,1,35,,38362,28,0,10 31,1,70,,38363,28,0,10 31,1
9101,'2',733,,41083,4,,,1,17,,41084,7,,,1,57,,41085,7,,,1,17,,41086,7,,,1,17,,41087,7,,,1,17,,41088,7,,,1,57,,41089,7,,,1,17,,41090,7,,,1,17,,41091,7,,,1,57,,41092,7,,,1,17,,41093,7,,,1,17,,41094,7,,,1,17,,41095,7,,,1,57,,41096,7,,,1,17,,41097,7,,,1,17,,41098,7,,,1,57,,41099,7,,,1,17,,41100,7,,,1,17,,41101,7,,,1,17,,41102,7,,,1,57,,41103,7,,,1,17,,41104,7,,,1,17,,41105,7,,,1,56,,41106,7,,,1,17,,41107,7,,,1,17,,41108,7,,,1,17,,41109,7,,,1,57,,41110,7,,,1,17,,41111,7,,,1,17,,41112,7,,,1,58,,41113,7,,,1,17,,41114,7,,,1,17,,41115,7,,,1,18,,41116,7,,,1,57,,41117,7,,,1,17,,41118,7,,,1,17,,41119,7,,,1,56,,41120,7,,,1,17,,41121,7,,,1,17,,41122,7,,,1,17,,41123,7,,,1,57,,41124,7,,,1,17,,41125,7,,,1,17,,41126,7,,,1,14,,41127,7,,,1
9101,'3',1056,,41128,7,,,1,64,,41129,7,,,1,26,,41130,7,,,1,66,,41131,7,,,1,26,,41132,7,,,1,66,,41133,7,,,1,26,,41134,7,,,1,26,,41135,7,,,1,66,,41136,7,,,1,26,,41137,7,,,1,66,,41138,7,,,1,26,,41139,7,,,1,66,,41140,7,,,1,26,,41141,7,,,1,26,,41142,7,,,1,66,,41143,7,,,1,26,,41144,7,,,1,66,,41145,7,,,1,26,,41146,7,,,1,66,,41147,7,,,1,26,,41148,7,,,1,66,,41149,7,,,1,26,,41150,7,,,1,30,,41151,7,,,1
9101,'4',1156,,41170,7,,,1,66,,41152,7,,,1,26,,41153,7,,,1,66,,41154,7,,,1,26,,41155,7,,,1,66,,41156,7,,,1,26,,41157,7,,,1,26,,41158,7,,,1,66,,41159,7,,,1,26,,41160,7,,,1,66,,41161,7,,,1,26,,41162,7,,,1,66,,41163,7,,,1,26,,41164,7,,,1,66,,41165,7,,,1,26,,41166,7,,,1,27,,41167,7,,,1,66,,41168,7,,,1,29,,41169,7,,,1
10401,'3302',739,,41813,15,,,1,70,,41814,15,,,1,32,,41815,15,,,1,72,,41816,15,,,1,30,,41817,15,,,1,70,,41818,15,,,1,29,,41819,15,,,1,71,,41820,15,,,1,28,,41821,15,,,1,74,,41822,15,,,1,27,,41823,15,,,1,72,,41824,15,,,1,24,,41825,15,,,1,69,,41826,15,,,1,28,,41827,15,,,1,72,,41828,15,,,1,29,,41829,15,,,1,70,,41830,15,,,1,30,,41831,15,,,1,73,,41832,15,,,1,31,,41833,15,,,1,70,,41834,15,,,1
10401,'3903',1013,,41851,15,,,1,21,,41837,15,,,1,70,,41838,15,,,1,27,,41839,15,,,1,70,,41840,15,,,1,20,,41841,15,,,1,30,,41842,15,,,1,65,,41843,15,,,1,29,,41844,15,,,1,68,,41845,15,,,1,31,,41846,15,,,1,70,,41847,15,,,1,30,,41848,15,,,1,69,,41849,15,,,1,30,,41850,15,,,1,70,,41836,15,,,1,30,,41835,15,,,1
