201,'11802',740,,42903,48,0,13 24 25,1,75,,42905,42,0,10 24 25,1,30,,42904,48,0,13 24 25,1,70,,42906,42,0,10 24 25,1
201,'2',634,,42908,42,0,10 24 25,1,15,,42944,48,0,13 24 25,1,55,,42909,42,0,10 24 25,1,15,,42945,48,0,13 24 25,1,15,,42910,42,0,10 24 25,1,15,,42946,48,0,13 24 25,1,55,,42911,42,0,10 24 25,1,15,,42947,48,0,13 24 25,1,15,,42912,42,0,10 24 25,1,15,,42948,48,0,13 24 25,1,55,,42913,42,0,10 24 25,1,15,,42949,48,0,13 24 25,1,15,,42914,42,0,10 24 25,1,15,,42950,48,0,13 24 25,1,55,,42915,42,0,10 24 25,1,15,,42951,48,0,13 24 25,1,15,,42916,42,0,10 24 25,1,15,,42952,48,0,13 24 25,1,55,,42917,42,0,10 24 25,1,15,,42953,48,0,13 24 25,1,15,,42918,42,0,10 24 25,1,15,,42954,48,0,13 24 25,1,55,,42919,42,0,10 24 25,1,15,,42955,48,0,13 24 25,1,15,,42920,42,0,10 24 25,1,15,,42956,48,0,13 24 25,1,55,,42921,42,0,10 24 25,1,15,,42957,48,0,13 24 25,1,15,,42922,42,0,10 24 25,1,15,,42958,48,0,13 24 25,1,55,,42923,42,0,10 24 25,1,15,,42959,48,0,13 24 25,1,15,,42924,42,0,10 24 25,1,15,,42960,48,0,13 24 25,1,55,,42925,42,0,10 24 25,1,15,,42961,48,0,13 24 25,1,15,,42926,42,0,10 24 25,1,15,,42962,48,0,13 24 25,1,56,,42927,42,0,10 24 25,1,15,,42963,48,0,13 24 25,1,15,,42928,42,0,10 24 25,1,15,,42964,48,0,13 24 25,1,60,,42929,42,0,10 24 25,1,18,,42965,48,0,13 24 25,1,16,,42930,42,0,10 24 25,1,14,,42966,48,0,13 24 25,1,48,,42931,42,0,10 24 25,1,11,,42967,48,0,13 24 25,1,17,,42932,42,0,10 24 25,1,15,,42968,48,0,13 24 25,1,55,,42933,42,0,10 24 25,1,10,,42969,48,0,13 24 25,1,15,,42934,42,0,10 24 25,1,15,,42970,48,0,13 24 25,1,67,,42971,48,0,13 24 25,1,13,,42936,42,0,10 24 25,1,14,,42972,48,0,13 24 25,1,14,,42937,42,0,10 24 25,1,56,,42973,48,0,13 24 25,1,23,,42974,48,0,13 24 25,1,18,,42939,42,0,10 24 25,1,64,,42975,48,0,13 24 25,1,16,,42940,42,0,10 24 25,1,18,,42976,48,0,13 24 25,1,56,,42941,42,0,10 24 25,1,20,,42977,48,0,13 24 25,1,16,,42942,42,0,10 24 25,1,20,,42978,48,0,13 24 25,1,63,,42943,42,0,10 24 25,1,37,,42979,48,0,13 24 25,1,59,,42980,42,0,10 24 25,1
201,'3',632,,42983,48,0,13 24 25,1,70,,42984,42,0,10 24 25,1,30,,42985,48,0,13 24 25,1,71,,42986,42,0,10 24 25,1,15,,42987,48,0,13 24 25,1,15,,42988,42,0,10 24 25,1,10,,42989,48,0,13 24 25,1,15,,42990,42,0,10 24 25,1,50,,42991,48,0,13 24 25,1,15,,42992,42,0,10 24 25,1,15,,42993,48,0,13 24 25,1,15,,42994,42,0,10 24 25,1,55,,42995,48,0,13 24 25,1,15,,42996,42,0,10 24 25,1,10,,43039,24,,,1,5,,42997,48,0,13 24 25,1,15,,43018,42,0,10 24 25,1,55,,42998,48,0,13 24 25,1,15,,43019,42,0,10 24 25,1,15,,42999,48,0,13 24 25,1,15,,43020,42,0,10 24 25,1,55,,43000,48,0,13 24 25,1,10,,43021,42,0,10 24 25,1,15,,43001,48,0,13 24 25,1,10,,43022,42,0,10 24 25,1,15,,43002,48,0,13 24 25,1,55,,43023,42,0,10 24 25,1,15,,43003,48,0,13 24 25,1,15,,43024,42,0,10 24 25,1,15,,43004,48,0,13 24 25,1,56,,43025,42,0,10 24 25,1,15,,43005,48,0,13 24 25,1,10,,43026,42,0,10 24 25,1,10,,43006,48,0,13 24 25,1,55,,43027,42,0,10 24 25,1,15,,43007,48,0,13 24 25,1,15,,43028,42,0,10 24 25,1,15,,43008,48,0,13 24 25,1,55,,43029,42,0,10 24 25,1,15,,43009,48,0,13 24 25,1,15,,43030,42,0,10 24 25,1,15,,43010,48,0,13 24 25,1,10,,43031,42,0,10 24 25,1,55,,43011,48,0,13 24 25,1,15,,43032,42,0,10 24 25,1,10,,43012,48,0,13 24 25,1,15,,43033,42,0,10 24 25,1,54,,43013,48,0,13 24 25,1,15,,43034,42,0,10 24 25,1,10,,43014,48,0,13 24 25,1,15,,43035,42,0,10 24 25,1,55,,43015,48,0,13 24 25,1,15,,43036,42,0,10 24 25,1,15,,43016,48,0,13 24 25,1,15,,43037,42,0,10 24 25,1,55,,43017,48,0,13 24 25,1,15,,43038,42,0,10 24 25,1,15,,43040,48,0,13 24 25,1,15,,43041,42,0,10 24 25,1,55,,43042,48,0,13 24 25,1,25,,43047,42,0,10 24 25,1,30,,43043,48,0,13 24 25,1,70,,43048,42,0,10 24 25,1,27,,43044,48,0,13 24 25,1,70,,43049,42,0,10 24 25,1,30,,43045,48,0,13 24 25,1,70,,43050,42,0,10 24 25,1,78,,43046,48,0,13 24 25,1
201,'30',630,,43059,24,,,1,72,,43058,48,0,13 24 25,1,30,,43060,42,0,10 24 25,1,70,,43062,48,0,13 24 25,1,30,,43061,42,0,10 24 25,1,75,,43063,48,0,13 24 25,1,30,,43064,42,0,10 24 25,1,65,,43068,48,0,13 24 25,1,25,,43065,42,0,10 24 25,1,25,,43069,48,0,13 24 25,1,65,,43066,42,0,10 24 25,1,15,,43094,32,,,1,10,,43070,48,0,13 24 25,1,66,,43067,42,0,10 24 25,1,15,,43071,48,0,13 24 25,1,15,,43083,42,0,10 24 25,1,15,,43072,48,0,13 24 25,1,55,,43084,42,0,10 24 25,1,15,,43073,48,0,13 24 25,1,15,,43085,42,0,10 24 25,1,15,,43074,48,0,13 24 25,1,55,,43086,42,0,10 24 25,1,15,,43075,48,0,13 24 25,1,15,,43087,42,0,10 24 25,1,15,,43076,48,0,13 24 25,1,55,,43088,42,0,10 24 25,1,15,,43077,48,0,13 24 25,1,15,,43089,42,0,10 24 25,1,15,,43078,48,0,13 24 25,1,55,,43090,42,0,10 24 25,1,15,,43079,48,0,13 24 25,1,15,,43091,42,0,10 24 25,1,15,,43080,48,0,13 24 25,1,55,,43092,42,0,10 24 25,1,15,,43081,48,0,13 24 25,1,15,,43093,42,0,10 24 25,1,15,,43082,48,0,13 24 25,1,54,,43095,42,0,10 24 25,1,35,,43101,48,0,13 24 25,1,15,,43096,42,0,10 24 25,1,65,,43102,48,0,13 24 25,1,25,,43097,42,0,10 24 25,1,65,,43103,48,0,13 24 25,1,25,,43098,42,0,10 24 25,1,65,,43104,48,0,13 24 25,1,25,,43099,42,0,10 24 25,1,25,,43105,48,0,13 24 25,1,65,,43100,42,0,10 24 25,1,25,,43106,48,0,13 24 25,1,60,,43057,42,0,10 24 25,1
201,'4',630,,43113,24,,,1,72,,43112,48,0,13 24 25,1,30,,43114,42,0,10 24 25,1,70,,43116,48,0,13 24 25,1,30,,43115,42,0,10 24 25,1,75,,43117,48,0,13 24 25,1,30,,43118,42,0,10 24 25,1,65,,43122,48,0,13 24 25,1,25,,43119,42,0,10 24 25,1,25,,43123,48,0,13 24 25,1,65,,43120,42,0,10 24 25,1,15,,43148,32,,,1,10,,43124,48,0,13 24 25,1,66,,43121,42,0,10 24 25,1,15,,43125,48,0,13 24 25,1,15,,43137,42,0,10 24 25,1,15,,43126,48,0,13 24 25,1,55,,43138,42,0,10 24 25,1,15,,43127,48,0,13 24 25,1,15,,43139,42,0,10 24 25,1,15,,43128,48,0,13 24 25,1,55,,43140,42,0,10 24 25,1,15,,43129,48,0,13 24 25,1,15,,43141,42,0,10 24 25,1,15,,43130,48,0,13 24 25,1,55,,43142,42,0,10 24 25,1,15,,43131,48,0,13 24 25,1,15,,43143,42,0,10 24 25,1,15,,43132,48,0,13 24 25,1,55,,43144,42,0,10 24 25,1,15,,43133,48,0,13 24 25,1,15,,43145,42,0,10 24 25,1,15,,43134,48,0,13 24 25,1,55,,43146,42,0,10 24 25,1,15,,43135,48,0,13 24 25,1,15,,43147,42,0,10 24 25,1,15,,43136,48,0,13 24 25,1,54,,43149,42,0,10 24 25,1,35,,43155,48,0,13 24 25,1,15,,43150,42,0,10 24 25,1,65,,43156,48,0,13 24 25,1,25,,43151,42,0,10 24 25,1,65,,43157,48,0,13 24 25,1,25,,43152,42,0,10 24 25,1,65,,43158,48,0,13 24 25,1,25,,43153,42,0,10 24 25,1,25,,43159,48,0,13 24 25,1,65,,43154,42,0,10 24 25,1,25,,43160,48,0,13 24 25,1,60,,43111,42,0,10 24 25,1
10201,'11802',907,,50351,4,,,1,21,,50352,4,,,1,808,,50353,4,,,1
10201,'3302',604,,50413,4,,,1,22,,50412,4,,,1,25,,50411,4,,,1,65,,50410,4,,,1,25,,50409,4,,,1,60,,50363,4,,,1,10,,50362,4,,,1,20,,50361,4,,,1,22,,50360,4,,,1,50,,50359,4,,,1,19,,50358,4,,,1,21,,50357,4,,,1,10,,50356,4,,,1,60,,50355,4,,,1,20,,50354,4,,,1,6,,50364,4,,,1,17,,50365,4,,,1,62,,50366,4,,,1,11,,50367,4,,,1,11,,50368,4,,,1,62,,50369,4,,,1,11,,50370,4,,,1,11,,50371,4,,,1,22,,50372,4,,,1,11,,50373,4,,,1,51,,50374,4,,,1,22,,50375,4,,,1,11,,50376,4,,,1,11,,50377,4,,,1,62,,50378,4,,,1,11,,50379,4,,,1,13,,50380,4,,,1,65,,50381,4,,,1,12,,50382,4,,,1,12,,50383,4,,,1,23,,50384,4,,,1,54,,50385,4,,,1,12,,50386,4,,,1,24,,50387,4,,,1,12,,50388,4,,,1,52,,50389,4,,,1,24,,50390,4,,,1,13,,50391,4,,,1,12,,50392,4,,,1,68,,50393,4,,,1,12,,50394,4,,,1,70,,50395,4,,,1,15,,50396,4,,,1,30,,50397,4,,,1,55,,50398,4,,,1,30,,50399,4,,,1,16,,50400,4,,,1,67,,50401,4,,,1,20,,50402,4,,,1,20,,50403,4,,,1,60,,50404,4,,,1,20,,50405,4,,,1,20,,50406,4,,,1,60,,50407,4,,,1,20,,50408,4,,,1
10201,'3602',821,,50419,4,,,1,20,,50418,4,,,1,70,,50417,4,,,1,22,,50416,4,,,1,70,,50415,4,,,1,20,,50414,4,,,1,84,,50420,4,,,1,44,,50421,4,,,1,84,,50422,4,,,1,84,,50423,4,,,1,84,,50424,4,,,1,48,,50425,4,,,1,88,,50426,4,,,1,89,,50427,4,,,1,88,,50428,4,,,1,87,,50429,4,,,1,45,,50430,4,,,1,85,,50431,4,,,1,85,,50432,4,,,1
10201,'3903',1122,,50433,4,,,1,82,,50434,4,,,1,44,,50435,4,,,1,80,,50436,4,,,1,80,,50437,4,,,1,41,,50438,4,,,1,80,,50439,4,,,1,83,,50440,4,,,1,44,,50441,4,,,1,85,,50442,4,,,1,81,,50443,4,,,1,80,,50444,4,,,1,40,,50445,4,,,1,80,,50446,4,,,1,79,,50447,4,,,1,34,,50448,4,,,1,75,,50449,4,,,1,35,,50450,4,,,1,75,,50451,4,,,1
10201,'6404',1122,,50452,4,,,1,82,,50453,4,,,1,44,,50454,4,,,1,80,,50455,4,,,1,80,,50456,4,,,1,41,,50457,4,,,1,80,,50458,4,,,1,83,,50459,4,,,1,44,,50460,4,,,1,85,,50461,4,,,1,81,,50462,4,,,1,80,,50463,4,,,1,40,,50464,4,,,1,80,,50465,4,,,1,79,,50466,4,,,1,34,,50467,4,,,1,75,,50468,4,,,1
