1600,'2',547,,46308,5,,,1,55,,46312,5,,,1,23,,46313,5,,,1,12,,46373,5,,,1,11,,46314,5,,,1,61,,46315,5,,,1,16,,46316,5,,,1,20,,46317,5,,,1,12,,46318,5,,,1,56,,46319,5,,,1,16,,46320,5,0,7 4 8,1,16,,46321,5,,,1,56,,46322,5,,,1,18,,46323,5,,,1,18,,46324,5,,,1,18,,46325,5,,,1,58,,46326,5,,,1,18,,46327,5,,,1,18,,46328,5,,,1,58,,46329,5,,,1,18,,46330,5,,,1,21,,46331,5,,,1,56,,46332,5,,,1,16,,46333,5,,,1,18,,46334,5,,,1,16,,46335,5,,,1,54,,46336,5,,,1,16,,46337,5,,,1,16,,46338,5,,,1,12,,46339,5,,,1,58,,46340,5,,,1,16,,46341,5,,,1,16,,46342,5,,,1,10,,46343,5,,,1,55,,46344,5,,,1,15,,46345,5,,,1,15,,46346,5,,,1,15,,46347,5,,,1,55,,46348,5,,,1,15,,46349,5,,,1,15,,46350,5,,,1,15,,46351,5,,,1,54,,46371,5,0,7 4 8,1,14,,46352,5,,,1,17,,46353,5,,,1,66,,46354,5,,,1,22,,46355,5,,,1,22,,46356,5,,,1,62,,46357,5,,,1,22,,46358,5,,,1,22,,46359,5,,,1,62,,46360,5,,,1,22,,46361,5,,,1,23,,46362,5,,,1,65,,46363,5,,,1,25,,46364,5,,,1,65,,46365,5,,,1,25,,46366,5,,,1,65,,46367,5,,,1,25,,46368,5,,,1,25,,46369,5,,,1,65,,46370,5,,,1,20,,46310,5,0,7 4 8,1,65,,46311,5,0,7 4 8,1
1600,'3',611,,46374,5,,,1,25,,46375,5,,,1,20,,46376,5,,,1,65,,46377,5,,,1,25,,46378,5,,,1,64,,46379,5,,,1,25,,46380,5,,,1,65,,46381,5,,,1,24,,46382,5,,,1,22,,46383,5,,,1,59,,46384,5,,,1,11,,46385,5,,,1,21,,46386,5,,,1,21,,46387,5,,,1,61,,46388,5,,,1,21,,46389,5,,,1,14,,46390,5,,,1,50,,46391,5,,,1,15,,46392,5,,,1,15,,46393,5,,,1,15,,46394,5,,,1,55,,46395,5,,,1,15,,46396,5,,,1,15,,46397,5,,,1,15,,46398,5,,,1,54,,46399,5,,,1,15,,46400,5,,,1,15,,46401,5,,,1,15,,46402,5,,,1,55,,46403,5,,,1,15,,46404,5,,,1,15,,46405,5,,,1,15,,46406,5,,,1,55,,46407,5,,,1,15,,46408,5,,,1,15,,46409,5,,,1,15,,46410,5,,,1,55,,46411,5,,,1,15,,46412,5,0,7 4 8,1,15,,46413,5,,,1,21,,46414,5,,,1,4,,46435,5,0,5 3 9,1,56,,46415,5,,,1,16,,46416,5,,,1,20,,46417,5,,,1,60,,46418,5,,,1,20,,46419,5,,,1,20,,46420,5,,,1,60,,46421,5,,,1,20,,46422,5,0,7 4 8,1,17,,46423,5,,,1,61,,46424,5,,,1,22,,46425,5,,,1,25,,46426,5,,,1,65,,46427,5,,,1,25,,46428,5,,,1,65,,46429,5,,,1,25,,46430,5,,,1,16,,46434,5,0,5 3 9,1,65,,46431,5,,,1,37,,46432,5,0,7 4 8,1,60,,46433,5,0,5 3 9,1
1600,'30',652,,46437,5,,,1,75,,46438,5,,,1,75,,46439,5,,,1,35,,46440,5,,,1,16,,46441,5,,,1,64,,46442,5,,,1,30,,46443,5,,,1,70,,46444,5,,,1,30,,46445,5,,,1,70,,46446,5,,,1,27,,46448,5,,,1,64,,46449,5,,,1,22,,46447,5,,,1,22,,46450,5,,,1,62,,46451,5,,,1,22,,46452,5,,,1,22,,46453,5,,,1,62,,46454,5,,,1,22,,46455,5,,,1,62,,46456,5,,,1,22,,46457,5,,,1,22,,46458,5,,,1,62,,46459,5,,,1,22,,46460,5,,,1,22,,46461,5,,,1,59,,46462,5,0,5 3 9,1,20,,46463,5,,,1,70,,46464,5,,,1,30,,46465,5,,,1,70,,46466,5,,,1,30,,46473,5,,,1,70,,46467,5,,,1,30,,46468,5,,,1,70,,46469,5,,,1,30,,46470,5,,,1,69,,46471,5,,,1,30,,46472,5,,,1,17,,46475,5,0,5 3 9,1,70,,46476,5,0,5 3 9,1
1600,'4',652,,46477,5,,,1,75,,46478,5,,,1,75,,46479,5,,,1,35,,46480,5,,,1,16,,46481,5,,,1,64,,46482,5,,,1,30,,46483,5,,,1,70,,46484,5,,,1,30,,46485,5,,,1,70,,46486,5,,,1,27,,46488,5,,,1,64,,46489,5,,,1,22,,46487,5,,,1,22,,46490,5,,,1,62,,46491,5,,,1,22,,46492,5,,,1,22,,46493,5,,,1,62,,46494,5,,,1,22,,46495,5,,,1,62,,46496,5,,,1,22,,46497,5,,,1,22,,46498,5,,,1,62,,46499,5,,,1,22,,46500,5,,,1,22,,46501,5,,,1,59,,46502,5,0,5 3 9,1,20,,46503,5,,,1,70,,46504,5,,,1,30,,46505,5,,,1,70,,46506,5,,,1,30,,46513,5,,,1,70,,46507,5,,,1,30,,46508,5,,,1,70,,46509,5,,,1,30,,46510,5,,,1,69,,46511,5,,,1,30,,46512,5,,,1,17,,46515,5,0,5 3 9,1,70,,46516,5,0,5 3 9,1
1900,'2',646,,47066,50,,,1,70,,47065,50,,,1,35,,47067,50,,,1,59,,47068,50,,,1,27,,47069,50,,,1,67,,47070,50,,,1,27,,47071,50,,,1,70,,47072,50,,,1,27,,47073,50,,,1,27,,47074,50,,,1,67,,47075,50,,,1,27,,47076,50,,,1,67,,47077,50,,,1,27,,47078,50,,,1,65,,47079,50,,,1,27,,47080,50,,,1,67,,47081,50,,,1,27,,47082,50,,,1,28,,47083,50,,,1,68,,47084,50,,,1,29,,47085,50,,,1,67,,47086,50,,,1,27,,47087,50,,,1,68,,47088,50,,,1,28,,47089,50,,,1,67,,47090,50,,,1,28,,47091,50,,,1,69,,47092,50,,,1,27,,47093,50,,,1,67,,47094,50,,,1,27,,47095,50,,,1,27,,47096,50,,,1,67,,47097,50,,,1,27,,47098,50,,,1,63,,47099,50,,,1,23,,47100,50,,,1,87,,47101,50,,,1,21,,47102,50,,,1
1900,'3',856,,47115,50,,,1,72,,47116,50,,,1,72,,47105,50,,,1,32,,47106,50,,,1,73,,47107,50,,,1,32,,47108,50,,,1,72,,47109,50,,,1,32,,47110,50,,,1,73,,47111,50,,,1,27,,47112,50,,,1,79,,47113,50,,,1,30,,47114,50,,,1,71,,47117,50,,,1,27,,47118,50,,,1,67,,47119,50,,,1,27,,47120,50,,,1,16,,47121,50,,,1,66,,47122,50,,,1,35,,47123,50,,,1,67,,47124,50,,,1,27,,47125,50,,,1,80,,47126,50,,,1,72,,47127,50,,,1,32,,47128,50,,,1,72,,47129,50,,,1,32,,47130,50,,,1,63,,47131,50,,,1,25,,47132,50,,,1
1900,'30',840,,47140,50,,,1,75,,47150,50,,,1,35,,47136,50,,,1,75,,47137,50,,,1,75,,47151,50,,,1,36,,47138,50,,,1,80,,47139,50,,,1,40,,47141,50,,,1,80,,47142,50,,,1,80,,47152,50,,,1,40,,47143,50,,,1,80,,47144,50,,,1,80,,47145,50,,,1,36,,47146,50,,,1,75,,47153,50,,,1,76,,47147,50,,,1,35,,47148,50,,,1,75,,47154,50,,,1,35,,47149,50,,,1,75,,47155,50,,,1
1900,'4',840,,47161,50,,,1,75,,47171,50,,,1,35,,47157,50,,,1,75,,47158,50,,,1,75,,47172,50,,,1,36,,47159,50,,,1,80,,47160,50,,,1,40,,47162,50,,,1,80,,47163,50,,,1,80,,47173,50,,,1,40,,47164,50,,,1,80,,47165,50,,,1,80,,47166,50,,,1,36,,47167,50,,,1,75,,47174,50,,,1,76,,47168,50,,,1,35,,47169,50,,,1,75,,47175,50,,,1,35,,47170,50,,,1,75,,47176,50,,,1
2501,'11802',709,,48021,5,,,1,844,,48022,5,,,1,105,,48023,5,,,1
2501,'2',608,,48024,5,,,1,24,,48025,5,,,1,70,,48026,5,,,1,20,,48027,5,,,1,20,,48028,5,,,1,60,,48029,5,,,1,20,,48030,5,,,1,20,,48031,5,,,1,60,,48032,5,,,1,20,,48033,5,,,1,20,,48034,5,,,1,60,,48035,5,,,1,20,,48036,5,,,1,20,,48037,5,,,1,60,,48038,5,,,1,20,,48039,5,,,1,20,,48040,5,,,1,60,,48041,5,,,1,20,,48042,5,,,1,20,,48043,5,,,1,60,,48044,5,,,1,20,,48045,5,,,1,20,,48046,5,,,1,61,,48047,5,,,1,20,,48048,5,,,1,20,,48049,5,,,1,60,,48050,5,,,1,20,,48051,5,,,1,20,,48052,5,,,1,61,,48053,5,,,1,21,,48054,5,,,1,21,,48055,5,,,1,61,,48056,5,,,1,21,,48057,5,,,1,21,,48058,5,,,1,59,,48059,5,,,1,20,,48060,5,,,1,20,,48061,5,,,1,60,,48062,5,,,1,20,,48063,5,,,1,20,,48064,5,,,1,60,,48065,5,,,1,20,,48066,5,,,1,20,,48067,5,,,1,70,,48068,5,,,1,24,,48069,5,,,1,65,,48070,5,,,1,25,,48071,5,,,1,25,,48072,5,,,1,65,,48073,5,,,1,21,,48074,5,,,1
2501,'3',621,,48108,5,,,1,25,,48075,5,,,1,66,,48107,5,,,1,25,,48076,5,,,1,65,,48106,5,,,1,26,,48077,5,,,1,27,,48078,5,,,1,67,,48079,5,,,1,25,,48080,5,,,1,71,,48081,5,,,1,25,,48082,5,,,1,70,,48083,5,,,1,24,,48084,5,,,1,67,,48085,5,,,1,30,,48086,5,,,1,25,,48087,5,,,1,70,,48088,5,,,1,26,,48089,5,,,1,69,,48090,5,,,1,30,,48091,5,,,1,70,,48092,5,,,1,30,,48093,5,,,1,70,,48094,5,,,1,30,,48095,5,,,1,70,,48096,5,,,1,30,,48097,5,,,1,70,,48098,5,,,1,30,,48099,5,,,1,64,,48105,5,,,1,31,,48100,5,,,1,67,,48109,5,,,1,29,,48101,5,,,1,65,,48110,5,,,1,27,,48102,5,,,1,65,,48111,5,,,1,25,,48103,5,,,1,25,,48112,5,,,1,62,,48104,5,,,1
2501,'30',912,,48120,5,,,1,35,,48129,5,,,1,65,,48130,5,,,1,30,,48131,5,,,1,70,,48132,5,,,1,30,,48133,5,,,1,70,,48134,5,,,1,30,,48135,5,,,1,70,,48136,5,,,1,30,,48137,5,,,1,70,,48138,5,,,1,30,,48139,5,,,1,68,,48121,5,,,1,27,,48119,5,,,1,67,,48122,5,,,1,27,,48118,5,,,1,27,,48123,5,,,1,67,,48117,5,,,1,27,,48124,5,,,1,67,,48116,5,,,1,27,,48125,5,,,1,65,,48128,5,,,1,30,,48126,5,,,1,70,,48140,5,,,1,30,,48115,5,,,1,72,,48141,5,,,1,31,,48114,5,,,1,68,,48142,5,,,1,15,,48113,5,,,1,82,,48127,5,,,1
2501,'4',912,,48150,5,,,1,35,,48159,5,,,1,65,,48160,5,,,1,30,,48161,5,,,1,70,,48162,5,,,1,30,,48163,5,,,1,70,,48164,5,,,1,30,,48165,5,,,1,70,,48166,5,,,1,30,,48167,5,,,1,70,,48168,5,,,1,30,,48169,5,,,1,68,,48151,5,,,1,27,,48149,5,,,1,67,,48152,5,,,1,27,,48148,5,,,1,27,,48153,5,,,1,67,,48147,5,,,1,27,,48154,5,,,1,67,,48146,5,,,1,27,,48155,5,,,1,65,,48158,5,,,1,30,,48156,5,,,1,70,,48170,5,,,1,30,,48145,5,,,1,72,,48171,5,,,1,31,,48144,5,,,1,68,,48172,5,,,1,15,,48143,5,,,1,82,,48157,5,,,1
3400,'2',602,,48948,5,0,14,1,40,,48949,5,0,14,1,71,,48964,5,0,14,1,40,,48959,5,0,14,1,82,,48958,5,0,14,1,83,,48960,5,0,14,1,40,,48950,5,0,14,1,80,,48951,5,0,14,1,80,,48952,5,0,14,1,85,,48953,5,0,14,1,40,,48954,5,0,14,1,80,,48955,5,0,14,1,80,,48956,5,0,14,1,40,,48957,5,0,14,1,80,,48965,5,0,14,1,80,,48966,5,0,14,1,40,,48967,5,0,14,1,80,,48968,5,0,14,1,80,,48969,5,0,14,1,40,,48970,5,0,14,1,80,,48976,5,0,14,1,80,,48971,5,0,14,1,40,,48972,5,0,14,1,80,,48973,5,0,14,1,80,,48975,5,0,14,1,40,,48974,5,0,14,1,79,,48961,5,0,14,1,31,,48963,4,0,49 3 40 50 51,1,80,,48962,4,0,49 3 40 50 51,1
3400,'3',752,,48986,5,0,14,1,80,,48984,5,0,14,1,80,,48985,5,0,14,1,40,,48977,5,0,14,1,81,,48978,5,0,14,1,80,,48979,5,0,14,1,40,,48980,5,0,14,1,80,,48981,5,0,14,1,80,,48982,5,0,14,1,40,,48983,5,0,14,1,81,,48987,5,0,14,1,80,,48988,5,0,14,1,40,,48989,5,0,14,1,80,,48990,5,0,14,1,80,,48991,5,0,14,1,40,,48992,5,0,14,1,81,,48993,5,0,14,1,80,,48994,5,0,14,1,40,,48995,5,0,14,1,80,,48996,5,0,14,1,78,,48997,5,0,14,1,40,,48998,5,0,14,1,80,,48999,5,0,14,1
3400,'30',1003,,49000,5,0,14,1,40,,49001,5,0,14,1,80,,49002,5,0,14,1,81,,49003,5,0,14,1,40,,49004,5,0,14,1,80,,49005,5,0,14,1,79,,49006,5,0,14,1,40,,49007,5,0,14,1,80,,49008,5,0,14,1,80,,49009,5,0,14,1,40,,49010,5,0,14,1,80,,49011,5,0,14,1,80,,49012,5,0,14,1,40,,49013,5,0,14,1,80,,49014,5,0,14,1,80,,49015,5,0,14,1,40,,49016,5,0,14,1
3400,'4',1003,,49017,5,0,14,1,40,,49018,5,0,14,1,80,,49019,5,0,14,1,81,,49020,5,0,14,1,40,,49021,5,0,14,1,80,,49022,5,0,14,1,79,,49023,5,0,14,1,40,,49024,5,0,14,1,80,,49025,5,0,14,1,80,,49026,5,0,14,1,40,,49027,5,0,14,1,80,,49028,5,0,14,1,80,,49029,5,0,14,1,40,,49030,5,0,14,1,80,,49031,5,0,14,1,80,,49032,5,0,14,1,40,,49033,5,0,14,1
