901,'2',616,,36052,26,,,1,20,,36053,26,,,1,17,,36054,26,,,1,55,,36055,26,,,1,16,,36056,26,,,1,15,,36057,26,,,1,14,,36058,26,,,1,56,,36059,26,,,1,15,,36060,26,,,1,17,,36061,26,,,1,15,,36062,26,,,1,55,,36063,26,,,1,15,,36064,26,,,1,15,,36065,26,,,1,15,,36066,26,,,1,55,,36067,26,,,1,15,,36068,26,,,1,15,,36069,26,,,1,15,,36070,26,,,1,55,,36071,26,,,1,15,,36072,26,,,1,15,,36073,26,,,1,15,,36074,26,,,1,55,,36075,26,,,1,15,,36076,26,,,1,15,,36077,26,,,1,15,,36078,26,,,1,55,,36079,26,,,1,15,,36080,26,,,1,15,,36081,26,,,1,14,,36082,26,,,1,55,,36083,26,,,1,15,,36084,26,,,1,15,,36085,26,,,1,15,,36086,26,,,1,55,,36087,26,,,1,15,,36088,26,,,1,15,,36089,26,,,1,15,,36090,26,,,1,55,,36091,26,,,1,15,,36092,26,,,1,15,,36093,26,,,1,15,,36094,26,,,1,55,,36095,26,,,1,15,,36096,26,,,1,15,,36097,26,,,1,17,,36098,26,,,1,63,,36099,26,,,1,15,,36100,26,,,1,14,,36101,26,,,1,62,,36102,26,,,1,22,,36103,26,,,1,22,,36104,26,,,1,62,,36105,26,,,1,22,,36106,26,,,1,66,,36107,26,,,1,29,,36108,26,,,1,72,,36109,26,,,1,32,,36110,26,,,1,72,,36111,26,,,1,37,,36112,26,,,1,100,,36113,26,,,1
901,'3',620,,36119,26,,,1,30,,36158,26,,,1,70,,36120,26,,,1,30,,36157,26,,,1,70,,36121,26,,,1,35,,36122,26,,,1,72,,36123,26,,,1,86,,36124,26,,,1,25,,36125,26,,,1,65,,36126,26,,,1,22,,36127,26,,,1,25,,36128,26,,,1,65,,36129,26,,,1,29,,36130,26,,,1,61,,36131,26,,,1,25,,36132,26,,,1,28,,36133,26,,,1,62,,36134,26,,,1,24,,36135,26,,,1,65,,36136,26,,,1,25,,36137,26,,,1,25,,36138,26,,,1,65,,36139,26,,,1,25,,36140,26,,,1,65,,36141,26,,,1,25,,36142,26,,,1,65,,36143,26,,,1,45,,36145,26,,,1,65,,36146,26,,,1,38,,36147,26,,,1,75,,36148,26,,,1,75,,36149,26,,,1,36,,36150,26,,,1,75,,36151,26,,,1,35,,36152,26,,,1,75,,36153,26,,,1,35,,36154,26,,,1
901,'30',700,,36193,26,,,1,35,,36159,26,,,1,75,,36194,26,,,1,34,,36160,26,,,1,75,,36195,26,,,1,33,,36161,26,,,1,73,,36162,26,,,1,33,,36163,26,,,1,73,,36164,26,,,1,78,,36165,26,,,1,28,,36166,26,,,1,63,,36167,26,,,1,23,,36168,26,,,1,23,,36169,26,,,1,63,,36170,26,,,1,23,,36171,26,,,1,23,,36172,26,,,1,63,,36173,26,,,1,23,,36174,26,,,1,63,,36175,26,,,1,23,,36176,26,,,1,24,,36177,26,,,1,64,,36178,26,,,1,23,,36179,26,,,1,65,,36180,26,,,1,17,,36181,26,,,1,19,,36182,26,,,1,70,,36183,26,,,1,30,,36184,26,,,1,70,,36185,26,,,1,30,,36186,26,,,1,70,,36187,26,,,1,30,,36188,26,,,1,71,,36189,26,,,1,41,,36190,26,,,1,58,,36191,26,,,1
901,'4',700,,36230,26,,,1,35,,36196,26,,,1,75,,36231,26,,,1,34,,36197,26,,,1,75,,36232,26,,,1,33,,36198,26,,,1,73,,36199,26,,,1,33,,36200,26,,,1,73,,36201,26,,,1,78,,36202,26,,,1,28,,36203,26,,,1,63,,36204,26,,,1,23,,36205,26,,,1,23,,36206,26,,,1,63,,36207,26,,,1,23,,36208,26,,,1,23,,36209,26,,,1,63,,36210,26,,,1,23,,36211,26,,,1,63,,36212,26,,,1,23,,36213,26,,,1,24,,36214,26,,,1,64,,36215,26,,,1,23,,36216,26,,,1,65,,36217,26,,,1,17,,36218,26,,,1,19,,36219,26,,,1,70,,36220,26,,,1,30,,36221,26,,,1,70,,36222,26,,,1,30,,36223,26,,,1,70,,36224,26,,,1,30,,36225,26,,,1,71,,36226,26,,,1,41,,36227,26,,,1,58,,36228,26,,,1
1901,'2',655,,38511,62,,,1,79,,38512,62,,,1,67,,38513,62,,,1,28,,38514,62,,,1,29,,38515,62,,,1,65,,38516,62,,,1,27,,38517,62,,,1,67,,38518,62,,,1,27,,38519,62,,,1,67,,38520,62,,,1,27,,38521,62,,,1,67,,38522,62,,,1,27,,38523,62,,,1,27,,38524,62,,,1,66,,38525,62,,,1,24,,38526,62,,,1,67,,38527,62,,,1,27,,38528,62,,,1,71,,38529,62,,,1,27,,38530,62,,,1,70,,38531,62,,,1,28,,38532,62,,,1,69,,38533,62,,,1,28,,38534,62,,,1,68,,38535,62,,,1,28,,38536,62,,,1,68,,38537,62,,,1,24,,38538,62,,,1,27,,38539,62,,,1,67,,38540,62,,,1,27,,38541,62,,,1,67,,38542,62,,,1,27,,38543,62,,,1,20,,38544,62,,,1,67,,38545,62,,,1,27,,38546,62,,,1,76,,38547,62,,,1,12,,38548,62,,,1,85,,38549,62,,,1
1901,'3',827,,38550,46,,,1,32,,38552,62,,,1,73,,38553,62,,,1,70,,38554,62,,,1,32,,38555,62,,,1,72,,38556,62,,,1,32,,38557,62,,,1,72,,38558,62,,,1,32,,38559,62,,,1,72,,38560,62,,,1,32,,38561,62,,,1,70,,38562,62,,,1,27,,38563,62,,,1,64,,38564,62,,,1,27,,38565,62,,,1,67,,38566,62,,,1,27,,38567,62,,,1,27,,38568,62,,,1,67,,38569,62,,,1,27,,38570,62,,,1,6,,38571,62,0,9 3 37,1,73,,38572,62,,,1,72,,38573,62,,,1,32,,38574,62,,,1,72,,38575,62,,,1,32,,38576,62,,,1,72,,38577,62,,,1,35,,38578,62,,,1,70,,38579,62,0,9 3 37,1,26,,38580,62,0,9 3 37,1,13,,38551,62,0,9 3 37,1
1901,'30',904,,38602,62,,,1,35,,38582,62,,,1,75,,38596,62,,,1,35,,38583,62,,,1,74,,38584,62,,,1,81,,38585,62,,,1,40,,38600,62,,,1,80,,38586,62,,,1,80,,38587,62,,,1,40,,38588,62,,,1,80,,38589,62,,,1,80,,38597,62,,,1,40,,38590,62,,,1,75,,38591,62,,,1,35,,38601,62,,,1,76,,38592,62,,,1,75,,38593,62,,,1,35,,38598,62,,,1,65,,38599,62,0,9 3 37,1
1901,'4',904,,38623,62,,,1,35,,38603,62,,,1,75,,38617,62,,,1,35,,38604,62,,,1,74,,38605,62,,,1,81,,38606,62,,,1,40,,38621,62,,,1,80,,38607,62,,,1,80,,38608,62,,,1,40,,38609,62,,,1,80,,38610,62,,,1,80,,38618,62,,,1,40,,38611,62,,,1,75,,38612,62,,,1,35,,38622,62,,,1,76,,38613,62,,,1,75,,38614,62,,,1,35,,38619,62,,,1,65,,38620,62,0,9 3 37,1
2000,'2',619,,38625,30,,,1,23,,38628,30,,,1,72,,38626,30,,,1,15,,38627,30,,,1,15,,38629,30,,,1,15,,38651,30,,,1,55,,38652,30,,,1,15,,38653,30,,,1,15,,38654,30,,,1,56,,38655,30,,,1,15,,38656,30,,,1,15,,38657,30,,,1,15,,38658,30,,,1,55,,38659,30,,,1,15,,38660,30,,,1,15,,38661,30,,,1,15,,38662,30,,,1,55,,38663,30,,,1,10,,38664,30,,,1,15,,38665,30,,,1,15,,38666,30,,,1,15,,38667,30,,,1,55,,38668,30,,,1,15,,38669,30,,,1,15,,38670,30,,,1,15,,38671,30,,,1,55,,38672,30,,,1,15,,38673,30,,,1,15,,38674,30,,,1,9,,38675,30,,,1,55,,38676,30,,,1,15,,38677,30,,,1,15,,38678,30,,,1,15,,38679,30,,,1,55,,38680,30,,,1,15,,38681,30,,,1,15,,38682,30,,,1,15,,38683,30,,,1,55,,38684,30,,,1,15,,38685,30,,,1,15,,38686,30,,,1,15,,38687,30,,,1,55,,38688,30,,,1,19,,38689,30,,,1,21,,38630,30,,,1,15,,38632,30,,,1,56,,38633,30,,,1,16,,38634,30,,,1,13,,38643,30,,,1,14,,38635,30,,,1,55,,38636,30,,,1,20,,38637,30,,,1,72,,38638,30,,,1,13,,38639,30,,,1,27,,38640,30,,,1,66,,38641,30,,,1,19,,38644,30,,,1,71,,38645,30,,,1,26,,38646,30,,,1,26,,38647,30,,,1,66,,38624,30,,,1,30,,38649,30,,,1,65,,38650,30,,,1,12,,38690,30,0,36,1,25,,38648,30,,,1,57,,38691,30,0,36,1
2000,'3',627,,38693,30,,,1,26,,38696,30,,,1,70,,38697,30,,,1,81,,38698,30,,,1,26,,38699,30,,,1,26,,38700,30,,,1,66,,38701,30,,,1,26,,38702,30,,,1,72,,38703,30,,,1,22,,38704,30,,,1,60,,38705,30,,,1,20,,38706,30,,,1,20,,38707,30,,,1,60,,38708,30,,,1,20,,38709,30,,,1,22,,38710,30,,,1,60,,38711,30,,,1,20,,38712,30,,,1,20,,38713,30,,,1,60,,38714,30,,,1,20,,38715,30,,,1,19,,38716,30,,,1,60,,38717,30,,,1,20,,38718,30,,,1,20,,38719,30,,,1,60,,38720,30,,,1,20,,38721,30,,,1,20,,38722,30,,,1,60,,38723,30,,,1,20,,38724,30,,,1,20,,38725,30,,,1,14,,38726,30,,,1,60,,38727,30,,,1,24,,38728,30,,,1,67,,38729,30,,,1,27,,38730,30,,,1,67,,38731,30,,,1,27,,38732,30,,,1,27,,38733,30,,,1,67,,38734,30,,,1,23,,38735,30,,,1,67,,38736,30,,,1,27,,38737,30,,,1,67,,38738,30,,,1,27,,38739,30,,,1,21,,38740,30,,,1,59,,38741,30,,,1,42,,38695,30,,,1
2000,'30',651,,38743,30,,,1,82,,38744,30,,,1,85,,38745,30,,,1,87,,38746,30,,,1,30,,38747,30,,,1,66,,38748,30,,,1,25,,38749,30,,,1,26,,38750,30,,,1,67,,38751,30,,,1,26,,38752,30,,,1,66,,38753,30,,,1,26,,38754,30,,,1,66,,38755,30,,,1,26,,38756,30,,,1,26,,38757,30,,,1,66,,38758,30,,,1,26,,38759,30,,,1,66,,38760,30,,,1,26,,38761,30,,,1,66,,38762,30,,,1,26,,38763,30,,,1,26,,38764,30,,,1,66,,38765,30,,,1,27,,38766,30,,,1,65,,38767,30,,,1,25,,38768,30,,,1,65,,38769,30,,,1,25,,38770,30,,,1,25,,38771,30,,,1,65,,38772,30,,,1,25,,38773,30,,,1,65,,38774,30,,,1,25,,38775,30,,,1,66,,38776,30,,,1,21,,38777,30,,,1,20,,38778,30,,,1,70,,38742,30,0,36,1
2000,'4',651,,38780,30,,,1,82,,38781,30,,,1,85,,38782,30,,,1,87,,38783,30,,,1,30,,38784,30,,,1,66,,38785,30,,,1,25,,38786,30,,,1,26,,38787,30,,,1,67,,38788,30,,,1,26,,38789,30,,,1,66,,38790,30,,,1,26,,38791,30,,,1,66,,38792,30,,,1,26,,38793,30,,,1,26,,38794,30,,,1,66,,38795,30,,,1,26,,38796,30,,,1,66,,38797,30,,,1,26,,38798,30,,,1,66,,38799,30,,,1,26,,38800,30,,,1,26,,38801,30,,,1,66,,38802,30,,,1,27,,38803,30,,,1,65,,38804,30,,,1,25,,38805,30,,,1,65,,38806,30,,,1,25,,38807,30,,,1,25,,38808,30,,,1,65,,38809,30,,,1,25,,38810,30,,,1,65,,38811,30,,,1,25,,38812,30,,,1,66,,38813,30,,,1,21,,38814,30,,,1,20,,38815,30,,,1,70,,38779,30,0,36,1
