101,'2',622,,42455,30,0,10 11 63,1,26,,42456,31,0,13 11 63,1,60,,42457,30,0,10 11 63,1,15,,42462,31,0,13 11 63,1,15,,42458,30,0,10 11 63,1,15,,42463,31,0,13 11 63,1,50,,42459,30,0,10 11 63,1,15,,42464,31,0,13 11 63,1,15,,42460,30,0,10 11 63,1,15,,42465,31,0,13 11 63,1,55,,42461,30,0,10 11 63,1,20,,42469,31,0,13 11 63,1,20,,42476,30,0,10 11 63,1,60,,42470,31,0,13 11 63,1,20,,42477,30,0,10 11 63,1,20,,42471,31,0,13 11 63,1,60,,42478,30,0,10 11 63,1,15,,42472,31,0,13 11 63,1,20,,42479,30,0,10 11 63,1,20,,42473,31,0,13 11 63,1,60,,42480,30,0,10 11 63,1,20,,42474,31,0,13 11 63,1,20,,42481,30,0,10 11 63,1,60,,42475,31,0,13 11 63,1,18,,42482,30,0,10 11 63,1,20,,42484,31,0,13 11 63,1,57,,42488,30,0,10 11 63,1,15,,42485,31,0,13 11 63,1,15,,42489,30,0,10 11 63,1,15,,42486,31,0,13 11 63,1,55,,42490,30,0,10 11 63,1,15,,42487,31,0,13 11 63,1,15,,42491,30,0,10 11 63,1,15,,42492,31,0,13 11 63,1,56,,42496,30,0,10 11 63,1,16,,42493,31,0,13 11 63,1,16,,42497,30,0,10 11 63,1,56,,42494,31,0,13 11 63,1,16,,42498,30,0,10 11 63,1,16,,42495,31,0,13 11 63,1,16,,42499,30,0,10 11 63,1,65,,42500,31,0,13 11 63,1,25,,42504,30,0,10 11 63,1,66,,42501,31,0,13 11 63,1,24,,42505,30,0,10 11 63,1,26,,42502,31,0,13 11 63,1,64,,42506,30,0,10 11 63,1,26,,42503,31,0,13 11 63,1,70,,42509,30,0,10 11 63,1,30,,42512,31,0,13 11 63,1,70,,42510,30,0,10 11 63,1,30,,42513,31,0,13 11 63,1,70,,42511,30,0,10 11 63,1,30,,42514,31,0,13 11 63,1,61,,42516,30,0,10 11 63,1
101,'3',628,,42519,30,0,10 11 63,1,80,,42521,31,0,13 11 63,1,38,,42520,30,0,10 11 63,1,65,,42522,31,0,13 11 63,1,25,,42524,30,0,10 11 63,1,70,,42523,31,0,13 11 63,1,30,,42525,30,0,10 11 63,1,70,,42527,31,0,13 11 63,1,20,,42539,30,0,10 11 63,1,20,,42528,31,0,13 11 63,1,60,,42540,30,0,10 11 63,1,20,,42529,31,0,13 11 63,1,15,,42541,30,0,10 11 63,1,60,,42530,31,0,13 11 63,1,20,,42542,30,0,10 11 63,1,20,,42531,31,0,13 11 63,1,60,,42543,30,0,10 11 63,1,15,,42532,31,0,13 11 63,1,20,,42544,30,0,10 11 63,1,20,,42533,31,0,13 11 63,1,60,,42545,30,0,10 11 63,1,20,,42534,31,0,13 11 63,1,20,,42546,30,0,10 11 63,1,55,,42535,31,0,13 11 63,1,20,,42547,30,0,10 11 63,1,20,,42536,31,0,13 11 63,1,60,,42548,30,0,10 11 63,1,20,,42537,31,0,13 11 63,1,20,,42549,30,0,10 11 63,1,55,,42538,31,0,13 11 63,1,20,,42550,30,0,10 11 63,1,20,,42551,31,0,13 11 63,1,60,,42552,30,0,10 11 63,1,30,,42558,31,0,13 11 63,1,70,,42553,30,0,10 11 63,1,30,,42559,31,0,13 11 63,1,70,,42554,30,0,10 11 63,1,30,,42560,31,0,13 11 63,1,70,,42555,30,0,10 11 63,1,30,,42561,31,0,13 11 63,1,70,,42556,30,0,10 11 63,1,30,,42562,31,0,13 11 63,1,65,,42557,30,0,10 11 63,1,30,,42563,31,0,13 11 63,1,27,,42565,30,0,10 11 63,1
101,'30',833,,42569,31,0,13 11 63,1,72,,42573,30,0,10 11 63,1,32,,42570,31,0,13 11 63,1,72,,42574,30,0,10 11 63,1,32,,42571,31,0,13 11 63,1,72,,42575,30,0,10 11 63,1,27,,42572,31,0,13 11 63,1,65,,42577,30,0,10 11 63,1,25,,42584,31,0,13 11 63,1,20,,42578,30,0,10 11 63,1,65,,42585,31,0,13 11 63,1,25,,42579,30,0,10 11 63,1,65,,42586,31,0,13 11 63,1,25,,42580,30,0,10 11 63,1,25,,42587,31,0,13 11 63,1,65,,42581,30,0,10 11 63,1,25,,42588,31,0,13 11 63,1,65,,42582,30,0,10 11 63,1,25,,42589,31,0,13 11 63,1,65,,42583,30,0,10 11 63,1,25,,42590,31,0,13 11 63,1,25,,42591,30,0,10 11 63,1,70,,42597,31,0,13 11 63,1,30,,42592,30,0,10 11 63,1,70,,42598,31,0,13 11 63,1,30,,42593,30,0,10 11 63,1,70,,42599,31,0,13 11 63,1,30,,42594,30,0,10 11 63,1,70,,42600,31,0,13 11 63,1,30,,42595,30,0,10 11 63,1,70,,42601,31,0,13 11 63,1,38,,42596,30,0,10 11 63,1
101,'4',833,,42605,31,0,13 11 63,1,72,,42609,30,0,10 11 63,1,32,,42606,31,0,13 11 63,1,72,,42610,30,0,10 11 63,1,32,,42607,31,0,13 11 63,1,72,,42611,30,0,10 11 63,1,27,,42608,31,0,13 11 63,1,65,,42613,30,0,10 11 63,1,25,,42620,31,0,13 11 63,1,20,,42614,30,0,10 11 63,1,65,,42621,31,0,13 11 63,1,25,,42615,30,0,10 11 63,1,65,,42622,31,0,13 11 63,1,25,,42616,30,0,10 11 63,1,25,,42623,31,0,13 11 63,1,65,,42617,30,0,10 11 63,1,25,,42624,31,0,13 11 63,1,65,,42618,30,0,10 11 63,1,25,,42625,31,0,13 11 63,1,65,,42619,30,0,10 11 63,1,25,,42626,31,0,13 11 63,1,25,,42627,30,0,10 11 63,1,70,,42633,31,0,13 11 63,1,30,,42628,30,0,10 11 63,1,70,,42634,31,0,13 11 63,1,30,,42629,30,0,10 11 63,1,70,,42635,31,0,13 11 63,1,30,,42630,30,0,10 11 63,1,70,,42636,31,0,13 11 63,1,30,,42631,30,0,10 11 63,1,70,,42637,31,0,13 11 63,1,38,,42632,30,0,10 11 63,1
300,'11802',1522,,43163,36,,,1,127,,43164,36,,,1
300,'2',545,,43165,15,,,1,96,,43166,36,,,1,66,,43167,36,,,1,33,,43168,36,,,1,67,,43169,36,,,1,30,,43170,36,,,1,71,,43171,36,,,1,30,,43172,36,,,1,70,,43173,36,,,1,30,,43174,36,,,1,70,,43175,36,,,1,30,,43176,36,,,1,69,,43177,36,,,1,30,,43178,36,,,1,70,,43179,36,,,1,30,,43180,36,,,1,70,,43181,36,,,1,30,,43182,36,,,1,70,,43183,36,,,1,30,,43184,36,,,1,70,,43185,36,,,1,30,,43186,36,,,1,70,,43187,36,,,1,30,,43188,36,,,1,70,,43189,36,,,1,28,,43191,36,,,1,70,,43192,36,,,1,30,,43193,36,,,1,70,,43194,36,,,1,30,,43195,36,,,1,70,,43196,36,,,1,26,,43197,36,,,1,70,,43198,36,,,1,30,,43199,36,,,1,70,,43200,36,,,1,19,,43190,36,,,1
300,'3',654,,43201,36,,,1,100,,43202,36,,,1,102,,43203,36,,,1,102,,43204,36,,,1,72,,43206,36,,,1,75,,43207,36,,,1,35,,43208,36,,,1,74,,43209,36,,,1,35,,43210,36,,,1,75,,43211,36,,,1,35,,43212,36,,,1,75,,43213,36,,,1,75,,43214,36,,,1,35,,43215,36,,,1,75,,43216,36,,,1,35,,43217,36,,,1,75,,43218,36,,,1,76,,43219,36,,,1,100,,43220,36,,,1,100,,43221,36,,,1,100,,43222,36,,,1,100,,43223,36,,,1,108,,43205,36,,,1
300,'30',914,,43224,36,,,1,87,,43225,36,,,1,47,,43226,36,,,1,87,,43227,36,,,1,87,,43228,36,,,1,87,,43229,36,,,1,47,,43230,36,,,1,87,,43231,36,,,1,87,,43232,36,,,1,87,,43233,36,,,1,88,,43234,36,,,1,47,,43235,36,,,1,87,,43236,36,,,1,107,,43237,36,,,1,100,,43238,36,,,1,100,,43239,36,,,1,101,,43240,36,,,1
300,'4',914,,43241,36,,,1,87,,43242,36,,,1,47,,43243,36,,,1,87,,43244,36,,,1,87,,43245,36,,,1,87,,43246,36,,,1,47,,43247,36,,,1,87,,43248,36,,,1,87,,43249,36,,,1,87,,43250,36,,,1,88,,43251,36,,,1,47,,43252,36,,,1,87,,43253,36,,,1,107,,43254,36,,,1,100,,43255,36,,,1,100,,43256,36,,,1,101,,43257,36,,,1
500,'2',619,,43711,38,0,13 31,1,36,,43713,38,0,10 31,1,70,,43714,38,0,13 31,1,30,,43725,38,0,10 31,1,70,,43715,38,0,13 31,1,30,,43726,38,0,10 31,1,70,,43716,38,0,13 31,1,30,,43727,38,0,10 31,1,70,,43717,38,0,13 31,1,30,,43728,38,0,10 31,1,70,,43718,38,0,13 31,1,30,,43729,38,0,10 31,1,70,,43719,38,0,13 31,1,30,,43730,38,0,10 31,1,70,,43720,38,0,13 31,1,30,,43731,38,0,10 31,1,70,,43721,38,0,13 31,1,30,,43732,38,0,10 31,1,70,,43722,38,0,13 31,1,30,,43733,38,0,10 31,1,70,,43723,38,0,13 31,1,30,,43734,38,0,10 31,1,70,,43724,38,0,13 31,1,30,,43735,38,0,10 31,1,60,,43736,38,0,13 31,1,30,,43739,38,0,10 31,1,70,,43740,38,0,10 31,1,30,,43741,38,0,10 31,1,70,,43742,38,0,10 31,1,30,,43743,38,0,10 31,1,70,,43744,38,0,10 31,1,27,,43745,38,0,10 31,1,70,,43746,38,0,10 31,1,25,,43747,38,0,10 31,1,68,,43748,38,0,10 31,1,48,,43737,38,0,10 31,1
500,'3',626,,43749,38,0,10 31,1,100,,43750,38,0,10 31,1,100,,43751,38,0,10 31,1,100,,43752,38,0,10 31,1,89,,43753,38,0,13 31,1,35,,43760,38,0,10 31,1,75,,43754,38,0,13 31,1,76,,43761,38,0,10 31,1,35,,43755,38,0,13 31,1,75,,43762,38,0,10 31,1,35,,43756,38,0,13 31,1,75,,43763,38,0,10 31,1,35,,43757,38,0,13 31,1,75,,43764,38,0,10 31,1,75,,43758,38,0,13 31,1,35,,43765,38,0,10 31,1,75,,43759,38,0,13 31,1,35,,43766,38,0,10 31,1,76,,43767,38,0,13 31,1,74,,43773,38,0,10 31,1,35,,43768,38,0,10 31,1,100,,43769,38,0,10 31,1,99,,43770,38,0,10 31,1,110,,43771,38,0,10 31,1,110,,43772,38,0,10 31,1
500,'30',852,,43775,38,0,10 31,1,86,,43776,38,0,10 31,1,87,,43777,38,0,10 31,1,87,,43778,38,0,10 31,1,47,,43779,38,0,10 31,1,87,,43780,38,0,10 31,1,87,,43781,38,0,10 31,1,87,,43782,38,0,10 31,1,87,,43783,38,0,10 31,1,47,,43784,38,0,10 31,1,87,,43785,38,0,10 31,1,88,,43786,38,0,10 31,1,87,,43787,38,0,10 31,1,100,,43788,38,0,10 31,1,100,,43789,38,0,10 31,1,100,,43790,38,0,10 31,1,93,,43791,38,0,10 31,1,50,,43792,38,0,10 31,1
500,'4',852,,43794,38,0,10 31,1,86,,43795,38,0,10 31,1,87,,43796,38,0,10 31,1,87,,43797,38,0,10 31,1,47,,43798,38,0,10 31,1,87,,43799,38,0,10 31,1,87,,43800,38,0,10 31,1,87,,43801,38,0,10 31,1,87,,43802,38,0,10 31,1,47,,43803,38,0,10 31,1,87,,43804,38,0,10 31,1,88,,43805,38,0,10 31,1,87,,43806,38,0,10 31,1,100,,43807,38,0,10 31,1,100,,43808,38,0,10 31,1,100,,43809,38,0,10 31,1,93,,43810,38,0,10 31,1,50,,43811,38,0,10 31,1
1301,'11802',752,,45714,18,,,1,852,,45715,18,,,1,96,,45716,18,,,1
1301,'2',623,,45717,44,0,10 14 20,1,10,,45718,18,,,1,15,,45719,44,0,10 14 20,1,56,,45720,18,,,1,10,,45721,44,0,10 14 20,1,15,,45722,18,,,1,15,,45723,44,0,10 14 20,1,15,,45724,18,,,1,55,,45725,44,0,10 14 20,1,15,,45726,18,,,1,15,,45727,44,0,10 14 20,1,15,,45728,18,,,1,50,,45729,44,0,10 14 20,1,15,,45730,22,,,1,15,,45731,44,0,10 14 20,1,15,,45732,22,,,1,55,,45733,44,0,10 14 20,1,15,,45734,22,,,1,15,,45735,44,0,10 14 20,1,15,,45736,22,,,1,50,,45737,44,0,10 14 20,1,15,,45738,22,,,1,15,,45739,44,0,10 14 20,1,15,,45740,22,,,1,54,,45741,44,0,10 14 20,1,15,,45742,22,,,1,15,,45743,44,0,10 14 20,1,15,,45744,22,,,1,55,,45745,44,0,10 14 20,1,15,,45746,22,,,1,15,,45747,44,0,10 14 20,1,15,,45748,22,,,1,56,,45749,44,0,10 14 20,1,15,,45750,18,,,1,15,,45751,44,0,10 14 20,1,15,,45752,18,,,1,55,,45753,44,0,10 14 20,1,15,,45754,18,,,1,21,,45755,44,0,10 14 20,1,15,,45756,18,,,1,55,,45757,44,0,10 14 20,1,15,,45758,18,,,1,15,,45759,44,0,10 14 20,1,15,,45760,18,,,1,53,,45761,44,0,10 14 20,1,13,,45762,18,,,1,15,,45763,44,0,10 14 20,1,15,,45764,18,,,1,55,,45765,44,0,10 14 20,1,20,,45767,18,,,1,20,,45771,18,,,1,60,,45768,44,0,10 14 20,1,15,,45772,18,,,1,15,,45769,44,0,10 14 20,1,20,,45773,18,,,1,60,,45770,44,0,10 14 20,1,20,,45774,18,,,1,20,,45775,44,0,10 14 20,1,65,,45778,18,,,1,30,,45776,44,0,10 14 20,1,70,,45779,18,,,1,25,,45777,44,0,10 14 20,1,65,,45780,18,,,1,18,,45781,44,0,10 14 20,1,74,,45783,18,,,1,30,,45782,44,0,10 14 20,1,21,,45784,18,,,1
1301,'3',624,,45785,44,0,10 14 20,1,77,,45786,18,,,1,35,,45787,44,0,10 14 20,1,20,,45788,18,,,1,56,,45792,44,0,10 14 20,1,16,,45789,18,,,1,16,,45793,44,0,10 14 20,1,56,,45790,18,,,1,16,,45794,18,,,1,16,,45791,44,0,10 14 20,1,16,,45795,18,,,1,55,,45796,44,0,10 14 20,1,15,,45797,18,,,1,10,,45813,44,0,10 14 20,1,15,,45798,18,,,1,15,,45814,44,0,10 14 20,1,55,,45799,18,,,1,15,,45815,44,0,10 14 20,1,15,,45800,18,,,1,15,,45816,44,0,10 14 20,1,55,,45801,18,,,1,15,,45817,44,0,10 14 20,1,15,,45802,18,,,1,15,,45818,44,0,10 14 20,1,55,,45803,18,,,1,10,,45819,44,0,10 14 20,1,15,,45804,18,,,1,15,,45820,44,0,10 14 20,1,55,,45805,18,,,1,15,,45821,44,0,10 14 20,1,15,,45806,18,,,1,15,,45822,44,0,10 14 20,1,55,,45807,18,,,1,15,,45823,44,0,10 14 20,1,15,,45808,18,,,1,10,,45824,44,0,10 14 20,1,55,,45809,18,,,1,15,,45825,44,0,10 14 20,1,15,,45810,18,,,1,15,,45826,44,0,10 14 20,1,55,,45811,18,,,1,15,,45827,44,0,10 14 20,1,15,,45812,18,,,1,15,,45828,44,0,10 14 20,1,55,,45833,18,,,1,15,,45829,44,0,10 14 20,1,15,,45834,18,,,1,20,,45830,44,0,10 14 20,1,60,,45835,18,,,1,20,,45831,44,0,10 14 20,1,20,,45836,18,,,1,60,,45832,44,0,10 14 20,1,20,,45837,18,,,1,20,,45838,44,0,10 14 20,1,65,,45842,18,,,1,30,,45839,44,0,10 14 20,1,70,,45843,18,,,1,20,,45840,44,0,10 14 20,1,65,,45844,18,,,1,30,,45841,44,0,10 14 20,1,70,,45845,18,,,1,42,,45847,44,0,10 14 20,1,9,,45846,18,,,1
1301,'30',653,,45869,44,0,10 14 20,1,77,,45871,18,,,1,75,,45870,44,0,10 14 20,1,35,,45872,18,,,1,75,,45868,44,0,10 14 20,1,30,,45867,18,,,1,71,,45856,44,0,10 14 20,1,30,,45866,18,,,1,65,,45855,44,0,10 14 20,1,30,,45865,18,,,1,70,,45854,44,0,10 14 20,1,30,,45864,18,,,1,70,,45853,44,0,10 14 20,1,30,,45863,18,,,1,70,,45852,44,0,10 14 20,1,30,,45862,18,,,1,70,,45851,44,0,10 14 20,1,30,,45861,18,,,1,65,,45850,44,0,10 14 20,1,30,,45860,18,,,1,70,,45849,44,0,10 14 20,1,30,,45859,18,,,1,70,,45848,44,0,10 14 20,1,31,,45858,18,,,1,65,,45874,44,0,10 14 20,1,30,,45878,18,,,1,25,,45875,44,0,10 14 20,1,65,,45879,18,,,1,15,,45876,44,0,10 14 20,1,70,,45880,18,,,1,30,,45877,44,0,10 14 20,1,71,,45881,18,,,1,37,,45882,44,0,10 14 20,1,9,,45857,18,,,1
1301,'4',653,,45904,44,0,10 14 20,1,77,,45906,18,,,1,75,,45905,44,0,10 14 20,1,35,,45907,18,,,1,75,,45903,44,0,10 14 20,1,30,,45902,18,,,1,71,,45891,44,0,10 14 20,1,30,,45901,18,,,1,65,,45890,44,0,10 14 20,1,30,,45900,18,,,1,70,,45889,44,0,10 14 20,1,30,,45899,18,,,1,70,,45888,44,0,10 14 20,1,30,,45898,18,,,1,70,,45887,44,0,10 14 20,1,30,,45897,18,,,1,70,,45886,44,0,10 14 20,1,30,,45896,18,,,1,65,,45885,44,0,10 14 20,1,30,,45895,18,,,1,70,,45884,44,0,10 14 20,1,30,,45894,18,,,1,70,,45883,44,0,10 14 20,1,31,,45893,18,,,1,65,,45909,44,0,10 14 20,1,30,,45913,18,,,1,25,,45910,44,0,10 14 20,1,65,,45914,18,,,1,15,,45911,44,0,10 14 20,1,70,,45915,18,,,1,30,,45912,44,0,10 14 20,1,71,,45916,18,,,1,37,,45917,44,0,10 14 20,1,9,,45892,18,,,1
9001,'11802',919,,49574,7,0,37 3 65,1
9001,'2',640,,49575,7,,,1,19,,49576,7,,,1,58,,49577,7,,,1,10,,49578,7,,,1,20,,49579,7,,,1,55,,49580,7,,,1,15,,49581,7,,,1,15,,49582,7,,,1,15,,49583,7,,,1,55,,49584,7,,,1,15,,49585,7,,,1,15,,49586,7,,,1,15,,49587,7,,,1,55,,49588,7,,,1,15,,49589,7,,,1,15,,49590,7,,,1,15,,49591,7,,,1,55,,49592,7,,,1,15,,49593,7,,,1,15,,49594,7,,,1,15,,49595,7,,,1,55,,49596,7,,,1,16,,49597,7,,,1,15,,49598,7,,,1,15,,49599,7,,,1,55,,49600,7,,,1,15,,49601,7,,,1,15,,49602,7,,,1,15,,49603,7,,,1,55,,49604,7,,,1,15,,49605,7,,,1,15,,49606,7,,,1,15,,49607,7,,,1,55,,49608,7,,,1,14,,49609,7,,,1,14,,49610,7,,,1,14,,49611,7,,,1,59,,49612,7,,,1,9,,49613,7,,,1,15,,49614,7,,,1,15,,49615,7,,,1,15,,49616,7,,,1,55,,49617,7,,,1,15,,49618,7,,,1,14,,49629,7,0,37 3 65,1,16,,49619,7,,,1,59,,49620,7,0,37 3 65,1,18,,49621,7,,,1,20,,49622,7,,,1,74,,49623,7,,,1,27,,49624,7,,,1,67,,49625,7,,,1,27,,49626,7,,,1,65,,49627,7,,,1,23,,49628,7,0,37 3 65,1
9001,'3',828,,49648,7,,,1,30,,49649,7,,,1,70,,49650,7,,,1,30,,49651,7,,,1,61,,49652,7,,,1,25,,49647,7,,,1,65,,49646,7,,,1,25,,49645,7,,,1,25,,49644,7,,,1,64,,49643,7,,,1,25,,49642,7,,,1,65,,49641,7,,,1,25,,49640,7,,,1,65,,49639,7,,,1,25,,49638,7,,,1,25,,49637,7,,,1,65,,49636,7,,,1,25,,49635,7,,,1,65,,49634,7,,,1,25,,49633,7,,,1,25,,49632,7,,,1,65,,49631,7,,,1,25,,49630,7,,,1
9001,'4',958,,49654,7,,,1,60,,49655,7,,,1,20,,49656,7,,,1,20,,49657,7,,,1,60,,49658,7,,,1,20,,49659,7,,,1,20,,49660,7,,,1,56,,49679,7,,,1,16,,49661,7,,,1,16,,49662,7,,,1,56,,49663,7,,,1,16,,49664,7,,,1,16,,49665,7,,,1,16,,49666,7,,,1,56,,49667,7,,,1,16,,49668,7,,,1,16,,49669,7,,,1,16,,49670,7,,,1,56,,49671,7,,,1,16,,49672,7,,,1,16,,49673,7,,,1,16,,49674,7,,,1,56,,49675,7,,,1,16,,49676,7,,,1,16,,49677,7,,,1,56,,49678,7,,,1,17,,49680,7,,,1,21,,49681,7,,,1,61,,49682,7,,,1,25,,49683,7,,,1,18,,49653,7,,,1,65,,49684,7,,,1
