200,'11802',733,,42643,14,0,10 22 27,1,1023,,42642,53,0,10 23 20,1
200,'2',622,,42649,14,0,10 22 27,1,30,,42648,14,0,10 22 27,1,57,,42686,53,0,10 23 20,1,30,,42687,53,0,10 23 20,1,70,,42688,53,0,10 23 20,1,30,,42689,53,0,10 23 20,1,70,,42690,53,0,10 23 20,1,30,,42691,53,0,10 23 20,1,70,,42692,53,0,10 23 20,1,30,,42693,53,0,10 23 20,1,70,,42694,53,0,10 23 20,1,30,,42695,53,0,10 23 20,1,73,,42696,53,0,10 23 20,1,27,,42697,53,0,10 23 20,1,70,,42698,53,0,10 23 20,1,30,,42699,53,0,10 23 20,1,72,,42700,53,0,10 23 20,1,30,,42701,53,0,10 23 20,1,68,,42702,53,0,10 23 20,1,29,,42703,53,0,10 23 20,1,74,,42704,53,0,10 23 20,1,34,,42705,53,0,10 23 20,1,70,,42706,53,0,10 23 20,1,28,,42707,53,0,10 23 20,1,70,,42708,53,0,10 23 20,1,28,,42709,53,0,10 23 20,1,67,,42710,53,0,10 23 20,1,30,,42711,53,0,10 23 20,1,70,,42712,53,0,10 23 20,1,30,,42713,53,0,10 23 20,1,70,,42714,53,0,10 23 20,1,35,,42715,53,0,10 23 20,1,80,,42716,53,0,10 23 20,1,80,,42717,53,0,10 23 20,1,37,,42718,53,0,10 23 20,1,72,,42719,53,0,10 23 20,1,35,,42720,53,0,10 23 20,1
200,'3',626,,42724,14,0,10 22 27,1,94,,42726,53,0,10 23 20,1,32,,42727,14,0,10 22 27,1,65,,42729,14,0,10 22 27,1,20,,42731,53,0,10 23 20,1,70,,42733,53,0,10 23 20,1,30,,42735,53,0,10 23 20,1,66,,42737,53,0,10 23 20,1,31,,42739,53,0,10 23 20,1,70,,42741,53,0,10 23 20,1,25,,42743,53,0,10 23 20,1,25,,42745,53,0,10 23 20,1,71,,42747,53,0,10 23 20,1,30,,42749,53,0,10 23 20,1,65,,42761,53,0,10 23 20,1,25,,42762,53,0,10 23 20,1,69,,42763,53,0,10 23 20,1,29,,42764,53,0,10 23 20,1,70,,42765,53,0,10 23 20,1,30,,42766,53,0,10 23 20,1,60,,42767,53,0,10 23 20,1,30,,42768,53,0,10 23 20,1,70,,42769,53,0,10 23 20,1,30,,42770,53,0,10 23 20,1,70,,42771,53,0,10 23 20,1,31,,42773,53,0,10 23 20,1,70,,42774,53,0,10 23 20,1,30,,42775,53,0,10 23 20,1,70,,42776,53,0,10 23 20,1,30,,42777,53,0,10 23 20,1,70,,42778,53,0,10 23 20,1,43,,42788,53,0,10 23 20,1,100,,42789,53,0,10 23 20,1,99,,42722,53,0,10 23 20,1,100,,42792,53,0,10 23 20,1
200,'30',656,,42799,14,0,10 22 27,1,96,,42800,53,0,10 23 20,1,100,,42801,53,0,10 23 20,1,95,,42804,53,0,10 23 20,1,90,,42805,53,0,10 23 20,1,90,,42806,53,0,10 23 20,1,26,,42810,53,0,10 23 20,1,67,,42807,53,0,10 23 20,1,30,,42823,53,0,10 23 20,1,70,,42824,53,0,10 23 20,1,30,,42825,53,0,10 23 20,1,70,,42826,53,0,10 23 20,1,30,,42827,53,0,10 23 20,1,70,,42828,53,0,10 23 20,1,30,,42829,53,0,10 23 20,1,70,,42830,53,0,10 23 20,1,30,,42831,53,0,10 23 20,1,70,,42832,53,0,10 23 20,1,30,,42833,53,0,10 23 20,1,66,,42834,53,0,10 23 20,1,90,,42843,53,0,10 23 20,1,50,,42844,53,0,10 23 20,1,90,,42845,53,0,10 23 20,1,90,,42846,53,0,10 23 20,1,90,,42847,53,0,10 23 20,1,95,,42796,53,0,10 23 20,1
200,'4',656,,42853,14,0,10 22 27,1,96,,42854,53,0,10 23 20,1,100,,42855,53,0,10 23 20,1,95,,42858,53,0,10 23 20,1,90,,42859,53,0,10 23 20,1,90,,42860,53,0,10 23 20,1,26,,42864,53,0,10 23 20,1,67,,42861,53,0,10 23 20,1,30,,42877,53,0,10 23 20,1,70,,42878,53,0,10 23 20,1,30,,42879,53,0,10 23 20,1,70,,42880,53,0,10 23 20,1,30,,42881,53,0,10 23 20,1,70,,42882,53,0,10 23 20,1,30,,42883,53,0,10 23 20,1,70,,42884,53,0,10 23 20,1,30,,42885,53,0,10 23 20,1,70,,42886,53,0,10 23 20,1,30,,42887,53,0,10 23 20,1,66,,42888,53,0,10 23 20,1,90,,42897,53,0,10 23 20,1,50,,42898,53,0,10 23 20,1,90,,42899,53,0,10 23 20,1,90,,42900,53,0,10 23 20,1,90,,42901,53,0,10 23 20,1,95,,42850,53,0,10 23 20,1
301,'11802',1601,,43258,38,,,1,127,,43259,38,,,1
301,'2',615,,43260,38,,,1,97,,43261,38,,,1,30,,43262,38,,,1,73,,43263,38,,,1,27,,43264,38,,,1,70,,43265,38,,,1,28,,43266,38,,,1,70,,43267,38,,,1,30,,43268,38,,,1,70,,43269,38,,,1,30,,43270,38,,,1,70,,43271,38,,,1,32,,43272,38,,,1,70,,43273,38,,,1,30,,43274,38,,,1,71,,43275,38,,,1,33,,43276,38,,,1,70,,43277,38,,,1,30,,43278,38,,,1,70,,43279,38,,,1,30,,43280,38,,,1,70,,43281,38,,,1,30,,43282,38,,,1,69,,43283,38,,,1,26,,43284,38,,,1,68,,43288,38,,,1,30,,43289,38,,,1,70,,43290,38,,,1,30,,43291,38,,,1,70,,43292,38,,,1,28,,43293,38,,,1,66,,43294,38,,,1,30,,43295,38,,,1,70,,43296,38,,,1,30,,43297,38,,,1,19,,43285,38,,,1
301,'3',725,,43298,38,,,1,100,,43299,38,,,1,102,,43300,38,,,1,104,,43301,38,,,1,71,,43305,38,,,1,35,,43306,38,,,1,75,,43307,38,,,1,36,,43308,38,,,1,75,,43309,38,,,1,35,,43310,38,,,1,75,,43311,38,,,1,75,,43312,38,,,1,35,,43313,38,,,1,75,,43314,38,,,1,35,,43315,38,,,1,75,,43316,38,,,1,75,,43317,38,,,1,33,,43318,38,,,1,100,,43319,38,,,1,100,,43320,38,,,1,100,,43321,38,,,1,100,,43322,38,,,1,108,,43302,38,,,1
301,'30',944,,43323,38,,,1,87,,43324,38,,,1,87,,43325,38,,,1,88,,43326,38,,,1,48,,43327,38,,,1,87,,43328,38,,,1,87,,43329,38,,,1,87,,43330,38,,,1,87,,43331,38,,,1,47,,43332,38,,,1,86,,43333,38,,,1,87,,43334,38,,,1,87,,43335,38,,,1,107,,43336,38,,,1,100,,43337,38,,,1,99,,43338,38,,,1,100,,43339,38,,,1
301,'4',944,,43340,38,,,1,87,,43341,38,,,1,87,,43342,38,,,1,88,,43343,38,,,1,48,,43344,38,,,1,87,,43345,38,,,1,87,,43346,38,,,1,87,,43347,38,,,1,87,,43348,38,,,1,47,,43349,38,,,1,86,,43350,38,,,1,87,,43351,38,,,1,87,,43352,38,,,1,107,,43353,38,,,1,100,,43354,38,,,1,99,,43355,38,,,1,100,,43356,38,,,1
501,'2',654,,43812,77,0,10 23 20,1,74,,43813,81,0,13 36,1,30,,43814,77,0,10 23 20,1,70,,43815,81,0,13 36,1,72,,43816,77,0,10 23 20,1,26,,43826,81,0,13 36,1,30,,43817,77,0,10 23 20,1,70,,43827,81,0,13 36,1,30,,43818,77,0,10 23 20,1,70,,43828,81,0,13 36,1,30,,43819,77,0,10 23 20,1,72,,43829,81,0,13 36,1,30,,43820,77,0,10 23 20,1,70,,43830,81,0,13 36,1,30,,43821,77,0,10 23 20,1,74,,43831,81,0,13 36,1,70,,43822,77,0,10 23 20,1,30,,43832,81,0,13 36,1,70,,43823,77,0,10 23 20,1,30,,43833,81,0,13 36,1,70,,43824,77,0,10 23 20,1,30,,43834,81,0,13 36,1,72,,43825,77,0,10 23 20,1,26,,43835,81,0,13 36,1,70,,43836,77,0,10 23 20,1,38,,43841,77,0,10 23 20,1,70,,43842,77,0,10 23 20,1,30,,43843,77,0,10 23 20,1,70,,43844,77,0,10 23 20,1,26,,43845,77,0,10 23 20,1,69,,43846,77,0,10 23 20,1,30,,43847,77,0,10 23 20,1,24,,43848,77,0,10 23 20,1,71,,43849,77,0,10 23 20,1,98,,43850,77,0,10 23 20,1
501,'3',655,,43852,77,0,10 23 20,1,100,,43853,77,0,10 23 20,1,100,,43854,77,0,10 23 20,1,147,,43855,77,0,10 23 20,1,43,,43859,77,0,10 23 20,1,75,,43866,81,0,13 36,1,35,,43860,77,0,10 23 20,1,79,,43867,81,0,13 36,1,75,,43861,77,0,10 23 20,1,35,,43868,81,0,13 36,1,75,,43862,77,0,10 23 20,1,35,,43869,81,0,13 36,1,74,,43863,77,0,10 23 20,1,76,,43870,81,0,13 36,1,34,,43864,77,0,10 23 20,1,76,,43871,81,0,13 36,1,34,,43865,77,0,10 23 20,1,76,,43872,81,0,13 36,1,29,,43873,77,0,10 23 20,1,75,,43874,81,0,13 36,1,78,,43875,77,0,10 23 20,1,100,,43876,77,0,10 23 20,1,99,,43877,77,0,10 23 20,1,110,,43878,77,0,10 23 20,1,110,,43856,77,0,10 23 20,1
501,'30',921,,43880,77,0,10 23 20,1,87,,43881,77,0,10 23 20,1,47,,43882,77,0,10 23 20,1,87,,43883,77,0,10 23 20,1,89,,43884,77,0,10 23 20,1,87,,43885,77,0,10 23 20,1,87,,43886,77,0,10 23 20,1,47,,43887,77,0,10 23 20,1,87,,43888,77,0,10 23 20,1,87,,43889,77,0,10 23 20,1,86,,43890,77,0,10 23 20,1,47,,43891,77,0,10 23 20,1,87,,43892,77,0,10 23 20,1,100,,43893,77,0,10 23 20,1,100,,43894,77,0,10 23 20,1,95,,43895,77,0,10 23 20,1,92,,43896,77,0,10 23 20,1,88,,43897,77,0,10 23 20,1
501,'4',921,,43899,77,0,10 23 20,1,87,,43900,77,0,10 23 20,1,47,,43901,77,0,10 23 20,1,87,,43902,77,0,10 23 20,1,89,,43903,77,0,10 23 20,1,87,,43904,77,0,10 23 20,1,87,,43905,77,0,10 23 20,1,47,,43906,77,0,10 23 20,1,87,,43907,77,0,10 23 20,1,87,,43908,77,0,10 23 20,1,86,,43909,77,0,10 23 20,1,47,,43910,77,0,10 23 20,1,87,,43911,77,0,10 23 20,1,100,,43912,77,0,10 23 20,1,100,,43913,77,0,10 23 20,1,95,,43914,77,0,10 23 20,1,92,,43915,77,0,10 23 20,1,88,,43916,77,0,10 23 20,1
700,'2',555,,44220,9,,,1,46,,44220,17,,,1,21,,44221,9,,,1,6,,44221,17,,,1,19,,44222,53,,,1,6,,44222,61,,,1,55,,44223,53,,,1,8,,44223,61,,,1,26,,44224,53,,,1,8,,44224,61,,,1,52,,44225,53,,,1,8,,44225,61,,,1,12,,44226,53,,,1,8,,44226,61,,,1,12,,44227,53,,,1,8,,44227,61,,,1,52,,44228,53,,,1,8,,44228,61,,,1,10,,44229,53,,,1,8,,44229,61,,,1,17,,44230,53,,,1,8,,44230,61,,,1,62,,44231,53,,,1,8,,44231,61,,,1,22,,44232,53,,,1,8,,44232,61,,,1,57,,44233,53,,,1,8,,44233,61,,,1,22,,44234,53,,,1,8,,44234,61,,,1,62,,44235,53,,,1,8,,44235,61,,,1,23,,44236,53,,,1,8,,44236,61,,,1,62,,44237,53,,,1,8,,44237,61,,,1,22,,44238,53,,,1,8,,44238,61,,,1,53,,44239,9,,,1,6,,44239,17,,,1,4,,44240,53,,,1,8,,44240,61,,,1,17,,44241,53,,,1,8,,44241,61,,,1,12,,44242,53,,,1,48,,44242,61,,,1,12,,44243,53,,,1,8,,44243,61,,,1,12,,44244,53,,,1,8,,44244,61,,,1,12,,44245,53,,,1,48,,44245,61,,,1,12,,44246,53,,,1,8,,44246,61,,,1,13,,44247,53,,,1,8,,44247,61,,,1,12,,44248,53,,,1,48,,44248,61,,,1,12,,44249,53,,,1,8,,44249,61,,,1,17,,44250,53,,,1,8,,44250,61,,,1,2,,44251,53,,,1,47,,44251,61,,,1,16,,44252,53,,,1,7,,44252,61,,,1,15,,44253,53,,,1,7,,44253,61,,,1,58,,44254,53,,,1,7,,44254,61,,,1,18,,44255,53,,,1,7,,44255,61,,,1,18,,44256,53,,,1,47,,44256,61,,,1,18,,44257,53,,,1,7,,44257,61,,,1,18,,44258,53,,,1,7,,44258,61,,,1,58,,44259,53,,,1,6,,44259,61,,,1,29,,44260,53,,,1,6,,44260,61,,,1,64,,44261,53,,,1,6,,44261,61,,,1,24,,44262,53,,,1,6,,44262,61,,,1,64,,44263,53,,,1,6,,44263,61,,,1,24,,44264,53,,,1,6,,44264,61,,,1,61,,44265,53,,,1,6,,44265,61,,,1
700,'3',643,,44301,53,,,1,3,,44301,61,,,1,66,,44302,53,,,1,5,,44302,61,,,1,25,,44300,53,,,1,5,,44300,61,,,1,77,,44266,53,,,1,6,,44266,61,,,1,24,,44299,53,,,1,46,,44299,61,,,1,24,,44267,53,,,1,6,,44267,61,,,1,19,,44268,53,,,1,6,,44268,61,,,1,59,,44269,53,,,1,6,,44269,61,,,1,24,,44270,53,,,1,6,,44270,61,,,1,64,,44271,53,,,1,6,,44271,61,,,1,19,,44272,53,,,1,6,,44272,61,,,1,59,,44273,53,,,1,6,,44273,61,,,1,26,,44274,53,,,1,6,,44274,61,,,1,64,,44275,53,,,1,6,,44275,61,,,1,24,,44276,53,,,1,6,,44276,61,,,1,59,,44277,53,,,1,6,,44277,61,,,1,24,,44278,53,,,1,6,,44278,61,,,1,64,,44279,53,,,1,6,,44279,61,,,1,24,,44280,53,,,1,6,,44280,61,,,1,64,,44281,53,,,1,6,,44281,61,,,1,24,,44282,53,,,1,6,,44282,61,,,1,64,,44283,53,,,1,6,,44283,61,,,1,24,,44284,53,,,1,6,,44284,61,,,1,64,,44285,53,,,1,6,,44285,61,,,1,18,,44286,53,,,1,6,,44286,61,,,1,24,,44287,53,,,1,46,,44287,61,,,1,24,,44288,53,,,1,6,,44288,61,,,1,24,,44289,53,,,1,46,,44289,61,,,1,19,,44290,53,,,1,6,,44290,61,,,1,24,,44291,53,,,1,6,,44291,61,,,1,62,,44292,53,,,1,6,,44292,61,,,1,24,,44293,53,,,1,6,,44293,61,,,1,62,,44294,53,,,1,6,,44294,61,,,1,26,,44295,53,,,1,6,,44295,61,,,1,64,,44296,53,,,1,6,,44296,61,,,1,24,,44297,53,,,1,6,,44297,61,,,1,64,,44298,53,,,1,6,,44298,61,,,1
700,'30',855,,44303,9,,,1,48,,44303,17,,,1,16,,44304,53,,,1,6,,44304,61,,,1,15,,44305,26,,,1,8,,44305,34,,,1,56,,44306,53,,,1,6,,44306,61,,,1,24,,44307,53,,,1,6,,44307,61,,,1,64,,44308,53,,,1,6,,44308,61,,,1,19,,44309,53,,,1,6,,44309,61,,,1,19,,44310,53,,,1,46,,44310,61,,,1,24,,44311,53,,,1,6,,44311,61,,,1,24,,44312,53,,,1,46,,44312,61,,,1,24,,44313,53,,,1,6,,44313,61,,,1,19,,44314,53,,,1,6,,44314,61,,,1,64,,44315,53,,,1,6,,44315,61,,,1,24,,44316,53,,,1,6,,44316,61,,,1,64,,44317,53,,,1,6,,44317,61,,,1,19,,44318,53,,,1,6,,44318,61,,,1,64,,44319,53,,,1,6,,44319,61,,,1,24,,44320,53,,,1,6,,44320,61,,,1,56,,44321,53,,,1,6,,44321,61,,,1,21,,44322,53,,,1,6,,44322,61,,,1,64,,44323,53,,,1,6,,44323,61,,,1,24,,44324,53,,,1,6,,44324,61,,,1,64,,44325,53,,,1,6,,44325,61,,,1,24,,44326,53,,,1,6,,44326,61,,,1,64,,44327,53,,,1,6,,44327,61,,,1,24,,44328,53,,,1,6,,44328,61,,,1,64,,44329,53,,,1,6,,44329,61,,,1,24,,44330,53,,,1,6,,44330,61,,,1,64,,44331,53,,,1,5,,44331,61,,,1,24,,44333,53,,,1,5,,44333,61,,,1,80,,44332,53,,,1,5,,44332,61,,,1
700,'4',855,,44334,9,,,1,48,,44334,17,,,1,16,,44335,53,,,1,6,,44335,61,,,1,15,,44336,26,,,1,8,,44336,34,,,1,56,,44337,53,,,1,6,,44337,61,,,1,24,,44338,53,,,1,6,,44338,61,,,1,64,,44339,53,,,1,6,,44339,61,,,1,19,,44340,53,,,1,6,,44340,61,,,1,19,,44341,53,,,1,46,,44341,61,,,1,24,,44342,53,,,1,6,,44342,61,,,1,24,,44343,53,,,1,46,,44343,61,,,1,24,,44344,53,,,1,6,,44344,61,,,1,19,,44345,53,,,1,6,,44345,61,,,1,64,,44346,53,,,1,6,,44346,61,,,1,24,,44347,53,,,1,6,,44347,61,,,1,64,,44348,53,,,1,6,,44348,61,,,1,19,,44349,53,,,1,6,,44349,61,,,1,64,,44350,53,,,1,6,,44350,61,,,1,24,,44351,53,,,1,6,,44351,61,,,1,56,,44352,53,,,1,6,,44352,61,,,1,21,,44353,53,,,1,6,,44353,61,,,1,64,,44354,53,,,1,6,,44354,61,,,1,24,,44355,53,,,1,6,,44355,61,,,1,64,,44356,53,,,1,6,,44356,61,,,1,24,,44357,53,,,1,6,,44357,61,,,1,64,,44358,53,,,1,6,,44358,61,,,1,24,,44359,53,,,1,6,,44359,61,,,1,64,,44360,53,,,1,6,,44360,61,,,1,24,,44361,53,,,1,6,,44361,61,,,1,64,,44362,53,,,1,5,,44362,61,,,1,24,,44364,53,,,1,5,,44364,61,,,1,80,,44363,53,,,1,5,,44363,61,,,1
3501,'11802',753,,49203,17,,,1
3501,'2',712,,49232,17,,,1,27,,49204,17,,,1,70,,49205,17,,,1,30,,49206,17,,,1,70,,49207,17,,,1,30,,49208,17,,,1,70,,49209,17,,,1,30,,49210,17,,,1,70,,49211,17,,,1,30,,49212,17,,,1,70,,49213,17,,,1,30,,49214,17,,,1,70,,49215,17,,,1,30,,49216,17,,,1,71,,49217,17,,,1,30,,49218,17,,,1,70,,49219,17,,,1,30,,49220,17,,,1,70,,49221,17,,,1,30,,49222,17,,,1,70,,49223,17,,,1,30,,49224,17,,,1,68,,49225,17,,,1,28,,49226,17,,,1,68,,49227,17,,,1,28,,49228,17,,,1,68,,49229,17,,,1,28,,49230,17,,,1,27,,49231,17,,,1
3501,'3',811,,49233,17,,,1,28,,49234,17,,,1,68,,49235,17,,,1,28,,49236,17,,,1,68,,49237,17,,,1,28,,49238,17,,,1,28,,49239,17,,,1,68,,49240,17,,,1,28,,49241,17,,,1,70,,49242,17,,,1,30,,49243,17,,,1,70,,49244,17,,,1,30,,49245,17,,,1,70,,49246,17,,,1,28,,49247,17,,,1,70,,49248,17,,,1,28,,49249,17,,,1,70,,49250,17,,,1,28,,49251,17,,,1,70,,49252,17,,,1,28,,49253,17,,,1,69,,49254,17,,,1,27,,49255,17,,,1,67,,49256,17,,,1,27,,49257,17,,,1,67,,49258,17,,,1
3501,'30',1211,,49273,17,,,1,24,,49272,17,,,1,67,,49271,17,,,1,27,,49270,17,,,1,27,,49269,17,,,1,67,,49268,17,,,1,27,,49267,17,,,1,70,,49266,17,,,1,30,,49265,17,,,1,70,,49264,17,,,1,27,,49263,17,,,1,68,,49262,17,,,1,28,,49261,17,,,1,68,,49260,17,,,1,28,,49259,17,,,1,67,,49274,17,,,1
3501,'4',1211,,49289,17,,,1,24,,49288,17,,,1,67,,49287,17,,,1,27,,49286,17,,,1,27,,49285,17,,,1,67,,49284,17,,,1,27,,49283,17,,,1,70,,49282,17,,,1,30,,49281,17,,,1,70,,49280,17,,,1,27,,49279,17,,,1,68,,49278,17,,,1,28,,49277,17,,,1,68,,49276,17,,,1,28,,49275,17,,,1,67,,49290,17,,,1
