901,'2',606,,44696,14,,,1,20,,44697,14,,,1,17,,44698,14,,,1,13,,44699,14,,,1,56,,44700,14,,,1,15,,44701,14,,,1,14,,44702,14,,,1,16,,44703,14,,,1,55,,44704,14,,,1,17,,44705,14,,,1,16,,44706,14,,,1,55,,44707,14,,,1,15,,44708,14,,,1,15,,44709,14,,,1,15,,44710,14,,,1,55,,44711,14,,,1,15,,44712,14,,,1,15,,44713,14,,,1,15,,44714,14,,,1,55,,44715,14,,,1,15,,44716,14,,,1,15,,44717,14,,,1,15,,44718,14,,,1,55,,44719,14,,,1,15,,44720,14,,,1,15,,44721,14,,,1,15,,44722,14,,,1,55,,44723,14,,,1,15,,44724,14,,,1,15,,44725,14,,,1,13,,44726,14,,,1,14,,44727,14,,,1,55,,44728,14,,,1,15,,44729,14,,,1,15,,44730,14,,,1,15,,44731,14,,,1,55,,44732,14,,,1,15,,44733,14,,,1,15,,44734,14,,,1,15,,44735,14,,,1,55,,44736,14,,,1,15,,44737,14,,,1,15,,44738,14,,,1,15,,44739,14,,,1,55,,44740,14,,,1,15,,44741,14,,,1,17,,44742,14,,,1,65,,44743,14,,,1,15,,44744,14,,,1,14,,44745,14,,,1,62,,44746,14,,,1,22,,44747,14,,,1,22,,44748,14,,,1,62,,44749,14,,,1,22,,44750,14,,,1,26,,44751,14,,,1,70,,44752,14,,,1,32,,44753,14,,,1,72,,44754,14,,,1,72,,44755,14,,,1,37,,44756,14,,,1,101,,44757,14,,,1
901,'3',610,,44763,14,,,1,30,,44802,14,,,1,70,,44764,14,,,1,30,,44801,14,,,1,70,,44765,14,,,1,35,,44766,14,,,1,72,,44767,14,,,1,86,,44768,14,,,1,25,,44769,14,,,1,25,,44770,14,,,1,62,,44771,14,,,1,25,,44772,14,,,1,65,,44773,14,,,1,29,,44774,14,,,1,21,,44775,14,,,1,65,,44776,14,,,1,28,,44777,14,,,1,62,,44778,14,,,1,24,,44779,14,,,1,25,,44780,14,,,1,65,,44781,14,,,1,25,,44782,14,,,1,65,,44783,14,,,1,25,,44784,14,,,1,65,,44785,14,,,1,25,,44786,14,,,1,25,,44787,14,,,1,85,,44789,14,,,1,65,,44790,14,,,1,38,,44791,14,,,1,75,,44792,14,,,1,35,,44793,14,,,1,76,,44794,14,,,1,75,,44795,14,,,1,35,,44796,14,,,1,75,,44797,14,,,1,35,,44798,14,,,1
901,'30',650,,44837,14,,,1,75,,44803,14,,,1,75,,44838,14,,,1,34,,44804,14,,,1,75,,44839,14,,,1,33,,44805,14,,,1,73,,44806,14,,,1,33,,44807,14,,,1,73,,44808,14,,,1,38,,44809,14,,,1,68,,44810,14,,,1,23,,44811,14,,,1,63,,44812,14,,,1,23,,44813,14,,,1,23,,44814,14,,,1,63,,44815,14,,,1,23,,44816,14,,,1,63,,44817,14,,,1,23,,44818,14,,,1,23,,44819,14,,,1,63,,44820,14,,,1,24,,44821,14,,,1,64,,44822,14,,,1,23,,44823,14,,,1,25,,44824,14,,,1,57,,44825,14,,,1,19,,44826,14,,,1,30,,44827,14,,,1,70,,44828,14,,,1,30,,44829,14,,,1,70,,44830,14,,,1,30,,44831,14,,,1,70,,44832,14,,,1,71,,44833,14,,,1,41,,44834,14,,,1,18,,44835,14,,,1
901,'4',650,,44874,14,,,1,75,,44840,14,,,1,75,,44875,14,,,1,34,,44841,14,,,1,75,,44876,14,,,1,33,,44842,14,,,1,73,,44843,14,,,1,33,,44844,14,,,1,73,,44845,14,,,1,38,,44846,14,,,1,68,,44847,14,,,1,23,,44848,14,,,1,63,,44849,14,,,1,23,,44850,14,,,1,23,,44851,14,,,1,63,,44852,14,,,1,23,,44853,14,,,1,63,,44854,14,,,1,23,,44855,14,,,1,23,,44856,14,,,1,63,,44857,14,,,1,24,,44858,14,,,1,64,,44859,14,,,1,23,,44860,14,,,1,25,,44861,14,,,1,57,,44862,14,,,1,19,,44863,14,,,1,30,,44864,14,,,1,70,,44865,14,,,1,30,,44866,14,,,1,70,,44867,14,,,1,30,,44868,14,,,1,70,,44869,14,,,1,71,,44870,14,,,1,41,,44871,14,,,1,18,,44872,14,,,1
2701,'11802',753,,48307,7,,,1,877,,48308,7,,,1
2701,'2',550,,48380,6,,,1,92,,48309,7,,,1,65,,48310,6,,,1,13,,48311,7,,,1,13,,48312,6,,,1,13,,48313,6,,,1,13,,48314,7,,,1,53,,48315,7,,,1,8,,48316,7,,,1,13,,48317,7,,,1,13,,48318,7,,,1,12,,48319,7,,,1,53,,48320,7,,,1,13,,48321,7,,,1,13,,48322,7,,,1,13,,48323,7,,,1,53,,48324,7,,,1,13,,48325,7,,,1,13,,48326,7,,,1,13,,48327,7,,,1,13,,48328,7,,,1,53,,48329,7,,,1,13,,48330,7,,,1,13,,48331,7,,,1,13,,48332,7,,,1,12,,48333,7,,,1,52,,48334,7,,,1,12,,48335,7,,,1,12,,48336,7,,,1,12,,48337,7,,,1,12,,48338,7,,,1,52,,48339,7,,,1,12,,48340,7,,,1,12,,48341,7,,,1,12,,48342,7,,,1,12,,48343,7,,,1,55,,48344,7,,,1,13,,48345,7,,,1,13,,48346,7,,,1,13,,48347,7,,,1,53,,48348,7,,,1,13,,48349,7,,,1,9,,48350,6,,,1,12,,48351,7,,,1,12,,48352,7,,,1,51,,48353,7,,,1,11,,48354,7,,,1,11,,48355,6,,,1,11,,48356,7,,,1,11,,48357,7,,,1,11,,48358,7,,,1,51,,48359,7,,,1,11,,48360,7,,,1,11,,48361,7,,,1,11,,48362,7,,,1,7,,48363,7,,,1,54,,48364,7,,,1,9,,48365,7,,,1,13,,48366,7,,,1,11,,48367,7,,,1,11,,48368,7,,,1,57,,48369,7,,,1,17,,48370,7,,,1,17,,48371,7,,,1,17,,48372,7,,,1,57,,48373,7,,,1,17,,48374,7,,,1,17,,48375,7,,,1,62,,48376,7,,,1,27,,48377,7,,,1,67,,48378,7,,,1,27,,48379,7,,,1
2701,'3',854,,48381,6,,,1,83,,48391,7,,,1,71,,48382,7,,,1,104,,48392,7,,,1,33,,48383,7,,,1,72,,48400,7,,,1,32,,48393,7,,,1,72,,48384,7,,,1,32,,48401,7,,,1,71,,48394,7,,,1,34,,48385,7,,,1,72,,48402,7,,,1,70,,48395,7,,,1,34,,48386,7,,,1,72,,48403,7,,,1,30,,48396,7,,,1,75,,48387,7,,,1,45,,48397,7,,,1,85,,48388,7,,,1,85,,48398,7,,,1,84,,48389,7,,,1,40,,48399,7,,,1,80,,48390,7,,,1,80,,48404,7,,,1
2701,'30',836,,48405,6,,,1,85,,48406,7,,,1,85,,48412,7,,,1,45,,48407,7,,,1,85,,48413,7,,,1,86,,48408,7,,,1,88,,48414,7,,,1,32,,48415,7,,,1,72,,48409,7,,,1,32,,48417,7,,,1,72,,48416,7,,,1,32,,48410,7,,,1,72,,48418,7,,,1,32,,48420,7,,,1,70,,48411,7,,,1,77,,48419,7,,,1,45,,48421,7,,,1,85,,48422,7,,,1
2701,'4',836,,48423,6,,,1,85,,48424,7,,,1,85,,48430,7,,,1,45,,48425,7,,,1,85,,48431,7,,,1,86,,48426,7,,,1,88,,48432,7,,,1,32,,48433,7,,,1,72,,48427,7,,,1,32,,48435,7,,,1,72,,48434,7,,,1,32,,48428,7,,,1,72,,48436,7,,,1,32,,48438,7,,,1,70,,48429,7,,,1,77,,48437,7,,,1,45,,48439,7,,,1,85,,48440,7,,,1
3101,'11802',916,,48662,18,,,1,736,,48663,18,,,1
3101,'2',617,,48664,18,,,1,34,,48665,18,,,1,59,,48666,18,,,1,20,,48667,18,,,1,20,,48668,18,,,1,60,,48669,18,,,1,20,,48670,18,,,1,20,,48671,18,,,1,54,,48672,18,,,1,25,,48673,18,,,1,20,,48674,18,,,1,70,,48675,18,,,1,30,,48676,18,,,1,70,,48677,18,,,1,30,,48678,18,,,1,70,,48679,18,,,1,30,,48680,18,,,1,70,,48681,18,,,1,26,,48682,18,,,1,69,,48683,18,,,1,25,,48684,18,,,1,20,,48685,18,,,1,60,,48686,18,,,1,20,,48687,18,,,1,61,,48688,18,,,1,20,,48689,18,,,1,20,,48690,18,,,1,60,,48691,18,,,1,20,,48692,18,,,1,20,,48693,18,,,1,60,,48694,18,,,1,20,,48695,18,,,1,18,,48696,18,,,1,70,,48697,18,,,1,30,,48698,18,,,1,70,,48699,18,,,1,30,,48700,18,,,1,70,,48701,18,,,1,30,,48702,18,,,1,70,,48703,18,,,1,30,,48704,18,,,1,70,,48705,18,,,1,30,,48706,18,,,1,70,,48707,18,,,1,25,,48708,18,,,1,22,,48709,18,,,1
3101,'3',722,,48710,18,,,1,25,,48711,18,,,1,65,,48712,18,,,1,25,,48713,18,,,1,65,,48714,18,,,1,25,,48715,18,,,1,25,,48716,18,,,1,64,,48717,18,,,1,25,,48718,18,,,1,65,,48719,18,,,1,25,,48720,18,,,1,25,,48721,18,,,1,67,,48722,18,,,1,27,,48723,18,,,1,67,,48724,18,,,1,27,,48725,18,,,1,66,,48726,18,,,1,27,,48727,18,,,1,67,,48728,18,,,1,27,,48729,18,,,1,27,,48730,18,,,1,67,,48731,18,,,1,25,,48732,18,,,1,67,,48733,18,,,1,27,,48734,18,,,1,66,,48735,18,,,1,25,,48736,18,,,1,65,,48737,18,,,1,25,,48738,18,,,1,25,,48739,18,,,1,65,,48740,18,,,1,25,,48741,18,,,1,65,,48742,18,,,1,26,,48743,18,,,1,25,,48744,18,,,1,65,,48745,18,,,1,25,,48746,18,,,1,65,,48747,18,,,1,25,,48748,18,,,1,65,,48749,18,,,1,25,,48750,18,,,1,25,,48751,18,,,1
3101,'30',727,,48763,18,,,1,25,,48752,18,,,1,65,,48753,18,,,1,25,,48754,18,,,1,65,,48755,18,,,1,25,,48756,18,,,1,25,,48757,18,,,1,65,,48758,18,,,1,25,,48759,18,,,1,65,,48760,18,,,1,25,,48761,18,,,1,65,,48762,18,,,1,25,,48764,18,,,1,25,,48765,18,,,1,65,,48766,18,,,1,25,,48767,18,,,1,65,,48768,18,,,1,25,,48769,18,,,1,25,,48770,18,,,1,65,,48771,18,,,1,25,,48772,18,,,1,65,,48773,18,,,1,25,,48774,18,,,1,65,,48775,18,,,1,25,,48776,18,,,1,25,,48777,18,,,1,65,,48778,18,,,1,25,,48779,18,,,1,65,,48780,18,,,1,25,,48781,18,,,1,25,,48782,18,,,1,67,,48783,18,,,1
3101,'4',727,,48795,18,,,1,25,,48784,18,,,1,65,,48785,18,,,1,25,,48786,18,,,1,65,,48787,18,,,1,25,,48788,18,,,1,25,,48789,18,,,1,65,,48790,18,,,1,25,,48791,18,,,1,65,,48792,18,,,1,25,,48793,18,,,1,65,,48794,18,,,1,25,,48796,18,,,1,25,,48797,18,,,1,65,,48798,18,,,1,25,,48799,18,,,1,65,,48800,18,,,1,25,,48801,18,,,1,25,,48802,18,,,1,65,,48803,18,,,1,25,,48804,18,,,1,65,,48805,18,,,1,25,,48806,18,,,1,65,,48807,18,,,1,25,,48808,18,,,1,25,,48809,18,,,1,65,,48810,18,,,1,25,,48811,18,,,1,65,,48812,18,,,1,25,,48813,18,,,1,25,,48814,18,,,1,67,,48815,18,,,1
12700,'3302',653,,50785,16,,,1,91,,50786,16,,,1,58,,50787,16,,,1,54,,50788,16,,,1,57,,50789,16,,,1,91,,50790,16,,,1,23,,50791,16,,,1,86,,50792,16,,,1,23,,50793,16,,,1,86,,50794,16,,,1,23,,50795,16,,,1,86,,50796,16,,,1,24,,50797,16,,,1,87,,50798,16,,,1,70,,50799,16,,,1,45,,50800,16,,,1,72,,50801,16,,,1,88,,50802,16,,,1,36,,50803,16,,,1,75,,50804,16,,,1,77,,50805,16,,,1,34,,50806,16,,,1,74,,50807,16,,,1,34,,50808,16,,,1,100,,50809,16,,,1,104,,50810,16,,,1,101,,50811,16,,,1
12700,'3602',615,,50812,16,,,1,93,,50813,16,,,1,16,,50814,16,,,1,96,,50815,16,,,1,18,,50816,16,,,1,102,,50817,16,,,1,110,,50818,16,,,1,109,,50819,16,,,1,149,,50820,16,,,1,104,,50821,16,,,1,15,,50822,16,,,1,30,,50823,16,,,1,70,,50824,16,,,1,15,,50825,16,,,1,71,,50826,16,,,1,32,,50827,16,,,1,56,,50828,16,,,1,32,,50829,16,,,1
12700,'3903',613,,50830,16,,,1,100,,50831,16,,,1,103,,50832,16,,,1,102,,50833,16,,,1,103,,50834,16,,,1,34,,50835,16,,,1,74,,50836,16,,,1,74,,50837,16,,,1,36,,50838,16,,,1,75,,50839,16,,,1,35,,50840,16,,,1,76,,50841,16,,,1,75,,50842,16,,,1,35,,50843,16,,,1,75,,50844,16,,,1,35,,50845,16,,,1,75,,50846,16,,,1,35,,50847,16,,,1,74,,50848,16,,,1,74,,50849,16,,,1,34,,50850,16,,,1,74,,50851,16,,,1,34,,50852,16,,,1,101,,50853,16,,,1,102,,50854,16,,,1,102,,50855,16,,,1
12700,'6404',703,,50856,6,,,1,102,,50857,16,,,1,103,,50858,16,,,1,34,,50859,16,,,1,74,,50860,16,,,1,34,,50861,16,,,1,74,,50862,16,,,1,34,,50863,16,,,1,75,,50864,16,,,1,74,,50865,16,,,1,34,,50866,16,,,1,74,,50867,16,,,1,34,,50868,16,,,1,74,,50869,16,,,1,34,,50870,16,,,1,74,,50871,16,,,1,73,,50872,16,,,1,28,,50873,16,,,1,77,,50874,16,,,1,101,,50875,16,,,1,101,,50876,16,,,1,101,,50877,16,,,1,101,,50878,16,,,1
