401,'11802',731,,43532,58,0,13 40 41,1,82,,43531,58,0,13 40 41,1
401,'2',606,,43559,52,0,10 40 41,1,36,,43558,58,0,13 40 41,1,11,,43600,52,0,10 40 41,1,66,,43561,1,,,1,5,,43557,52,0,10 40 41,1,15,,43556,58,0,13 40 41,1,10,,43555,24,,,1,57,,43554,52,0,10 40 41,1,15,,43553,52,0,10 40 41,1,15,,43552,58,0,13 40 41,1,15,,43551,52,0,10 40 41,1,55,,43550,58,0,13 40 41,1,15,,43549,52,0,10 40 41,1,15,,43548,58,0,13 40 41,1,15,,43547,52,0,10 40 41,1,55,,43546,58,0,13 40 41,1,20,,43545,52,0,10 40 41,1,20,,43544,58,0,13 40 41,1,60,,43543,52,0,10 40 41,1,20,,43542,58,0,13 40 41,1,21,,43541,52,0,10 40 41,1,61,,43540,58,0,13 40 41,1,20,,43539,52,0,10 40 41,1,20,,43538,58,0,13 40 41,1,60,,43537,52,0,10 40 41,1,20,,43536,58,0,13 40 41,1,18,,43560,1,,,1,2,,43535,52,0,10 40 41,1,60,,43534,58,0,13 40 41,1,17,,43577,1,,,1,4,,43533,52,0,10 40 41,1,15,,43562,58,0,13 40 41,1,59,,43570,52,0,10 40 41,1,15,,43563,58,0,13 40 41,1,15,,43571,52,0,10 40 41,1,15,,43564,58,0,13 40 41,1,55,,43572,52,0,10 40 41,1,13,,43578,1,,,1,3,,43565,58,0,13 40 41,1,15,,43573,52,0,10 40 41,1,15,,43566,58,0,13 40 41,1,55,,43574,52,0,10 40 41,1,15,,43567,58,0,13 40 41,1,15,,43575,52,0,10 40 41,1,15,,43568,58,0,13 40 41,1,55,,43576,52,0,10 40 41,1,9,,43569,58,0,13 40 41,1,17,,43579,52,0,10 40 41,1,21,,43584,58,0,13 40 41,1,60,,43580,52,0,10 40 41,1,20,,43585,58,0,13 40 41,1,20,,43581,52,0,10 40 41,1,60,,43586,58,0,13 40 41,1,20,,43582,52,0,10 40 41,1,20,,43587,58,0,13 40 41,1,68,,43583,52,0,10 40 41,1,33,,43588,58,0,13 40 41,1,70,,43591,52,0,10 40 41,1,30,,43589,58,0,13 40 41,1,70,,43592,52,0,10 40 41,1,30,,43590,58,0,13 40 41,1,70,,43593,52,0,10 40 41,1,90,,43594,58,0,13 40 41,1
401,'3',641,,43601,52,0,10 40 41,1,70,,43602,58,0,13 40 41,1,20,,43609,52,0,10 40 41,1,70,,43603,58,0,13 40 41,1,32,,43610,52,0,10 40 41,1,70,,43604,58,0,13 40 41,1,30,,43611,52,0,10 40 41,1,70,,43605,58,0,13 40 41,1,32,,43612,52,0,10 40 41,1,70,,43606,58,0,13 40 41,1,30,,43613,52,0,10 40 41,1,70,,43607,58,0,13 40 41,1,30,,43614,52,0,10 40 41,1,65,,43626,1,,,1,5,,43608,58,0,13 40 41,1,26,,43615,52,0,10 40 41,1,27,,43621,58,0,13 40 41,1,66,,43616,52,0,10 40 41,1,25,,43622,58,0,13 40 41,1,65,,43617,52,0,10 40 41,1,25,,43623,58,0,13 40 41,1,65,,43618,52,0,10 40 41,1,25,,43624,58,0,13 40 41,1,25,,43619,52,0,10 40 41,1,65,,43625,58,0,13 40 41,1,25,,43620,52,0,10 40 41,1,65,,43633,58,0,13 40 41,1,25,,43629,52,0,10 40 41,1,25,,43634,58,0,13 40 41,1,65,,43630,52,0,10 40 41,1,25,,43635,58,0,13 40 41,1,65,,43631,52,0,10 40 41,1,25,,43636,58,0,13 40 41,1,65,,43632,52,0,10 40 41,1,23,,43637,58,0,13 40 41,1,17,,43638,52,0,10 40 41,1,70,,43642,58,0,13 40 41,1,30,,43639,52,0,10 40 41,1,70,,43643,58,0,13 40 41,1,30,,43640,52,0,10 40 41,1,70,,43644,58,0,13 40 41,1,28,,43641,52,0,10 40 41,1,72,,43627,58,0,13 40 41,1
401,'30',711,,43677,52,0,10 40 41,1,45,,43676,58,0,13 40 41,1,85,,43675,52,0,10 40 41,1,87,,43646,58,0,13 40 41,1,85,,43647,52,0,10 40 41,1,30,,43648,58,0,13 40 41,1,64,,43649,52,0,10 40 41,1,30,,43650,58,0,13 40 41,1,67,,43651,52,0,10 40 41,1,31,,43652,58,0,13 40 41,1,69,,43653,52,0,10 40 41,1,32,,43654,58,0,13 40 41,1,70,,43655,52,0,10 40 41,1,30,,43656,58,0,13 40 41,1,70,,43657,52,0,10 40 41,1,30,,43658,58,0,13 40 41,1,70,,43659,52,0,10 40 41,1,30,,43660,58,0,13 40 41,1,70,,43661,52,0,10 40 41,1,29,,43662,58,0,13 40 41,1,70,,43663,52,0,10 40 41,1,30,,43664,58,0,13 40 41,1,70,,43665,52,0,10 40 41,1,30,,43666,58,0,13 40 41,1,68,,43667,52,0,10 40 41,1,32,,43668,58,0,13 40 41,1,70,,43669,52,0,10 40 41,1,32,,43670,58,0,13 40 41,1,68,,43671,52,0,10 40 41,1,29,,43672,58,0,13 40 41,1,78,,43645,52,0,10 40 41,1
401,'4',711,,43710,52,0,10 40 41,1,45,,43709,58,0,13 40 41,1,85,,43708,52,0,10 40 41,1,87,,43679,58,0,13 40 41,1,85,,43680,52,0,10 40 41,1,30,,43681,58,0,13 40 41,1,64,,43682,52,0,10 40 41,1,30,,43683,58,0,13 40 41,1,67,,43684,52,0,10 40 41,1,31,,43685,58,0,13 40 41,1,69,,43686,52,0,10 40 41,1,32,,43687,58,0,13 40 41,1,70,,43688,52,0,10 40 41,1,30,,43689,58,0,13 40 41,1,70,,43690,52,0,10 40 41,1,30,,43691,58,0,13 40 41,1,70,,43692,52,0,10 40 41,1,30,,43693,58,0,13 40 41,1,70,,43694,52,0,10 40 41,1,29,,43695,58,0,13 40 41,1,70,,43696,52,0,10 40 41,1,30,,43697,58,0,13 40 41,1,70,,43698,52,0,10 40 41,1,30,,43699,58,0,13 40 41,1,68,,43700,52,0,10 40 41,1,32,,43701,58,0,13 40 41,1,70,,43702,52,0,10 40 41,1,32,,43703,58,0,13 40 41,1,68,,43704,52,0,10 40 41,1,29,,43705,58,0,13 40 41,1,78,,43678,52,0,10 40 41,1
1700,'11802',715,,46724,30,,,1,226,,46728,30,,,1,479,,46725,1,,,1
1700,'2',638,,46739,50,0,10 23 20,1,20,,46740,58,0,13 23 20,1,60,,46780,50,0,10 23 20,1,20,,46741,58,0,13 23 20,1,21,,46781,50,0,10 23 20,1,59,,46742,58,0,13 23 20,1,20,,46743,50,0,10 23 20,1,18,,46744,58,0,13 23 20,1,61,,46745,50,0,10 23 20,1,20,,46746,58,0,13 23 20,1,20,,46747,50,0,10 23 20,1,60,,46748,58,0,13 23 20,1,20,,46749,50,0,10 23 20,1,20,,46750,58,0,13 23 20,1,60,,46751,50,0,10 23 20,1,20,,46752,58,0,13 23 20,1,20,,46753,50,0,10 23 20,1,60,,46754,58,0,13 23 20,1,20,,46755,50,0,10 23 20,1,21,,46756,58,0,13 23 20,1,61,,46757,50,0,10 23 20,1,25,,46758,58,0,13 23 20,1,63,,46759,50,0,10 23 20,1,21,,46760,58,0,13 23 20,1,20,,46761,50,0,10 23 20,1,60,,46762,58,0,13 23 20,1,18,,46763,50,0,10 23 20,1,20,,46764,58,0,13 23 20,1,57,,46765,50,0,10 23 20,1,15,,46766,58,0,13 23 20,1,21,,46767,50,0,10 23 20,1,63,,46768,58,0,13 23 20,1,20,,46769,50,0,10 23 20,1,20,,46770,58,0,13 23 20,1,62,,46771,50,0,10 23 20,1,12,,46772,58,0,13 23 20,1,23,,46773,50,0,10 23 20,1,63,,46782,50,0,10 23 20,1,21,,46775,58,0,13 23 20,1,14,,46729,50,0,10 23 20,1,19,,46738,50,0,10 23 20,1,59,,46737,50,0,10 23 20,1,19,,46736,50,0,10 23 20,1,19,,46735,50,0,10 23 20,1,59,,46734,50,0,10 23 20,1,17,,46733,50,0,10 23 20,1,21,,46731,50,0,10 23 20,1,70,,46732,50,0,10 23 20,1,25,,46730,50,0,10 23 20,1,60,,46776,50,0,10 23 20,1,25,,46777,50,0,10 23 20,1,25,,46778,50,0,10 23 20,1,65,,46779,50,0,10 23 20,1,22,,46783,50,0,10 23 20,1,65,,46784,50,0,10 23 20,1
1700,'3',631,,46819,50,0,10 23 20,1,79,,46817,50,0,10 23 20,1,36,,46818,50,0,10 23 20,1,80,,46816,50,0,10 23 20,1,75,,46815,50,0,10 23 20,1,30,,46814,50,0,10 23 20,1,82,,46813,50,0,10 23 20,1,31,,46812,50,0,10 23 20,1,72,,46811,50,0,10 23 20,1,30,,46820,50,0,10 23 20,1,71,,46810,50,0,10 23 20,1,31,,46809,50,0,10 23 20,1,70,,46808,50,0,10 23 20,1,30,,46807,50,0,10 23 20,1,70,,46806,50,0,10 23 20,1,30,,46805,50,0,10 23 20,1,70,,46804,50,0,10 23 20,1,30,,46803,50,0,10 23 20,1,70,,46802,50,0,10 23 20,1,30,,46801,50,0,10 23 20,1,70,,46800,50,0,10 23 20,1,30,,46799,50,0,10 23 20,1,67,,46798,50,0,10 23 20,1,30,,46797,50,0,10 23 20,1,68,,46796,50,0,10 23 20,1,30,,46795,50,0,10 23 20,1,60,,46794,50,0,10 23 20,1,30,,46793,50,0,10 23 20,1,70,,46792,50,0,10 23 20,1,30,,46791,50,0,10 23 20,1,14,,46790,50,0,10 23 20,1,69,,46789,50,0,10 23 20,1,30,,46788,50,0,10 23 20,1,70,,46787,50,0,10 23 20,1,15,,46821,50,0,10 23 20,1,70,,46786,50,0,10 23 20,1,23,,46822,50,0,10 23 20,1,19,,46823,50,0,10 23 20,1,60,,46824,50,0,10 23 20,1
1700,'30',658,,46855,50,0,10 23 20,1,75,,46856,50,0,10 23 20,1,75,,46857,50,0,10 23 20,1,35,,46858,50,0,10 23 20,1,75,,46828,50,0,10 23 20,1,30,,46829,50,0,10 23 20,1,70,,46830,50,0,10 23 20,1,30,,46831,50,0,10 23 20,1,65,,46832,50,0,10 23 20,1,25,,46833,50,0,10 23 20,1,62,,46834,50,0,10 23 20,1,32,,46835,50,0,10 23 20,1,70,,46836,50,0,10 23 20,1,25,,46837,50,0,10 23 20,1,25,,46838,50,0,10 23 20,1,70,,46839,50,0,10 23 20,1,30,,46840,50,0,10 23 20,1,68,,46841,50,0,10 23 20,1,30,,46842,50,0,10 23 20,1,70,,46843,50,0,10 23 20,1,30,,46844,50,0,10 23 20,1,70,,46845,50,0,10 23 20,1,30,,46846,50,0,10 23 20,1,60,,46847,50,0,10 23 20,1,28,,46848,50,0,10 23 20,1,70,,46849,50,0,10 23 20,1,30,,46850,50,0,10 23 20,1,80,,46851,50,0,10 23 20,1,35,,46852,50,0,10 23 20,1,75,,46853,50,0,10 23 20,1,75,,46854,50,0,10 23 20,1,31,,46827,50,0,10 23 20,1,70,,46860,50,0,10 23 20,1,35,,46859,50,0,10 23 20,1
1700,'4',658,,46890,50,0,10 23 20,1,75,,46891,50,0,10 23 20,1,75,,46892,50,0,10 23 20,1,35,,46893,50,0,10 23 20,1,75,,46863,50,0,10 23 20,1,30,,46864,50,0,10 23 20,1,70,,46865,50,0,10 23 20,1,30,,46866,50,0,10 23 20,1,65,,46867,50,0,10 23 20,1,25,,46868,50,0,10 23 20,1,62,,46869,50,0,10 23 20,1,32,,46870,50,0,10 23 20,1,70,,46871,50,0,10 23 20,1,25,,46872,50,0,10 23 20,1,25,,46873,50,0,10 23 20,1,70,,46874,50,0,10 23 20,1,30,,46875,50,0,10 23 20,1,68,,46876,50,0,10 23 20,1,30,,46877,50,0,10 23 20,1,70,,46878,50,0,10 23 20,1,30,,46879,50,0,10 23 20,1,70,,46880,50,0,10 23 20,1,30,,46881,50,0,10 23 20,1,60,,46882,50,0,10 23 20,1,28,,46883,50,0,10 23 20,1,70,,46884,50,0,10 23 20,1,30,,46885,50,0,10 23 20,1,80,,46886,50,0,10 23 20,1,35,,46887,50,0,10 23 20,1,75,,46888,50,0,10 23 20,1,75,,46889,50,0,10 23 20,1,31,,46862,50,0,10 23 20,1,70,,46895,50,0,10 23 20,1,35,,46894,50,0,10 23 20,1
2000,'2',647,,47293,59,,,1,56,,47296,59,,,1,26,,47299,24,,,1,9,,47294,59,,,1,15,,47295,59,,,1,55,,47297,59,,,1,15,,47319,59,,,1,15,,47320,59,,,1,15,,47321,59,,,1,55,,47322,59,,,1,16,,47323,59,,,1,16,,47324,59,,,1,15,,47325,59,,,1,55,,47326,59,,,1,15,,47327,59,,,1,15,,47328,59,,,1,15,,47329,59,,,1,55,,47330,59,,,1,15,,47331,59,,,1,10,,47332,59,,,1,15,,47333,59,,,1,55,,47334,59,,,1,15,,47335,59,,,1,15,,47336,59,,,1,15,,47337,59,,,1,55,,47338,59,,,1,15,,47339,59,,,1,15,,47340,59,,,1,15,,47341,59,,,1,55,,47342,59,,,1,10,,47343,59,,,1,15,,47344,59,,,1,15,,47345,59,,,1,55,,47346,59,,,1,15,,47347,59,,,1,15,,47348,59,,,1,15,,47349,59,,,1,55,,47350,59,,,1,15,,47351,59,,,1,15,,47352,59,,,1,15,,47353,59,,,1,55,,47354,59,,,1,15,,47355,59,,,1,15,,47356,59,,,1,19,,47357,59,,,1,61,,47298,59,,,1,15,,47300,59,,,1,16,,47301,59,,,1,16,,47302,59,,,1,52,,47311,59,,,1,12,,47303,59,,,1,15,,47304,59,,,1,20,,47305,59,,,1,72,,47306,59,,,1,13,,47307,59,,,1,67,,47308,59,,,1,26,,47309,59,,,1,18,,47312,59,,,1,71,,47313,59,,,1,26,,47314,59,,,1,66,,47315,59,,,1,26,,47292,59,,,1,68,,47317,59,,,1,25,,47318,59,,,1,81,,47316,59,,,1
2000,'3',610,,47362,1,,,1,35,,47361,59,,,1,66,,47364,59,,,1,30,,47365,59,,,1,81,,47366,59,,,1,29,,47367,59,,,1,66,,47368,59,,,1,26,,47369,59,,,1,66,,47370,59,,,1,32,,47371,59,,,1,64,,47372,59,,,1,20,,47373,59,,,1,20,,47374,59,,,1,60,,47375,59,,,1,20,,47376,59,,,1,20,,47377,59,,,1,63,,47378,59,,,1,20,,47379,59,,,1,20,,47380,59,,,1,60,,47381,59,,,1,20,,47382,59,,,1,20,,47383,59,,,1,59,,47384,59,,,1,20,,47385,59,,,1,20,,47386,59,,,1,60,,47387,59,,,1,20,,47388,59,,,1,20,,47389,59,,,1,60,,47390,59,,,1,20,,47391,59,,,1,20,,47392,59,,,1,60,,47393,59,,,1,14,,47394,59,,,1,20,,47395,59,,,1,63,,47396,59,,,1,27,,47397,59,,,1,27,,47398,59,,,1,67,,47399,59,,,1,27,,47400,59,,,1,67,,47401,59,,,1,27,,47402,59,,,1,60,,47403,59,,,1,27,,47404,59,,,1,67,,47405,59,,,1,27,,47406,59,,,1,27,,47407,59,,,1,61,,47408,59,,,1,19,,47409,59,,,1,81,,47363,59,,,1
2000,'30',710,,47411,59,,,1,42,,47412,59,,,1,85,,47413,59,,,1,87,,47414,59,,,1,31,,47415,59,,,1,66,,47416,59,,,1,25,,47417,59,,,1,66,,47418,59,,,1,27,,47419,59,,,1,66,,47420,59,,,1,26,,47421,59,,,1,70,,47422,59,,,1,26,,47423,59,,,1,26,,47424,59,,,1,66,,47425,59,,,1,26,,47426,59,,,1,66,,47427,59,,,1,26,,47428,59,,,1,66,,47429,59,,,1,26,,47430,59,,,1,26,,47431,59,,,1,66,,47432,59,,,1,26,,47433,59,,,1,63,,47434,59,,,1,25,,47435,59,,,1,65,,47436,59,,,1,25,,47437,59,,,1,25,,47438,59,,,1,65,,47439,59,,,1,25,,47440,59,,,1,65,,47441,59,,,1,25,,47442,59,,,1,25,,47443,59,,,1,66,,47444,59,,,1,19,,47445,59,,,1,60,,47446,59,,,1
2000,'4',710,,47448,59,,,1,42,,47449,59,,,1,85,,47450,59,,,1,87,,47451,59,,,1,31,,47452,59,,,1,66,,47453,59,,,1,25,,47454,59,,,1,66,,47455,59,,,1,27,,47456,59,,,1,66,,47457,59,,,1,26,,47458,59,,,1,70,,47459,59,,,1,26,,47460,59,,,1,26,,47461,59,,,1,66,,47462,59,,,1,26,,47463,59,,,1,66,,47464,59,,,1,26,,47465,59,,,1,66,,47466,59,,,1,26,,47467,59,,,1,26,,47468,59,,,1,66,,47469,59,,,1,26,,47470,59,,,1,63,,47471,59,,,1,25,,47472,59,,,1,65,,47473,59,,,1,25,,47474,59,,,1,25,,47475,59,,,1,65,,47476,59,,,1,25,,47477,59,,,1,65,,47478,59,,,1,25,,47479,59,,,1,25,,47480,59,,,1,66,,47481,59,,,1,19,,47482,59,,,1,60,,47483,59,,,1
9100,'2',731,,49685,9,,,1,17,,49686,9,,,1,57,,49687,9,,,1,17,,49688,9,,,1,17,,49689,9,,,1,17,,49690,9,,,1,56,,49691,9,,,1,17,,49692,9,,,1,17,,49693,9,,,1,57,,49694,9,,,1,17,,49695,9,,,1,17,,49696,9,,,1,17,,49697,9,,,1,57,,49698,9,,,1,17,,49699,9,,,1,17,,49700,9,,,1,57,,49701,9,,,1,17,,49702,9,,,1,17,,49703,9,,,1,17,,49704,9,,,1,57,,49705,9,,,1,17,,49706,9,,,1,17,,49707,9,,,1,57,,49708,9,,,1,17,,49709,9,,,1,17,,49710,9,,,1,17,,49711,9,,,1,57,,49712,9,,,1,17,,49713,9,,,1,17,,49714,9,,,1,57,,49715,9,,,1,18,,49716,9,,,1,17,,49717,9,,,1,17,,49718,9,,,1,57,,49719,9,,,1,18,,49720,9,,,1,17,,49721,9,,,1,57,,49722,9,,,1,15,,49723,9,,,1,17,,49724,9,,,1,17,,49725,9,,,1,57,,49726,9,,,1,17,,49727,9,,,1,17,,49728,9,,,1,18,,49729,9,,,1
9100,'3',1134,,49730,9,,,1,67,,49731,9,,,1,26,,49732,9,,,1,26,,49733,9,,,1,66,,49734,9,,,1,26,,49735,9,,,1,66,,49736,9,,,1,26,,49737,9,,,1,66,,49738,9,,,1,26,,49739,9,,,1,26,,49740,9,,,1,66,,49741,9,,,1,26,,49742,9,,,1,66,,49743,9,,,1,26,,49744,9,,,1,66,,49745,9,,,1,26,,49746,9,,,1,26,,49747,9,,,1,66,,49748,9,,,1,26,,49749,9,,,1,66,,49750,9,,,1,26,,49751,9,,,1,66,,49752,9,,,1,26,,49753,9,,,1
9100,'4',1235,,49772,9,,,1,67,,49754,9,,,1,26,,49755,9,,,1,26,,49756,9,,,1,66,,49757,9,,,1,26,,49758,9,,,1,66,,49759,9,,,1,26,,49760,9,,,1,66,,49761,9,,,1,26,,49762,9,,,1,26,,49763,9,,,1,67,,49764,9,,,1,26,,49765,9,,,1,66,,49766,9,,,1,26,,49767,9,,,1,66,,49768,9,,,1,26,,49769,9,,,1,26,,49770,9,,,1,68,,49771,9,,,1
10400,'3302',727,,50469,23,,,1,27,,50470,23,,,1,70,,50471,29,,,1,30,,50472,29,,,1,72,,50473,29,,,1,30,,50474,29,,,1,70,,50475,29,,,1,30,,50476,29,,,1,69,,50477,29,,,1,31,,50478,29,,,1,68,,50479,29,,,1,32,,50480,29,,,1,67,,50481,29,,,1,32,,50482,29,,,1,66,,50483,29,,,1,29,,50484,29,,,1,71,,50485,29,,,1,32,,50486,29,,,1,71,,50487,29,,,1,30,,50488,29,,,1,71,,50489,29,,,1,33,,50490,29,,,1,67,,50491,29,,,1,26,,50492,29,,,1
10400,'3903',1022,,50510,23,,,1,29,,50495,29,,,1,61,,50496,29,,,1,30,,50497,29,,,1,67,,50498,29,,,1,31,,50499,29,,,1,60,,50500,29,,,1,30,,50501,29,,,1,25,,50502,29,,,1,71,,50503,29,,,1,28,,50504,29,,,1,71,,50505,29,,,1,30,,50506,29,,,1,70,,50507,29,,,1,29,,50508,29,,,1,70,,50509,29,,,1,30,,50494,29,,,1,70,,50493,29,,,1
