200,'11802',1443,,42641,13,0,13 30,1,276,,42642,13,0,10 23 20,1
200,'2',625,,42650,13,0,13 30,1,16,,42686,13,0,10 23 20,1,15,,42651,13,0,13 30,1,55,,42687,13,0,10 23 20,1,15,,42652,13,0,13 30,1,15,,42688,13,0,10 23 20,1,15,,42653,13,0,13 30,1,55,,42689,13,0,10 23 20,1,15,,42654,13,0,13 30,1,15,,42690,13,0,10 23 20,1,15,,42655,13,0,13 30,1,55,,42691,13,0,10 23 20,1,15,,42656,13,0,13 30,1,15,,42692,13,0,10 23 20,1,15,,42657,13,0,13 30,1,55,,42693,13,0,10 23 20,1,15,,42658,13,0,13 30,1,15,,42694,13,0,10 23 20,1,15,,42659,13,0,13 30,1,55,,42695,13,0,10 23 20,1,15,,42660,13,0,13 30,1,15,,42696,13,0,10 23 20,1,12,,42661,13,0,13 30,1,55,,42697,13,0,10 23 20,1,15,,42662,13,0,13 30,1,15,,42698,13,0,10 23 20,1,15,,42663,13,0,13 30,1,55,,42699,13,0,10 23 20,1,15,,42664,13,0,13 30,1,15,,42700,13,0,10 23 20,1,15,,42665,13,0,13 30,1,55,,42701,13,0,10 23 20,1,15,,42666,13,0,13 30,1,13,,42702,13,0,10 23 20,1,14,,42667,13,0,13 30,1,55,,42703,13,0,10 23 20,1,15,,42668,13,0,13 30,1,15,,42704,13,0,10 23 20,1,19,,42669,13,0,13 30,1,55,,42705,13,0,10 23 20,1,15,,42670,13,0,13 30,1,15,,42706,13,0,10 23 20,1,15,,42671,13,0,13 30,1,53,,42707,13,0,10 23 20,1,19,,42672,13,0,13 30,1,11,,42708,13,0,10 23 20,1,22,,42673,13,0,13 30,1,55,,42709,13,0,10 23 20,1,15,,42674,13,0,13 30,1,12,,42710,13,0,10 23 20,1,15,,42675,13,0,13 30,1,55,,42711,13,0,10 23 20,1,15,,42676,13,0,13 30,1,15,,42712,13,0,10 23 20,1,15,,42677,13,0,13 30,1,55,,42713,13,0,10 23 20,1,10,,42678,13,0,13 30,1,23,,42714,13,0,10 23 20,1,12,,42679,13,0,13 30,1,63,,42715,13,0,10 23 20,1,17,,42680,13,0,13 30,1,23,,42716,13,0,10 23 20,1,57,,42681,13,0,13 30,1,23,,42717,13,0,10 23 20,1,20,,42682,13,0,13 30,1,57,,42718,13,0,10 23 20,1,15,,42683,13,0,13 30,1,20,,42719,13,0,10 23 20,1,55,,42684,13,0,13 30,1,20,,42720,13,0,10 23 20,1,20,,42685,13,0,13 30,1,74,,42721,13,0,45 3 21,1
200,'3',627,,42725,13,0,13 30,1,30,,42726,13,0,10 23 20,1,70,,42728,13,0,13 30,1,30,,42730,13,0,13 30,1,55,,42731,13,0,10 23 20,1,15,,42732,13,0,13 30,1,15,,42733,13,0,10 23 20,1,15,,42734,13,0,13 30,1,55,,42735,13,0,10 23 20,1,15,,42736,13,0,13 30,1,10,,42737,13,0,10 23 20,1,15,,42738,13,0,13 30,1,54,,42739,13,0,10 23 20,1,15,,42740,13,0,13 30,1,15,,42741,13,0,10 23 20,1,15,,42742,13,0,13 30,1,50,,42743,13,0,10 23 20,1,15,,42744,13,0,13 30,1,10,,42745,13,0,10 23 20,1,15,,42746,13,0,13 30,1,15,,42747,13,0,10 23 20,1,55,,42748,13,0,13 30,1,15,,42749,13,0,10 23 20,1,15,,42750,13,0,13 30,1,10,,42761,13,0,10 23 20,1,55,,42751,13,0,13 30,1,10,,42762,13,0,10 23 20,1,15,,42752,13,0,13 30,1,15,,42763,13,0,10 23 20,1,55,,42753,13,0,13 30,1,15,,42764,13,0,10 23 20,1,15,,42754,13,0,13 30,1,15,,42765,13,0,10 23 20,1,55,,42755,13,0,13 30,1,15,,42766,13,0,10 23 20,1,10,,42756,13,0,13 30,1,10,,42767,13,0,10 23 20,1,15,,42757,13,0,13 30,1,55,,42768,13,0,10 23 20,1,15,,42758,13,0,13 30,1,15,,42769,13,0,10 23 20,1,15,,42759,13,0,13 30,1,55,,42770,13,0,10 23 20,1,15,,42760,13,0,13 30,1,15,,42771,13,0,10 23 20,1,15,,42772,13,0,13 30,1,0,,42784,13,0,45 3 21,1,55,,42773,13,0,10 23 20,1,15,,42779,13,0,13 30,1,15,,42774,13,0,10 23 20,1,15,,42780,13,0,13 30,1,55,,42775,13,0,10 23 20,1,15,,42781,13,0,13 30,1,15,,42776,13,0,10 23 20,1,15,,42782,13,0,13 30,1,55,,42777,13,0,10 23 20,1,15,,42783,13,0,13 30,1,15,,42778,13,0,10 23 20,1,15,,42785,13,0,13 30,1,5,,42790,13,0,45 3 21,1,65,,42788,13,0,10 23 20,1,4,,42791,13,0,45 3 21,1,26,,42786,13,0,13 30,1,70,,42789,13,0,10 23 20,1,30,,42787,13,0,13 30,1,70,,42722,13,0,10 23 20,1,30,,42723,13,0,13 30,1,70,,42792,13,0,10 23 20,1,35,,42793,13,0,13 30,1,69,,42794,13,0,45 3 21,1
200,'30',657,,42797,13,0,13 30,1,70,,42800,13,0,10 23 20,1,30,,42802,13,0,13 30,1,70,,42801,13,0,10 23 20,1,30,,42803,13,0,13 30,1,65,,42804,13,0,10 23 20,1,25,,42808,13,0,13 30,1,65,,42805,13,0,10 23 20,1,25,,42809,13,0,13 30,1,65,,42806,13,0,10 23 20,1,25,,42810,13,0,10 23 20,1,24,,42807,13,0,10 23 20,1,55,,42811,13,0,13 30,1,15,,42823,13,0,10 23 20,1,15,,42812,13,0,13 30,1,15,,42824,13,0,10 23 20,1,55,,42813,13,0,13 30,1,15,,42825,13,0,10 23 20,1,15,,42814,13,0,13 30,1,15,,42826,13,0,10 23 20,1,55,,42815,13,0,13 30,1,15,,42827,13,0,10 23 20,1,15,,42816,13,0,13 30,1,15,,42828,13,0,10 23 20,1,55,,42817,13,0,13 30,1,15,,42829,13,0,10 23 20,1,15,,42818,13,0,13 30,1,15,,42830,13,0,10 23 20,1,55,,42819,13,0,13 30,1,15,,42831,13,0,10 23 20,1,15,,42820,13,0,13 30,1,15,,42832,13,0,10 23 20,1,55,,42821,13,0,13 30,1,15,,42833,13,0,10 23 20,1,15,,42822,13,0,13 30,1,15,,42834,13,0,10 23 20,1,65,,42837,13,0,13 30,1,5,,42848,13,0,45 3 21,1,20,,42843,13,0,10 23 20,1,65,,42838,13,0,13 30,1,25,,42844,13,0,10 23 20,1,25,,42839,13,0,13 30,1,65,,42845,13,0,10 23 20,1,25,,42840,13,0,13 30,1,65,,42846,13,0,10 23 20,1,25,,42841,13,0,13 30,1,65,,42847,13,0,10 23 20,1,25,,42842,13,0,13 30,1,30,,42796,13,0,10 23 20,1,70,,42795,13,0,45 3 21,1
200,'4',657,,42851,13,0,13 30,1,70,,42854,13,0,10 23 20,1,30,,42856,13,0,13 30,1,70,,42855,13,0,10 23 20,1,30,,42857,13,0,13 30,1,65,,42858,13,0,10 23 20,1,25,,42862,13,0,13 30,1,65,,42859,13,0,10 23 20,1,25,,42863,13,0,13 30,1,65,,42860,13,0,10 23 20,1,25,,42864,13,0,10 23 20,1,24,,42861,13,0,10 23 20,1,55,,42865,13,0,13 30,1,15,,42877,13,0,10 23 20,1,15,,42866,13,0,13 30,1,15,,42878,13,0,10 23 20,1,55,,42867,13,0,13 30,1,15,,42879,13,0,10 23 20,1,15,,42868,13,0,13 30,1,15,,42880,13,0,10 23 20,1,55,,42869,13,0,13 30,1,15,,42881,13,0,10 23 20,1,15,,42870,13,0,13 30,1,15,,42882,13,0,10 23 20,1,55,,42871,13,0,13 30,1,15,,42883,13,0,10 23 20,1,15,,42872,13,0,13 30,1,15,,42884,13,0,10 23 20,1,55,,42873,13,0,13 30,1,15,,42885,13,0,10 23 20,1,15,,42874,13,0,13 30,1,15,,42886,13,0,10 23 20,1,55,,42875,13,0,13 30,1,15,,42887,13,0,10 23 20,1,15,,42876,13,0,13 30,1,15,,42888,13,0,10 23 20,1,65,,42891,13,0,13 30,1,5,,42902,13,0,45 3 21,1,20,,42897,13,0,10 23 20,1,65,,42892,13,0,13 30,1,25,,42898,13,0,10 23 20,1,25,,42893,13,0,13 30,1,65,,42899,13,0,10 23 20,1,25,,42894,13,0,13 30,1,65,,42900,13,0,10 23 20,1,25,,42895,13,0,13 30,1,65,,42901,13,0,10 23 20,1,25,,42896,13,0,13 30,1,30,,42850,13,0,10 23 20,1,70,,42849,13,0,45 3 21,1
901,'2',617,,44696,28,,,1,20,,44697,28,,,1,17,,44698,28,,,1,55,,44699,28,,,1,16,,44700,28,,,1,15,,44701,28,,,1,14,,44702,28,,,1,56,,44703,28,,,1,15,,44704,28,,,1,17,,44705,28,,,1,16,,44706,28,,,1,55,,44707,28,,,1,15,,44708,28,,,1,15,,44709,28,,,1,15,,44710,28,,,1,55,,44711,28,,,1,15,,44712,28,,,1,15,,44713,28,,,1,15,,44714,28,,,1,55,,44715,28,,,1,15,,44716,28,,,1,15,,44717,28,,,1,15,,44718,28,,,1,55,,44719,28,,,1,15,,44720,28,,,1,15,,44721,28,,,1,15,,44722,28,,,1,55,,44723,28,,,1,15,,44724,28,,,1,15,,44725,28,,,1,13,,44726,28,,,1,55,,44727,28,,,1,15,,44728,28,,,1,15,,44729,28,,,1,15,,44730,28,,,1,55,,44731,28,,,1,15,,44732,28,,,1,15,,44733,28,,,1,15,,44734,28,,,1,55,,44735,28,,,1,15,,44736,28,,,1,15,,44737,28,,,1,15,,44738,28,,,1,55,,44739,28,,,1,15,,44740,28,,,1,15,,44741,28,,,1,17,,44742,28,,,1,63,,44743,28,,,1,15,,44744,28,,,1,14,,44745,28,,,1,62,,44746,28,,,1,22,,44747,28,,,1,22,,44748,28,,,1,62,,44749,28,,,1,22,,44750,28,,,1,66,,44751,28,,,1,29,,44752,28,,,1,72,,44753,28,,,1,32,,44754,28,,,1,72,,44755,28,,,1,37,,44756,28,,,1,100,,44757,28,,,1
901,'3',621,,44763,28,,,1,30,,44802,28,,,1,70,,44764,28,,,1,30,,44801,28,,,1,70,,44765,28,,,1,35,,44766,28,,,1,72,,44767,28,,,1,86,,44768,28,,,1,25,,44769,28,,,1,65,,44770,28,,,1,22,,44771,28,,,1,25,,44772,28,,,1,65,,44773,28,,,1,29,,44774,28,,,1,61,,44775,28,,,1,25,,44776,28,,,1,28,,44777,28,,,1,62,,44778,28,,,1,25,,44779,28,,,1,65,,44780,28,,,1,25,,44781,28,,,1,65,,44782,28,,,1,25,,44783,28,,,1,25,,44784,28,,,1,65,,44785,28,,,1,25,,44786,28,,,1,65,,44787,28,,,1,44,,44789,28,,,1,65,,44790,28,,,1,38,,44791,28,,,1,75,,44792,28,,,1,75,,44793,28,,,1,36,,44794,28,,,1,75,,44795,28,,,1,35,,44796,28,,,1,75,,44797,28,,,1,35,,44798,28,,,1
901,'30',701,,44837,28,,,1,35,,44803,28,,,1,75,,44838,28,,,1,34,,44804,28,,,1,75,,44839,28,,,1,33,,44805,28,,,1,73,,44806,28,,,1,33,,44807,28,,,1,73,,44808,28,,,1,79,,44809,28,,,1,28,,44810,28,,,1,63,,44811,28,,,1,23,,44812,28,,,1,23,,44813,28,,,1,63,,44814,28,,,1,23,,44815,28,,,1,23,,44816,28,,,1,63,,44817,28,,,1,23,,44818,28,,,1,63,,44819,28,,,1,23,,44820,28,,,1,24,,44821,28,,,1,63,,44822,28,,,1,23,,44823,28,,,1,65,,44824,28,,,1,17,,44825,28,,,1,19,,44826,28,,,1,70,,44827,28,,,1,30,,44828,28,,,1,70,,44829,28,,,1,30,,44830,28,,,1,70,,44831,28,,,1,30,,44832,28,,,1,71,,44833,28,,,1,41,,44834,28,,,1,58,,44835,28,,,1
901,'4',701,,44874,28,,,1,35,,44840,28,,,1,75,,44875,28,,,1,34,,44841,28,,,1,75,,44876,28,,,1,33,,44842,28,,,1,73,,44843,28,,,1,33,,44844,28,,,1,73,,44845,28,,,1,79,,44846,28,,,1,28,,44847,28,,,1,63,,44848,28,,,1,23,,44849,28,,,1,23,,44850,28,,,1,63,,44851,28,,,1,23,,44852,28,,,1,23,,44853,28,,,1,63,,44854,28,,,1,23,,44855,28,,,1,63,,44856,28,,,1,23,,44857,28,,,1,24,,44858,28,,,1,63,,44859,28,,,1,23,,44860,28,,,1,65,,44861,28,,,1,17,,44862,28,,,1,19,,44863,28,,,1,70,,44864,28,,,1,30,,44865,28,,,1,70,,44866,28,,,1,30,,44867,28,,,1,70,,44868,28,,,1,30,,44869,28,,,1,71,,44870,28,,,1,41,,44871,28,,,1,58,,44872,28,,,1
1201,'2',619,,45371,27,,,1,30,,45370,27,,,1,70,,45372,27,,,1,28,,45373,27,,,1,70,,45374,27,,,1,30,,45375,27,,,1,70,,45376,27,,,1,31,,45377,27,,,1,70,,45378,27,,,1,30,,45379,27,,,1,70,,45380,27,,,1,30,,45381,27,,,1,70,,45382,27,,,1,30,,45383,27,,,1,70,,45384,27,,,1,30,,45385,27,,,1,70,,45386,27,,,1,23,,45387,27,,,1,17,,45388,27,,,1,65,,45389,27,,,1,25,,45390,27,,,1,65,,45391,27,,,1,27,,45392,27,,,1,65,,45393,27,,,1,25,,45394,27,,,1,25,,45395,27,,,1,65,,45396,27,,,1,29,,45398,27,,,1,70,,45399,27,,,1,30,,45400,27,,,1,70,,45401,27,,,1,30,,45402,27,,,1,70,,45407,27,,,1,30,,45406,27,,,1,69,,45408,27,,,1,32,,45403,27,,,1,70,,45409,27,,,1,29,,45404,27,,,1
1201,'3',622,,45411,27,,,1,29,,45433,27,,,1,71,,45412,27,,,1,29,,45432,27,,,1,70,,45413,27,,,1,30,,45431,27,,,1,65,,45414,27,,,1,25,,45430,27,,,1,70,,45415,27,,,1,30,,45429,27,,,1,70,,45416,27,,,1,30,,45428,27,,,1,70,,45417,27,,,1,35,,45427,27,,,1,75,,45418,27,,,1,35,,45419,27,,,1,75,,45420,27,,,1,75,,45421,27,,,1,35,,45422,27,,,1,75,,45423,27,,,1,35,,45424,27,,,1,77,,45425,27,,,1,25,,45426,27,,,1,73,,45434,27,,,1,27,,45440,27,,,1,73,,45435,27,,,1,27,,45441,27,,,1,73,,45436,27,,,1,27,,45442,27,,,1,72,,45437,27,,,1,27,,45443,27,,,1,73,,45438,27,,,1,27,,45444,27,,,1,73,,45439,27,,,1,27,,45445,27,,,1,65,,45446,27,,,1
1201,'30',823,,45462,27,,,1,30,,45461,27,,,1,70,,45463,27,,,1,23,,45448,27,,,1,70,,45464,27,,,1,30,,45460,27,,,1,70,,45465,27,,,1,24,,45459,27,,,1,70,,45466,27,,,1,24,,45458,27,,,1,24,,45467,27,,,1,71,,45457,27,,,1,24,,45468,27,,,1,70,,45456,27,,,1,30,,45469,27,,,1,70,,45455,27,,,1,30,,45470,27,,,1,70,,45454,27,,,1,30,,45471,27,,,1,70,,45453,27,,,1,30,,45472,27,,,1,70,,45452,27,,,1,30,,45473,27,,,1,70,,45451,27,,,1,30,,45474,27,,,1,70,,45450,27,,,1,30,,45475,27,,,1,70,,45447,27,,,1,30,,45476,27,,,1
1201,'4',823,,45492,27,,,1,30,,45491,27,,,1,70,,45493,27,,,1,23,,45478,27,,,1,70,,45494,27,,,1,30,,45490,27,,,1,70,,45495,27,,,1,24,,45489,27,,,1,70,,45496,27,,,1,24,,45488,27,,,1,24,,45497,27,,,1,71,,45487,27,,,1,24,,45498,27,,,1,70,,45486,27,,,1,30,,45499,27,,,1,70,,45485,27,,,1,30,,45500,27,,,1,70,,45484,27,,,1,30,,45501,27,,,1,70,,45483,27,,,1,30,,45502,27,,,1,70,,45482,27,,,1,30,,45503,27,,,1,70,,45481,27,,,1,30,,45504,27,,,1,70,,45480,27,,,1,30,,45505,27,,,1,70,,45477,27,,,1,30,,45506,27,,,1
1901,'2',657,,47179,64,,,1,79,,47180,64,,,1,67,,47181,64,,,1,27,,47182,64,,,1,29,,47183,64,,,1,65,,47184,64,,,1,27,,47185,64,,,1,67,,47186,64,,,1,27,,47187,64,,,1,67,,47188,64,,,1,27,,47189,64,,,1,67,,47190,64,,,1,27,,47191,64,,,1,67,,47192,64,,,1,27,,47193,64,,,1,24,,47194,64,,,1,67,,47195,64,,,1,27,,47196,64,,,1,71,,47197,64,,,1,27,,47198,64,,,1,70,,47199,64,,,1,28,,47200,64,,,1,69,,47201,64,,,1,28,,47202,64,,,1,68,,47203,64,,,1,28,,47204,64,,,1,68,,47205,64,,,1,24,,47206,64,,,1,27,,47207,64,,,1,67,,47208,64,,,1,27,,47209,64,,,1,67,,47210,64,,,1,27,,47211,64,,,1,60,,47212,64,,,1,27,,47213,64,,,1,27,,47214,64,,,1,76,,47215,64,,,1,12,,47216,64,,,1,85,,47217,64,,,1
1901,'3',829,,47218,48,,,1,71,,47220,64,,,1,33,,47221,64,,,1,71,,47222,64,,,1,32,,47223,64,,,1,72,,47224,64,,,1,32,,47225,64,,,1,72,,47226,64,,,1,32,,47227,64,,,1,72,,47228,64,,,1,32,,47229,64,,,1,70,,47230,64,,,1,27,,47231,64,,,1,64,,47232,64,,,1,27,,47233,64,,,1,67,,47234,64,,,1,27,,47235,64,,,1,27,,47236,64,,,1,67,,47237,64,,,1,27,,47238,64,,,1,6,,47239,64,0,9 3 37,1,73,,47240,64,,,1,72,,47241,64,,,1,32,,47242,64,,,1,72,,47243,64,,,1,32,,47244,64,,,1,72,,47245,64,,,1,35,,47246,64,,,1,69,,47247,64,0,9 3 37,1,26,,47248,64,0,9 3 37,1,14,,47219,64,0,9 3 37,1
1901,'30',906,,47270,64,,,1,35,,47250,64,,,1,75,,47264,64,,,1,35,,47251,64,,,1,74,,47252,64,,,1,81,,47253,64,,,1,40,,47268,64,,,1,80,,47254,64,,,1,80,,47255,64,,,1,40,,47256,64,,,1,80,,47257,64,,,1,80,,47265,64,,,1,40,,47258,64,,,1,75,,47259,64,,,1,35,,47269,64,,,1,76,,47260,64,,,1,75,,47261,64,,,1,35,,47266,64,,,1,65,,47267,64,0,9 3 37,1
1901,'4',906,,47291,64,,,1,35,,47271,64,,,1,75,,47285,64,,,1,35,,47272,64,,,1,74,,47273,64,,,1,81,,47274,64,,,1,40,,47289,64,,,1,80,,47275,64,,,1,80,,47276,64,,,1,40,,47277,64,,,1,80,,47278,64,,,1,80,,47286,64,,,1,40,,47279,64,,,1,75,,47280,64,,,1,35,,47290,64,,,1,76,,47281,64,,,1,75,,47282,64,,,1,35,,47287,64,,,1,65,,47288,64,0,9 3 37,1
2000,'2',620,,47293,32,,,1,23,,47296,32,,,1,72,,47294,32,,,1,15,,47295,32,,,1,15,,47297,32,,,1,55,,47319,32,,,1,15,,47320,32,,,1,15,,47321,32,,,1,15,,47322,32,,,1,56,,47323,32,,,1,15,,47324,32,,,1,15,,47325,32,,,1,15,,47326,32,,,1,55,,47327,32,,,1,15,,47328,32,,,1,15,,47329,32,,,1,15,,47330,32,,,1,55,,47331,32,,,1,10,,47332,32,,,1,15,,47333,32,,,1,15,,47334,32,,,1,15,,47335,32,,,1,55,,47336,32,,,1,15,,47337,32,,,1,15,,47338,32,,,1,15,,47339,32,,,1,55,,47340,32,,,1,15,,47341,32,,,1,15,,47342,32,,,1,9,,47343,32,,,1,55,,47344,32,,,1,15,,47345,32,,,1,15,,47346,32,,,1,15,,47347,32,,,1,55,,47348,32,,,1,15,,47349,32,,,1,15,,47350,32,,,1,15,,47351,32,,,1,55,,47352,32,,,1,15,,47353,32,,,1,15,,47354,32,,,1,15,,47355,32,,,1,55,,47356,32,,,1,19,,47357,32,,,1,21,,47298,32,,,1,55,,47300,32,,,1,16,,47301,32,,,1,16,,47302,32,,,1,13,,47311,32,,,1,14,,47303,32,,,1,55,,47304,32,,,1,20,,47305,32,,,1,72,,47306,32,,,1,13,,47307,32,,,1,27,,47308,32,,,1,66,,47309,32,,,1,19,,47312,32,,,1,71,,47313,32,,,1,26,,47314,32,,,1,26,,47315,32,,,1,66,,47292,32,,,1,30,,47317,32,,,1,65,,47318,32,,,1,12,,47358,32,0,36,1,25,,47316,32,,,1,57,,47359,32,0,36,1
2000,'3',627,,47361,32,,,1,26,,47364,32,,,1,70,,47365,32,,,1,81,,47366,32,,,1,27,,47367,32,,,1,26,,47368,32,,,1,66,,47369,32,,,1,26,,47370,32,,,1,72,,47371,32,,,1,22,,47372,32,,,1,60,,47373,32,,,1,20,,47374,32,,,1,20,,47375,32,,,1,60,,47376,32,,,1,20,,47377,32,,,1,22,,47378,32,,,1,60,,47379,32,,,1,20,,47380,32,,,1,20,,47381,32,,,1,60,,47382,32,,,1,20,,47383,32,,,1,19,,47384,32,,,1,60,,47385,32,,,1,20,,47386,32,,,1,20,,47387,32,,,1,60,,47388,32,,,1,20,,47389,32,,,1,20,,47390,32,,,1,60,,47391,32,,,1,20,,47392,32,,,1,20,,47393,32,,,1,14,,47394,32,,,1,60,,47395,32,,,1,24,,47396,32,,,1,67,,47397,32,,,1,27,,47398,32,,,1,67,,47399,32,,,1,27,,47400,32,,,1,27,,47401,32,,,1,67,,47402,32,,,1,23,,47403,32,,,1,67,,47404,32,,,1,27,,47405,32,,,1,67,,47406,32,,,1,27,,47407,32,,,1,21,,47408,32,,,1,59,,47409,32,,,1,42,,47363,32,,,1
2000,'30',652,,47411,32,,,1,82,,47412,32,,,1,85,,47413,32,,,1,87,,47414,32,,,1,30,,47415,32,,,1,66,,47416,32,,,1,25,,47417,32,,,1,26,,47418,32,,,1,67,,47419,32,,,1,26,,47420,32,,,1,66,,47421,32,,,1,26,,47422,32,,,1,66,,47423,32,,,1,26,,47424,32,,,1,26,,47425,32,,,1,66,,47426,32,,,1,26,,47427,32,,,1,66,,47428,32,,,1,26,,47429,32,,,1,66,,47430,32,,,1,26,,47431,32,,,1,26,,47432,32,,,1,66,,47433,32,,,1,27,,47434,32,,,1,65,,47435,32,,,1,25,,47436,32,,,1,65,,47437,32,,,1,25,,47438,32,,,1,25,,47439,32,,,1,65,,47440,32,,,1,25,,47441,32,,,1,65,,47442,32,,,1,25,,47443,32,,,1,66,,47444,32,,,1,21,,47445,32,,,1,20,,47446,32,,,1,70,,47410,32,0,36,1
2000,'4',652,,47448,32,,,1,82,,47449,32,,,1,85,,47450,32,,,1,87,,47451,32,,,1,30,,47452,32,,,1,66,,47453,32,,,1,25,,47454,32,,,1,26,,47455,32,,,1,67,,47456,32,,,1,26,,47457,32,,,1,66,,47458,32,,,1,26,,47459,32,,,1,66,,47460,32,,,1,26,,47461,32,,,1,26,,47462,32,,,1,66,,47463,32,,,1,26,,47464,32,,,1,66,,47465,32,,,1,26,,47466,32,,,1,66,,47467,32,,,1,26,,47468,32,,,1,26,,47469,32,,,1,66,,47470,32,,,1,27,,47471,32,,,1,65,,47472,32,,,1,25,,47473,32,,,1,65,,47474,32,,,1,25,,47475,32,,,1,25,,47476,32,,,1,65,,47477,32,,,1,25,,47478,32,,,1,65,,47479,32,,,1,25,,47480,32,,,1,66,,47481,32,,,1,21,,47482,32,,,1,20,,47483,32,,,1,70,,47447,32,0,36,1
9400,'2',725,,50161,5,,,1,26,,50162,5,,,1,66,,50163,5,,,1,26,,50164,5,,,1,67,,50165,5,,,1,26,,50166,5,,,1,66,,50167,5,,,1,316,,50168,5,,,1,21,,50169,5,,,1,61,,50170,5,,,1,20,,50171,5,,,1,21,,50172,5,,,1,61,,50173,5,,,1,21,,50174,5,,,1,21,,50175,5,,,1,63,,50176,5,,,1,23,,50177,5,,,1,24,,50178,5,,,1,63,,50179,5,,,1,23,,50180,5,,,1,62,,50181,5,,,1
10601,'11802',855,,50671,13,,,1,689,,50669,13,,,1,90,,50670,13,,,1
10601,'3302',734,,50672,13,,,1,20,,50686,13,,,1,65,,50673,13,,,1,20,,50687,13,,,1,65,,50674,13,,,1,20,,50688,13,,,1,25,,50675,13,,,1,65,,50699,13,,,1,20,,50676,13,,,1,25,,50689,13,,,1,60,,50677,13,,,1,20,,50690,13,,,1,65,,50678,13,,,1,21,,50691,13,,,1,25,,50679,13,,,1,60,,50692,13,,,1,25,,50680,13,,,1,20,,50693,13,,,1,66,,50681,13,,,1,20,,50694,13,,,1,65,,50682,13,,,1,20,,50695,13,,,1,25,,50683,13,,,1,60,,50696,13,,,1,30,,50684,13,,,1,60,,50697,13,,,1,10,,50700,13,,,1,25,,50685,13,,,1,20,,50698,13,,,1,50,,50701,13,,,1,20,,50715,13,,,1,19,,50702,13,,,1,58,,50706,13,,,1,22,,50703,13,,,1,18,,50707,13,,,1,62,,50704,13,,,1,18,,50708,13,,,1,22,,50705,13,,,1,58,,50714,13,,,1,38,,50709,13,,,1,81,,50710,13,,,1,80,,50711,13,,,1,40,,50712,13,,,1,74,,50713,13,,,1
10601,'3602',744,,50716,13,,,1,60,,50730,13,,,1,25,,50717,13,,,1,20,,50731,13,,,1,65,,50718,13,,,1,20,,50732,13,,,1,25,,50719,13,,,1,65,,50733,13,,,1,20,,50720,13,,,1,65,,50734,13,,,1,20,,50721,13,,,1,20,,50735,13,,,1,66,,50722,13,,,1,20,,50736,13,,,1,65,,50723,13,,,1,20,,50737,13,,,1,25,,50724,13,,,1,60,,50738,13,,,1,26,,50725,13,,,1,20,,50739,13,,,1,65,,50726,13,,,1,20,,50740,13,,,1,65,,50727,13,,,1,25,,50741,13,,,1,25,,50728,13,,,1,75,,50742,13,,,1,20,,50729,13,,,1,70,,50750,13,,,1,20,,50743,13,,,1,18,,50744,13,,,1,60,,50745,13,,,1,21,,50746,13,,,1,18,,50747,13,,,1,62,,50748,13,,,1,18,,50751,13,,,1,20,,50749,13,,,1
10601,'3903',1132,,50752,13,,,1,86,,50753,13,,,1,40,,50754,13,,,1,80,,50755,13,,,1,81,,50756,13,,,1,85,,50757,13,,,1,45,,50758,13,,,1,90,,50759,13,,,1,90,,50760,13,,,1,84,,50761,13,,,1,40,,50762,13,,,1,80,,50763,13,,,1,80,,50764,13,,,1,40,,50765,13,,,1,79,,50766,13,,,1,80,,50767,13,,,1,39,,50768,13,,,1
10601,'6404',1132,,50769,13,,,1,86,,50770,13,,,1,40,,50771,13,,,1,80,,50772,13,,,1,81,,50773,13,,,1,85,,50774,13,,,1,45,,50775,13,,,1,90,,50776,13,,,1,90,,50777,13,,,1,84,,50778,13,,,1,40,,50779,13,,,1,80,,50780,13,,,1,80,,50781,13,,,1,40,,50782,13,,,1,79,,50783,13,,,1,80,,50784,13,,,1
