200,'2',617,,34019,4,0,13 30,1,16,,34055,4,0,10 23 20,1,15,,34020,4,0,13 30,1,55,,34056,4,0,10 23 20,1,15,,34021,4,0,13 30,1,15,,34057,4,0,10 23 20,1,15,,34022,4,0,13 30,1,55,,34058,4,0,10 23 20,1,15,,34023,4,0,13 30,1,15,,34059,4,0,10 23 20,1,15,,34024,4,0,13 30,1,55,,34060,4,0,10 23 20,1,15,,34025,4,0,13 30,1,15,,34061,4,0,10 23 20,1,15,,34026,4,0,13 30,1,55,,34062,4,0,10 23 20,1,15,,34027,4,0,13 30,1,15,,34063,4,0,10 23 20,1,15,,34028,4,0,13 30,1,55,,34064,4,0,10 23 20,1,15,,34029,4,0,13 30,1,15,,34065,4,0,10 23 20,1,12,,34030,4,0,13 30,1,55,,34066,4,0,10 23 20,1,15,,34031,4,0,13 30,1,15,,34067,4,0,10 23 20,1,15,,34032,4,0,13 30,1,55,,34068,4,0,10 23 20,1,15,,34033,4,0,13 30,1,14,,34069,4,0,10 23 20,1,15,,34034,4,0,13 30,1,15,,34070,4,0,10 23 20,1,55,,34035,4,0,13 30,1,13,,34071,4,0,10 23 20,1,14,,34036,4,0,13 30,1,15,,34072,4,0,10 23 20,1,55,,34037,4,0,13 30,1,13,,34073,4,0,10 23 20,1,19,,34038,4,0,13 30,1,15,,34074,4,0,10 23 20,1,55,,34039,4,0,13 30,1,15,,34075,4,0,10 23 20,1,15,,34040,4,0,13 30,1,13,,34076,4,0,10 23 20,1,59,,34041,4,0,13 30,1,11,,34077,4,0,10 23 20,1,25,,34042,4,0,13 30,1,55,,34078,4,0,10 23 20,1,15,,34043,4,0,13 30,1,12,,34079,4,0,10 23 20,1,15,,34044,4,0,13 30,1,55,,34080,4,0,10 23 20,1,15,,34045,4,0,13 30,1,15,,34081,4,0,10 23 20,1,15,,34046,4,0,13 30,1,55,,34082,4,0,10 23 20,1,10,,34047,4,0,13 30,1,24,,34083,4,0,10 23 20,1,12,,34048,4,0,13 30,1,63,,34084,4,0,10 23 20,1,17,,34049,4,0,13 30,1,23,,34085,4,0,10 23 20,1,57,,34050,4,0,13 30,1,23,,34086,4,0,10 23 20,1,20,,34051,4,0,13 30,1,57,,34087,4,0,10 23 20,1,17,,34052,4,0,13 30,1,20,,34088,4,0,10 23 20,1,55,,34053,4,0,13 30,1,20,,34089,4,0,10 23 20,1,20,,34054,4,0,13 30,1,72,,34090,4,0,45 3 21,1
200,'3',622,,34094,4,0,13 30,1,30,,34095,4,0,10 23 20,1,70,,34097,4,0,13 30,1,29,,34099,4,0,13 30,1,55,,34100,4,0,10 23 20,1,15,,34101,4,0,13 30,1,15,,34102,4,0,10 23 20,1,15,,34103,4,0,13 30,1,55,,34104,4,0,10 23 20,1,15,,34105,4,0,13 30,1,10,,34106,4,0,10 23 20,1,15,,34107,4,0,13 30,1,12,,34108,4,0,10 23 20,1,55,,34109,4,0,13 30,1,15,,34110,4,0,10 23 20,1,15,,34111,4,0,13 30,1,10,,34112,4,0,10 23 20,1,55,,34113,4,0,13 30,1,10,,34114,4,0,10 23 20,1,15,,34115,4,0,13 30,1,15,,34116,4,0,10 23 20,1,55,,34117,4,0,13 30,1,15,,34118,4,0,10 23 20,1,15,,34119,4,0,13 30,1,10,,34130,4,0,10 23 20,1,15,,34120,4,0,13 30,1,50,,34131,4,0,10 23 20,1,15,,34121,4,0,13 30,1,15,,34132,4,0,10 23 20,1,15,,34122,4,0,13 30,1,55,,34133,4,0,10 23 20,1,15,,34123,4,0,13 30,1,15,,34134,4,0,10 23 20,1,15,,34124,4,0,13 30,1,55,,34135,4,0,10 23 20,1,10,,34125,4,0,13 30,1,10,,34136,4,0,10 23 20,1,15,,34126,4,0,13 30,1,15,,34137,4,0,10 23 20,1,55,,34127,4,0,13 30,1,15,,34138,4,0,10 23 20,1,15,,34128,4,0,13 30,1,15,,34139,4,0,10 23 20,1,55,,34129,4,0,13 30,1,15,,34140,4,0,10 23 20,1,15,,34141,4,0,13 30,1,2,,34153,4,0,45 3 21,1,14,,34142,4,0,10 23 20,1,56,,34148,4,0,13 30,1,14,,34143,4,0,10 23 20,1,16,,34149,4,0,13 30,1,14,,34144,4,0,10 23 20,1,56,,34150,4,0,13 30,1,14,,34145,4,0,10 23 20,1,16,,34151,4,0,13 30,1,14,,34146,4,0,10 23 20,1,56,,34152,4,0,13 30,1,14,,34147,4,0,10 23 20,1,16,,34154,4,0,13 30,1,5,,34159,4,0,45 3 21,1,65,,34157,4,0,10 23 20,1,4,,34160,4,0,45 3 21,1,26,,34155,4,0,13 30,1,70,,34158,4,0,10 23 20,1,30,,34156,4,0,13 30,1,70,,34091,4,0,10 23 20,1,30,,34092,4,0,13 30,1,70,,34161,4,0,10 23 20,1,35,,34162,4,0,13 30,1,69,,34163,4,0,45 3 21,1
200,'30',652,,34166,4,0,13 30,1,70,,34169,4,0,10 23 20,1,30,,34171,4,0,13 30,1,70,,34170,4,0,10 23 20,1,30,,34172,4,0,13 30,1,64,,34173,4,0,10 23 20,1,25,,34177,4,0,13 30,1,65,,34174,4,0,10 23 20,1,25,,34178,4,0,13 30,1,25,,34175,4,0,10 23 20,1,65,,34179,4,0,10 23 20,1,24,,34176,4,0,10 23 20,1,55,,34180,4,0,13 30,1,15,,34192,4,0,10 23 20,1,15,,34181,4,0,13 30,1,15,,34193,4,0,10 23 20,1,55,,34182,4,0,13 30,1,15,,34194,4,0,10 23 20,1,15,,34183,4,0,13 30,1,15,,34195,4,0,10 23 20,1,55,,34184,4,0,13 30,1,15,,34196,4,0,10 23 20,1,15,,34185,4,0,13 30,1,15,,34197,4,0,10 23 20,1,55,,34186,4,0,13 30,1,15,,34198,4,0,10 23 20,1,15,,34187,4,0,13 30,1,15,,34199,4,0,10 23 20,1,55,,34188,4,0,13 30,1,15,,34200,4,0,10 23 20,1,15,,34189,4,0,13 30,1,15,,34201,4,0,10 23 20,1,55,,34190,4,0,13 30,1,15,,34202,4,0,10 23 20,1,15,,34191,4,0,13 30,1,15,,34203,4,0,10 23 20,1,65,,34206,4,0,13 30,1,5,,34217,4,0,45 3 21,1,20,,34212,4,0,10 23 20,1,65,,34207,4,0,13 30,1,25,,34213,4,0,10 23 20,1,25,,34208,4,0,13 30,1,65,,34214,4,0,10 23 20,1,25,,34209,4,0,13 30,1,65,,34215,4,0,10 23 20,1,25,,34210,4,0,13 30,1,25,,34216,4,0,10 23 20,1,65,,34211,4,0,13 30,1,30,,34165,4,0,10 23 20,1,70,,34164,4,0,45 3 21,1
200,'4',652,,34220,4,0,13 30,1,70,,34223,4,0,10 23 20,1,30,,34225,4,0,13 30,1,70,,34224,4,0,10 23 20,1,30,,34226,4,0,13 30,1,64,,34227,4,0,10 23 20,1,25,,34231,4,0,13 30,1,65,,34228,4,0,10 23 20,1,25,,34232,4,0,13 30,1,25,,34229,4,0,10 23 20,1,65,,34233,4,0,10 23 20,1,24,,34230,4,0,10 23 20,1,55,,34234,4,0,13 30,1,15,,34246,4,0,10 23 20,1,15,,34235,4,0,13 30,1,15,,34247,4,0,10 23 20,1,55,,34236,4,0,13 30,1,15,,34248,4,0,10 23 20,1,15,,34237,4,0,13 30,1,15,,34249,4,0,10 23 20,1,55,,34238,4,0,13 30,1,15,,34250,4,0,10 23 20,1,15,,34239,4,0,13 30,1,15,,34251,4,0,10 23 20,1,55,,34240,4,0,13 30,1,15,,34252,4,0,10 23 20,1,15,,34241,4,0,13 30,1,15,,34253,4,0,10 23 20,1,55,,34242,4,0,13 30,1,15,,34254,4,0,10 23 20,1,15,,34243,4,0,13 30,1,15,,34255,4,0,10 23 20,1,55,,34244,4,0,13 30,1,15,,34256,4,0,10 23 20,1,15,,34245,4,0,13 30,1,15,,34257,4,0,10 23 20,1,65,,34260,4,0,13 30,1,5,,34271,4,0,45 3 21,1,20,,34266,4,0,10 23 20,1,65,,34261,4,0,13 30,1,25,,34267,4,0,10 23 20,1,25,,34262,4,0,13 30,1,65,,34268,4,0,10 23 20,1,25,,34263,4,0,13 30,1,65,,34269,4,0,10 23 20,1,25,,34264,4,0,13 30,1,25,,34270,4,0,10 23 20,1,65,,34265,4,0,13 30,1,30,,34219,4,0,10 23 20,1,70,,34218,4,0,45 3 21,1
901,'2',609,,36052,18,,,1,20,,36053,18,,,1,17,,36054,18,,,1,54,,36055,18,,,1,16,,36056,18,,,1,15,,36057,18,,,1,14,,36058,18,,,1,56,,36059,18,,,1,15,,36060,18,,,1,17,,36061,18,,,1,16,,36062,18,,,1,55,,36063,18,,,1,15,,36064,18,,,1,15,,36065,18,,,1,15,,36066,18,,,1,55,,36067,18,,,1,15,,36068,18,,,1,15,,36069,18,,,1,15,,36070,18,,,1,55,,36071,18,,,1,15,,36072,18,,,1,15,,36073,18,,,1,15,,36074,18,,,1,55,,36075,18,,,1,15,,36076,18,,,1,15,,36077,18,,,1,15,,36078,18,,,1,55,,36079,18,,,1,15,,36080,18,,,1,15,,36081,18,,,1,13,,36082,18,,,1,54,,36083,18,,,1,15,,36084,18,,,1,15,,36085,18,,,1,15,,36086,18,,,1,55,,36087,18,,,1,15,,36088,18,,,1,15,,36089,18,,,1,15,,36090,18,,,1,55,,36091,18,,,1,15,,36092,18,,,1,15,,36093,18,,,1,15,,36094,18,,,1,55,,36095,18,,,1,15,,36096,18,,,1,15,,36097,18,,,1,17,,36098,18,,,1,65,,36099,18,,,1,15,,36100,18,,,1,14,,36101,18,,,1,62,,36102,18,,,1,22,,36103,18,,,1,22,,36104,18,,,1,62,,36105,18,,,1,22,,36106,18,,,1,26,,36107,18,,,1,69,,36108,18,,,1,32,,36109,18,,,1,72,,36110,18,,,1,72,,36111,18,,,1,37,,36112,18,,,1,100,,36113,18,,,1
901,'3',613,,36119,18,,,1,30,,36158,18,,,1,70,,36120,18,,,1,30,,36157,18,,,1,70,,36121,18,,,1,35,,36122,18,,,1,72,,36123,18,,,1,86,,36124,18,,,1,25,,36125,18,,,1,25,,36126,18,,,1,62,,36127,18,,,1,25,,36128,18,,,1,65,,36129,18,,,1,29,,36130,18,,,1,21,,36131,18,,,1,65,,36132,18,,,1,28,,36133,18,,,1,62,,36134,18,,,1,24,,36135,18,,,1,65,,36136,18,,,1,25,,36137,18,,,1,25,,36138,18,,,1,65,,36139,18,,,1,25,,36140,18,,,1,65,,36141,18,,,1,25,,36142,18,,,1,25,,36143,18,,,1,85,,36145,18,,,1,65,,36146,18,,,1,38,,36147,18,,,1,75,,36148,18,,,1,35,,36149,18,,,1,76,,36150,18,,,1,75,,36151,18,,,1,35,,36152,18,,,1,75,,36153,18,,,1,35,,36154,18,,,1
901,'30',653,,36193,18,,,1,75,,36159,18,,,1,75,,36194,18,,,1,34,,36160,18,,,1,75,,36195,18,,,1,33,,36161,18,,,1,73,,36162,18,,,1,33,,36163,18,,,1,73,,36164,18,,,1,78,,36165,18,,,1,28,,36166,18,,,1,23,,36167,18,,,1,63,,36168,18,,,1,23,,36169,18,,,1,63,,36170,18,,,1,23,,36171,18,,,1,23,,36172,18,,,1,63,,36173,18,,,1,23,,36174,18,,,1,23,,36175,18,,,1,63,,36176,18,,,1,24,,36177,18,,,1,64,,36178,18,,,1,23,,36179,18,,,1,25,,36180,18,,,1,57,,36181,18,,,1,19,,36182,18,,,1,70,,36183,18,,,1,30,,36184,18,,,1,70,,36185,18,,,1,30,,36186,18,,,1,70,,36187,18,,,1,30,,36188,18,,,1,71,,36189,18,,,1,41,,36190,18,,,1,58,,36191,18,,,1
901,'4',653,,36230,18,,,1,75,,36196,18,,,1,75,,36231,18,,,1,34,,36197,18,,,1,75,,36232,18,,,1,33,,36198,18,,,1,73,,36199,18,,,1,33,,36200,18,,,1,73,,36201,18,,,1,78,,36202,18,,,1,28,,36203,18,,,1,23,,36204,18,,,1,63,,36205,18,,,1,23,,36206,18,,,1,63,,36207,18,,,1,23,,36208,18,,,1,23,,36209,18,,,1,63,,36210,18,,,1,23,,36211,18,,,1,23,,36212,18,,,1,63,,36213,18,,,1,24,,36214,18,,,1,64,,36215,18,,,1,23,,36216,18,,,1,25,,36217,18,,,1,57,,36218,18,,,1,19,,36219,18,,,1,70,,36220,18,,,1,30,,36221,18,,,1,70,,36222,18,,,1,30,,36223,18,,,1,70,,36224,18,,,1,30,,36225,18,,,1,71,,36226,18,,,1,41,,36227,18,,,1,58,,36228,18,,,1
3300,'2',721,,40134,2,,,1,13,,40135,2,,,1,13,,40136,2,,,1,53,,40137,2,,,1,13,,40138,2,,,1,13,,40139,2,,,1,13,,40140,2,,,1,13,,40141,2,,,1,53,,40142,2,,,1,13,,40143,2,,,1,11,,40144,2,,,1,13,,40145,2,,,1,13,,40146,2,,,1,53,,40147,2,,,1,13,,40148,2,,,1,13,,40149,2,,,1,13,,40150,2,,,1,53,,40151,2,,,1,13,,40152,2,,,1,13,,40153,2,,,1,13,,40154,2,,,1,13,,40155,2,,,1,53,,40156,2,,,1,13,,40157,2,,,1,15,,40158,2,,,1,13,,40159,2,,,1,13,,40160,2,,,1,53,,40161,2,,,1,15,,40162,2,,,1,15,,40163,2,,,1,15,,40164,2,,,1,55,,40165,2,,,1,15,,40166,2,,,1,15,,40167,2,,,1,15,,40168,2,,,1,55,,40169,2,,,1,15,,40170,2,,,1,15,,40171,2,,,1,15,,40172,2,,,1,55,,40173,2,,,1,16,,40174,2,,,1,15,,40175,2,,,1,15,,40176,2,,,1,55,,40177,2,,,1,15,,40178,2,,,1,15,,40179,2,,,1,15,,40180,2,,,1,57,,40181,2,,,1,16,,40182,2,,,1,17,,40183,2,,,1,57,,40184,2,,,1,17,,40185,2,,,1,17,,40186,2,,,1,17,,40187,2,,,1,58,,40188,2,,,1,18,,40189,2,,,1,18,,40190,2,,,1,57,,40191,2,,,1,17,,40192,2,,,1,17,,40193,2,,,1,17,,40194,2,,,1,57,,40195,2,,,1,17,,40196,2,,,1
9301,'2',616,,41344,5,,,1,20,,41346,5,,,1,20,,41347,5,,,1,61,,41348,5,,,1,20,,41349,5,,,1,65,,41350,5,,,1,21,,41351,5,,,1,24,,41352,5,,,1,76,,41353,5,,,1,29,,41354,5,,,1,72,,41355,5,,,1,32,,41356,5,,,1,72,,41357,5,,,1,72,,41358,5,,,1,32,,41359,5,,,1,72,,41360,5,,,1,32,,41361,5,,,1,73,,41362,5,,,1,30,,41363,5,,,1,62,,41364,5,,,1,22,,41365,5,,,1,19,,41366,5,,,1,62,,41367,5,,,1,22,,41368,5,,,1,22,,41369,5,,,1,62,,41370,5,,,1,25,,41371,5,,,1,22,,41372,5,,,1,66,,41373,5,,,1,34,,41374,5,,,1,65,,41375,5,,,1,32,,41376,5,,,1,72,,41377,5,,,1,32,,41378,5,,,1,69,,41379,5,,,1,30,,41380,5,,,1,70,,41381,5,,,1,30,,41382,5,,,1,70,,41383,5,,,1,24,,41345,5,,,1
9301,'3',814,,41384,5,,,1,25,,41385,5,,,1,65,,41386,5,,,1,25,,41387,5,,,1,25,,41388,5,,,1,69,,41389,5,,,1,30,,41390,5,,,1,70,,41391,5,,,1,30,,41392,5,,,1,76,,41393,5,,,1,30,,41394,5,,,1,70,,41395,5,,,1,80,,41396,5,,,1,27,,41397,5,,,1,70,,41398,5,,,1,40,,41399,5,,,1,70,,41400,5,,,1,30,,41401,5,,,1,71,,41402,5,,,1,25,,41403,5,,,1,65,,41404,5,,,1,25,,41405,5,,,1,25,,41406,5,,,1,65,,41407,5,,,1,25,,41408,5,,,1,65,,41409,5,,,1,25,,41410,5,,,1,65,,41411,5,,,1,23,,41412,5,,,1,25,,41413,5,,,1,65,,41414,5,,,1,25,,41415,5,,,1,75,,41416,5,,,1,25,,41417,5,,,1,65,,41418,5,,,1
9301,'30',835,,41419,5,,,1,71,,41420,5,,,1,35,,41421,5,,,1,75,,41422,5,,,1,35,,41423,5,,,1,75,,41424,5,,,1,75,,41425,5,,,1,37,,41426,5,,,1,77,,41427,5,,,1,37,,41428,5,,,1,77,,41429,5,,,1,77,,41430,5,,,1,37,,41431,5,,,1,77,,41432,5,,,1,37,,41433,5,,,1,77,,41434,5,,,1,77,,41435,5,,,1,37,,41436,5,,,1,77,,41437,5,,,1,77,,41438,5,,,1,37,,41439,5,,,1,77,,41440,5,,,1,37,,41441,5,,,1,77,,41442,5,,,1
9301,'4',835,,41444,5,,,1,71,,41445,5,,,1,35,,41446,5,,,1,75,,41447,5,,,1,35,,41448,5,,,1,75,,41449,5,,,1,75,,41450,5,,,1,37,,41451,5,,,1,77,,41452,5,,,1,37,,41453,5,,,1,77,,41454,5,,,1,77,,41455,5,,,1,37,,41456,5,,,1,77,,41457,5,,,1,37,,41458,5,,,1,77,,41459,5,,,1,77,,41460,5,,,1,37,,41461,5,,,1,77,,41462,5,,,1,77,,41463,5,,,1,37,,41464,5,,,1,77,,41465,5,,,1,37,,41466,5,,,1,77,,41467,5,,,1
9400,'2',718,,41469,2,,,1,26,,41470,2,,,1,66,,41471,2,,,1,26,,41472,2,,,1,67,,41473,2,,,1,26,,41474,2,,,1,26,,41475,2,,,1,356,,41476,2,,,1,21,,41477,2,,,1,21,,41478,2,,,1,59,,41479,2,,,1,21,,41480,2,,,1,21,,41481,2,,,1,61,,41482,2,,,1,21,,41483,2,,,1,21,,41484,2,,,1,63,,41485,2,,,1,24,,41486,2,,,1,63,,41487,2,,,1,23,,41488,2,,,1,23,,41489,2,,,1
10601,'3302',727,,41967,4,,,1,20,,41981,4,,,1,65,,41968,4,,,1,20,,41982,4,,,1,25,,41969,4,,,1,60,,41983,4,,,1,25,,41970,4,,,1,65,,41994,4,,,1,20,,41971,4,,,1,25,,41984,4,,,1,60,,41972,4,,,1,20,,41985,4,,,1,25,,41973,4,,,1,61,,41986,4,,,1,25,,41974,4,,,1,60,,41987,4,,,1,25,,41975,4,,,1,20,,41988,4,,,1,65,,41976,4,,,1,20,,41989,4,,,1,25,,41977,4,,,1,60,,41990,4,,,1,25,,41978,4,,,1,60,,41991,4,,,1,30,,41979,4,,,1,20,,41992,4,,,1,50,,41995,4,,,1,25,,41980,4,,,1,20,,41993,4,,,1,10,,41996,4,,,1,61,,42010,4,,,1,19,,41997,4,,,1,18,,42001,4,,,1,62,,41998,4,,,1,18,,42002,4,,,1,22,,41999,4,,,1,58,,42003,4,,,1,22,,42000,4,,,1,18,,42009,4,,,1,79,,42004,4,,,1,80,,42005,4,,,1,40,,42006,4,,,1,80,,42007,4,,,1,75,,42008,4,,,1
10601,'3602',737,,42011,4,,,1,20,,42025,4,,,1,65,,42012,4,,,1,20,,42026,4,,,1,65,,42013,4,,,1,20,,42027,4,,,1,25,,42014,4,,,1,65,,42028,4,,,1,20,,42015,4,,,1,65,,42029,4,,,1,20,,42016,4,,,1,20,,42030,4,,,1,66,,42017,4,,,1,20,,42031,4,,,1,25,,42018,4,,,1,60,,42032,4,,,1,25,,42019,4,,,1,20,,42033,4,,,1,65,,42020,4,,,1,20,,42034,4,,,1,65,,42021,4,,,1,20,,42035,4,,,1,25,,42022,4,,,1,65,,42036,4,,,1,25,,42023,4,,,1,75,,42037,4,,,1,20,,42024,4,,,1,71,,42045,4,,,1,20,,42038,4,,,1,18,,42039,4,,,1,60,,42040,4,,,1,21,,42041,4,,,1,18,,42042,4,,,1,62,,42043,4,,,1,18,,42046,4,,,1,20,,42044,4,,,1
10601,'3903',1125,,42047,4,,,1,86,,42048,4,,,1,40,,42049,4,,,1,80,,42050,4,,,1,80,,42051,4,,,1,45,,42052,4,,,1,85,,42053,4,,,1,90,,42054,4,,,1,90,,42055,4,,,1,85,,42056,4,,,1,40,,42057,4,,,1,80,,42058,4,,,1,80,,42059,4,,,1,40,,42060,4,,,1,79,,42061,4,,,1,80,,42062,4,,,1,40,,42063,4,,,1
10601,'6404',1125,,42064,4,,,1,86,,42065,4,,,1,40,,42066,4,,,1,80,,42067,4,,,1,80,,42068,4,,,1,45,,42069,4,,,1,85,,42070,4,,,1,90,,42071,4,,,1,90,,42072,4,,,1,85,,42073,4,,,1,40,,42074,4,,,1,80,,42075,4,,,1,80,,42076,4,,,1,40,,42077,4,,,1,79,,42078,4,,,1,80,,42079,4,,,1
