601,'2',621,,44069,7,,,1,36,,44071,7,,,1,75,,44072,7,,,1,25,,44073,7,,,1,65,,44074,7,,,1,25,,44075,7,,,1,69,,44077,7,,,1,25,,44078,7,,,1,70,,44079,7,,,1,30,,44080,7,,,1,65,,44081,7,,,1,30,,44082,7,,,1,69,,44083,7,,,1,30,,44084,7,,,1,70,,44085,7,,,1,25,,44086,7,,,1,70,,44087,7,,,1,30,,44088,7,,,1,70,,44089,7,,,1,30,,44090,7,,,1,70,,44091,7,,,1,25,,44092,7,,,1,30,,44093,7,,,1,70,,44094,7,,,1,30,,44095,7,,,1,65,,44096,7,,,1,25,,44097,7,,,1,65,,44098,7,,,1,25,,44099,7,,,1,21,,44100,7,,,1,65,,44101,7,,,1,26,,44102,7,,,1,65,,44103,7,,,1,25,,44104,7,,,1,65,,44105,7,,,1,25,,44106,7,,,1,25,,44107,7,,,1,65,,44108,7,,,1,26,,44109,7,,,1,67,,44110,7,,,1,43,,44111,7,,,1
601,'3',611,,44113,7,,,1,33,,44114,7,,,1,75,,44115,7,,,1,34,,44116,7,,,1,75,,44117,7,,,1,75,,44118,7,,,1,35,,44119,7,,,1,66,,44120,7,,,1,20,,44121,7,,,1,30,,44122,7,,,1,65,,44123,7,,,1,20,,44124,7,,,1,68,,44126,7,,,1,20,,44127,7,,,1,20,,44128,7,,,1,60,,44129,7,,,1,20,,44130,7,,,1,20,,44131,7,,,1,59,,44132,7,,,1,20,,44133,7,,,1,20,,44134,7,,,1,60,,44135,7,,,1,20,,44136,7,,,1,20,,44137,7,,,1,60,,44138,7,,,1,20,,44139,7,,,1,20,,44140,7,,,1,60,,44141,7,,,1,20,,44142,7,,,1,20,,44143,7,,,1,60,,44144,7,,,1,20,,44146,7,,,1,18,,44145,7,0,37 3 45,1,58,,44147,7,,,1,25,,44148,7,,,1,25,,44149,7,,,1,65,,44150,7,,,1,28,,44151,7,,,1,60,,44152,7,0,37 3 45,1,21,,44153,7,,,1,30,,44154,7,,,1,76,,44155,7,,,1,76,,44156,7,,,1,36,,44157,7,,,1,73,,44158,7,,,1,35,,44159,7,,,1
601,'30',908,,44160,7,,,1,33,,44161,7,,,1,75,,44162,7,,,1,35,,44163,7,,,1,78,,44164,7,,,1,79,,44165,7,,,1,25,,44166,7,,,1,25,,44167,7,,,1,65,,44168,7,,,1,25,,44169,7,,,1,65,,44170,7,,,1,25,,44171,7,,,1,65,,44172,7,,,1,25,,44173,7,,,1,25,,44174,7,,,1,65,,44175,7,,,1,25,,44176,7,,,1,69,,44177,7,,,1,25,,44178,7,,,1,13,,44179,7,0,37 3 45,1,64,,44180,7,,,1,32,,44181,7,,,1,75,,44182,7,,,1,35,,44183,7,,,1,75,,44184,7,,,1,75,,44185,7,,,1,35,,44186,7,,,1,75,,44187,7,,,1,35,,44189,7,,,1,73,,44188,7,0,37 3 45,1
601,'4',908,,44190,7,,,1,33,,44191,7,,,1,75,,44192,7,,,1,35,,44193,7,,,1,78,,44194,7,,,1,79,,44195,7,,,1,25,,44196,7,,,1,25,,44197,7,,,1,65,,44198,7,,,1,25,,44199,7,,,1,65,,44200,7,,,1,25,,44201,7,,,1,65,,44202,7,,,1,25,,44203,7,,,1,25,,44204,7,,,1,65,,44205,7,,,1,25,,44206,7,,,1,69,,44207,7,,,1,25,,44208,7,,,1,13,,44209,7,0,37 3 45,1,64,,44210,7,,,1,32,,44211,7,,,1,75,,44212,7,,,1,35,,44213,7,,,1,75,,44214,7,,,1,75,,44215,7,,,1,35,,44216,7,,,1,75,,44217,7,,,1,35,,44219,7,,,1,73,,44218,7,0,37 3 45,1
1300,'11802',830,,45507,15,,,1,728,,45508,15,,,1,170,,45509,15,,,1
1300,'2',620,,45511,15,0,10 18 19 20,1,18,,45512,15,,,1,14,,45513,15,0,10 18 19 20,1,55,,45514,15,,,1,10,,45515,15,0,10 18 19 20,1,15,,45516,15,,,1,15,,45517,15,0,10 18 19 20,1,55,,45518,15,,,1,15,,45519,15,0,10 18 19 20,1,15,,45520,15,,,1,15,,45521,15,0,10 18 19 20,1,55,,45522,15,,,1,15,,45523,15,0,10 18 19 20,1,15,,45524,15,,,1,15,,45525,15,0,10 18 19 20,1,10,,45526,15,,,1,55,,45527,15,0,10 18 19 20,1,15,,45528,15,,,1,15,,45529,15,0,10 18 19 20,1,15,,45530,15,,,1,55,,45531,15,0,10 18 19 20,1,15,,45532,15,,,1,15,,45533,15,0,10 18 19 20,1,10,,45534,15,,,1,55,,45535,15,0,10 18 19 20,1,15,,45536,15,,,1,15,,45537,15,0,10 18 19 20,1,15,,45538,15,,,1,55,,45539,15,0,10 18 19 20,1,15,,45540,15,,,1,15,,45541,15,0,10 18 19 20,1,15,,45542,15,,,1,55,,45543,15,0,10 18 19 20,1,15,,45544,15,,,1,15,,45545,15,0,10 18 19 20,1,15,,45546,15,,,1,55,,45547,15,0,10 18 19 20,1,15,,45548,15,,,1,15,,45549,15,0,10 18 19 20,1,15,,45550,15,,,1,53,,45551,15,0,10 18 19 20,1,15,,45552,15,,,1,15,,45553,15,0,10 18 19 20,1,15,,45554,15,,,1,55,,45555,15,0,10 18 19 20,1,15,,45556,15,,,1,15,,45557,15,0,10 18 19 20,1,15,,45558,15,,,1,57,,45559,15,0,10 18 19 20,1,20,,45564,15,,,1,20,,45560,15,0,10 18 19 20,1,60,,45565,15,,,1,20,,45561,15,0,10 18 19 20,1,20,,45566,15,,,1,60,,45562,15,0,10 18 19 20,1,20,,45567,15,,,1,20,,45563,15,,,1,70,,45568,15,0,10 18 19 20,1,25,,45571,15,,,1,65,,45569,15,0,10 18 19 20,1,27,,45572,15,,,1,73,,45570,15,0,10 18 19 20,1,30,,45573,15,,,1,66,,45575,15,0,10 18 19 20,1,47,,45574,15,,,1
1300,'3',620,,45580,15,0,10 18 19 20,1,38,,45581,15,,,1,75,,45582,15,0,10 18 19 20,1,74,,45583,15,,,1,11,,45587,15,0,10 18 19 20,1,16,,45584,15,,,1,16,,45588,15,0,10 18 19 20,1,56,,45585,15,,,1,16,,45589,15,,,1,16,,45586,15,0,10 18 19 20,1,16,,45590,15,,,1,55,,45591,15,0,10 18 19 20,1,15,,45596,15,,,1,15,,45592,15,0,10 18 19 20,1,15,,45597,15,,,1,55,,45593,15,0,10 18 19 20,1,15,,45598,15,,,1,15,,45594,15,0,10 18 19 20,1,15,,45599,15,,,1,55,,45595,15,,,1,15,,45600,15,0,10 18 19 20,1,15,,45609,15,,,1,15,,45601,15,0,10 18 19 20,1,55,,45610,15,,,1,15,,45602,15,0,10 18 19 20,1,15,,45611,15,,,1,15,,45603,15,0,10 18 19 20,1,55,,45612,15,,,1,15,,45604,15,0,10 18 19 20,1,15,,45613,15,,,1,15,,45605,15,0,10 18 19 20,1,55,,45614,15,,,1,15,,45606,15,0,10 18 19 20,1,15,,45615,15,,,1,15,,45607,15,0,10 18 19 20,1,55,,45616,15,,,1,15,,45608,15,0,10 18 19 20,1,10,,45617,15,,,1,15,,45620,15,0,10 18 19 20,1,55,,45618,15,,,1,15,,45621,15,0,10 18 19 20,1,15,,45619,15,,,1,15,,45622,15,,,1,54,,45623,15,0,10 18 19 20,1,15,,45647,15,,,1,15,,45627,15,,,1,15,,45624,15,0,10 18 19 20,1,60,,45628,15,,,1,15,,45625,15,0,10 18 19 20,1,20,,45629,15,,,1,60,,45626,15,0,10 18 19 20,1,20,,45630,15,,,1,20,,45634,15,,,1,70,,45631,15,0,10 18 19 20,1,25,,45635,15,,,1,65,,45632,15,0,10 18 19 20,1,30,,45636,15,,,1,70,,45633,15,0,10 18 19 20,1,19,,45637,15,,,1,20,,45638,15,0,10 18 19 20,1,71,,45640,15,,,1,37,,45639,15,0,10 18 19 20,1
1300,'30',649,,45670,15,,,1,83,,45672,15,0,10 18 19 20,1,75,,45671,15,,,1,35,,45673,15,0,10 18 19 20,1,75,,45658,15,,,1,30,,45669,15,0,10 18 19 20,1,55,,45657,15,,,1,30,,45668,15,0,10 18 19 20,1,70,,45656,15,,,1,30,,45667,15,0,10 18 19 20,1,24,,45655,15,,,1,72,,45666,15,0,10 18 19 20,1,30,,45654,15,,,1,70,,45665,15,0,10 18 19 20,1,30,,45653,15,,,1,70,,45664,15,0,10 18 19 20,1,30,,45652,15,,,1,70,,45663,15,0,10 18 19 20,1,30,,45651,15,,,1,70,,45662,15,0,10 18 19 20,1,30,,45650,15,,,1,70,,45661,15,0,10 18 19 20,1,25,,45649,15,,,1,70,,45660,15,0,10 18 19 20,1,31,,45648,15,,,1,65,,45674,15,0,10 18 19 20,1,20,,45677,15,,,1,70,,45675,15,0,10 18 19 20,1,30,,45678,15,,,1,70,,45676,15,0,10 18 19 20,1,30,,45679,15,0,10 18 19 20,1,71,,45680,15,,,1,41,,45659,15,0,10 18 19 20,1
1300,'4',649,,45703,15,,,1,83,,45705,15,0,10 18 19 20,1,75,,45704,15,,,1,35,,45706,15,0,10 18 19 20,1,75,,45691,15,,,1,30,,45702,15,0,10 18 19 20,1,55,,45690,15,,,1,30,,45701,15,0,10 18 19 20,1,70,,45689,15,,,1,30,,45700,15,0,10 18 19 20,1,24,,45688,15,,,1,72,,45699,15,0,10 18 19 20,1,30,,45687,15,,,1,70,,45698,15,0,10 18 19 20,1,30,,45686,15,,,1,70,,45697,15,0,10 18 19 20,1,30,,45685,15,,,1,70,,45696,15,0,10 18 19 20,1,30,,45684,15,,,1,70,,45695,15,0,10 18 19 20,1,30,,45683,15,,,1,70,,45694,15,0,10 18 19 20,1,25,,45682,15,,,1,70,,45693,15,0,10 18 19 20,1,31,,45681,15,,,1,65,,45707,15,0,10 18 19 20,1,20,,45710,15,,,1,70,,45708,15,0,10 18 19 20,1,30,,45711,15,,,1,70,,45709,15,0,10 18 19 20,1,30,,45712,15,0,10 18 19 20,1,71,,45713,15,,,1,41,,45692,15,0,10 18 19 20,1
10200,'11802',854,,50235,11,,,1,867,,50234,11,,,1
10200,'3302',637,,50295,11,,,1,65,,50294,11,,,1,25,,50293,11,,,1,20,,50292,11,,,1,70,,50291,11,,,1,23,,50236,11,,,1,10,,50237,11,,,1,59,,50238,11,,,1,21,,50239,11,,,1,10,,50240,11,,,1,60,,50241,11,,,1,20,,50242,11,,,1,5,,50243,11,,,1,18,,50244,11,,,1,62,,50245,11,,,1,11,,50246,11,,,1,11,,50247,11,,,1,21,,50248,11,,,1,11,,50249,11,,,1,51,,50250,11,,,1,22,,50251,11,,,1,11,,50252,11,,,1,11,,50253,11,,,1,62,,50254,11,,,1,11,,50255,11,,,1,11,,50256,11,,,1,62,,50257,11,,,1,11,,50258,11,,,1,13,,50259,11,,,1,25,,50260,11,,,1,52,,50261,11,,,1,12,,50262,11,,,1,22,,50263,11,,,1,14,,50264,11,,,1,52,,50265,11,,,1,24,,50266,11,,,1,12,,50267,11,,,1,12,,50268,11,,,1,64,,50269,11,,,1,15,,50270,11,,,1,12,,50271,11,,,1,16,,50273,11,,,1,51,,50272,11,,,1,13,,50274,11,,,1,30,,50275,11,,,1,55,,50276,11,,,1,30,,50277,11,,,1,15,,50278,11,,,1,70,,50279,11,,,1,17,,50280,11,,,1,67,,50281,11,,,1,20,,50282,11,,,1,20,,50283,11,,,1,60,,50284,11,,,1,20,,50285,11,,,1,20,,50286,11,,,1,60,,50287,11,,,1,20,,50288,11,,,1,17,,50290,11,,,1,60,,50289,11,,,1
10200,'3602',858,,50296,11,,,1,62,,50297,11,,,1,30,,50298,11,,,1,60,,50299,11,,,1,19,,50303,11,,,1,25,,50300,11,,,1,84,,50301,11,,,1,83,,50302,11,,,1,84,,50304,11,,,1,44,,50305,11,,,1,88,,50306,11,,,1,88,,50307,11,,,1,88,,50308,11,,,1,88,,50309,11,,,1,49,,50310,11,,,1,85,,50311,11,,,1,85,,50312,11,,,1,85,,50313,11,,,1,41,,50314,11,,,1
10200,'3903',1109,,50315,11,,,1,42,,50316,11,,,1,83,,50317,11,,,1,80,,50318,11,,,1,40,,50319,11,,,1,81,,50320,11,,,1,80,,50321,11,,,1,42,,50322,11,,,1,84,,50323,11,,,1,85,,50324,11,,,1,83,,50325,11,,,1,40,,50326,11,,,1,80,,50327,11,,,1,80,,50328,11,,,1,40,,50329,11,,,1,74,,50330,11,,,1,35,,50331,11,,,1,75,,50332,11,,,1,75,,50333,11,,,1
10200,'6404',1109,,50334,11,,,1,42,,50335,11,,,1,83,,50336,11,,,1,80,,50337,11,,,1,40,,50338,11,,,1,81,,50339,11,,,1,80,,50340,11,,,1,42,,50341,11,,,1,84,,50342,11,,,1,85,,50343,11,,,1,83,,50344,11,,,1,40,,50345,11,,,1,80,,50346,11,,,1,80,,50347,11,,,1,40,,50348,11,,,1,74,,50349,11,,,1,35,,50350,11,,,1
