1000,'2',618,,44882,56,,,1,15,,44883,56,,,1,15,,44884,71,,,1,55,,44885,56,,,1,15,,44893,71,,,1,15,,44894,56,,,1,20,,44892,71,,,1,55,,44895,56,,,1,19,,44886,71,,,1,19,,44932,71,,,1,57,,44887,71,,,1,14,,44933,71,,,1,15,,44891,71,,,1,18,,44890,71,,,1,69,,44888,71,,,1,30,,44899,71,,,1,70,,44898,71,,,1,30,,44897,71,,,1,71,,44896,71,,,1,32,,44903,71,,,1,53,,44904,56,,,1,27,,44902,71,,,1,13,,44936,56,,,1,57,,44901,71,,,1,19,,44900,71,,,1,13,,44937,56,,,1,20,,44906,71,,,1,63,,44905,71,,,1,18,,44934,71,,,1,16,,44907,71,,,1,55,,44935,71,,,1,19,,44908,71,,,1,17,,44915,71,,,1,13,,44909,71,,,1,57,,44910,71,,,1,16,,44911,71,,,1,18,,44912,71,,,1,55,,44913,71,,,1,15,,44938,71,,,1,12,,44914,71,,,1,73,,44916,71,,,1,15,,44917,71,,,1,33,,44918,71,,,1,73,,44919,71,,,1,30,,44920,71,,,1,70,,44921,71,,,1,35,,44922,71,,,1,63,,44923,71,,,1,38,,44924,71,,,1,73,,44925,71,,,1,70,,44926,71,,,1,35,,44927,71,,,1,75,,44928,71,,,1,30,,44929,71,,,1
1000,'3',625,,44944,56,,,1,75,,44941,56,,,1,35,,44942,71,,,1,76,,44943,71,,,1,37,,44945,71,,,1,70,,44946,71,,,1,15,,44947,71,,,1,71,,44948,71,,,1,32,,44949,71,,,1,70,,44950,71,,,1,30,,44951,71,,,1,70,,44952,71,,,1,41,,44953,71,,,1,70,,44954,71,,,1,30,,44955,71,,,1,70,,44956,71,,,1,31,,44957,71,,,1,70,,44958,71,,,1,30,,44959,71,,,1,65,,44960,71,,,1,12,,44961,71,,,1,30,,44962,71,,,1,70,,44963,71,,,1,30,,44964,71,,,1,67,,44965,71,,,1,28,,44966,71,,,1,65,,44967,71,,,1,30,,44968,71,,,1,70,,44969,71,,,1,30,,44970,71,,,1,69,,44971,71,,,1,30,,44975,71,,,1,64,,44976,71,,,1,25,,44977,71,,,1,25,,44978,71,,,1,65,,44979,71,,,1,30,,44980,71,,,1,61,,44981,71,,,1,87,,44982,71,,,1
1000,'30',719,,44983,56,,,1,37,,45019,71,,,1,60,,44984,71,,,1,36,,45018,71,,,1,60,,44985,71,,,1,30,,44986,71,,,1,70,,44987,71,,,1,30,,44988,71,,,1,65,,44989,71,,,1,25,,44990,71,,,1,25,,44991,71,,,1,67,,44992,71,,,1,31,,44993,71,,,1,70,,44994,71,,,1,30,,44995,71,,,1,70,,44996,71,,,1,30,,44997,71,,,1,70,,44998,71,,,1,30,,44999,71,,,1,70,,45000,71,,,1,30,,45001,71,,,1,69,,45002,71,,,1,29,,45005,71,,,1,70,,45006,71,,,1,30,,45007,71,,,1,70,,45008,71,,,1,30,,45009,71,,,1,66,,45010,71,,,1,30,,45011,71,,,1,70,,45012,71,,,1,27,,45013,71,,,1,70,,45014,71,,,1,32,,45015,71,,,1,70,,45016,71,,,1
1000,'4',719,,45020,56,,,1,37,,45056,71,,,1,60,,45021,71,,,1,36,,45055,71,,,1,60,,45022,71,,,1,30,,45023,71,,,1,70,,45024,71,,,1,30,,45025,71,,,1,65,,45026,71,,,1,25,,45027,71,,,1,25,,45028,71,,,1,67,,45029,71,,,1,31,,45030,71,,,1,70,,45031,71,,,1,30,,45032,71,,,1,70,,45033,71,,,1,30,,45034,71,,,1,70,,45035,71,,,1,30,,45036,71,,,1,70,,45037,71,,,1,30,,45038,71,,,1,69,,45039,71,,,1,29,,45042,71,,,1,70,,45043,71,,,1,30,,45044,71,,,1,70,,45045,71,,,1,30,,45046,71,,,1,66,,45047,71,,,1,30,,45048,71,,,1,70,,45049,71,,,1,27,,45050,71,,,1,70,,45051,71,,,1,32,,45052,71,,,1,70,,45053,71,,,1
1900,'2',609,,47066,14,,,1,30,,47065,14,,,1,74,,47067,14,,,1,12,,47068,14,,,1,27,,47069,14,,,1,67,,47070,14,,,1,27,,47071,14,,,1,68,,47072,14,,,1,25,,47073,14,,,1,67,,47074,14,,,1,27,,47075,14,,,1,67,,47076,14,,,1,27,,47077,14,,,1,27,,47078,14,,,1,68,,47079,14,,,1,27,,47080,14,,,1,67,,47081,14,,,1,27,,47082,14,,,1,64,,47083,14,,,1,27,,47084,14,,,1,67,,47085,14,,,1,31,,47086,14,,,1,27,,47087,14,,,1,70,,47088,14,,,1,28,,47089,14,,,1,69,,47090,14,,,1,28,,47091,14,,,1,67,,47092,14,,,1,28,,47093,14,,,1,68,,47094,14,,,1,24,,47095,14,,,1,67,,47096,14,,,1,27,,47097,14,,,1,67,,47098,14,,,1,27,,47099,14,,,1,27,,47100,14,,,1,87,,47101,14,,,1,67,,47102,14,,,1,36,,47064,14,0,40 3 52,1
1900,'3',810,,47115,14,,,1,32,,47116,14,,,1,72,,47105,14,,,1,32,,47106,14,,,1,73,,47107,14,,,1,32,,47108,14,,,1,72,,47109,14,,,1,32,,47110,14,,,1,72,,47111,14,,,1,32,,47112,14,,,1,72,,47113,14,,,1,72,,47114,14,,,1,30,,47117,14,,,1,67,,47118,14,,,1,24,,47119,14,,,1,27,,47120,14,,,1,67,,47121,14,,,1,27,,47122,14,,,1,67,,47123,14,,,1,27,,47124,14,,,1,67,,47125,14,,,1,39,,47126,14,,,1,72,,47127,14,,,1,32,,47128,14,,,1,72,,47129,14,,,1,32,,47130,14,,,1,70,,47131,14,,,1,35,,47132,14,,,1
1900,'30',810,,47140,14,,,1,35,,47150,14,,,1,75,,47136,14,,,1,35,,47137,14,,,1,75,,47151,14,,,1,75,,47138,14,,,1,35,,47139,14,,,1,78,,47141,14,,,1,40,,47142,14,,,1,80,,47152,14,,,1,80,,47143,14,,,1,40,,47144,14,,,1,80,,47145,14,,,1,80,,47146,14,,,1,40,,47153,14,,,1,76,,47147,14,,,1,75,,47148,14,,,1,35,,47154,14,,,1,75,,47149,14,,,1,35,,47155,14,,,1
1900,'4',810,,47161,14,,,1,35,,47171,14,,,1,75,,47157,14,,,1,35,,47158,14,,,1,75,,47172,14,,,1,75,,47159,14,,,1,35,,47160,14,,,1,78,,47162,14,,,1,40,,47163,14,,,1,80,,47173,14,,,1,80,,47164,14,,,1,40,,47165,14,,,1,80,,47166,14,,,1,80,,47167,14,,,1,40,,47174,14,,,1,76,,47168,14,,,1,75,,47169,14,,,1,35,,47175,14,,,1,75,,47170,14,,,1,35,,47176,14,,,1
12700,'3302',647,,50785,8,,,1,89,,50786,8,,,1,18,,50787,8,,,1,94,,50788,8,,,1,58,,50789,8,,,1,51,,50790,8,,,1,63,,50791,8,,,1,86,,50792,8,,,1,23,,50793,8,,,1,86,,50794,8,,,1,23,,50795,8,,,1,86,,50796,8,,,1,24,,50797,8,,,1,85,,50798,8,,,1,70,,50799,8,,,1,45,,50800,8,,,1,71,,50801,8,,,1,88,,50802,8,,,1,36,,50803,8,,,1,78,,50804,8,,,1,37,,50805,8,,,1,74,,50806,8,,,1,74,,50807,8,,,1,34,,50808,8,,,1,101,,50809,8,,,1,104,,50810,8,,,1,101,,50811,8,,,1
12700,'3602',609,,50812,8,,,1,91,,50813,8,,,1,16,,50814,8,,,1,96,,50815,8,,,1,18,,50816,8,,,1,103,,50817,8,,,1,110,,50818,8,,,1,109,,50819,8,,,1,149,,50820,8,,,1,102,,50821,8,,,1,15,,50822,8,,,1,30,,50823,8,,,1,70,,50824,8,,,1,15,,50825,8,,,1,70,,50826,8,,,1,32,,50827,8,,,1,16,,50828,8,,,1,72,,50829,8,,,1
12700,'3903',608,,50830,8,,,1,100,,50831,8,,,1,102,,50832,8,,,1,102,,50833,8,,,1,102,,50834,8,,,1,34,,50835,8,,,1,74,,50836,8,,,1,34,,50837,8,,,1,74,,50838,8,,,1,75,,50839,8,,,1,35,,50840,8,,,1,76,,50841,8,,,1,35,,50842,8,,,1,75,,50843,8,,,1,75,,50844,8,,,1,35,,50845,8,,,1,75,,50846,8,,,1,35,,50847,8,,,1,76,,50848,8,,,1,34,,50849,8,,,1,74,,50850,8,,,1,74,,50851,8,,,1,34,,50852,8,,,1,103,,50853,8,,,1,102,,50854,8,,,1,102,,50855,8,,,1
12700,'6404',800,,50857,8,,,1,101,,50858,8,,,1,34,,50859,8,,,1,74,,50860,8,,,1,34,,50861,8,,,1,74,,50862,8,,,1,34,,50863,8,,,1,74,,50864,8,,,1,34,,50865,8,,,1,74,,50866,8,,,1,74,,50867,8,,,1,34,,50868,8,,,1,74,,50869,8,,,1,34,,50870,8,,,1,74,,50871,8,,,1,35,,50872,8,,,1,68,,50873,8,,,1,77,,50874,8,,,1,101,,50875,8,,,1,101,,50876,8,,,1,101,,50877,8,,,1,101,,50878,8,,,1,96,,50879,8,0,35 3 54,1
