601,'2',617,,35425,3,,,1,36,,35427,3,,,1,75,,35428,3,,,1,25,,35429,3,,,1,65,,35430,3,,,1,25,,35431,3,,,1,69,,35433,3,,,1,25,,35434,3,,,1,70,,35435,3,,,1,30,,35436,3,,,1,65,,35437,3,,,1,30,,35438,3,,,1,68,,35439,3,,,1,30,,35440,3,,,1,70,,35441,3,,,1,25,,35442,3,,,1,31,,35443,3,,,1,70,,35444,3,,,1,30,,35445,3,,,1,70,,35446,3,,,1,29,,35447,3,,,1,65,,35448,3,,,1,30,,35449,3,,,1,70,,35450,3,,,1,30,,35451,3,,,1,65,,35452,3,,,1,25,,35453,3,,,1,65,,35454,3,,,1,25,,35455,3,,,1,21,,35456,3,,,1,65,,35457,3,,,1,27,,35458,3,,,1,65,,35459,3,,,1,25,,35460,3,,,1,25,,35461,3,,,1,65,,35462,3,,,1,25,,35463,3,,,1,65,,35464,3,,,1,26,,35465,3,,,1,67,,35466,3,,,1,43,,35467,3,,,1
601,'3',608,,35469,3,,,1,33,,35470,3,,,1,75,,35471,3,,,1,33,,35472,3,,,1,75,,35473,3,,,1,35,,35474,3,,,1,75,,35475,3,,,1,66,,35476,3,,,1,20,,35477,3,,,1,30,,35478,3,,,1,65,,35479,3,,,1,20,,35480,3,,,1,68,,35482,3,,,1,20,,35483,3,,,1,20,,35484,3,,,1,60,,35485,3,,,1,20,,35486,3,,,1,20,,35487,3,,,1,59,,35488,3,,,1,20,,35489,3,,,1,20,,35490,3,,,1,60,,35491,3,,,1,20,,35492,3,,,1,20,,35493,3,,,1,60,,35494,3,,,1,20,,35495,3,,,1,20,,35496,3,,,1,60,,35497,3,,,1,20,,35498,3,,,1,20,,35499,3,,,1,60,,35500,3,,,1,20,,35502,3,,,1,18,,35501,3,0,37 3 45,1,18,,35503,3,,,1,65,,35504,3,,,1,25,,35505,3,,,1,65,,35506,3,,,1,28,,35507,3,,,1,60,,35508,3,0,37 3 45,1,21,,35509,3,,,1,30,,35510,3,,,1,76,,35511,3,,,1,76,,35512,3,,,1,36,,35513,3,,,1,73,,35514,3,,,1,35,,35515,3,,,1
601,'30',904,,35516,3,,,1,33,,35517,3,,,1,75,,35518,3,,,1,35,,35519,3,,,1,78,,35520,3,,,1,79,,35521,3,,,1,25,,35522,3,,,1,25,,35523,3,,,1,65,,35524,3,,,1,25,,35525,3,,,1,65,,35526,3,,,1,25,,35527,3,,,1,25,,35528,3,,,1,65,,35529,3,,,1,25,,35530,3,,,1,65,,35531,3,,,1,25,,35532,3,,,1,69,,35533,3,,,1,25,,35534,3,,,1,13,,35535,3,0,37 3 45,1,64,,35536,3,,,1,32,,35537,3,,,1,75,,35538,3,,,1,35,,35539,3,,,1,75,,35540,3,,,1,75,,35541,3,,,1,35,,35542,3,,,1,75,,35543,3,,,1,35,,35545,3,,,1,73,,35544,3,0,37 3 45,1
601,'4',904,,35546,3,,,1,33,,35547,3,,,1,75,,35548,3,,,1,35,,35549,3,,,1,78,,35550,3,,,1,79,,35551,3,,,1,25,,35552,3,,,1,25,,35553,3,,,1,65,,35554,3,,,1,25,,35555,3,,,1,65,,35556,3,,,1,25,,35557,3,,,1,25,,35558,3,,,1,65,,35559,3,,,1,25,,35560,3,,,1,65,,35561,3,,,1,25,,35562,3,,,1,69,,35563,3,,,1,25,,35564,3,,,1,13,,35565,3,0,37 3 45,1,64,,35566,3,,,1,32,,35567,3,,,1,75,,35568,3,,,1,35,,35569,3,,,1,75,,35570,3,,,1,75,,35571,3,,,1,35,,35572,3,,,1,75,,35573,3,,,1,35,,35575,3,,,1,73,,35574,3,0,37 3 45,1
1300,'2',617,,36854,11,0,10 18 19 20,1,18,,36855,11,,,1,14,,36856,11,0,10 18 19 20,1,54,,36857,11,,,1,10,,36858,11,0,10 18 19 20,1,15,,36859,11,,,1,15,,36860,11,0,10 18 19 20,1,15,,36861,11,,,1,55,,36862,11,0,10 18 19 20,1,15,,36863,11,,,1,15,,36864,11,0,10 18 19 20,1,15,,36865,11,,,1,55,,36866,11,0,10 18 19 20,1,15,,36867,11,,,1,15,,36868,11,0,10 18 19 20,1,10,,36869,11,,,1,55,,36870,11,0,10 18 19 20,1,15,,36871,11,,,1,15,,36872,11,0,10 18 19 20,1,15,,36873,11,,,1,55,,36874,11,0,10 18 19 20,1,15,,36875,11,,,1,15,,36876,11,0,10 18 19 20,1,10,,36877,11,,,1,55,,36878,11,0,10 18 19 20,1,15,,36879,11,,,1,15,,36880,11,0,10 18 19 20,1,15,,36881,11,,,1,55,,36882,11,0,10 18 19 20,1,15,,36883,11,,,1,15,,36884,11,0,10 18 19 20,1,15,,36885,11,,,1,54,,36886,11,0,10 18 19 20,1,15,,36887,11,,,1,15,,36888,11,0,10 18 19 20,1,15,,36889,11,,,1,55,,36890,11,0,10 18 19 20,1,15,,36891,11,,,1,15,,36892,11,0,10 18 19 20,1,15,,36893,11,,,1,53,,36894,11,0,10 18 19 20,1,15,,36895,11,,,1,15,,36896,11,0,10 18 19 20,1,15,,36897,11,,,1,55,,36898,11,0,10 18 19 20,1,15,,36899,11,,,1,15,,36900,11,0,10 18 19 20,1,15,,36901,11,,,1,57,,36902,11,0,10 18 19 20,1,20,,36907,11,,,1,20,,36903,11,0,10 18 19 20,1,60,,36908,11,,,1,20,,36904,11,0,10 18 19 20,1,20,,36909,11,,,1,60,,36905,11,0,10 18 19 20,1,20,,36910,11,,,1,20,,36906,11,,,1,71,,36911,11,0,10 18 19 20,1,25,,36914,11,,,1,65,,36912,11,0,10 18 19 20,1,27,,36915,11,,,1,73,,36913,11,0,10 18 19 20,1,30,,36916,11,,,1,67,,36918,11,0,10 18 19 20,1,47,,36917,11,,,1
1300,'3',617,,36923,11,0,10 18 19 20,1,38,,36924,11,,,1,75,,36925,11,0,10 18 19 20,1,73,,36926,11,,,1,11,,36930,11,0,10 18 19 20,1,16,,36927,11,,,1,16,,36931,11,0,10 18 19 20,1,56,,36928,11,,,1,16,,36932,11,,,1,16,,36929,11,0,10 18 19 20,1,16,,36933,11,,,1,55,,36934,11,0,10 18 19 20,1,15,,36939,11,,,1,15,,36935,11,0,10 18 19 20,1,15,,36940,11,,,1,55,,36936,11,0,10 18 19 20,1,15,,36941,11,,,1,15,,36937,11,0,10 18 19 20,1,15,,36942,11,,,1,55,,36938,11,,,1,15,,36943,11,0,10 18 19 20,1,15,,36952,11,,,1,15,,36944,11,0,10 18 19 20,1,55,,36953,11,,,1,15,,36945,11,0,10 18 19 20,1,15,,36954,11,,,1,15,,36946,11,0,10 18 19 20,1,55,,36955,11,,,1,15,,36947,11,0,10 18 19 20,1,15,,36956,11,,,1,15,,36948,11,0,10 18 19 20,1,55,,36957,11,,,1,15,,36949,11,0,10 18 19 20,1,15,,36958,11,,,1,15,,36950,11,0,10 18 19 20,1,55,,36959,11,,,1,15,,36951,11,0,10 18 19 20,1,10,,36960,11,,,1,15,,36963,11,0,10 18 19 20,1,55,,36961,11,,,1,15,,36964,11,0,10 18 19 20,1,15,,36962,11,,,1,15,,36965,11,,,1,13,,36966,11,0,10 18 19 20,1,55,,36990,11,,,1,15,,36970,11,,,1,15,,36967,11,0,10 18 19 20,1,60,,36971,11,,,1,15,,36968,11,0,10 18 19 20,1,20,,36972,11,,,1,20,,36969,11,0,10 18 19 20,1,60,,36973,11,,,1,20,,36977,11,,,1,71,,36974,11,0,10 18 19 20,1,25,,36978,11,,,1,25,,36975,11,0,10 18 19 20,1,70,,36979,11,,,1,30,,36976,11,0,10 18 19 20,1,59,,36980,11,,,1,20,,36981,11,0,10 18 19 20,1,72,,36983,11,,,1,37,,36982,11,0,10 18 19 20,1
1300,'30',645,,37013,11,,,1,83,,37015,11,0,10 18 19 20,1,75,,37014,11,,,1,35,,37016,11,0,10 18 19 20,1,75,,37001,11,,,1,30,,37012,11,0,10 18 19 20,1,15,,37000,11,,,1,70,,37011,11,0,10 18 19 20,1,30,,36999,11,,,1,70,,37010,11,0,10 18 19 20,1,24,,36998,11,,,1,71,,37009,11,0,10 18 19 20,1,30,,36997,11,,,1,70,,37008,11,0,10 18 19 20,1,30,,36996,11,,,1,70,,37007,11,0,10 18 19 20,1,30,,36995,11,,,1,70,,37006,11,0,10 18 19 20,1,30,,36994,11,,,1,70,,37005,11,0,10 18 19 20,1,30,,36993,11,,,1,70,,37004,11,0,10 18 19 20,1,25,,36992,11,,,1,70,,37003,11,0,10 18 19 20,1,31,,36991,11,,,1,66,,37017,11,0,10 18 19 20,1,20,,37020,11,,,1,70,,37018,11,0,10 18 19 20,1,30,,37021,11,,,1,70,,37019,11,0,10 18 19 20,1,30,,37022,11,0,10 18 19 20,1,71,,37023,11,,,1,42,,37002,11,0,10 18 19 20,1
1300,'4',645,,37046,11,,,1,83,,37048,11,0,10 18 19 20,1,75,,37047,11,,,1,35,,37049,11,0,10 18 19 20,1,75,,37034,11,,,1,30,,37045,11,0,10 18 19 20,1,15,,37033,11,,,1,70,,37044,11,0,10 18 19 20,1,30,,37032,11,,,1,70,,37043,11,0,10 18 19 20,1,24,,37031,11,,,1,71,,37042,11,0,10 18 19 20,1,30,,37030,11,,,1,70,,37041,11,0,10 18 19 20,1,30,,37029,11,,,1,70,,37040,11,0,10 18 19 20,1,30,,37028,11,,,1,70,,37039,11,0,10 18 19 20,1,30,,37027,11,,,1,70,,37038,11,0,10 18 19 20,1,30,,37026,11,,,1,70,,37037,11,0,10 18 19 20,1,25,,37025,11,,,1,70,,37036,11,0,10 18 19 20,1,31,,37024,11,,,1,66,,37050,11,0,10 18 19 20,1,20,,37053,11,,,1,70,,37051,11,0,10 18 19 20,1,30,,37054,11,,,1,70,,37052,11,0,10 18 19 20,1,30,,37055,11,0,10 18 19 20,1,71,,37056,11,,,1,42,,37035,11,0,10 18 19 20,1
2701,'2',559,,39699,13,,,1,92,,39628,14,,,1,65,,39629,13,,,1,13,,39630,14,,,1,13,,39631,13,,,1,13,,39632,13,,,1,53,,39633,14,,,1,13,,39634,14,,,1,8,,39635,14,,,1,13,,39636,14,,,1,13,,39637,14,,,1,52,,39638,14,,,1,14,,39639,14,,,1,13,,39640,14,,,1,13,,39641,14,,,1,53,,39642,14,,,1,13,,39643,14,,,1,13,,39644,14,,,1,13,,39645,14,,,1,13,,39646,14,,,1,53,,39647,14,,,1,13,,39648,14,,,1,13,,39649,14,,,1,13,,39650,14,,,1,13,,39651,14,,,1,52,,39652,14,,,1,12,,39653,14,,,1,12,,39654,14,,,1,12,,39655,14,,,1,12,,39656,14,,,1,52,,39657,14,,,1,12,,39658,14,,,1,12,,39659,14,,,1,12,,39660,14,,,1,12,,39661,14,,,1,52,,39662,14,,,1,14,,39663,14,,,1,13,,39664,14,,,1,13,,39665,14,,,1,53,,39666,14,,,1,13,,39667,14,,,1,13,,39668,14,,,1,9,,39669,13,,,1,12,,39670,14,,,1,52,,39671,14,,,1,11,,39672,14,,,1,11,,39673,14,,,1,11,,39674,13,,,1,11,,39675,14,,,1,11,,39676,14,,,1,51,,39677,14,,,1,11,,39678,14,,,1,11,,39679,14,,,1,11,,39680,14,,,1,11,,39681,14,,,1,7,,39682,14,,,1,53,,39683,14,,,1,9,,39684,14,,,1,13,,39685,14,,,1,11,,39686,14,,,1,11,,39687,14,,,1,57,,39688,14,,,1,17,,39689,14,,,1,17,,39690,14,,,1,57,,39691,14,,,1,17,,39692,14,,,1,17,,39693,14,,,1,17,,39694,14,,,1,61,,39695,14,,,1,27,,39696,14,,,1,67,,39697,14,,,1,27,,39698,14,,,1
2701,'3',901,,39700,13,,,1,43,,39710,14,,,1,71,,39701,14,,,1,104,,39711,14,,,1,34,,39702,14,,,1,72,,39719,14,,,1,32,,39712,14,,,1,72,,39703,14,,,1,72,,39720,14,,,1,31,,39713,14,,,1,74,,39704,14,,,1,32,,39721,14,,,1,70,,39714,14,,,1,34,,39705,14,,,1,72,,39722,14,,,1,30,,39715,14,,,1,75,,39706,14,,,1,85,,39716,14,,,1,45,,39707,14,,,1,85,,39717,14,,,1,83,,39708,14,,,1,40,,39718,14,,,1,80,,39709,14,,,1,80,,39723,14,,,1
2701,'30',845,,39724,13,,,1,85,,39725,14,,,1,85,,39731,14,,,1,85,,39726,14,,,1,45,,39732,14,,,1,85,,39727,14,,,1,88,,39733,14,,,1,32,,39734,14,,,1,72,,39728,14,,,1,32,,39736,14,,,1,72,,39735,14,,,1,32,,39729,14,,,1,72,,39737,14,,,1,72,,39739,14,,,1,30,,39730,14,,,1,77,,39738,14,,,1,45,,39740,14,,,1,85,,39741,14,,,1
2701,'4',845,,39742,13,,,1,85,,39743,14,,,1,85,,39749,14,,,1,85,,39744,14,,,1,45,,39750,14,,,1,85,,39745,14,,,1,88,,39751,14,,,1,32,,39752,14,,,1,72,,39746,14,,,1,32,,39754,14,,,1,72,,39753,14,,,1,32,,39747,14,,,1,72,,39755,14,,,1,72,,39757,14,,,1,30,,39748,14,,,1,77,,39756,14,,,1,45,,39758,14,,,1,85,,39759,14,,,1
