600,'2',607,,35275,24,,,1,28,,35274,24,,,1,81,,35276,24,,,1,25,,35277,24,,,1,60,,35278,24,,,1,25,,35279,24,,,1,25,,35280,24,,,1,66,,35281,24,,,1,30,,35282,24,,,1,70,,35283,24,,,1,25,,35284,24,,,1,70,,35285,24,,,1,30,,35286,24,,,1,70,,35287,24,,,1,25,,35288,24,,,1,70,,35289,24,,,1,30,,35290,24,,,1,70,,35291,24,,,1,30,,35292,24,,,1,65,,35293,24,,,1,30,,35294,24,,,1,25,,35295,24,,,1,71,,35296,24,,,1,30,,35297,24,,,1,70,,35298,24,,,1,30,,35299,24,,,1,63,,35300,24,,,1,25,,35301,24,,,1,65,,35302,24,,,1,25,,35303,24,,,1,65,,35304,24,,,1,25,,35305,24,,,1,24,,35306,24,,,1,64,,35307,24,,,1,25,,35308,24,,,1,65,,35309,24,,,1,25,,35310,24,,,1,25,,35311,24,,,1,65,,35312,24,,,1,25,,35313,24,,,1,67,,35314,24,,,1,25,,35315,24,,,1,69,,35316,24,,,1
600,'3',601,,35317,7,,,1,33,,35318,24,,,1,67,,35319,24,,,1,35,,35320,24,,,1,75,,35321,24,,,1,35,,35322,24,,,1,75,,35323,24,,,1,26,,35325,7,,,1,9,,35324,24,,,1,72,,35326,24,,,1,28,,35327,24,,,1,65,,35328,24,,,1,25,,35329,24,,,1,64,,35330,24,,,1,18,,35331,24,,,1,20,,35332,24,,,1,58,,35333,24,,,1,20,,35334,24,,,1,19,,35335,24,,,1,61,,35336,24,,,1,20,,35337,24,,,1,20,,35338,24,,,1,60,,35339,24,,,1,20,,35340,24,,,1,20,,35341,24,,,1,60,,35342,24,,,1,20,,35343,24,,,1,20,,35344,24,,,1,60,,35345,24,,,1,20,,35346,24,,,1,20,,35347,24,,,1,60,,35348,24,,,1,20,,35349,24,,,1,15,,35350,24,,,1,65,,35351,24,,,1,25,,35352,24,,,1,25,,35353,24,,,1,65,,35354,24,,,1,25,,35355,24,,,1,65,,35356,24,,,1,25,,35357,24,,,1,79,,35358,24,,,1,33,,35359,24,,,1,76,,35360,24,,,1,76,,35361,24,,,1,36,,35362,24,,,1,69,,35363,24,,,1
600,'30',855,,35364,7,,,1,68,,35365,7,,,1,35,,35366,24,,,1,75,,35367,24,,,1,75,,35368,24,,,1,35,,35369,24,,,1,70,,35370,7,,,1,15,,35371,24,,,1,74,,35372,24,,,1,25,,35373,24,,,1,25,,35374,24,,,1,65,,35375,24,,,1,25,,35376,24,,,1,65,,35377,24,,,1,25,,35378,24,,,1,25,,35379,24,,,1,65,,35380,24,,,1,25,,35381,24,,,1,65,,35382,24,,,1,26,,35383,24,,,1,63,,35384,24,,,1,25,,35385,24,,,1,77,,35386,24,,,1,35,,35387,24,,,1,75,,35388,24,,,1,35,,35389,24,,,1,75,,35390,24,,,1,35,,35391,24,,,1,73,,35392,24,,,1,74,,35393,24,,,1
600,'4',855,,35394,7,,,1,68,,35395,7,,,1,35,,35396,24,,,1,75,,35397,24,,,1,75,,35398,24,,,1,35,,35399,24,,,1,70,,35423,7,,,1,15,,35400,24,,,1,74,,35401,24,,,1,25,,35402,24,,,1,25,,35403,24,,,1,65,,35404,24,,,1,25,,35405,24,,,1,65,,35406,24,,,1,25,,35407,24,,,1,25,,35408,24,,,1,65,,35409,24,,,1,25,,35410,24,,,1,65,,35411,24,,,1,26,,35412,24,,,1,63,,35413,24,,,1,25,,35414,24,,,1,77,,35415,24,,,1,35,,35416,24,,,1,75,,35417,24,,,1,35,,35418,24,,,1,75,,35419,24,,,1,35,,35420,24,,,1,73,,35421,24,,,1,74,,35422,24,,,1
1301,'2',635,,37057,53,0,10 14 20,1,7,,37058,27,,,1,15,,37059,53,0,10 14 20,1,57,,37060,27,,,1,10,,37061,53,0,10 14 20,1,15,,37062,27,,,1,15,,37063,53,0,10 14 20,1,55,,37064,27,,,1,15,,37065,53,0,10 14 20,1,15,,37066,27,,,1,15,,37067,53,0,10 14 20,1,55,,37068,27,,,1,10,,37069,53,0,10 14 20,1,15,,37070,31,,,1,15,,37071,53,0,10 14 20,1,55,,37072,31,,,1,15,,37073,53,0,10 14 20,1,15,,37074,31,,,1,15,,37075,53,0,10 14 20,1,55,,37076,31,,,1,10,,37077,53,0,10 14 20,1,15,,37078,31,,,1,15,,37079,53,0,10 14 20,1,15,,37080,31,,,1,56,,37081,53,0,10 14 20,1,15,,37082,31,,,1,15,,37083,53,0,10 14 20,1,55,,37084,31,,,1,15,,37085,53,0,10 14 20,1,15,,37086,31,,,1,15,,37087,53,0,10 14 20,1,55,,37088,31,,,1,15,,37089,53,0,10 14 20,1,15,,37090,27,,,1,15,,37091,53,0,10 14 20,1,55,,37092,27,,,1,15,,37093,53,0,10 14 20,1,15,,37094,27,,,1,21,,37095,53,0,10 14 20,1,55,,37096,27,,,1,17,,37097,53,0,10 14 20,1,15,,37098,27,,,1,15,,37099,53,0,10 14 20,1,55,,37100,27,,,1,13,,37101,53,0,10 14 20,1,13,,37102,27,,,1,15,,37103,53,0,10 14 20,1,55,,37104,27,,,1,12,,37105,53,0,10 14 20,1,20,,37107,27,,,1,20,,37111,27,,,1,60,,37108,53,0,10 14 20,1,15,,37112,27,,,1,15,,37109,53,0,10 14 20,1,60,,37113,27,,,1,20,,37110,53,0,10 14 20,1,20,,37114,27,,,1,60,,37115,53,0,10 14 20,1,25,,37118,27,,,1,70,,37116,53,0,10 14 20,1,30,,37119,27,,,1,25,,37117,53,0,10 14 20,1,65,,37120,27,,,1,18,,37121,53,0,10 14 20,1,74,,37123,27,,,1,29,,37122,53,0,10 14 20,1,64,,37124,27,,,1
1301,'3',633,,37125,53,0,10 14 20,1,75,,37126,27,,,1,35,,37127,53,0,10 14 20,1,62,,37128,27,,,1,16,,37132,53,0,10 14 20,1,16,,37129,27,,,1,16,,37133,53,0,10 14 20,1,56,,37130,27,,,1,16,,37134,27,,,1,16,,37131,53,0,10 14 20,1,16,,37135,27,,,1,56,,37136,53,0,10 14 20,1,15,,37137,27,,,1,10,,37153,53,0,10 14 20,1,15,,37138,27,,,1,55,,37154,53,0,10 14 20,1,15,,37139,27,,,1,15,,37155,53,0,10 14 20,1,15,,37140,27,,,1,56,,37156,53,0,10 14 20,1,15,,37141,27,,,1,15,,37157,53,0,10 14 20,1,15,,37142,27,,,1,55,,37158,53,0,10 14 20,1,15,,37143,27,,,1,10,,37159,53,0,10 14 20,1,15,,37144,27,,,1,55,,37160,53,0,10 14 20,1,15,,37145,27,,,1,15,,37161,53,0,10 14 20,1,15,,37146,27,,,1,55,,37162,53,0,10 14 20,1,15,,37147,27,,,1,15,,37163,53,0,10 14 20,1,15,,37148,27,,,1,10,,37164,53,0,10 14 20,1,55,,37149,27,,,1,15,,37165,53,0,10 14 20,1,15,,37150,27,,,1,15,,37166,53,0,10 14 20,1,55,,37151,27,,,1,15,,37167,53,0,10 14 20,1,15,,37152,27,,,1,15,,37168,53,0,10 14 20,1,55,,37173,27,,,1,15,,37169,53,0,10 14 20,1,15,,37174,27,,,1,60,,37170,53,0,10 14 20,1,20,,37175,27,,,1,20,,37171,53,0,10 14 20,1,60,,37176,27,,,1,20,,37172,53,0,10 14 20,1,20,,37177,27,,,1,60,,37178,53,0,10 14 20,1,24,,37182,27,,,1,30,,37179,53,0,10 14 20,1,70,,37183,27,,,1,20,,37180,53,0,10 14 20,1,65,,37184,27,,,1,30,,37181,53,0,10 14 20,1,69,,37185,27,,,1,42,,37187,53,0,10 14 20,1,51,,37186,27,,,1
1301,'30',707,,37209,53,0,10 14 20,1,35,,37211,27,,,1,75,,37210,53,0,10 14 20,1,35,,37212,27,,,1,69,,37213,9,,,1,6,,37208,53,0,10 14 20,1,30,,37207,27,,,1,71,,37196,53,0,10 14 20,1,30,,37206,27,,,1,65,,37195,53,0,10 14 20,1,30,,37205,27,,,1,70,,37194,53,0,10 14 20,1,30,,37204,27,,,1,70,,37193,53,0,10 14 20,1,30,,37203,27,,,1,70,,37192,53,0,10 14 20,1,30,,37202,27,,,1,70,,37191,53,0,10 14 20,1,30,,37201,27,,,1,65,,37190,53,0,10 14 20,1,30,,37200,27,,,1,70,,37189,53,0,10 14 20,1,30,,37199,27,,,1,70,,37188,53,0,10 14 20,1,28,,37198,27,,,1,65,,37214,53,0,10 14 20,1,30,,37218,27,,,1,65,,37215,53,0,10 14 20,1,25,,37219,27,,,1,15,,37216,53,0,10 14 20,1,70,,37220,27,,,1,30,,37217,53,0,10 14 20,1,71,,37221,27,,,1,37,,37222,53,0,10 14 20,1,51,,37197,27,,,1
1301,'4',707,,37244,53,0,10 14 20,1,35,,37246,27,,,1,75,,37245,53,0,10 14 20,1,35,,37247,27,,,1,69,,37248,9,,,1,6,,37243,53,0,10 14 20,1,30,,37242,27,,,1,71,,37231,53,0,10 14 20,1,30,,37241,27,,,1,65,,37230,53,0,10 14 20,1,30,,37240,27,,,1,70,,37229,53,0,10 14 20,1,30,,37239,27,,,1,70,,37228,53,0,10 14 20,1,30,,37238,27,,,1,70,,37227,53,0,10 14 20,1,30,,37237,27,,,1,70,,37226,53,0,10 14 20,1,30,,37236,27,,,1,65,,37225,53,0,10 14 20,1,30,,37235,27,,,1,70,,37224,53,0,10 14 20,1,30,,37234,27,,,1,70,,37223,53,0,10 14 20,1,28,,37233,27,,,1,65,,37249,53,0,10 14 20,1,30,,37253,27,,,1,65,,37250,53,0,10 14 20,1,25,,37254,27,,,1,15,,37251,53,0,10 14 20,1,70,,37255,27,,,1,30,,37252,53,0,10 14 20,1,71,,37256,27,,,1,37,,37257,53,0,10 14 20,1,51,,37232,27,,,1
1501,'2',635,,37453,45,0,10 26 27,1,20,,37454,43,0,13 26 27,1,61,,37455,45,0,10 26 27,1,16,,37456,43,0,13 26 27,1,16,,37459,45,0,10 26 27,1,11,,37457,43,0,13 26 27,1,56,,37460,45,0,10 26 27,1,16,,37458,43,0,13 26 27,1,16,,37461,45,0,10 26 27,1,56,,37462,43,0,13 26 27,1,15,,37480,45,0,10 26 27,1,15,,37463,43,0,13 26 27,1,15,,37481,45,0,10 26 27,1,55,,37464,43,0,13 26 27,1,15,,37482,45,0,10 26 27,1,15,,37465,43,0,13 26 27,1,15,,37483,45,0,10 26 27,1,55,,37466,43,0,13 26 27,1,15,,37484,45,0,10 26 27,1,15,,37467,43,0,13 26 27,1,15,,37485,45,0,10 26 27,1,55,,37468,43,0,13 26 27,1,15,,37486,45,0,10 26 27,1,15,,37469,43,0,13 26 27,1,15,,37487,45,0,10 26 27,1,55,,37470,43,0,13 26 27,1,15,,37488,45,0,10 26 27,1,15,,37471,43,0,13 26 27,1,15,,37489,45,0,10 26 27,1,53,,37472,43,0,13 26 27,1,18,,37490,45,0,10 26 27,1,15,,37473,43,0,13 26 27,1,15,,37491,45,0,10 26 27,1,55,,37474,43,0,13 26 27,1,15,,37492,45,0,10 26 27,1,15,,37475,43,0,13 26 27,1,15,,37493,45,0,10 26 27,1,55,,37476,43,0,13 26 27,1,17,,37494,45,0,10 26 27,1,15,,37477,43,0,13 26 27,1,17,,37495,45,0,10 26 27,1,53,,37478,43,0,13 26 27,1,15,,37496,45,0,10 26 27,1,15,,37479,43,0,13 26 27,1,12,,37499,45,0,10 26 27,1,57,,37500,43,0,13 26 27,1,18,,37501,45,0,10 26 27,1,22,,37502,43,0,13 26 27,1,58,,37514,45,0,10 26 27,1,37,,37503,43,0,13 26 27,1,68,,37504,45,0,10 26 27,1,22,,37505,43,0,13 26 27,1,15,,37506,45,0,10 26 27,1,67,,37507,43,0,13 26 27,1,27,,37508,45,0,10 26 27,1,70,,37509,43,0,13 26 27,1,30,,37510,45,0,10 26 27,1,70,,37511,43,0,13 26 27,1,30,,37512,45,0,10 26 27,1,72,,37513,43,0,13 26 27,1,23,,37517,45,0,10 26 27,1,71,,37516,43,0,13 26 27,1
1501,'3',634,,37522,43,0,13 26 27,1,90,,37523,45,0,10 26 27,1,35,,37524,43,0,13 26 27,1,70,,37525,45,0,10 26 27,1,30,,37527,43,0,13 26 27,1,70,,37526,45,0,10 26 27,1,30,,37528,43,0,13 26 27,1,61,,37529,45,0,10 26 27,1,20,,37530,43,0,13 26 27,1,60,,37531,43,0,13 26 27,1,20,,37532,45,0,10 26 27,1,20,,37543,43,0,13 26 27,1,60,,37533,45,0,10 26 27,1,20,,37544,43,0,13 26 27,1,20,,37534,45,0,10 26 27,1,60,,37545,43,0,13 26 27,1,20,,37535,45,0,10 26 27,1,20,,37546,43,0,13 26 27,1,60,,37536,45,0,10 26 27,1,21,,37547,43,0,13 26 27,1,20,,37537,45,0,10 26 27,1,60,,37548,43,0,13 26 27,1,20,,37538,45,0,10 26 27,1,20,,37549,43,0,13 26 27,1,60,,37539,45,0,10 26 27,1,20,,37550,43,0,13 26 27,1,20,,37540,45,0,10 26 27,1,60,,37551,43,0,13 26 27,1,20,,37541,45,0,10 26 27,1,15,,37552,43,0,13 26 27,1,65,,37542,45,0,10 26 27,1,29,,37553,43,0,13 26 27,1,70,,37559,45,0,10 26 27,1,30,,37554,43,0,13 26 27,1,70,,37560,45,0,10 26 27,1,30,,37555,43,0,13 26 27,1,70,,37561,45,0,10 26 27,1,25,,37556,43,0,13 26 27,1,30,,37562,45,0,10 26 27,1,65,,37557,43,0,13 26 27,1,30,,37563,45,0,10 26 27,1,65,,37558,43,0,13 26 27,1,25,,37564,45,0,10 26 27,1,70,,37565,43,0,13 26 27,1,95,,37566,45,0,10 26 27,1
1501,'30',636,,37607,45,0,10 26 27,1,65,,37608,43,0,13 26 27,1,24,,37571,45,0,10 26 27,1,26,,37572,43,0,13 26 27,1,70,,37606,45,0,10 26 27,1,23,,37605,43,0,13 26 27,1,67,,37573,45,0,10 26 27,1,32,,37574,43,0,13 26 27,1,70,,37575,45,0,10 26 27,1,22,,37576,43,0,13 26 27,1,70,,37577,45,0,10 26 27,1,25,,37578,43,0,13 26 27,1,70,,37579,45,0,10 26 27,1,30,,37580,43,0,13 26 27,1,28,,37581,45,0,10 26 27,1,70,,37582,43,0,13 26 27,1,30,,37583,45,0,10 26 27,1,70,,37584,43,0,13 26 27,1,30,,37585,45,0,10 26 27,1,70,,37586,43,0,13 26 27,1,30,,37587,45,0,10 26 27,1,70,,37588,43,0,13 26 27,1,30,,37589,45,0,10 26 27,1,70,,37590,43,0,13 26 27,1,30,,37591,45,0,10 26 27,1,70,,37592,43,0,13 26 27,1,26,,37593,45,0,10 26 27,1,70,,37594,43,0,13 26 27,1,30,,37595,45,0,10 26 27,1,65,,37596,43,0,13 26 27,1,25,,37597,45,0,10 26 27,1,70,,37598,43,0,13 26 27,1,30,,37599,45,0,10 26 27,1,61,,37600,43,0,13 26 27,1,30,,37601,45,0,10 26 27,1,70,,37602,43,0,13 26 27,1
1501,'4',636,,37646,45,0,10 26 27,1,65,,37647,43,0,13 26 27,1,24,,37610,45,0,10 26 27,1,26,,37611,43,0,13 26 27,1,70,,37645,45,0,10 26 27,1,23,,37644,43,0,13 26 27,1,67,,37612,45,0,10 26 27,1,32,,37613,43,0,13 26 27,1,70,,37614,45,0,10 26 27,1,22,,37615,43,0,13 26 27,1,70,,37616,45,0,10 26 27,1,25,,37617,43,0,13 26 27,1,70,,37618,45,0,10 26 27,1,30,,37619,43,0,13 26 27,1,28,,37620,45,0,10 26 27,1,70,,37621,43,0,13 26 27,1,30,,37622,45,0,10 26 27,1,70,,37623,43,0,13 26 27,1,30,,37624,45,0,10 26 27,1,70,,37625,43,0,13 26 27,1,30,,37626,45,0,10 26 27,1,70,,37627,43,0,13 26 27,1,30,,37628,45,0,10 26 27,1,70,,37629,43,0,13 26 27,1,30,,37630,45,0,10 26 27,1,70,,37631,43,0,13 26 27,1,26,,37632,45,0,10 26 27,1,70,,37633,43,0,13 26 27,1,30,,37634,45,0,10 26 27,1,65,,37635,43,0,13 26 27,1,25,,37636,45,0,10 26 27,1,70,,37637,43,0,13 26 27,1,30,,37638,45,0,10 26 27,1,61,,37639,43,0,13 26 27,1,30,,37640,45,0,10 26 27,1,70,,37641,43,0,13 26 27,1
9001,'2',646,,40885,12,,,1,59,,40886,12,,,1,22,,40887,12,,,1,10,,40888,12,,,1,20,,40889,12,,,1,55,,40890,12,,,1,15,,40891,12,,,1,15,,40892,12,,,1,15,,40893,12,,,1,55,,40894,12,,,1,14,,40895,12,,,1,15,,40896,12,,,1,15,,40897,12,,,1,55,,40898,12,,,1,15,,40899,12,,,1,15,,40900,12,,,1,15,,40901,12,,,1,55,,40902,12,,,1,15,,40903,12,,,1,15,,40904,12,,,1,15,,40905,12,,,1,55,,40906,12,,,1,16,,40907,12,,,1,15,,40908,12,,,1,15,,40909,12,,,1,55,,40910,12,,,1,15,,40911,12,,,1,15,,40912,12,,,1,15,,40913,12,,,1,55,,40914,12,,,1,16,,40915,12,,,1,15,,40916,12,,,1,15,,40917,12,,,1,55,,40918,12,,,1,14,,40919,12,,,1,14,,40920,12,,,1,14,,40921,12,,,1,59,,40922,12,,,1,9,,40923,12,,,1,17,,40924,12,,,1,15,,40925,12,,,1,55,,40926,12,,,1,15,,40927,12,,,1,15,,40928,12,,,1,70,,40929,12,,,1,34,,40931,12,,,1,60,,40932,12,,,1,34,,40933,12,,,1,67,,40934,12,,,1,27,,40935,12,,,1,27,,40936,12,,,1,65,,40937,12,,,1
9001,'3',835,,40958,12,,,1,70,,40959,12,,,1,30,,40960,12,,,1,70,,40961,12,,,1,22,,40962,12,,,1,25,,40957,12,,,1,65,,40956,12,,,1,25,,40955,12,,,1,66,,40954,12,,,1,24,,40953,12,,,1,25,,40952,12,,,1,65,,40951,12,,,1,25,,40950,12,,,1,65,,40949,12,,,1,26,,40948,12,,,1,65,,40947,12,,,1,25,,40946,12,,,1,25,,40945,12,,,1,65,,40944,12,,,1,25,,40943,12,,,1,65,,40942,12,,,1,25,,40941,12,,,1,25,,40940,12,,,1
9001,'4',1005,,40964,12,,,1,20,,40965,12,,,1,20,,40966,12,,,1,60,,40967,12,,,1,20,,40968,12,,,1,20,,40969,12,,,1,60,,40970,12,,,1,16,,40989,12,,,1,16,,40971,12,,,1,16,,40972,12,,,1,56,,40973,12,,,1,16,,40974,12,,,1,16,,40975,12,,,1,16,,40976,12,,,1,56,,40977,12,,,1,16,,40978,12,,,1,16,,40979,12,,,1,56,,40980,12,,,1,16,,40981,12,,,1,16,,40982,12,,,1,16,,40983,12,,,1,56,,40984,12,,,1,16,,40985,12,,,1,16,,40986,12,,,1,16,,40987,12,,,1,56,,40988,12,,,1,17,,40990,12,,,1,21,,40991,12,,,1,61,,40992,12,,,1,25,,40993,12,,,1,18,,40963,12,,,1,65,,40994,12,,,1
10600,'3302',711,,41852,9,,,1,20,,41867,9,,,1,21,,41853,9,,,1,60,,41868,9,,,1,25,,41854,9,,,1,20,,41869,9,,,1,65,,41855,9,,,1,20,,41870,9,,,1,65,,41856,9,,,1,25,,41871,9,,,1,20,,41857,9,,,1,65,,41872,9,,,1,20,,41858,9,,,1,20,,41873,9,,,1,65,,41859,9,,,1,21,,41874,9,,,1,65,,41860,9,,,1,20,,41875,9,,,1,25,,41861,9,,,1,61,,41876,9,,,1,26,,41862,9,,,1,60,,41877,9,,,1,25,,41863,9,,,1,20,,41878,9,,,1,65,,41864,9,,,1,21,,41879,9,,,1,70,,41865,9,,,1,20,,41880,9,,,1,10,,41882,9,,,1,25,,41866,9,,,1,58,,41881,9,,,1,10,,41883,9,,,1,20,,41888,9,,,1,59,,41884,9,,,1,18,,41889,9,,,1,22,,41885,9,,,1,58,,41890,9,,,1,22,,41886,9,,,1,18,,41891,9,,,1,62,,41887,9,,,1,17,,41892,9,,,1,38,,41893,9,,,1,81,,41894,9,,,1,80,,41895,9,,,1,40,,41896,9,,,1
10600,'3602',721,,41897,9,,,1,20,,41912,9,,,1,61,,41898,9,,,1,20,,41913,9,,,1,25,,41899,9,,,1,60,,41914,9,,,1,25,,41900,9,,,1,20,,41915,9,,,1,65,,41901,9,,,1,25,,41916,9,,,1,60,,41902,9,,,1,25,,41917,9,,,1,20,,41903,9,,,1,60,,41918,9,,,1,26,,41904,9,,,1,20,,41919,9,,,1,65,,41905,9,,,1,20,,41920,9,,,1,65,,41906,9,,,1,21,,41921,9,,,1,26,,41907,9,,,1,60,,41922,9,,,1,25,,41908,9,,,1,20,,41923,9,,,1,66,,41909,9,,,1,25,,41924,9,,,1,65,,41910,9,,,1,35,,41925,9,,,1,60,,41911,9,,,1,28,,41926,9,,,1,20,,41927,9,,,1,58,,41928,9,,,1,20,,41929,9,,,1,21,,41930,9,,,1,58,,41931,9,,,1,22,,41932,9,,,1,18,,41933,9,,,1
10600,'3903',1109,,41934,9,,,1,41,,41935,9,,,1,86,,41936,9,,,1,80,,41937,9,,,1,40,,41938,9,,,1,82,,41939,9,,,1,85,,41940,9,,,1,85,,41941,9,,,1,51,,41942,9,,,1,90,,41943,9,,,1,82,,41944,9,,,1,80,,41945,9,,,1,40,,41946,9,,,1,80,,41947,9,,,1,79,,41948,9,,,1,39,,41949,9,,,1,80,,41950,9,,,1
10600,'6404',1109,,41951,9,,,1,41,,41952,9,,,1,86,,41953,9,,,1,80,,41954,9,,,1,40,,41955,9,,,1,82,,41956,9,,,1,85,,41957,9,,,1,85,,41958,9,,,1,51,,41959,9,,,1,90,,41960,9,,,1,82,,41961,9,,,1,80,,41962,9,,,1,40,,41963,9,,,1,80,,41964,9,,,1,79,,41965,9,,,1,39,,41966,9,,,1
