200,'11802',1436,,42641,6,0,13 30,1,274,,42642,6,0,10 23 20,1
200,'2',618,,42650,6,0,13 30,1,16,,42686,6,0,10 23 20,1,15,,42651,6,0,13 30,1,55,,42687,6,0,10 23 20,1,15,,42652,6,0,13 30,1,15,,42688,6,0,10 23 20,1,15,,42653,6,0,13 30,1,55,,42689,6,0,10 23 20,1,15,,42654,6,0,13 30,1,15,,42690,6,0,10 23 20,1,15,,42655,6,0,13 30,1,55,,42691,6,0,10 23 20,1,15,,42656,6,0,13 30,1,15,,42692,6,0,10 23 20,1,15,,42657,6,0,13 30,1,55,,42693,6,0,10 23 20,1,15,,42658,6,0,13 30,1,15,,42694,6,0,10 23 20,1,15,,42659,6,0,13 30,1,55,,42695,6,0,10 23 20,1,15,,42660,6,0,13 30,1,15,,42696,6,0,10 23 20,1,12,,42661,6,0,13 30,1,55,,42697,6,0,10 23 20,1,15,,42662,6,0,13 30,1,15,,42698,6,0,10 23 20,1,15,,42663,6,0,13 30,1,55,,42699,6,0,10 23 20,1,15,,42664,6,0,13 30,1,15,,42700,6,0,10 23 20,1,15,,42665,6,0,13 30,1,55,,42701,6,0,10 23 20,1,15,,42666,6,0,13 30,1,13,,42702,6,0,10 23 20,1,14,,42667,6,0,13 30,1,15,,42703,6,0,10 23 20,1,55,,42668,6,0,13 30,1,13,,42704,6,0,10 23 20,1,19,,42669,6,0,13 30,1,55,,42705,6,0,10 23 20,1,15,,42670,6,0,13 30,1,15,,42706,6,0,10 23 20,1,15,,42671,6,0,13 30,1,13,,42707,6,0,10 23 20,1,59,,42672,6,0,13 30,1,11,,42708,6,0,10 23 20,1,24,,42673,6,0,13 30,1,55,,42709,6,0,10 23 20,1,15,,42674,6,0,13 30,1,12,,42710,6,0,10 23 20,1,15,,42675,6,0,13 30,1,55,,42711,6,0,10 23 20,1,15,,42676,6,0,13 30,1,15,,42712,6,0,10 23 20,1,15,,42677,6,0,13 30,1,55,,42713,6,0,10 23 20,1,10,,42678,6,0,13 30,1,24,,42714,6,0,10 23 20,1,12,,42679,6,0,13 30,1,63,,42715,6,0,10 23 20,1,17,,42680,6,0,13 30,1,23,,42716,6,0,10 23 20,1,57,,42681,6,0,13 30,1,23,,42717,6,0,10 23 20,1,20,,42682,6,0,13 30,1,57,,42718,6,0,10 23 20,1,17,,42683,6,0,13 30,1,20,,42719,6,0,10 23 20,1,55,,42684,6,0,13 30,1,20,,42720,6,0,10 23 20,1,20,,42685,6,0,13 30,1,72,,42721,6,0,45 3 21,1
200,'3',623,,42725,6,0,13 30,1,30,,42726,6,0,10 23 20,1,70,,42728,6,0,13 30,1,29,,42730,6,0,13 30,1,55,,42731,6,0,10 23 20,1,15,,42732,6,0,13 30,1,15,,42733,6,0,10 23 20,1,15,,42734,6,0,13 30,1,55,,42735,6,0,10 23 20,1,15,,42736,6,0,13 30,1,10,,42737,6,0,10 23 20,1,15,,42738,6,0,13 30,1,12,,42739,6,0,10 23 20,1,55,,42740,6,0,13 30,1,15,,42741,6,0,10 23 20,1,15,,42742,6,0,13 30,1,10,,42743,6,0,10 23 20,1,55,,42744,6,0,13 30,1,10,,42745,6,0,10 23 20,1,15,,42746,6,0,13 30,1,15,,42747,6,0,10 23 20,1,55,,42748,6,0,13 30,1,15,,42749,6,0,10 23 20,1,15,,42750,6,0,13 30,1,10,,42761,6,0,10 23 20,1,15,,42751,6,0,13 30,1,50,,42762,6,0,10 23 20,1,15,,42752,6,0,13 30,1,15,,42763,6,0,10 23 20,1,15,,42753,6,0,13 30,1,55,,42764,6,0,10 23 20,1,15,,42754,6,0,13 30,1,15,,42765,6,0,10 23 20,1,15,,42755,6,0,13 30,1,55,,42766,6,0,10 23 20,1,10,,42756,6,0,13 30,1,10,,42767,6,0,10 23 20,1,15,,42757,6,0,13 30,1,15,,42768,6,0,10 23 20,1,55,,42758,6,0,13 30,1,15,,42769,6,0,10 23 20,1,15,,42759,6,0,13 30,1,15,,42770,6,0,10 23 20,1,55,,42760,6,0,13 30,1,15,,42771,6,0,10 23 20,1,15,,42772,6,0,13 30,1,2,,42784,6,0,45 3 21,1,54,,42773,6,0,10 23 20,1,16,,42779,6,0,13 30,1,14,,42774,6,0,10 23 20,1,16,,42780,6,0,13 30,1,54,,42775,6,0,10 23 20,1,16,,42781,6,0,13 30,1,14,,42776,6,0,10 23 20,1,16,,42782,6,0,13 30,1,54,,42777,6,0,10 23 20,1,16,,42783,6,0,13 30,1,14,,42778,6,0,10 23 20,1,16,,42785,6,0,13 30,1,5,,42790,6,0,45 3 21,1,65,,42788,6,0,10 23 20,1,4,,42791,6,0,45 3 21,1,26,,42786,6,0,13 30,1,70,,42789,6,0,10 23 20,1,30,,42787,6,0,13 30,1,70,,42722,6,0,10 23 20,1,30,,42723,6,0,13 30,1,70,,42792,6,0,10 23 20,1,35,,42793,6,0,13 30,1,69,,42794,6,0,45 3 21,1
200,'30',653,,42797,6,0,13 30,1,70,,42800,6,0,10 23 20,1,30,,42802,6,0,13 30,1,70,,42801,6,0,10 23 20,1,30,,42803,6,0,13 30,1,64,,42804,6,0,10 23 20,1,25,,42808,6,0,13 30,1,65,,42805,6,0,10 23 20,1,25,,42809,6,0,13 30,1,25,,42806,6,0,10 23 20,1,65,,42810,6,0,10 23 20,1,24,,42807,6,0,10 23 20,1,55,,42811,6,0,13 30,1,15,,42823,6,0,10 23 20,1,15,,42812,6,0,13 30,1,15,,42824,6,0,10 23 20,1,55,,42813,6,0,13 30,1,15,,42825,6,0,10 23 20,1,15,,42814,6,0,13 30,1,15,,42826,6,0,10 23 20,1,55,,42815,6,0,13 30,1,15,,42827,6,0,10 23 20,1,15,,42816,6,0,13 30,1,15,,42828,6,0,10 23 20,1,55,,42817,6,0,13 30,1,15,,42829,6,0,10 23 20,1,15,,42818,6,0,13 30,1,15,,42830,6,0,10 23 20,1,55,,42819,6,0,13 30,1,15,,42831,6,0,10 23 20,1,15,,42820,6,0,13 30,1,15,,42832,6,0,10 23 20,1,55,,42821,6,0,13 30,1,15,,42833,6,0,10 23 20,1,15,,42822,6,0,13 30,1,15,,42834,6,0,10 23 20,1,65,,42837,6,0,13 30,1,5,,42848,6,0,45 3 21,1,20,,42843,6,0,10 23 20,1,65,,42838,6,0,13 30,1,25,,42844,6,0,10 23 20,1,25,,42839,6,0,13 30,1,65,,42845,6,0,10 23 20,1,25,,42840,6,0,13 30,1,65,,42846,6,0,10 23 20,1,25,,42841,6,0,13 30,1,25,,42847,6,0,10 23 20,1,65,,42842,6,0,13 30,1,30,,42796,6,0,10 23 20,1,70,,42795,6,0,45 3 21,1
200,'4',653,,42851,6,0,13 30,1,70,,42854,6,0,10 23 20,1,30,,42856,6,0,13 30,1,70,,42855,6,0,10 23 20,1,30,,42857,6,0,13 30,1,64,,42858,6,0,10 23 20,1,25,,42862,6,0,13 30,1,65,,42859,6,0,10 23 20,1,25,,42863,6,0,13 30,1,25,,42860,6,0,10 23 20,1,65,,42864,6,0,10 23 20,1,24,,42861,6,0,10 23 20,1,55,,42865,6,0,13 30,1,15,,42877,6,0,10 23 20,1,15,,42866,6,0,13 30,1,15,,42878,6,0,10 23 20,1,55,,42867,6,0,13 30,1,15,,42879,6,0,10 23 20,1,15,,42868,6,0,13 30,1,15,,42880,6,0,10 23 20,1,55,,42869,6,0,13 30,1,15,,42881,6,0,10 23 20,1,15,,42870,6,0,13 30,1,15,,42882,6,0,10 23 20,1,55,,42871,6,0,13 30,1,15,,42883,6,0,10 23 20,1,15,,42872,6,0,13 30,1,15,,42884,6,0,10 23 20,1,55,,42873,6,0,13 30,1,15,,42885,6,0,10 23 20,1,15,,42874,6,0,13 30,1,15,,42886,6,0,10 23 20,1,55,,42875,6,0,13 30,1,15,,42887,6,0,10 23 20,1,15,,42876,6,0,13 30,1,15,,42888,6,0,10 23 20,1,65,,42891,6,0,13 30,1,5,,42902,6,0,45 3 21,1,20,,42897,6,0,10 23 20,1,65,,42892,6,0,13 30,1,25,,42898,6,0,10 23 20,1,25,,42893,6,0,13 30,1,65,,42899,6,0,10 23 20,1,25,,42894,6,0,13 30,1,65,,42900,6,0,10 23 20,1,25,,42895,6,0,13 30,1,25,,42901,6,0,10 23 20,1,65,,42896,6,0,13 30,1,30,,42850,6,0,10 23 20,1,70,,42849,6,0,45 3 21,1
10601,'11802',849,,50671,6,,,1,688,,50669,6,,,1,90,,50670,6,,,1
10601,'3302',728,,50672,6,,,1,20,,50686,6,,,1,65,,50673,6,,,1,20,,50687,6,,,1,25,,50674,6,,,1,60,,50688,6,,,1,25,,50675,6,,,1,65,,50699,6,,,1,20,,50676,6,,,1,25,,50689,6,,,1,60,,50677,6,,,1,20,,50690,6,,,1,25,,50678,6,,,1,61,,50691,6,,,1,25,,50679,6,,,1,60,,50692,6,,,1,25,,50680,6,,,1,20,,50693,6,,,1,65,,50681,6,,,1,20,,50694,6,,,1,25,,50682,6,,,1,60,,50695,6,,,1,25,,50683,6,,,1,60,,50696,6,,,1,30,,50684,6,,,1,20,,50697,6,,,1,50,,50700,6,,,1,25,,50685,6,,,1,20,,50698,6,,,1,10,,50701,6,,,1,61,,50715,6,,,1,19,,50702,6,,,1,18,,50706,6,,,1,62,,50703,6,,,1,18,,50707,6,,,1,22,,50704,6,,,1,58,,50708,6,,,1,22,,50705,6,,,1,18,,50714,6,,,1,79,,50709,6,,,1,80,,50710,6,,,1,40,,50711,6,,,1,80,,50712,6,,,1,75,,50713,6,,,1
10601,'3602',738,,50716,6,,,1,20,,50730,6,,,1,65,,50717,6,,,1,20,,50731,6,,,1,65,,50718,6,,,1,20,,50732,6,,,1,25,,50719,6,,,1,65,,50733,6,,,1,20,,50720,6,,,1,65,,50734,6,,,1,20,,50721,6,,,1,20,,50735,6,,,1,66,,50722,6,,,1,20,,50736,6,,,1,25,,50723,6,,,1,60,,50737,6,,,1,25,,50724,6,,,1,20,,50738,6,,,1,65,,50725,6,,,1,20,,50739,6,,,1,65,,50726,6,,,1,20,,50740,6,,,1,25,,50727,6,,,1,65,,50741,6,,,1,25,,50728,6,,,1,75,,50742,6,,,1,20,,50729,6,,,1,71,,50750,6,,,1,20,,50743,6,,,1,18,,50744,6,,,1,60,,50745,6,,,1,21,,50746,6,,,1,18,,50747,6,,,1,62,,50748,6,,,1,18,,50751,6,,,1,20,,50749,6,,,1
10601,'3903',1126,,50752,6,,,1,86,,50753,6,,,1,40,,50754,6,,,1,80,,50755,6,,,1,80,,50756,6,,,1,45,,50757,6,,,1,85,,50758,6,,,1,90,,50759,6,,,1,90,,50760,6,,,1,85,,50761,6,,,1,40,,50762,6,,,1,80,,50763,6,,,1,80,,50764,6,,,1,40,,50765,6,,,1,79,,50766,6,,,1,80,,50767,6,,,1,40,,50768,6,,,1
10601,'6404',1126,,50769,6,,,1,86,,50770,6,,,1,40,,50771,6,,,1,80,,50772,6,,,1,80,,50773,6,,,1,45,,50774,6,,,1,85,,50775,6,,,1,90,,50776,6,,,1,90,,50777,6,,,1,85,,50778,6,,,1,40,,50779,6,,,1,80,,50780,6,,,1,80,,50781,6,,,1,40,,50782,6,,,1,79,,50783,6,,,1,80,,50784,6,,,1
