601,'2',621,,44069,8,,,1,37,,44071,8,,,1,75,,44072,8,,,1,25,,44073,8,,,1,65,,44074,8,,,1,25,,44075,8,,,1,69,,44077,8,,,1,25,,44078,8,,,1,70,,44079,8,,,1,30,,44080,8,,,1,65,,44081,8,,,1,30,,44082,8,,,1,69,,44083,8,,,1,30,,44084,8,,,1,70,,44085,8,,,1,25,,44086,8,,,1,70,,44087,8,,,1,30,,44088,8,,,1,70,,44089,8,,,1,30,,44090,8,,,1,70,,44091,8,,,1,25,,44092,8,,,1,30,,44093,8,,,1,70,,44094,8,,,1,30,,44095,8,,,1,65,,44096,8,,,1,25,,44097,8,,,1,65,,44098,8,,,1,25,,44099,8,,,1,21,,44100,8,,,1,65,,44101,8,,,1,26,,44102,8,,,1,65,,44103,8,,,1,25,,44104,8,,,1,65,,44105,8,,,1,25,,44106,8,,,1,25,,44107,8,,,1,65,,44108,8,,,1,26,,44109,8,,,1,67,,44110,8,,,1,43,,44111,8,,,1
601,'3',611,,44113,8,,,1,33,,44114,8,,,1,75,,44115,8,,,1,35,,44116,8,,,1,75,,44117,8,,,1,75,,44118,8,,,1,35,,44119,8,,,1,65,,44120,8,,,1,20,,44121,8,,,1,30,,44122,8,,,1,65,,44123,8,,,1,20,,44124,8,,,1,69,,44126,8,,,1,20,,44127,8,,,1,20,,44128,8,,,1,60,,44129,8,,,1,20,,44130,8,,,1,20,,44131,8,,,1,59,,44132,8,,,1,20,,44133,8,,,1,20,,44134,8,,,1,60,,44135,8,,,1,20,,44136,8,,,1,20,,44137,8,,,1,60,,44138,8,,,1,20,,44139,8,,,1,20,,44140,8,,,1,60,,44141,8,,,1,20,,44142,8,,,1,20,,44143,8,,,1,60,,44144,8,,,1,20,,44146,8,,,1,17,,44145,8,0,37 3 45,1,59,,44147,8,,,1,25,,44148,8,,,1,25,,44149,8,,,1,65,,44150,8,,,1,28,,44151,8,,,1,59,,44152,8,0,37 3 45,1,22,,44153,8,,,1,30,,44154,8,,,1,76,,44155,8,,,1,76,,44156,8,,,1,36,,44157,8,,,1,73,,44158,8,,,1,35,,44159,8,,,1
601,'30',909,,44160,8,,,1,33,,44161,8,,,1,75,,44162,8,,,1,35,,44163,8,,,1,78,,44164,8,,,1,78,,44165,8,,,1,25,,44166,8,,,1,25,,44167,8,,,1,65,,44168,8,,,1,25,,44169,8,,,1,65,,44170,8,,,1,25,,44171,8,,,1,65,,44172,8,,,1,25,,44173,8,,,1,25,,44174,8,,,1,65,,44175,8,,,1,25,,44176,8,,,1,70,,44177,8,,,1,25,,44178,8,,,1,13,,44179,8,0,37 3 45,1,64,,44180,8,,,1,32,,44181,8,,,1,75,,44182,8,,,1,35,,44183,8,,,1,75,,44184,8,,,1,75,,44185,8,,,1,35,,44186,8,,,1,74,,44187,8,,,1,35,,44189,8,,,1,73,,44188,8,0,37 3 45,1
601,'4',909,,44190,8,,,1,33,,44191,8,,,1,75,,44192,8,,,1,35,,44193,8,,,1,78,,44194,8,,,1,78,,44195,8,,,1,25,,44196,8,,,1,25,,44197,8,,,1,65,,44198,8,,,1,25,,44199,8,,,1,65,,44200,8,,,1,25,,44201,8,,,1,65,,44202,8,,,1,25,,44203,8,,,1,25,,44204,8,,,1,65,,44205,8,,,1,25,,44206,8,,,1,70,,44207,8,,,1,25,,44208,8,,,1,13,,44209,8,0,37 3 45,1,64,,44210,8,,,1,32,,44211,8,,,1,75,,44212,8,,,1,35,,44213,8,,,1,75,,44214,8,,,1,75,,44215,8,,,1,35,,44216,8,,,1,74,,44217,8,,,1,35,,44219,8,,,1,73,,44218,8,0,37 3 45,1
1300,'11802',831,,45507,16,,,1,728,,45508,16,,,1,170,,45509,16,,,1
1300,'2',621,,45511,16,0,10 18 19 20,1,18,,45512,16,,,1,14,,45513,16,0,10 18 19 20,1,55,,45514,16,,,1,10,,45515,16,0,10 18 19 20,1,15,,45516,16,,,1,15,,45517,16,0,10 18 19 20,1,55,,45518,16,,,1,15,,45519,16,0,10 18 19 20,1,15,,45520,16,,,1,15,,45521,16,0,10 18 19 20,1,55,,45522,16,,,1,15,,45523,16,0,10 18 19 20,1,15,,45524,16,,,1,15,,45525,16,0,10 18 19 20,1,10,,45526,16,,,1,55,,45527,16,0,10 18 19 20,1,15,,45528,16,,,1,15,,45529,16,0,10 18 19 20,1,15,,45530,16,,,1,55,,45531,16,0,10 18 19 20,1,15,,45532,16,,,1,15,,45533,16,0,10 18 19 20,1,10,,45534,16,,,1,55,,45535,16,0,10 18 19 20,1,15,,45536,16,,,1,15,,45537,16,0,10 18 19 20,1,15,,45538,16,,,1,55,,45539,16,0,10 18 19 20,1,15,,45540,16,,,1,15,,45541,16,0,10 18 19 20,1,15,,45542,16,,,1,55,,45543,16,0,10 18 19 20,1,15,,45544,16,,,1,15,,45545,16,0,10 18 19 20,1,15,,45546,16,,,1,55,,45547,16,0,10 18 19 20,1,15,,45548,16,,,1,15,,45549,16,0,10 18 19 20,1,15,,45550,16,,,1,53,,45551,16,0,10 18 19 20,1,15,,45552,16,,,1,15,,45553,16,0,10 18 19 20,1,15,,45554,16,,,1,55,,45555,16,0,10 18 19 20,1,15,,45556,16,,,1,15,,45557,16,0,10 18 19 20,1,15,,45558,16,,,1,57,,45559,16,0,10 18 19 20,1,20,,45564,16,,,1,20,,45560,16,0,10 18 19 20,1,60,,45565,16,,,1,20,,45561,16,0,10 18 19 20,1,20,,45566,16,,,1,60,,45562,16,0,10 18 19 20,1,20,,45567,16,,,1,20,,45563,16,,,1,70,,45568,16,0,10 18 19 20,1,25,,45571,16,,,1,65,,45569,16,0,10 18 19 20,1,27,,45572,16,,,1,73,,45570,16,0,10 18 19 20,1,30,,45573,16,,,1,66,,45575,16,0,10 18 19 20,1,47,,45574,16,,,1
1300,'3',621,,45580,16,0,10 18 19 20,1,38,,45581,16,,,1,75,,45582,16,0,10 18 19 20,1,74,,45583,16,,,1,11,,45587,16,0,10 18 19 20,1,16,,45584,16,,,1,16,,45588,16,0,10 18 19 20,1,56,,45585,16,,,1,16,,45589,16,,,1,16,,45586,16,0,10 18 19 20,1,16,,45590,16,,,1,55,,45591,16,0,10 18 19 20,1,15,,45596,16,,,1,15,,45592,16,0,10 18 19 20,1,15,,45597,16,,,1,55,,45593,16,0,10 18 19 20,1,15,,45598,16,,,1,15,,45594,16,0,10 18 19 20,1,15,,45599,16,,,1,55,,45595,16,,,1,15,,45600,16,0,10 18 19 20,1,15,,45609,16,,,1,15,,45601,16,0,10 18 19 20,1,55,,45610,16,,,1,15,,45602,16,0,10 18 19 20,1,15,,45611,16,,,1,15,,45603,16,0,10 18 19 20,1,55,,45612,16,,,1,15,,45604,16,0,10 18 19 20,1,15,,45613,16,,,1,15,,45605,16,0,10 18 19 20,1,55,,45614,16,,,1,15,,45606,16,0,10 18 19 20,1,15,,45615,16,,,1,15,,45607,16,0,10 18 19 20,1,55,,45616,16,,,1,15,,45608,16,0,10 18 19 20,1,10,,45617,16,,,1,15,,45620,16,0,10 18 19 20,1,55,,45618,16,,,1,15,,45621,16,0,10 18 19 20,1,15,,45619,16,,,1,15,,45622,16,,,1,54,,45623,16,0,10 18 19 20,1,15,,45647,16,,,1,15,,45627,16,,,1,15,,45624,16,0,10 18 19 20,1,60,,45628,16,,,1,15,,45625,16,0,10 18 19 20,1,20,,45629,16,,,1,60,,45626,16,0,10 18 19 20,1,20,,45630,16,,,1,20,,45634,16,,,1,70,,45631,16,0,10 18 19 20,1,25,,45635,16,,,1,65,,45632,16,0,10 18 19 20,1,30,,45636,16,,,1,70,,45633,16,0,10 18 19 20,1,19,,45637,16,,,1,20,,45638,16,0,10 18 19 20,1,71,,45640,16,,,1,37,,45639,16,0,10 18 19 20,1
1300,'30',650,,45670,16,,,1,83,,45672,16,0,10 18 19 20,1,75,,45671,16,,,1,35,,45673,16,0,10 18 19 20,1,75,,45658,16,,,1,30,,45669,16,0,10 18 19 20,1,55,,45657,16,,,1,30,,45668,16,0,10 18 19 20,1,70,,45656,16,,,1,30,,45667,16,0,10 18 19 20,1,24,,45655,16,,,1,72,,45666,16,0,10 18 19 20,1,30,,45654,16,,,1,70,,45665,16,0,10 18 19 20,1,30,,45653,16,,,1,70,,45664,16,0,10 18 19 20,1,30,,45652,16,,,1,70,,45663,16,0,10 18 19 20,1,30,,45651,16,,,1,70,,45662,16,0,10 18 19 20,1,30,,45650,16,,,1,70,,45661,16,0,10 18 19 20,1,25,,45649,16,,,1,70,,45660,16,0,10 18 19 20,1,31,,45648,16,,,1,65,,45674,16,0,10 18 19 20,1,20,,45677,16,,,1,70,,45675,16,0,10 18 19 20,1,30,,45678,16,,,1,70,,45676,16,0,10 18 19 20,1,30,,45679,16,0,10 18 19 20,1,71,,45680,16,,,1,41,,45659,16,0,10 18 19 20,1
1300,'4',650,,45703,16,,,1,83,,45705,16,0,10 18 19 20,1,75,,45704,16,,,1,35,,45706,16,0,10 18 19 20,1,75,,45691,16,,,1,30,,45702,16,0,10 18 19 20,1,55,,45690,16,,,1,30,,45701,16,0,10 18 19 20,1,70,,45689,16,,,1,30,,45700,16,0,10 18 19 20,1,24,,45688,16,,,1,72,,45699,16,0,10 18 19 20,1,30,,45687,16,,,1,70,,45698,16,0,10 18 19 20,1,30,,45686,16,,,1,70,,45697,16,0,10 18 19 20,1,30,,45685,16,,,1,70,,45696,16,0,10 18 19 20,1,30,,45684,16,,,1,70,,45695,16,0,10 18 19 20,1,30,,45683,16,,,1,70,,45694,16,0,10 18 19 20,1,25,,45682,16,,,1,70,,45693,16,0,10 18 19 20,1,31,,45681,16,,,1,65,,45707,16,0,10 18 19 20,1,20,,45710,16,,,1,70,,45708,16,0,10 18 19 20,1,30,,45711,16,,,1,70,,45709,16,0,10 18 19 20,1,30,,45712,16,0,10 18 19 20,1,71,,45713,16,,,1,41,,45692,16,0,10 18 19 20,1
1500,'2',621,,45918,28,0,13 28 3 8,1,22,,45919,28,0,13 28 3 8,1,60,,45923,28,0,10 29,1,15,,45920,28,0,13 28 3 8,1,15,,45924,28,0,10 29,1,12,,45921,28,0,13 28 3 8,1,56,,45925,28,0,10 29,1,16,,45922,28,0,13 28 3 8,1,16,,45926,28,0,10 29,1,16,,45927,28,0,13 28 3 8,1,55,,45944,28,0,10 29,1,15,,45928,28,0,13 28 3 8,1,15,,45945,28,0,10 29,1,15,,45929,28,0,13 28 3 8,1,55,,45946,28,0,10 29,1,15,,45930,28,0,13 28 3 8,1,15,,45947,28,0,10 29,1,15,,45931,28,0,13 28 3 8,1,55,,45948,28,0,10 29,1,15,,45932,28,0,13 28 3 8,1,15,,45949,28,0,10 29,1,15,,45933,28,0,13 28 3 8,1,55,,45950,28,0,10 29,1,15,,45934,28,0,13 28 3 8,1,15,,45951,28,0,10 29,1,15,,45935,28,0,13 28 3 8,1,55,,45952,28,0,10 29,1,15,,45936,28,0,13 28 3 8,1,15,,45953,28,0,10 29,1,15,,45937,28,0,13 28 3 8,1,54,,45954,28,0,10 29,1,15,,45938,28,0,13 28 3 8,1,15,,45955,28,0,10 29,1,15,,45939,28,0,13 28 3 8,1,10,,45956,28,0,10 29,1,55,,45940,28,0,13 28 3 8,1,15,,45957,28,0,10 29,1,14,,45941,28,0,13 28 3 8,1,17,,45958,28,0,10 29,1,55,,45942,28,0,13 28 3 8,1,17,,45959,28,0,10 29,1,17,,45943,28,0,13 28 3 8,1,57,,45960,28,0,10 29,1,15,,45961,28,0,13 28 3 8,1,17,,45962,28,0,10 29,1,17,,45963,28,0,13 28 3 8,1,59,,45965,28,0,10 29,1,14,,45966,28,0,13 28 3 8,1,26,,45967,28,0,10 29,1,60,,45968,28,0,13 28 3 8,1,20,,45969,28,0,10 29,1,25,,45970,28,0,13 28 3 8,1,70,,45971,28,0,10 29,1,30,,45972,28,0,13 28 3 8,1,67,,45973,28,0,10 29,1,30,,45974,28,0,13 28 3 8,1,70,,45975,28,0,10 29,1,30,,45976,28,0,13 28 3 8,1,70,,45977,28,0,10 29,1,30,,45978,28,0,13 28 3 8,1,68,,45979,28,0,10 29,1,30,,45964,28,0,13 28 3 8,1
1500,'3',621,,45985,28,0,10 29,1,27,,45986,28,0,13 28 3 8,1,70,,45987,28,0,10 29,1,30,,45988,28,0,13 28 3 8,1,64,,45990,28,0,10 29,1,31,,45989,28,0,13 28 3 8,1,69,,45991,28,0,10 29,1,31,,45992,28,0,13 28 3 8,1,70,,45993,28,0,10 29,1,19,,46005,28,0,13 28 3 8,1,16,,45994,28,0,10 29,1,59,,46006,28,0,13 28 3 8,1,21,,45995,28,0,10 29,1,19,,46007,28,0,13 28 3 8,1,60,,45996,28,0,10 29,1,20,,46008,28,0,13 28 3 8,1,20,,45997,28,0,10 29,1,60,,46009,28,0,13 28 3 8,1,20,,45998,28,0,10 29,1,20,,46010,28,0,13 28 3 8,1,60,,45999,28,0,10 29,1,20,,46011,28,0,13 28 3 8,1,20,,46000,28,0,10 29,1,60,,46012,28,0,13 28 3 8,1,20,,46001,28,0,10 29,1,20,,46013,28,0,13 28 3 8,1,60,,46002,28,0,10 29,1,20,,46014,28,0,13 28 3 8,1,20,,46003,28,0,10 29,1,60,,46015,28,0,13 28 3 8,1,18,,46004,28,0,13 28 3 8,1,22,,46016,28,0,10 29,1,71,,46022,28,0,13 28 3 8,1,29,,46017,28,0,10 29,1,71,,46023,28,0,13 28 3 8,1,29,,46018,28,0,10 29,1,71,,46024,28,0,13 28 3 8,1,29,,46019,28,0,10 29,1,66,,46025,28,0,13 28 3 8,1,30,,46020,28,0,10 29,1,65,,46026,28,0,13 28 3 8,1,25,,46021,28,0,10 29,1,70,,46027,28,0,13 28 3 8,1,26,,46029,28,0,10 29,1,30,,46033,28,0,10 29,1,92,,46028,28,0,10 29,1
1500,'30',624,,46071,28,0,10 29,1,28,,46034,28,0,13 28 3 8,1,65,,46070,28,0,10 29,1,27,,46069,28,0,13 28 3 8,1,65,,46035,28,0,10 29,1,34,,46036,28,0,13 28 3 8,1,67,,46037,28,0,10 29,1,22,,46038,28,0,13 28 3 8,1,22,,46039,28,0,10 29,1,70,,46040,28,0,13 28 3 8,1,30,,46041,28,0,10 29,1,65,,46042,28,0,13 28 3 8,1,27,,46043,28,0,10 29,1,69,,46044,28,0,13 28 3 8,1,30,,46045,28,0,10 29,1,70,,46046,28,0,13 28 3 8,1,30,,46047,28,0,10 29,1,70,,46048,28,0,13 28 3 8,1,30,,46049,28,0,10 29,1,70,,46050,28,0,13 28 3 8,1,30,,46051,28,0,10 29,1,70,,46052,28,0,13 28 3 8,1,30,,46053,28,0,10 29,1,71,,46054,28,0,13 28 3 8,1,30,,46055,28,0,10 29,1,70,,46056,28,0,13 28 3 8,1,25,,46057,28,0,10 29,1,70,,46058,28,0,13 28 3 8,1,25,,46059,28,0,10 29,1,70,,46060,28,0,13 28 3 8,1,30,,46061,28,0,10 29,1,65,,46062,28,0,13 28 3 8,1,30,,46063,28,0,10 29,1,27,,46064,28,0,13 28 3 8,1,69,,46065,28,0,10 29,1,24,,46066,28,0,13 28 3 8,1
1500,'4',624,,46109,28,0,10 29,1,28,,46072,28,0,13 28 3 8,1,65,,46108,28,0,10 29,1,27,,46107,28,0,13 28 3 8,1,65,,46073,28,0,10 29,1,34,,46074,28,0,13 28 3 8,1,67,,46075,28,0,10 29,1,22,,46076,28,0,13 28 3 8,1,22,,46077,28,0,10 29,1,70,,46078,28,0,13 28 3 8,1,30,,46079,28,0,10 29,1,65,,46080,28,0,13 28 3 8,1,27,,46081,28,0,10 29,1,69,,46082,28,0,13 28 3 8,1,30,,46083,28,0,10 29,1,70,,46084,28,0,13 28 3 8,1,30,,46085,28,0,10 29,1,70,,46086,28,0,13 28 3 8,1,30,,46087,28,0,10 29,1,70,,46088,28,0,13 28 3 8,1,30,,46089,28,0,10 29,1,70,,46090,28,0,13 28 3 8,1,30,,46091,28,0,10 29,1,71,,46092,28,0,13 28 3 8,1,30,,46093,28,0,10 29,1,70,,46094,28,0,13 28 3 8,1,25,,46095,28,0,10 29,1,70,,46096,28,0,13 28 3 8,1,25,,46097,28,0,10 29,1,70,,46098,28,0,13 28 3 8,1,30,,46099,28,0,10 29,1,65,,46100,28,0,13 28 3 8,1,30,,46101,28,0,10 29,1,27,,46102,28,0,13 28 3 8,1,69,,46103,28,0,10 29,1,24,,46104,28,0,13 28 3 8,1
9000,'2',638,,49464,4,,,1,15,,49465,4,,,1,58,,49466,4,,,1,15,,49467,4,,,1,15,,49468,4,,,1,15,,49469,4,,,1,55,,49470,4,,,1,15,,49471,4,,,1,15,,49472,4,,,1,15,,49473,4,,,1,53,,49474,4,,,1,15,,49475,4,,,1,15,,49476,4,,,1,15,,49477,4,,,1,55,,49478,4,,,1,15,,49479,4,,,1,15,,49480,4,,,1,15,,49481,4,,,1,55,,49482,4,,,1,15,,49483,4,,,1,15,,49484,4,,,1,15,,49485,4,,,1,55,,49486,4,,,1,15,,49487,4,,,1,15,,49488,4,,,1,15,,49489,4,,,1,55,,49490,4,,,1,15,,49491,4,,,1,15,,49492,4,,,1,15,,49493,4,,,1,56,,49494,4,,,1,15,,49495,4,,,1,15,,49496,4,,,1,15,,49497,4,,,1,59,,49498,4,,,1,15,,49499,4,,,1,15,,49500,4,,,1,15,,49501,4,,,1,56,,49502,4,,,1,15,,49503,4,,,1,15,,49504,4,,,1,55,,49505,4,,,1,12,,49506,4,,,1,16,,49507,4,,,1,17,,49508,4,,,1,55,,49509,4,,,1,13,,49510,4,,,1,27,,49511,4,,,1,67,,49512,4,,,1,27,,49513,4,,,1,67,,49514,4,,,1,27,,49515,4,,,1,27,,49516,4,,,1,65,,49517,4,,,1,22,,49518,4,,,1
9000,'3',822,,49537,4,,,1,30,,49538,4,,,1,70,,49539,4,,,1,30,,49540,4,,,1,70,,49541,4,,,1,25,,49536,4,,,1,65,,49535,4,,,1,25,,49534,4,,,1,65,,49533,4,,,1,25,,49532,4,,,1,25,,49531,4,,,1,65,,49530,4,,,1,25,,49529,4,,,1,65,,49528,4,,,1,25,,49527,4,,,1,25,,49526,4,,,1,65,,49525,4,,,1,25,,49524,4,,,1,65,,49523,4,,,1,25,,49522,4,,,1,65,,49521,4,,,1,25,,49520,4,,,1,25,,49519,4,,,1
9000,'4',1002,,49543,4,,,1,20,,49544,4,,,1,20,,49545,4,,,1,60,,49546,4,,,1,20,,49547,4,,,1,20,,49548,4,,,1,60,,49549,4,,,1,21,,49550,4,,,1,16,,49551,4,,,1,16,,49552,4,,,1,56,,49553,4,,,1,16,,49554,4,,,1,16,,49555,4,,,1,16,,49556,4,,,1,56,,49557,4,,,1,16,,49558,4,,,1,16,,49559,4,,,1,56,,49560,4,,,1,16,,49561,4,,,1,16,,49562,4,,,1,16,,49563,4,,,1,56,,49564,4,,,1,16,,49565,4,,,1,16,,49566,4,,,1,61,,49567,4,,,1,17,,49568,4,,,1,20,,49569,4,,,1,70,,49570,4,,,1,25,,49571,4,,,1,25,,49572,4,,,1,50,,49542,4,,,1,30,,49573,4,,,1
10200,'11802',855,,50235,12,,,1,867,,50234,12,,,1
10200,'3302',638,,50295,12,,,1,65,,50294,12,,,1,25,,50293,12,,,1,20,,50292,12,,,1,70,,50291,12,,,1,23,,50236,12,,,1,10,,50237,12,,,1,59,,50238,12,,,1,21,,50239,12,,,1,10,,50240,12,,,1,60,,50241,12,,,1,20,,50242,12,,,1,5,,50243,12,,,1,18,,50244,12,,,1,62,,50245,12,,,1,11,,50246,12,,,1,11,,50247,12,,,1,21,,50248,12,,,1,51,,50249,12,,,1,11,,50250,12,,,1,22,,50251,12,,,1,11,,50252,12,,,1,11,,50253,12,,,1,62,,50254,12,,,1,11,,50255,12,,,1,11,,50256,12,,,1,62,,50257,12,,,1,11,,50258,12,,,1,13,,50259,12,,,1,25,,50260,12,,,1,52,,50261,12,,,1,12,,50262,12,,,1,22,,50263,12,,,1,14,,50264,12,,,1,52,,50265,12,,,1,24,,50266,12,,,1,12,,50267,12,,,1,12,,50268,12,,,1,64,,50269,12,,,1,15,,50270,12,,,1,12,,50271,12,,,1,16,,50273,12,,,1,51,,50272,12,,,1,13,,50274,12,,,1,30,,50275,12,,,1,55,,50276,12,,,1,30,,50277,12,,,1,15,,50278,12,,,1,70,,50279,12,,,1,17,,50280,12,,,1,67,,50281,12,,,1,20,,50282,12,,,1,20,,50283,12,,,1,60,,50284,12,,,1,20,,50285,12,,,1,20,,50286,12,,,1,60,,50287,12,,,1,20,,50288,12,,,1,17,,50290,12,,,1,60,,50289,12,,,1
10200,'3602',859,,50296,12,,,1,62,,50297,12,,,1,30,,50298,12,,,1,60,,50299,12,,,1,19,,50303,12,,,1,25,,50300,12,,,1,84,,50301,12,,,1,83,,50302,12,,,1,84,,50304,12,,,1,44,,50305,12,,,1,88,,50306,12,,,1,88,,50307,12,,,1,88,,50308,12,,,1,88,,50309,12,,,1,49,,50310,12,,,1,85,,50311,12,,,1,85,,50312,12,,,1,85,,50313,12,,,1,41,,50314,12,,,1
10200,'3903',1110,,50315,12,,,1,42,,50316,12,,,1,83,,50317,12,,,1,80,,50318,12,,,1,40,,50319,12,,,1,81,,50320,12,,,1,80,,50321,12,,,1,42,,50322,12,,,1,84,,50323,12,,,1,85,,50324,12,,,1,83,,50325,12,,,1,40,,50326,12,,,1,80,,50327,12,,,1,80,,50328,12,,,1,40,,50329,12,,,1,74,,50330,12,,,1,35,,50331,12,,,1,75,,50332,12,,,1,75,,50333,12,,,1
10200,'6404',1110,,50334,12,,,1,42,,50335,12,,,1,83,,50336,12,,,1,80,,50337,12,,,1,40,,50338,12,,,1,81,,50339,12,,,1,80,,50340,12,,,1,42,,50341,12,,,1,84,,50342,12,,,1,85,,50343,12,,,1,83,,50344,12,,,1,40,,50345,12,,,1,80,,50346,12,,,1,80,,50347,12,,,1,40,,50348,12,,,1,74,,50349,12,,,1,35,,50350,12,,,1
