400,'11802',1456,,43357,12,0,13 18 19 20,1,287,,43358,12,0,10 18 19 20,1
400,'2',617,,43385,12,0,13 18 19 20,1,40,,43384,12,0,10 18 19 20,1,55,,43383,12,0,13 18 19 20,1,15,,43382,12,0,10 18 19 20,1,15,,43381,12,0,13 18 19 20,1,15,,43380,12,0,10 18 19 20,1,55,,43379,12,0,13 18 19 20,1,15,,43378,12,0,10 18 19 20,1,15,,43377,12,0,13 18 19 20,1,60,,43376,12,0,10 18 19 20,1,20,,43375,12,0,13 18 19 20,1,20,,43374,12,0,10 18 19 20,1,60,,43373,12,0,13 18 19 20,1,20,,43372,12,0,10 18 19 20,1,20,,43371,12,0,13 18 19 20,1,60,,43370,12,0,10 18 19 20,1,20,,43369,12,0,13 18 19 20,1,20,,43368,12,0,10 18 19 20,1,60,,43367,12,0,13 18 19 20,1,20,,43366,12,0,10 18 19 20,1,20,,43365,12,0,13 18 19 20,1,60,,43364,12,0,10 18 19 20,1,20,,43363,12,0,13 18 19 20,1,17,,43362,12,0,10 18 19 20,1,14,,43387,12,0,13 18 19 20,1,50,,43388,12,0,10 18 19 20,1,15,,43396,12,0,13 18 19 20,1,15,,43389,12,0,10 18 19 20,1,15,,43397,12,0,13 18 19 20,1,55,,43390,12,0,10 18 19 20,1,15,,43398,12,0,13 18 19 20,1,15,,43391,12,0,10 18 19 20,1,14,,43399,12,0,13 18 19 20,1,54,,43392,12,0,10 18 19 20,1,15,,43400,12,0,13 18 19 20,1,10,,43393,12,0,10 18 19 20,1,15,,43401,12,0,13 18 19 20,1,15,,43394,12,0,10 18 19 20,1,50,,43402,12,0,13 18 19 20,1,15,,43395,12,0,10 18 19 20,1,10,,43403,12,0,13 18 19 20,1,23,,43404,12,0,10 18 19 20,1,60,,43405,12,0,13 18 19 20,1,15,,43409,12,0,10 18 19 20,1,20,,43406,12,0,13 18 19 20,1,60,,43410,12,0,10 18 19 20,1,20,,43407,12,0,13 18 19 20,1,20,,43411,12,0,10 18 19 20,1,60,,43408,12,0,13 18 19 20,1,17,,43412,12,0,10 18 19 20,1,15,,43413,12,0,13 18 19 20,1,66,,43416,12,0,10 18 19 20,1,30,,43414,12,0,13 18 19 20,1,70,,43417,12,0,10 18 19 20,1,30,,43415,12,0,13 18 19 20,1,72,,43418,12,0,10 18 19 20,1,40,,43419,12,0,13 18 19 20,1,99,,43420,12,0,13 18 19 20,1
400,'3',606,,43423,12,0,13 18 19 20,1,13,,43422,12,0,10 18 19 20,1,32,,43425,12,0,13 18 19 20,1,70,,43432,12,0,10 18 19 20,1,30,,43426,12,0,13 18 19 20,1,68,,43433,12,0,10 18 19 20,1,30,,43427,12,0,13 18 19 20,1,70,,43434,12,0,10 18 19 20,1,30,,43428,12,0,13 18 19 20,1,69,,43435,12,0,10 18 19 20,1,30,,43429,12,0,13 18 19 20,1,70,,43436,12,0,10 18 19 20,1,30,,43430,12,0,13 18 19 20,1,66,,43437,12,0,10 18 19 20,1,29,,43431,12,0,13 18 19 20,1,63,,43438,12,0,10 18 19 20,1,20,,43443,12,0,13 18 19 20,1,25,,43439,12,0,10 18 19 20,1,65,,43444,12,0,13 18 19 20,1,25,,43440,12,0,10 18 19 20,1,65,,43445,12,0,13 18 19 20,1,25,,43441,12,0,10 18 19 20,1,25,,43446,12,0,13 18 19 20,1,65,,43442,12,0,10 18 19 20,1,25,,43447,12,0,13 18 19 20,1,65,,43454,12,0,10 18 19 20,1,25,,43450,12,0,13 18 19 20,1,65,,43455,12,0,10 18 19 20,1,25,,43451,12,0,13 18 19 20,1,25,,43456,12,0,10 18 19 20,1,65,,43452,12,0,13 18 19 20,1,25,,43457,12,0,10 18 19 20,1,65,,43453,12,0,13 18 19 20,1,25,,43458,12,0,10 18 19 20,1,22,,43459,12,0,13 18 19 20,1,70,,43462,12,0,10 18 19 20,1,35,,43460,12,0,13 18 19 20,1,70,,43463,12,0,10 18 19 20,1,30,,43461,12,0,13 18 19 20,1,70,,43464,12,0,10 18 19 20,1,27,,43448,12,0,13 18 19 20,1,94,,43449,12,0,10 18 19 20,1
400,'30',649,,43495,12,0,13 18 19 20,1,82,,43496,12,0,10 18 19 20,1,80,,43497,12,0,13 18 19 20,1,43,,43467,12,0,10 18 19 20,1,74,,43468,12,0,13 18 19 20,1,25,,43469,12,0,10 18 19 20,1,70,,43470,12,0,13 18 19 20,1,30,,43471,12,0,10 18 19 20,1,70,,43472,12,0,13 18 19 20,1,30,,43473,12,0,10 18 19 20,1,66,,43474,12,0,13 18 19 20,1,30,,43475,12,0,10 18 19 20,1,70,,43476,12,0,13 18 19 20,1,30,,43477,12,0,10 18 19 20,1,70,,43478,12,0,13 18 19 20,1,30,,43479,12,0,10 18 19 20,1,70,,43480,12,0,13 18 19 20,1,30,,43481,12,0,10 18 19 20,1,70,,43482,12,0,13 18 19 20,1,30,,43483,12,0,10 18 19 20,1,70,,43484,12,0,13 18 19 20,1,30,,43485,12,0,10 18 19 20,1,72,,43486,12,0,13 18 19 20,1,30,,43487,12,0,10 18 19 20,1,70,,43488,12,0,13 18 19 20,1,30,,43489,12,0,10 18 19 20,1,70,,43490,12,0,13 18 19 20,1,30,,43491,12,0,10 18 19 20,1,70,,43492,12,0,13 18 19 20,1,30,,43493,12,0,10 18 19 20,1,66,,43494,12,0,13 18 19 20,1,29,,43465,12,0,10 18 19 20,1
400,'4',649,,43528,12,0,13 18 19 20,1,82,,43529,12,0,10 18 19 20,1,80,,43530,12,0,13 18 19 20,1,43,,43500,12,0,10 18 19 20,1,74,,43501,12,0,13 18 19 20,1,25,,43502,12,0,10 18 19 20,1,70,,43503,12,0,13 18 19 20,1,30,,43504,12,0,10 18 19 20,1,70,,43505,12,0,13 18 19 20,1,30,,43506,12,0,10 18 19 20,1,66,,43507,12,0,13 18 19 20,1,30,,43508,12,0,10 18 19 20,1,70,,43509,12,0,13 18 19 20,1,30,,43510,12,0,10 18 19 20,1,70,,43511,12,0,13 18 19 20,1,30,,43512,12,0,10 18 19 20,1,70,,43513,12,0,13 18 19 20,1,30,,43514,12,0,10 18 19 20,1,70,,43515,12,0,13 18 19 20,1,30,,43516,12,0,10 18 19 20,1,70,,43517,12,0,13 18 19 20,1,30,,43518,12,0,10 18 19 20,1,72,,43519,12,0,13 18 19 20,1,30,,43520,12,0,10 18 19 20,1,70,,43521,12,0,13 18 19 20,1,30,,43522,12,0,10 18 19 20,1,70,,43523,12,0,13 18 19 20,1,30,,43524,12,0,10 18 19 20,1,70,,43525,12,0,13 18 19 20,1,30,,43526,12,0,10 18 19 20,1,66,,43527,12,0,13 18 19 20,1,29,,43498,12,0,10 18 19 20,1
1701,'11802',1545,,46896,11,0,54 3 35,1,80,,46897,11,0,54 3 35,1
1701,'2',622,,46912,25,0,13 33,1,18,,46953,25,0,10 31,1,16,,46913,25,0,13 33,1,60,,46914,25,0,10 31,1,20,,46915,25,0,13 33,1,20,,46916,25,0,10 31,1,60,,46917,25,0,13 33,1,20,,46918,25,0,10 31,1,21,,46919,25,0,13 33,1,60,,46920,25,0,10 31,1,20,,46921,25,0,13 33,1,20,,46922,25,0,10 31,1,60,,46923,25,0,13 33,1,20,,46924,25,0,10 31,1,19,,46925,25,0,13 33,1,60,,46926,25,0,10 31,1,19,,46927,25,0,13 33,1,20,,46928,25,0,10 31,1,60,,46929,25,0,13 33,1,20,,46930,25,0,10 31,1,21,,46931,25,0,13 33,1,60,,46932,25,0,10 31,1,21,,46933,25,0,13 33,1,21,,46934,25,0,10 31,1,61,,46935,25,0,13 33,1,16,,46936,25,0,10 31,1,20,,46937,25,0,13 33,1,60,,46938,25,0,10 31,1,20,,46939,25,0,13 33,1,20,,46940,25,0,10 31,1,60,,46941,25,0,13 33,1,20,,46942,25,0,10 31,1,15,,46943,25,0,13 33,1,55,,46944,25,0,10 31,1,20,,46945,25,0,13 33,1,18,,46946,25,0,10 31,1,63,,46947,25,0,13 33,1,19,,46908,25,0,10 31,1,19,,46907,25,0,10 31,1,59,,46906,25,0,10 31,1,19,,46905,25,0,10 31,1,19,,46904,25,0,10 31,1,59,,46903,25,0,10 31,1,19,,46902,25,0,10 31,1,25,,46901,25,0,10 31,1,68,,46899,25,0,10 31,1,30,,46900,25,0,10 31,1,60,,46948,25,0,10 31,1,25,,46949,25,0,10 31,1,25,,46950,25,0,10 31,1,65,,46951,25,0,10 31,1,22,,46952,25,0,10 31,1,65,,46909,25,0,10 31,1,50,,46955,25,0,10 31,1
1701,'3',610,,46990,25,0,10 31,1,35,,46989,25,0,10 31,1,74,,46988,25,0,10 31,1,35,,46956,25,0,10 31,1,75,,46987,25,0,10 31,1,75,,46986,25,0,10 31,1,30,,46985,25,0,10 31,1,67,,46992,25,0,10 31,1,30,,46984,25,0,10 31,1,70,,46983,25,0,10 31,1,30,,46982,25,0,10 31,1,70,,46981,25,0,10 31,1,30,,46980,25,0,10 31,1,70,,46979,25,0,10 31,1,30,,46978,25,0,10 31,1,70,,46977,25,0,10 31,1,30,,46976,25,0,10 31,1,70,,46975,25,0,10 31,1,30,,46974,25,0,10 31,1,70,,46973,25,0,10 31,1,30,,46972,25,0,10 31,1,70,,46971,25,0,10 31,1,30,,46970,25,0,10 31,1,73,,46969,25,0,10 31,1,30,,46968,25,0,10 31,1,20,,46967,25,0,10 31,1,70,,46966,25,0,10 31,1,30,,46965,25,0,10 31,1,70,,46964,25,0,10 31,1,20,,46963,25,0,10 31,1,70,,46962,25,0,10 31,1,30,,46961,25,0,10 31,1,70,,46960,25,0,10 31,1,15,,46993,25,0,10 31,1,30,,46959,25,0,10 31,1,65,,46958,25,0,10 31,1,20,,46957,25,0,10 31,1,60,,46994,25,0,10 31,1,30,,46995,25,0,10 31,1
1701,'30',627,,47026,25,0,10 31,1,75,,47027,25,0,10 31,1,35,,47028,25,0,10 31,1,75,,47029,25,0,10 31,1,32,,46998,25,0,10 31,1,70,,46999,25,0,10 31,1,30,,47000,25,0,10 31,1,15,,47001,25,0,10 31,1,65,,47002,25,0,10 31,1,30,,47003,25,0,10 31,1,70,,47004,25,0,10 31,1,28,,47005,25,0,10 31,1,65,,47006,25,0,10 31,1,25,,47007,25,0,10 31,1,70,,47008,25,0,10 31,1,30,,47009,25,0,10 31,1,65,,47010,25,0,10 31,1,28,,47011,25,0,10 31,1,70,,47012,25,0,10 31,1,30,,47013,25,0,10 31,1,70,,47014,25,0,10 31,1,30,,47015,25,0,10 31,1,65,,47016,25,0,10 31,1,30,,47017,25,0,10 31,1,70,,47018,25,0,10 31,1,30,,47019,25,0,10 31,1,80,,47020,25,0,10 31,1,35,,47021,25,0,10 31,1,70,,47022,25,0,10 31,1,40,,47023,25,0,10 31,1,75,,47024,25,0,10 31,1,70,,47025,25,0,10 31,1,35,,46996,25,0,10 31,1,70,,46997,25,0,10 31,1
1701,'4',627,,47060,25,0,10 31,1,75,,47061,25,0,10 31,1,35,,47062,25,0,10 31,1,75,,47063,25,0,10 31,1,32,,47032,25,0,10 31,1,70,,47033,25,0,10 31,1,30,,47034,25,0,10 31,1,15,,47035,25,0,10 31,1,65,,47036,25,0,10 31,1,30,,47037,25,0,10 31,1,70,,47038,25,0,10 31,1,28,,47039,25,0,10 31,1,65,,47040,25,0,10 31,1,25,,47041,25,0,10 31,1,70,,47042,25,0,10 31,1,30,,47043,25,0,10 31,1,65,,47044,25,0,10 31,1,28,,47045,25,0,10 31,1,70,,47046,25,0,10 31,1,30,,47047,25,0,10 31,1,70,,47048,25,0,10 31,1,30,,47049,25,0,10 31,1,65,,47050,25,0,10 31,1,30,,47051,25,0,10 31,1,70,,47052,25,0,10 31,1,30,,47053,25,0,10 31,1,80,,47054,25,0,10 31,1,35,,47055,25,0,10 31,1,70,,47056,25,0,10 31,1,40,,47057,25,0,10 31,1,75,,47058,25,0,10 31,1,70,,47059,25,0,10 31,1,35,,47030,25,0,10 31,1,70,,47031,25,0,10 31,1
9101,'11802',815,,49773,6,,,1
9101,'2',731,,49774,3,,,1,17,,49775,6,,,1,57,,49776,6,,,1,17,,49777,6,,,1,17,,49778,6,,,1,17,,49779,6,,,1,57,,49780,6,,,1,17,,49781,6,,,1,17,,49782,6,,,1,57,,49783,6,,,1,17,,49784,6,,,1,17,,49785,6,,,1,17,,49786,6,,,1,57,,49787,6,,,1,17,,49788,6,,,1,17,,49789,6,,,1,57,,49790,6,,,1,17,,49791,6,,,1,17,,49792,6,,,1,17,,49793,6,,,1,57,,49794,6,,,1,17,,49795,6,,,1,17,,49796,6,,,1,56,,49797,6,,,1,17,,49798,6,,,1,17,,49799,6,,,1,17,,49800,6,,,1,57,,49801,6,,,1,17,,49802,6,,,1,17,,49803,6,,,1,57,,49804,6,,,1,17,,49805,6,,,1,17,,49806,6,,,1,18,,49807,6,,,1,57,,49808,6,,,1,17,,49809,6,,,1,17,,49810,6,,,1,57,,49811,6,,,1,17,,49812,6,,,1,17,,49813,6,,,1,17,,49814,6,,,1,57,,49815,6,,,1,17,,49816,6,,,1,17,,49817,6,,,1,14,,49818,6,,,1
9101,'3',1053,,49819,6,,,1,64,,49820,6,,,1,26,,49821,6,,,1,66,,49822,6,,,1,26,,49823,6,,,1,66,,49824,6,,,1,26,,49825,6,,,1,26,,49826,6,,,1,66,,49827,6,,,1,26,,49828,6,,,1,66,,49829,6,,,1,26,,49830,6,,,1,66,,49831,6,,,1,26,,49832,6,,,1,26,,49833,6,,,1,66,,49834,6,,,1,26,,49835,6,,,1,66,,49836,6,,,1,26,,49837,6,,,1,66,,49838,6,,,1,26,,49839,6,,,1,26,,49840,6,,,1,66,,49841,6,,,1,30,,49842,6,,,1
9101,'4',1154,,49861,6,,,1,66,,49843,6,,,1,26,,49844,6,,,1,66,,49845,6,,,1,26,,49846,6,,,1,66,,49847,6,,,1,26,,49848,6,,,1,26,,49849,6,,,1,66,,49850,6,,,1,26,,49851,6,,,1,66,,49852,6,,,1,26,,49853,6,,,1,66,,49854,6,,,1,26,,49855,6,,,1,26,,49856,6,,,1,66,,49857,6,,,1,27,,49858,6,,,1,66,,49859,6,,,1,29,,49860,6,,,1
10401,'3302',736,,50511,12,,,1,70,,50512,12,,,1,32,,50513,12,,,1,72,,50514,12,,,1,30,,50515,12,,,1,70,,50516,12,,,1,29,,50517,12,,,1,71,,50518,12,,,1,28,,50519,12,,,1,74,,50520,12,,,1,27,,50521,12,,,1,72,,50522,12,,,1,24,,50523,12,,,1,69,,50524,12,,,1,28,,50525,12,,,1,72,,50526,12,,,1,29,,50527,12,,,1,70,,50528,12,,,1,30,,50529,12,,,1,73,,50530,12,,,1,31,,50531,12,,,1,70,,50532,12,,,1
10401,'3903',1010,,50549,12,,,1,21,,50535,12,,,1,70,,50536,12,,,1,27,,50537,12,,,1,30,,50538,12,,,1,60,,50539,12,,,1,30,,50540,12,,,1,65,,50541,12,,,1,29,,50542,12,,,1,68,,50543,12,,,1,31,,50544,12,,,1,70,,50545,12,,,1,30,,50546,12,,,1,69,,50547,12,,,1,30,,50548,12,,,1,70,,50534,12,,,1,30,,50533,12,,,1
