2500,'11802',1528,,47872,29,4,,1
2500,'2',629,,47873,29,4,,1,22,,47874,29,4,,1,68,,47875,29,4,,1,28,,47876,29,4,,1,66,,47877,29,4,,1,20,,47878,29,4,,1,20,,47879,29,4,,1,60,,47880,29,4,,1,20,,47881,29,4,,1,20,,47882,29,4,,1,60,,47883,29,4,,1,20,,47884,29,4,,1,20,,47885,29,4,,1,60,,47886,29,4,,1,20,,47887,29,4,,1,20,,47888,29,4,,1,60,,47889,29,4,,1,20,,47890,29,4,,1,20,,47891,29,4,,1,60,,47892,29,4,,1,20,,47893,29,4,,1,20,,47894,29,4,,1,60,,47895,29,4,,1,25,,47896,29,4,,1,20,,47897,29,4,,1,60,,47898,29,4,,1,20,,47899,29,4,,1,20,,47900,29,4,,1,60,,47901,29,4,,1,22,,47902,29,4,,1,61,,47903,29,4,,1,21,,47904,29,4,,1,21,,47905,29,4,,1,61,,47906,29,4,,1,21,,47907,29,4,,1,14,,47908,29,4,,1,20,,47909,29,4,,1,60,,47910,29,4,,1,20,,47911,29,4,,1,20,,47912,29,4,,1,60,,47913,29,4,,1,20,,47914,29,4,,1,14,,47915,29,4,,1,60,,47916,29,4,,1,19,,47917,29,4,,1,25,,47918,29,4,,1,65,,47919,29,4,,1,25,,47920,29,4,,1,65,,47921,29,4,,1,25,,47922,29,4,,1,65,,47923,29,4,,1
2500,'3',645,,47924,29,4,,1,63,,47955,29,4,,1,24,,47925,29,4,,1,25,,47956,29,4,,1,66,,47926,29,4,,1,24,,47927,29,4,,1,67,,47928,29,4,,1,26,,47929,29,4,,1,70,,47930,29,4,,1,23,,47931,29,4,,1,70,,47932,29,4,,1,27,,47933,29,4,,1,70,,47934,29,4,,1,28,,47935,29,4,,1,25,,47936,29,4,,1,70,,47937,29,4,,1,25,,47938,29,4,,1,70,,47939,29,4,,1,27,,47940,29,4,,1,70,,47941,29,4,,1,30,,47942,29,4,,1,70,,47943,29,4,,1,30,,47944,29,4,,1,70,,47945,29,4,,1,30,,47946,29,4,,1,69,,47947,29,4,,1,28,,47948,29,4,,1,70,,47949,29,4,,1,30,,47950,29,4,,1,68,,47957,29,4,,1,27,,47951,29,4,,1,68,,47958,29,4,,1,25,,47952,29,4,,1,25,,47959,29,4,,1,65,,47953,29,4,,1,25,,47960,29,4,,1,65,,47954,29,4,,1
2500,'30',907,,47969,29,4,,1,25,,47976,29,4,,1,70,,47977,29,4,,1,30,,47978,29,4,,1,70,,47979,29,4,,1,30,,47980,29,4,,1,70,,47981,29,4,,1,30,,47982,29,4,,1,70,,47983,29,4,,1,30,,47984,29,4,,1,70,,47985,29,4,,1,30,,47986,29,4,,1,70,,47970,29,4,,1,30,,47968,29,4,,1,27,,47972,29,4,,1,67,,47967,29,4,,1,27,,47971,29,4,,1,67,,47966,29,4,,1,22,,47973,29,4,,1,67,,47965,29,4,,1,27,,47974,29,4,,1,64,,47975,29,4,,1,30,,47964,29,4,,1,28,,47987,29,4,,1,70,,47963,29,4,,1,73,,47988,29,4,,1,30,,47962,29,4,,1,70,,47989,29,4,,1,25,,47961,29,4,,1,30,,47990,29,4,,1
2500,'4',907,,47999,29,4,,1,25,,48006,29,4,,1,70,,48007,29,4,,1,30,,48008,29,4,,1,70,,48009,29,4,,1,30,,48010,29,4,,1,70,,48011,29,4,,1,30,,48012,29,4,,1,70,,48013,29,4,,1,30,,48014,29,4,,1,70,,48015,29,4,,1,30,,48016,29,4,,1,70,,48000,29,4,,1,30,,47998,29,4,,1,27,,48002,29,4,,1,67,,47997,29,4,,1,27,,48001,29,4,,1,67,,47996,29,4,,1,22,,48003,29,4,,1,67,,47995,29,4,,1,27,,48004,29,4,,1,64,,48005,29,4,,1,30,,47994,29,4,,1,28,,48017,29,4,,1,70,,47993,29,4,,1,73,,48018,29,4,,1,30,,47992,29,4,,1,70,,48019,29,4,,1,25,,47991,29,4,,1,30,,48020,29,4,,1
2501,'11802',707,,48021,1,,,1,843,,48022,1,,,1,105,,48023,1,,,1
2501,'2',606,,48024,1,,,1,24,,48025,1,,,1,70,,48026,1,,,1,20,,48027,1,,,1,20,,48028,1,,,1,60,,48029,1,,,1,20,,48030,1,,,1,20,,48031,1,,,1,60,,48032,1,,,1,20,,48033,1,,,1,20,,48034,1,,,1,60,,48035,1,,,1,20,,48036,1,,,1,20,,48037,1,,,1,60,,48038,1,,,1,20,,48039,1,,,1,20,,48040,1,,,1,60,,48041,1,,,1,20,,48042,1,,,1,20,,48043,1,,,1,60,,48044,1,,,1,20,,48045,1,,,1,20,,48046,1,,,1,60,,48047,1,,,1,20,,48048,1,,,1,20,,48049,1,,,1,60,,48050,1,,,1,20,,48051,1,,,1,20,,48052,1,,,1,61,,48053,1,,,1,21,,48054,1,,,1,21,,48055,1,,,1,61,,48056,1,,,1,21,,48057,1,,,1,21,,48058,1,,,1,60,,48059,1,,,1,20,,48060,1,,,1,20,,48061,1,,,1,60,,48062,1,,,1,20,,48063,1,,,1,20,,48064,1,,,1,60,,48065,1,,,1,20,,48066,1,,,1,20,,48067,1,,,1,70,,48068,1,,,1,24,,48069,1,,,1,65,,48070,1,,,1,25,,48071,1,,,1,25,,48072,1,,,1,65,,48073,1,,,1,21,,48074,1,,,1
2501,'3',620,,48108,1,,,1,25,,48075,1,,,1,66,,48107,1,,,1,25,,48076,1,,,1,65,,48106,1,,,1,26,,48077,1,,,1,27,,48078,1,,,1,67,,48079,1,,,1,25,,48080,1,,,1,70,,48081,1,,,1,25,,48082,1,,,1,70,,48083,1,,,1,24,,48084,1,,,1,66,,48085,1,,,1,30,,48086,1,,,1,25,,48087,1,,,1,70,,48088,1,,,1,26,,48089,1,,,1,69,,48090,1,,,1,30,,48091,1,,,1,70,,48092,1,,,1,30,,48093,1,,,1,70,,48094,1,,,1,30,,48095,1,,,1,70,,48096,1,,,1,30,,48097,1,,,1,70,,48098,1,,,1,30,,48099,1,,,1,64,,48105,1,,,1,31,,48100,1,,,1,67,,48109,1,,,1,29,,48101,1,,,1,67,,48110,1,,,1,27,,48102,1,,,1,65,,48111,1,,,1,25,,48103,1,,,1,25,,48112,1,,,1,62,,48104,1,,,1
2501,'30',910,,48120,1,,,1,35,,48129,1,,,1,65,,48130,1,,,1,30,,48131,1,,,1,70,,48132,1,,,1,30,,48133,1,,,1,70,,48134,1,,,1,30,,48135,1,,,1,70,,48136,1,,,1,30,,48137,1,,,1,70,,48138,1,,,1,30,,48139,1,,,1,68,,48121,1,,,1,27,,48119,1,,,1,67,,48122,1,,,1,27,,48118,1,,,1,27,,48123,1,,,1,67,,48117,1,,,1,27,,48124,1,,,1,67,,48116,1,,,1,27,,48125,1,,,1,65,,48128,1,,,1,30,,48126,1,,,1,70,,48140,1,,,1,30,,48115,1,,,1,72,,48141,1,,,1,31,,48114,1,,,1,69,,48142,1,,,1,15,,48113,1,,,1,82,,48127,1,,,1
2501,'4',910,,48150,1,,,1,35,,48159,1,,,1,65,,48160,1,,,1,30,,48161,1,,,1,70,,48162,1,,,1,30,,48163,1,,,1,70,,48164,1,,,1,30,,48165,1,,,1,70,,48166,1,,,1,30,,48167,1,,,1,70,,48168,1,,,1,30,,48169,1,,,1,68,,48151,1,,,1,27,,48149,1,,,1,67,,48152,1,,,1,27,,48148,1,,,1,27,,48153,1,,,1,67,,48147,1,,,1,27,,48154,1,,,1,67,,48146,1,,,1,27,,48155,1,,,1,65,,48158,1,,,1,30,,48156,1,,,1,70,,48170,1,,,1,30,,48145,1,,,1,72,,48171,1,,,1,31,,48144,1,,,1,69,,48172,1,,,1,15,,48143,1,,,1,82,,48157,1,,,1
3400,'2',600,,48948,1,0,14,1,40,,48949,1,0,14,1,70,,48964,1,0,14,1,40,,48959,1,0,14,1,82,,48958,1,0,14,1,83,,48960,1,0,14,1,40,,48950,1,0,14,1,80,,48951,1,0,14,1,80,,48952,1,0,14,1,85,,48953,1,0,14,1,40,,48954,1,0,14,1,80,,48955,1,0,14,1,80,,48956,1,0,14,1,40,,48957,1,0,14,1,80,,48965,1,0,14,1,80,,48966,1,0,14,1,40,,48967,1,0,14,1,80,,48968,1,0,14,1,80,,48969,1,0,14,1,40,,48970,1,0,14,1,80,,48976,1,0,14,1,80,,48971,1,0,14,1,40,,48972,1,0,14,1,80,,48973,1,0,14,1,80,,48975,1,0,14,1,40,,48974,1,0,14,1,80,,48961,1,0,14,1,31,,48963,1,0,49 3 40 50 51,1,80,,48962,1,0,49 3 40 50 51,1
3400,'3',750,,48986,1,0,14,1,80,,48984,1,0,14,1,80,,48985,1,0,14,1,40,,48977,1,0,14,1,80,,48978,1,0,14,1,80,,48979,1,0,14,1,40,,48980,1,0,14,1,80,,48981,1,0,14,1,80,,48982,1,0,14,1,40,,48983,1,0,14,1,80,,48987,1,0,14,1,80,,48988,1,0,14,1,40,,48989,1,0,14,1,80,,48990,1,0,14,1,80,,48991,1,0,14,1,40,,48992,1,0,14,1,80,,48993,1,0,14,1,80,,48994,1,0,14,1,40,,48995,1,0,14,1,80,,48996,1,0,14,1,80,,48997,1,0,14,1,40,,48998,1,0,14,1,80,,48999,1,0,14,1
3400,'30',1000,,49000,1,0,14,1,40,,49001,1,0,14,1,80,,49002,1,0,14,1,80,,49003,1,0,14,1,40,,49004,1,0,14,1,80,,49005,1,0,14,1,80,,49006,1,0,14,1,40,,49007,1,0,14,1,80,,49008,1,0,14,1,80,,49009,1,0,14,1,40,,49010,1,0,14,1,80,,49011,1,0,14,1,80,,49012,1,0,14,1,40,,49013,1,0,14,1,80,,49014,1,0,14,1,80,,49015,1,0,14,1,40,,49016,1,0,14,1
3400,'4',1000,,49017,1,0,14,1,40,,49018,1,0,14,1,80,,49019,1,0,14,1,80,,49020,1,0,14,1,40,,49021,1,0,14,1,80,,49022,1,0,14,1,80,,49023,1,0,14,1,40,,49024,1,0,14,1,80,,49025,1,0,14,1,80,,49026,1,0,14,1,40,,49027,1,0,14,1,80,,49028,1,0,14,1,80,,49029,1,0,14,1,40,,49030,1,0,14,1,80,,49031,1,0,14,1,80,,49032,1,0,14,1,40,,49033,1,0,14,1
3401,'2',625,,49048,56,4,,1,83,,49051,56,4,,1,34,,49034,56,4,,1,86,,49035,56,4,,1,82,,49037,56,4,,1,42,,49036,56,4,,1,81,,49038,56,4,,1,80,,49039,56,4,,1,45,,49040,56,4,,1,80,,49041,56,4,,1,80,,49042,56,4,,1,40,,49043,56,4,,1,78,,49044,56,4,,1,82,,49045,56,4,,1,40,,49046,56,4,,1,80,,49047,56,4,,1,79,,49052,56,4,,1,40,,49053,56,4,,1,80,,49054,56,4,,1,74,,49055,56,4,,1,42,,49056,56,4,,1,80,,49057,56,4,,1,80,,49061,56,4,,1,36,,49058,56,4,,1,82,,49059,56,4,,1,80,,49049,56,4,,1,40,,49050,56,4,,1,80,,49060,56,4,,1
3401,'3',853,,49062,56,4,,1,76,,49072,56,4,,1,81,,49071,56,4,,1,40,,49063,56,4,,1,85,,49064,56,4,,1,85,,49065,56,4,,1,81,,49066,56,4,,1,40,,49067,56,4,,1,80,,49068,56,4,,1,80,,49069,56,4,,1,40,,49070,56,4,,1,80,,49073,56,4,,1,80,,49074,56,4,,1,40,,49075,56,4,,1,78,,49076,56,4,,1,40,,49077,56,4,,1,80,,49078,56,4,,1,79,,49079,56,4,,1,40,,49080,56,4,,1,79,,49081,56,4,,1,80,,49082,56,4,,1,40,,49083,56,4,,1,80,,49084,56,4,,1
3401,'30',1150,,49085,56,4,,1,80,,49086,56,4,,1,80,,49087,56,4,,1,40,,49088,56,4,,1,80,,49089,56,4,,1,80,,49090,56,4,,1,40,,49091,56,4,,1,80,,49092,56,4,,1,78,,49093,56,4,,1,40,,49094,56,4,,1,80,,49095,56,4,,1,80,,49096,56,4,,1,40,,49097,56,4,,1,80,,49098,56,4,,1,80,,49099,56,4,,1
3401,'4',1150,,49100,56,4,,1,80,,49101,56,4,,1,80,,49102,56,4,,1,40,,49103,56,4,,1,80,,49104,56,4,,1,80,,49105,56,4,,1,40,,49106,56,4,,1,80,,49107,56,4,,1,78,,49108,56,4,,1,40,,49109,56,4,,1,80,,49110,56,4,,1,80,,49111,56,4,,1,40,,49112,56,4,,1,80,,49113,56,4,,1,80,,49114,56,4,,1
