200,'11802',1518,,42641,48,4,,1
200,'2',601,,42647,7,4,,1,30,,42645,32,4,,1,70,,42650,48,4,,1,30,,42651,48,4,,1,26,,42652,48,4,,1,70,,42653,48,4,,1,30,,42654,48,4,,1,70,,42655,48,4,,1,30,,42656,48,4,,1,70,,42657,48,4,,1,30,,42658,48,4,,1,70,,42659,48,4,,1,30,,42660,48,4,,1,71,,42661,48,4,,1,30,,42662,48,4,,1,70,,42663,48,4,,1,30,,42664,48,4,,1,70,,42665,48,4,,1,30,,42666,48,4,,1,67,,42667,48,4,,1,30,,42668,48,4,,1,78,,42669,48,4,,1,70,,42670,48,4,,1,30,,42671,48,4,,1,72,,42672,48,4,,1,24,,42673,48,4,,1,30,,42674,48,4,,1,67,,42675,48,4,,1,30,,42676,48,4,,1,70,,42677,48,4,,1,25,,42678,48,4,,1,81,,42679,48,4,,1,71,,42680,48,4,,1,40,,42681,48,4,,1,83,,42682,48,4,,1,28,,42683,48,4,,1,75,,42684,48,4,,1,80,,42685,48,4,,1
200,'3',652,,42725,48,4,,1,100,,42728,48,4,,1,72,,42730,48,4,,1,30,,42732,48,4,,1,70,,42734,48,4,,1,30,,42736,48,4,,1,68,,42738,48,4,,1,30,,42740,48,4,,1,70,,42742,48,4,,1,25,,42744,48,4,,1,65,,42746,48,4,,1,31,,42748,48,4,,1,70,,42750,48,4,,1,25,,42751,48,4,,1,65,,42752,48,4,,1,29,,42753,48,4,,1,70,,42754,48,4,,1,30,,42755,48,4,,1,25,,42756,48,4,,1,65,,42757,48,4,,1,30,,42758,48,4,,1,70,,42759,48,4,,1,30,,42760,48,4,,1,68,,42772,48,4,,1,30,,42779,48,4,,1,70,,42780,48,4,,1,30,,42781,48,4,,1,70,,42782,48,4,,1,30,,42783,48,4,,1,68,,42785,48,4,,1,99,,42786,48,4,,1,99,,42787,48,4,,1,99,,42723,48,4,,1,105,,42793,48,4,,1
200,'30',619,,42798,7,4,,1,110,,42797,48,4,,1,104,,42802,48,4,,1,97,,42803,48,4,,1,90,,42808,48,4,,1,88,,42809,48,4,,1,36,,42835,7,4,,1,73,,42836,7,4,,1,29,,42811,48,4,,1,70,,42812,48,4,,1,25,,42813,48,4,,1,70,,42814,48,4,,1,30,,42815,48,4,,1,70,,42816,48,4,,1,30,,42817,48,4,,1,70,,42818,48,4,,1,30,,42819,48,4,,1,70,,42820,48,4,,1,27,,42821,48,4,,1,73,,42822,48,4,,1,34,,42837,48,4,,1,90,,42838,48,4,,1,90,,42839,48,4,,1,90,,42840,48,4,,1,90,,42841,48,4,,1,47,,42842,48,4,,1
200,'4',619,,42852,7,4,,1,110,,42851,48,4,,1,104,,42856,48,4,,1,97,,42857,48,4,,1,90,,42862,48,4,,1,88,,42863,48,4,,1,36,,42889,7,4,,1,73,,42890,7,4,,1,29,,42865,48,4,,1,70,,42866,48,4,,1,25,,42867,48,4,,1,70,,42868,48,4,,1,30,,42869,48,4,,1,70,,42870,48,4,,1,30,,42871,48,4,,1,70,,42872,48,4,,1,30,,42873,48,4,,1,70,,42874,48,4,,1,27,,42875,48,4,,1,73,,42876,48,4,,1,34,,42891,48,4,,1,90,,42892,48,4,,1,90,,42893,48,4,,1,90,,42894,48,4,,1,90,,42895,48,4,,1,47,,42896,48,4,,1
201,'11802',652,,42903,1,0,13 24 25,1,103,,42904,1,0,13 24 25,1,763,,42907,1,0,13 23 20,1
201,'2',601,,42944,1,0,13 24 25,1,30,,42945,1,0,13 24 25,1,70,,42946,1,0,13 24 25,1,30,,42947,1,0,13 24 25,1,70,,42948,1,0,13 24 25,1,28,,42949,1,0,13 24 25,1,30,,42950,1,0,13 24 25,1,70,,42951,1,0,13 24 25,1,30,,42952,1,0,13 24 25,1,70,,42953,1,0,13 24 25,1,30,,42954,1,0,13 24 25,1,71,,42955,1,0,13 24 25,1,70,,42956,1,0,13 24 25,1,30,,42957,1,0,13 24 25,1,70,,42958,1,0,13 24 25,1,29,,42959,1,0,13 24 25,1,30,,42960,1,0,13 24 25,1,70,,42961,1,0,13 24 25,1,30,,42962,1,0,13 24 25,1,66,,42963,1,0,13 24 25,1,30,,42964,1,0,13 24 25,1,78,,42965,1,0,13 24 25,1,70,,42966,1,0,13 24 25,1,32,,42967,1,0,13 24 25,1,72,,42968,1,0,13 24 25,1,25,,42969,1,0,13 24 25,1,70,,42970,1,0,13 24 25,1,27,,42971,1,0,13 24 25,1,29,,42972,1,0,13 24 25,1,70,,42973,1,0,13 24 25,1,23,,42974,1,0,13 24 25,1,82,,42975,1,0,13 24 25,1,74,,42976,1,0,13 24 25,1,36,,42977,1,0,13 24 25,1,87,,42978,1,0,13 24 25,1,24,,42981,1,0,13 23 20,1,76,,42979,1,0,13 24 25,1,79,,42982,1,0,13 23 20,1
201,'3',549,,42983,1,0,13 24 25,1,103,,42985,1,0,13 24 25,1,86,,42987,1,0,13 24 25,1,14,,42989,1,0,13 24 25,1,72,,42991,1,0,13 24 25,1,30,,42993,1,0,13 24 25,1,70,,42995,1,0,13 24 25,1,30,,42997,1,0,13 24 25,1,68,,42998,1,0,13 24 25,1,30,,42999,1,0,13 24 25,1,70,,43000,1,0,13 24 25,1,25,,43001,1,0,13 24 25,1,65,,43002,1,0,13 24 25,1,31,,43003,1,0,13 24 25,1,70,,43004,1,0,13 24 25,1,25,,43005,1,0,13 24 25,1,65,,43006,1,0,13 24 25,1,29,,43007,1,0,13 24 25,1,70,,43008,1,0,13 24 25,1,30,,43009,1,0,13 24 25,1,25,,43010,1,0,13 24 25,1,65,,43011,1,0,13 24 25,1,30,,43012,1,0,13 24 25,1,70,,43013,1,0,13 24 25,1,30,,43014,1,0,13 24 25,1,68,,43015,1,0,13 24 25,1,30,,43016,1,0,13 24 25,1,70,,43017,1,0,13 24 25,1,30,,43040,1,0,13 24 25,1,70,,43042,1,0,13 24 25,1,30,,43053,1,0,13 23 20,1,68,,43043,1,0,13 24 25,1,99,,43044,1,0,13 24 25,1,99,,43045,1,0,13 24 25,1,99,,43046,1,0,13 24 25,1,105,,43052,1,0,13 23 20,1
201,'30',619,,43058,1,0,13 24 25,1,110,,43062,1,0,13 24 25,1,105,,43063,1,0,13 24 25,1,96,,43068,1,0,13 24 25,1,90,,43069,1,0,13 24 25,1,88,,43070,1,0,13 24 25,1,40,,43071,1,0,13 24 25,1,69,,43072,1,0,13 24 25,1,29,,43073,1,0,13 24 25,1,70,,43074,1,0,13 24 25,1,25,,43075,1,0,13 24 25,1,70,,43076,1,0,13 24 25,1,30,,43077,1,0,13 24 25,1,70,,43078,1,0,13 24 25,1,30,,43079,1,0,13 24 25,1,70,,43080,1,0,13 24 25,1,30,,43081,1,0,13 24 25,1,70,,43082,1,0,13 24 25,1,28,,43107,1,0,13 23 20,1,72,,43101,1,0,13 24 25,1,34,,43102,1,0,13 24 25,1,90,,43103,1,0,13 24 25,1,90,,43104,1,0,13 24 25,1,90,,43105,1,0,13 24 25,1,90,,43106,1,0,13 24 25,1,47,,43055,1,0,13 23 20,1
201,'4',619,,43112,1,0,13 24 25,1,110,,43116,1,0,13 24 25,1,105,,43117,1,0,13 24 25,1,96,,43122,1,0,13 24 25,1,90,,43123,1,0,13 24 25,1,88,,43124,1,0,13 24 25,1,40,,43125,1,0,13 24 25,1,69,,43126,1,0,13 24 25,1,29,,43127,1,0,13 24 25,1,70,,43128,1,0,13 24 25,1,25,,43129,1,0,13 24 25,1,70,,43130,1,0,13 24 25,1,30,,43131,1,0,13 24 25,1,70,,43132,1,0,13 24 25,1,30,,43133,1,0,13 24 25,1,70,,43134,1,0,13 24 25,1,30,,43135,1,0,13 24 25,1,70,,43136,1,0,13 24 25,1,28,,43161,1,0,13 23 20,1,72,,43155,1,0,13 24 25,1,34,,43156,1,0,13 24 25,1,90,,43157,1,0,13 24 25,1,90,,43158,1,0,13 24 25,1,90,,43159,1,0,13 24 25,1,90,,43160,1,0,13 24 25,1,47,,43109,1,0,13 23 20,1
