901,'2',607,,44696,15,,,1,20,,44697,15,,,1,17,,44698,15,,,1,13,,44699,15,,,1,56,,44700,15,,,1,15,,44701,15,,,1,14,,44702,15,,,1,16,,44703,15,,,1,55,,44704,15,,,1,17,,44705,15,,,1,16,,44706,15,,,1,55,,44707,15,,,1,15,,44708,15,,,1,15,,44709,15,,,1,15,,44710,15,,,1,55,,44711,15,,,1,15,,44712,15,,,1,15,,44713,15,,,1,15,,44714,15,,,1,55,,44715,15,,,1,15,,44716,15,,,1,15,,44717,15,,,1,15,,44718,15,,,1,55,,44719,15,,,1,15,,44720,15,,,1,15,,44721,15,,,1,15,,44722,15,,,1,55,,44723,15,,,1,15,,44724,15,,,1,15,,44725,15,,,1,13,,44726,15,,,1,14,,44727,15,,,1,55,,44728,15,,,1,15,,44729,15,,,1,15,,44730,15,,,1,15,,44731,15,,,1,55,,44732,15,,,1,15,,44733,15,,,1,15,,44734,15,,,1,15,,44735,15,,,1,55,,44736,15,,,1,15,,44737,15,,,1,15,,44738,15,,,1,15,,44739,15,,,1,55,,44740,15,,,1,15,,44741,15,,,1,17,,44742,15,,,1,65,,44743,15,,,1,15,,44744,15,,,1,14,,44745,15,,,1,62,,44746,15,,,1,22,,44747,15,,,1,22,,44748,15,,,1,62,,44749,15,,,1,22,,44750,15,,,1,26,,44751,15,,,1,70,,44752,15,,,1,32,,44753,15,,,1,72,,44754,15,,,1,72,,44755,15,,,1,37,,44756,15,,,1,101,,44757,15,,,1
901,'3',611,,44763,15,,,1,30,,44802,15,,,1,70,,44764,15,,,1,30,,44801,15,,,1,70,,44765,15,,,1,35,,44766,15,,,1,72,,44767,15,,,1,86,,44768,15,,,1,25,,44769,15,,,1,25,,44770,15,,,1,62,,44771,15,,,1,25,,44772,15,,,1,65,,44773,15,,,1,29,,44774,15,,,1,21,,44775,15,,,1,65,,44776,15,,,1,28,,44777,15,,,1,62,,44778,15,,,1,24,,44779,15,,,1,65,,44780,15,,,1,25,,44781,15,,,1,25,,44782,15,,,1,65,,44783,15,,,1,25,,44784,15,,,1,65,,44785,15,,,1,25,,44786,15,,,1,25,,44787,15,,,1,85,,44789,15,,,1,65,,44790,15,,,1,38,,44791,15,,,1,75,,44792,15,,,1,35,,44793,15,,,1,76,,44794,15,,,1,75,,44795,15,,,1,35,,44796,15,,,1,75,,44797,15,,,1,35,,44798,15,,,1
901,'30',651,,44837,15,,,1,75,,44803,15,,,1,75,,44838,15,,,1,34,,44804,15,,,1,75,,44839,15,,,1,33,,44805,15,,,1,73,,44806,15,,,1,33,,44807,15,,,1,73,,44808,15,,,1,78,,44809,15,,,1,28,,44810,15,,,1,23,,44811,15,,,1,63,,44812,15,,,1,23,,44813,15,,,1,63,,44814,15,,,1,23,,44815,15,,,1,23,,44816,15,,,1,63,,44817,15,,,1,23,,44818,15,,,1,23,,44819,15,,,1,63,,44820,15,,,1,24,,44821,15,,,1,64,,44822,15,,,1,23,,44823,15,,,1,25,,44824,15,,,1,57,,44825,15,,,1,19,,44826,15,,,1,70,,44827,15,,,1,30,,44828,15,,,1,70,,44829,15,,,1,30,,44830,15,,,1,70,,44831,15,,,1,30,,44832,15,,,1,71,,44833,15,,,1,41,,44834,15,,,1,58,,44835,15,,,1
901,'4',651,,44874,15,,,1,75,,44840,15,,,1,75,,44875,15,,,1,34,,44841,15,,,1,75,,44876,15,,,1,33,,44842,15,,,1,73,,44843,15,,,1,33,,44844,15,,,1,73,,44845,15,,,1,78,,44846,15,,,1,28,,44847,15,,,1,23,,44848,15,,,1,63,,44849,15,,,1,23,,44850,15,,,1,63,,44851,15,,,1,23,,44852,15,,,1,23,,44853,15,,,1,63,,44854,15,,,1,23,,44855,15,,,1,23,,44856,15,,,1,63,,44857,15,,,1,24,,44858,15,,,1,64,,44859,15,,,1,23,,44860,15,,,1,25,,44861,15,,,1,57,,44862,15,,,1,19,,44863,15,,,1,70,,44864,15,,,1,30,,44865,15,,,1,70,,44866,15,,,1,30,,44867,15,,,1,70,,44868,15,,,1,30,,44869,15,,,1,71,,44870,15,,,1,41,,44871,15,,,1,58,,44872,15,,,1
2701,'11802',753,,48307,8,,,1,877,,48308,8,,,1
2701,'2',550,,48380,7,,,1,92,,48309,8,,,1,65,,48310,7,,,1,13,,48311,8,,,1,13,,48312,7,,,1,13,,48313,7,,,1,13,,48314,8,,,1,53,,48315,8,,,1,8,,48316,8,,,1,13,,48317,8,,,1,13,,48318,8,,,1,12,,48319,8,,,1,54,,48320,8,,,1,13,,48321,8,,,1,13,,48322,8,,,1,13,,48323,8,,,1,53,,48324,8,,,1,13,,48325,8,,,1,13,,48326,8,,,1,13,,48327,8,,,1,13,,48328,8,,,1,53,,48329,8,,,1,13,,48330,8,,,1,13,,48331,8,,,1,13,,48332,8,,,1,52,,48333,8,,,1,12,,48334,8,,,1,12,,48335,8,,,1,12,,48336,8,,,1,12,,48337,8,,,1,52,,48338,8,,,1,12,,48339,8,,,1,12,,48340,8,,,1,12,,48341,8,,,1,12,,48342,8,,,1,52,,48343,8,,,1,14,,48344,8,,,1,13,,48345,8,,,1,13,,48346,8,,,1,13,,48347,8,,,1,53,,48348,8,,,1,13,,48349,8,,,1,9,,48350,7,,,1,12,,48351,8,,,1,12,,48352,8,,,1,51,,48353,8,,,1,11,,48354,8,,,1,11,,48355,7,,,1,11,,48356,8,,,1,11,,48357,8,,,1,11,,48358,8,,,1,51,,48359,8,,,1,11,,48360,8,,,1,11,,48361,8,,,1,11,,48362,8,,,1,7,,48363,8,,,1,54,,48364,8,,,1,9,,48365,8,,,1,13,,48366,8,,,1,11,,48367,8,,,1,11,,48368,8,,,1,57,,48369,8,,,1,17,,48370,8,,,1,17,,48371,8,,,1,17,,48372,8,,,1,57,,48373,8,,,1,17,,48374,8,,,1,17,,48375,8,,,1,62,,48376,8,,,1,27,,48377,8,,,1,67,,48378,8,,,1,27,,48379,8,,,1
2701,'3',854,,48381,7,,,1,83,,48391,8,,,1,71,,48382,8,,,1,104,,48392,8,,,1,33,,48383,8,,,1,72,,48400,8,,,1,32,,48393,8,,,1,72,,48384,8,,,1,32,,48401,8,,,1,71,,48394,8,,,1,34,,48385,8,,,1,72,,48402,8,,,1,70,,48395,8,,,1,34,,48386,8,,,1,72,,48403,8,,,1,30,,48396,8,,,1,75,,48387,8,,,1,45,,48397,8,,,1,85,,48388,8,,,1,85,,48398,8,,,1,84,,48389,8,,,1,40,,48399,8,,,1,80,,48390,8,,,1,80,,48404,8,,,1
2701,'30',837,,48405,7,,,1,85,,48406,8,,,1,85,,48412,8,,,1,45,,48407,8,,,1,85,,48413,8,,,1,85,,48408,8,,,1,88,,48414,8,,,1,32,,48415,8,,,1,72,,48409,8,,,1,32,,48417,8,,,1,72,,48416,8,,,1,32,,48410,8,,,1,72,,48418,8,,,1,32,,48420,8,,,1,70,,48411,8,,,1,77,,48419,8,,,1,45,,48421,8,,,1,85,,48422,8,,,1
2701,'4',837,,48423,7,,,1,85,,48424,8,,,1,85,,48430,8,,,1,45,,48425,8,,,1,85,,48431,8,,,1,85,,48426,8,,,1,88,,48432,8,,,1,32,,48433,8,,,1,72,,48427,8,,,1,32,,48435,8,,,1,72,,48434,8,,,1,32,,48428,8,,,1,72,,48436,8,,,1,32,,48438,8,,,1,70,,48429,8,,,1,77,,48437,8,,,1,45,,48439,8,,,1,85,,48440,8,,,1
3101,'11802',917,,48662,19,,,1,737,,48663,19,,,1
3101,'2',618,,48664,19,,,1,34,,48665,19,,,1,60,,48666,19,,,1,20,,48667,19,,,1,20,,48668,19,,,1,60,,48669,19,,,1,20,,48670,19,,,1,20,,48671,19,,,1,53,,48672,19,,,1,25,,48673,19,,,1,20,,48674,19,,,1,70,,48675,19,,,1,30,,48676,19,,,1,70,,48677,19,,,1,30,,48678,19,,,1,70,,48679,19,,,1,30,,48680,19,,,1,70,,48681,19,,,1,26,,48682,19,,,1,70,,48683,19,,,1,25,,48684,19,,,1,60,,48685,19,,,1,20,,48686,19,,,1,20,,48687,19,,,1,61,,48688,19,,,1,20,,48689,19,,,1,20,,48690,19,,,1,60,,48691,19,,,1,20,,48692,19,,,1,20,,48693,19,,,1,59,,48694,19,,,1,20,,48695,19,,,1,18,,48696,19,,,1,70,,48697,19,,,1,30,,48698,19,,,1,70,,48699,19,,,1,30,,48700,19,,,1,70,,48701,19,,,1,30,,48702,19,,,1,70,,48703,19,,,1,30,,48704,19,,,1,70,,48705,19,,,1,30,,48706,19,,,1,70,,48707,19,,,1,25,,48708,19,,,1,22,,48709,19,,,1
3101,'3',723,,48710,19,,,1,25,,48711,19,,,1,65,,48712,19,,,1,25,,48713,19,,,1,65,,48714,19,,,1,25,,48715,19,,,1,25,,48716,19,,,1,64,,48717,19,,,1,25,,48718,19,,,1,65,,48719,19,,,1,25,,48720,19,,,1,25,,48721,19,,,1,67,,48722,19,,,1,27,,48723,19,,,1,67,,48724,19,,,1,27,,48725,19,,,1,66,,48726,19,,,1,27,,48727,19,,,1,67,,48728,19,,,1,27,,48729,19,,,1,27,,48730,19,,,1,67,,48731,19,,,1,25,,48732,19,,,1,67,,48733,19,,,1,27,,48734,19,,,1,66,,48735,19,,,1,25,,48736,19,,,1,65,,48737,19,,,1,25,,48738,19,,,1,25,,48739,19,,,1,65,,48740,19,,,1,25,,48741,19,,,1,65,,48742,19,,,1,26,,48743,19,,,1,25,,48744,19,,,1,65,,48745,19,,,1,25,,48746,19,,,1,65,,48747,19,,,1,25,,48748,19,,,1,65,,48749,19,,,1,25,,48750,19,,,1,25,,48751,19,,,1
3101,'30',728,,48763,19,,,1,25,,48752,19,,,1,65,,48753,19,,,1,25,,48754,19,,,1,65,,48755,19,,,1,25,,48756,19,,,1,25,,48757,19,,,1,65,,48758,19,,,1,25,,48759,19,,,1,65,,48760,19,,,1,25,,48761,19,,,1,65,,48762,19,,,1,25,,48764,19,,,1,25,,48765,19,,,1,65,,48766,19,,,1,25,,48767,19,,,1,65,,48768,19,,,1,25,,48769,19,,,1,25,,48770,19,,,1,65,,48771,19,,,1,25,,48772,19,,,1,65,,48773,19,,,1,25,,48774,19,,,1,65,,48775,19,,,1,25,,48776,19,,,1,25,,48777,19,,,1,65,,48778,19,,,1,25,,48779,19,,,1,65,,48780,19,,,1,25,,48781,19,,,1,25,,48782,19,,,1,67,,48783,19,,,1
3101,'4',728,,48795,19,,,1,25,,48784,19,,,1,65,,48785,19,,,1,25,,48786,19,,,1,65,,48787,19,,,1,25,,48788,19,,,1,25,,48789,19,,,1,65,,48790,19,,,1,25,,48791,19,,,1,65,,48792,19,,,1,25,,48793,19,,,1,65,,48794,19,,,1,25,,48796,19,,,1,25,,48797,19,,,1,65,,48798,19,,,1,25,,48799,19,,,1,65,,48800,19,,,1,25,,48801,19,,,1,25,,48802,19,,,1,65,,48803,19,,,1,25,,48804,19,,,1,65,,48805,19,,,1,25,,48806,19,,,1,65,,48807,19,,,1,25,,48808,19,,,1,25,,48809,19,,,1,65,,48810,19,,,1,25,,48811,19,,,1,65,,48812,19,,,1,25,,48813,19,,,1,25,,48814,19,,,1,67,,48815,19,,,1
12700,'3302',654,,50785,17,,,1,91,,50786,17,,,1,58,,50787,17,,,1,54,,50788,17,,,1,57,,50789,17,,,1,91,,50790,17,,,1,23,,50791,17,,,1,86,,50792,17,,,1,23,,50793,17,,,1,86,,50794,17,,,1,23,,50795,17,,,1,86,,50796,17,,,1,24,,50797,17,,,1,87,,50798,17,,,1,70,,50799,17,,,1,45,,50800,17,,,1,72,,50801,17,,,1,88,,50802,17,,,1,36,,50803,17,,,1,75,,50804,17,,,1,77,,50805,17,,,1,34,,50806,17,,,1,74,,50807,17,,,1,34,,50808,17,,,1,100,,50809,17,,,1,104,,50810,17,,,1,101,,50811,17,,,1
12700,'3602',616,,50812,17,,,1,93,,50813,17,,,1,16,,50814,17,,,1,96,,50815,17,,,1,18,,50816,17,,,1,102,,50817,17,,,1,110,,50818,17,,,1,149,,50819,17,,,1,109,,50820,17,,,1,104,,50821,17,,,1,15,,50822,17,,,1,30,,50823,17,,,1,70,,50824,17,,,1,15,,50825,17,,,1,71,,50826,17,,,1,32,,50827,17,,,1,56,,50828,17,,,1,32,,50829,17,,,1
12700,'3903',614,,50830,17,,,1,100,,50831,17,,,1,103,,50832,17,,,1,102,,50833,17,,,1,103,,50834,17,,,1,34,,50835,17,,,1,74,,50836,17,,,1,74,,50837,17,,,1,36,,50838,17,,,1,75,,50839,17,,,1,35,,50840,17,,,1,76,,50841,17,,,1,75,,50842,17,,,1,35,,50843,17,,,1,75,,50844,17,,,1,35,,50845,17,,,1,75,,50846,17,,,1,35,,50847,17,,,1,74,,50848,17,,,1,74,,50849,17,,,1,34,,50850,17,,,1,74,,50851,17,,,1,34,,50852,17,,,1,101,,50853,17,,,1,102,,50854,17,,,1,102,,50855,17,,,1
12700,'6404',704,,50856,7,,,1,102,,50857,17,,,1,103,,50858,17,,,1,34,,50859,17,,,1,74,,50860,17,,,1,34,,50861,17,,,1,74,,50862,17,,,1,34,,50863,17,,,1,75,,50864,17,,,1,74,,50865,17,,,1,34,,50866,17,,,1,74,,50867,17,,,1,34,,50868,17,,,1,74,,50869,17,,,1,34,,50870,17,,,1,74,,50871,17,,,1,73,,50872,17,,,1,28,,50873,17,,,1,77,,50874,17,,,1,101,,50875,17,,,1,101,,50876,17,,,1,101,,50877,17,,,1,101,,50878,17,,,1
