400,'11802',1451,,43357,3,0,13 18 19 20,1,286,,43358,3,0,10 18 19 20,1
400,'2',613,,43385,3,0,13 18 19 20,1,38,,43384,3,0,10 18 19 20,1,55,,43383,3,0,13 18 19 20,1,15,,43382,3,0,10 18 19 20,1,15,,43381,3,0,13 18 19 20,1,15,,43380,3,0,10 18 19 20,1,55,,43379,3,0,13 18 19 20,1,15,,43378,3,0,10 18 19 20,1,15,,43377,3,0,13 18 19 20,1,21,,43376,3,0,10 18 19 20,1,60,,43375,3,0,13 18 19 20,1,20,,43374,3,0,10 18 19 20,1,20,,43373,3,0,13 18 19 20,1,60,,43372,3,0,10 18 19 20,1,20,,43371,3,0,13 18 19 20,1,20,,43370,3,0,10 18 19 20,1,60,,43369,3,0,13 18 19 20,1,20,,43368,3,0,10 18 19 20,1,20,,43367,3,0,13 18 19 20,1,60,,43366,3,0,10 18 19 20,1,20,,43365,3,0,13 18 19 20,1,20,,43364,3,0,10 18 19 20,1,60,,43363,3,0,13 18 19 20,1,17,,43362,3,0,10 18 19 20,1,14,,43387,3,0,13 18 19 20,1,10,,43388,3,0,10 18 19 20,1,55,,43396,3,0,13 18 19 20,1,15,,43389,3,0,10 18 19 20,1,15,,43397,3,0,13 18 19 20,1,15,,43390,3,0,10 18 19 20,1,55,,43398,3,0,13 18 19 20,1,15,,43391,3,0,10 18 19 20,1,14,,43399,3,0,13 18 19 20,1,13,,43392,3,0,10 18 19 20,1,55,,43400,3,0,13 18 19 20,1,10,,43393,3,0,10 18 19 20,1,15,,43401,3,0,13 18 19 20,1,15,,43394,3,0,10 18 19 20,1,50,,43402,3,0,13 18 19 20,1,15,,43395,3,0,10 18 19 20,1,10,,43403,3,0,13 18 19 20,1,23,,43404,3,0,10 18 19 20,1,61,,43405,3,0,13 18 19 20,1,15,,43409,3,0,10 18 19 20,1,20,,43406,3,0,13 18 19 20,1,60,,43410,3,0,10 18 19 20,1,20,,43407,3,0,13 18 19 20,1,20,,43411,3,0,10 18 19 20,1,60,,43408,3,0,13 18 19 20,1,17,,43412,3,0,10 18 19 20,1,15,,43413,3,0,13 18 19 20,1,67,,43416,3,0,10 18 19 20,1,30,,43414,3,0,13 18 19 20,1,70,,43417,3,0,10 18 19 20,1,30,,43415,3,0,13 18 19 20,1,72,,43418,3,0,10 18 19 20,1,40,,43419,3,0,13 18 19 20,1,99,,43420,3,0,13 18 19 20,1
400,'3',602,,43423,3,0,13 18 19 20,1,13,,43422,3,0,10 18 19 20,1,32,,43425,3,0,13 18 19 20,1,70,,43432,3,0,10 18 19 20,1,30,,43426,3,0,13 18 19 20,1,68,,43433,3,0,10 18 19 20,1,30,,43427,3,0,13 18 19 20,1,70,,43434,3,0,10 18 19 20,1,30,,43428,3,0,13 18 19 20,1,68,,43435,3,0,10 18 19 20,1,30,,43429,3,0,13 18 19 20,1,70,,43436,3,0,10 18 19 20,1,30,,43430,3,0,13 18 19 20,1,67,,43437,3,0,10 18 19 20,1,29,,43431,3,0,13 18 19 20,1,63,,43438,3,0,10 18 19 20,1,20,,43443,3,0,13 18 19 20,1,25,,43439,3,0,10 18 19 20,1,64,,43444,3,0,13 18 19 20,1,25,,43440,3,0,10 18 19 20,1,65,,43445,3,0,13 18 19 20,1,25,,43441,3,0,10 18 19 20,1,25,,43446,3,0,13 18 19 20,1,65,,43442,3,0,10 18 19 20,1,25,,43447,3,0,13 18 19 20,1,65,,43454,3,0,10 18 19 20,1,25,,43450,3,0,13 18 19 20,1,25,,43455,3,0,10 18 19 20,1,65,,43451,3,0,13 18 19 20,1,25,,43456,3,0,10 18 19 20,1,65,,43452,3,0,13 18 19 20,1,25,,43457,3,0,10 18 19 20,1,65,,43453,3,0,13 18 19 20,1,25,,43458,3,0,10 18 19 20,1,23,,43459,3,0,13 18 19 20,1,70,,43462,3,0,10 18 19 20,1,35,,43460,3,0,13 18 19 20,1,70,,43463,3,0,10 18 19 20,1,30,,43461,3,0,13 18 19 20,1,70,,43464,3,0,10 18 19 20,1,27,,43448,3,0,13 18 19 20,1,94,,43449,3,0,10 18 19 20,1
400,'30',645,,43495,3,0,13 18 19 20,1,82,,43496,3,0,10 18 19 20,1,80,,43497,3,0,13 18 19 20,1,43,,43467,3,0,10 18 19 20,1,74,,43468,3,0,13 18 19 20,1,25,,43469,3,0,10 18 19 20,1,70,,43470,3,0,13 18 19 20,1,30,,43471,3,0,10 18 19 20,1,70,,43472,3,0,13 18 19 20,1,30,,43473,3,0,10 18 19 20,1,66,,43474,3,0,13 18 19 20,1,30,,43475,3,0,10 18 19 20,1,70,,43476,3,0,13 18 19 20,1,30,,43477,3,0,10 18 19 20,1,70,,43478,3,0,13 18 19 20,1,30,,43479,3,0,10 18 19 20,1,70,,43480,3,0,13 18 19 20,1,30,,43481,3,0,10 18 19 20,1,70,,43482,3,0,13 18 19 20,1,30,,43483,3,0,10 18 19 20,1,70,,43484,3,0,13 18 19 20,1,30,,43485,3,0,10 18 19 20,1,72,,43486,3,0,13 18 19 20,1,30,,43487,3,0,10 18 19 20,1,70,,43488,3,0,13 18 19 20,1,30,,43489,3,0,10 18 19 20,1,70,,43490,3,0,13 18 19 20,1,30,,43491,3,0,10 18 19 20,1,70,,43492,3,0,13 18 19 20,1,30,,43493,3,0,10 18 19 20,1,66,,43494,3,0,13 18 19 20,1,29,,43465,3,0,10 18 19 20,1
400,'4',645,,43528,3,0,13 18 19 20,1,82,,43529,3,0,10 18 19 20,1,80,,43530,3,0,13 18 19 20,1,43,,43500,3,0,10 18 19 20,1,74,,43501,3,0,13 18 19 20,1,25,,43502,3,0,10 18 19 20,1,70,,43503,3,0,13 18 19 20,1,30,,43504,3,0,10 18 19 20,1,70,,43505,3,0,13 18 19 20,1,30,,43506,3,0,10 18 19 20,1,66,,43507,3,0,13 18 19 20,1,30,,43508,3,0,10 18 19 20,1,70,,43509,3,0,13 18 19 20,1,30,,43510,3,0,10 18 19 20,1,70,,43511,3,0,13 18 19 20,1,30,,43512,3,0,10 18 19 20,1,70,,43513,3,0,13 18 19 20,1,30,,43514,3,0,10 18 19 20,1,70,,43515,3,0,13 18 19 20,1,30,,43516,3,0,10 18 19 20,1,70,,43517,3,0,13 18 19 20,1,30,,43518,3,0,10 18 19 20,1,72,,43519,3,0,13 18 19 20,1,30,,43520,3,0,10 18 19 20,1,70,,43521,3,0,13 18 19 20,1,30,,43522,3,0,10 18 19 20,1,70,,43523,3,0,13 18 19 20,1,30,,43524,3,0,10 18 19 20,1,70,,43525,3,0,13 18 19 20,1,30,,43526,3,0,10 18 19 20,1,66,,43527,3,0,13 18 19 20,1,29,,43498,3,0,10 18 19 20,1
1701,'11802',1539,,46896,3,0,54 3 35,1,80,,46897,3,0,54 3 35,1
1701,'2',618,,46912,16,0,13 33,1,18,,46953,16,0,10 31,1,16,,46913,16,0,13 33,1,59,,46914,16,0,10 31,1,20,,46915,16,0,13 33,1,20,,46916,16,0,10 31,1,60,,46917,16,0,13 33,1,20,,46918,16,0,10 31,1,20,,46919,16,0,13 33,1,60,,46920,16,0,10 31,1,20,,46921,16,0,13 33,1,20,,46922,16,0,10 31,1,60,,46923,16,0,13 33,1,20,,46924,16,0,10 31,1,19,,46925,16,0,13 33,1,60,,46926,16,0,10 31,1,19,,46927,16,0,13 33,1,20,,46928,16,0,10 31,1,61,,46929,16,0,13 33,1,20,,46930,16,0,10 31,1,21,,46931,16,0,13 33,1,60,,46932,16,0,10 31,1,20,,46933,16,0,13 33,1,21,,46934,16,0,10 31,1,61,,46935,16,0,13 33,1,16,,46936,16,0,10 31,1,20,,46937,16,0,13 33,1,60,,46938,16,0,10 31,1,20,,46939,16,0,13 33,1,20,,46940,16,0,10 31,1,60,,46941,16,0,13 33,1,20,,46942,16,0,10 31,1,15,,46943,16,0,13 33,1,15,,46944,16,0,10 31,1,60,,46945,16,0,13 33,1,18,,46946,16,0,10 31,1,64,,46947,16,0,13 33,1,19,,46908,16,0,10 31,1,19,,46907,16,0,10 31,1,19,,46906,16,0,10 31,1,59,,46905,16,0,10 31,1,19,,46904,16,0,10 31,1,19,,46903,16,0,10 31,1,59,,46902,16,0,10 31,1,25,,46901,16,0,10 31,1,68,,46899,16,0,10 31,1,30,,46900,16,0,10 31,1,20,,46948,16,0,10 31,1,65,,46949,16,0,10 31,1,25,,46950,16,0,10 31,1,65,,46951,16,0,10 31,1,22,,46952,16,0,10 31,1,25,,46909,16,0,10 31,1,90,,46955,16,0,10 31,1
1701,'3',606,,46990,16,0,10 31,1,35,,46989,16,0,10 31,1,74,,46988,16,0,10 31,1,35,,46956,16,0,10 31,1,75,,46987,16,0,10 31,1,75,,46986,16,0,10 31,1,30,,46985,16,0,10 31,1,27,,46992,16,0,10 31,1,69,,46984,16,0,10 31,1,30,,46983,16,0,10 31,1,70,,46982,16,0,10 31,1,30,,46981,16,0,10 31,1,70,,46980,16,0,10 31,1,30,,46979,16,0,10 31,1,70,,46978,16,0,10 31,1,30,,46977,16,0,10 31,1,70,,46976,16,0,10 31,1,30,,46975,16,0,10 31,1,70,,46974,16,0,10 31,1,30,,46973,16,0,10 31,1,70,,46972,16,0,10 31,1,30,,46971,16,0,10 31,1,70,,46970,16,0,10 31,1,33,,46969,16,0,10 31,1,70,,46968,16,0,10 31,1,20,,46967,16,0,10 31,1,70,,46966,16,0,10 31,1,30,,46965,16,0,10 31,1,70,,46964,16,0,10 31,1,20,,46963,16,0,10 31,1,71,,46962,16,0,10 31,1,30,,46961,16,0,10 31,1,70,,46960,16,0,10 31,1,15,,46993,16,0,10 31,1,30,,46959,16,0,10 31,1,65,,46958,16,0,10 31,1,20,,46957,16,0,10 31,1,60,,46994,16,0,10 31,1,30,,46995,16,0,10 31,1
1701,'30',623,,47026,16,0,10 31,1,35,,47027,16,0,10 31,1,75,,47028,16,0,10 31,1,75,,47029,16,0,10 31,1,32,,46998,16,0,10 31,1,70,,46999,16,0,10 31,1,30,,47000,16,0,10 31,1,15,,47001,16,0,10 31,1,65,,47002,16,0,10 31,1,30,,47003,16,0,10 31,1,70,,47004,16,0,10 31,1,28,,47005,16,0,10 31,1,64,,47006,16,0,10 31,1,25,,47007,16,0,10 31,1,70,,47008,16,0,10 31,1,30,,47009,16,0,10 31,1,65,,47010,16,0,10 31,1,28,,47011,16,0,10 31,1,70,,47012,16,0,10 31,1,30,,47013,16,0,10 31,1,70,,47014,16,0,10 31,1,30,,47015,16,0,10 31,1,25,,47016,16,0,10 31,1,70,,47017,16,0,10 31,1,30,,47018,16,0,10 31,1,70,,47019,16,0,10 31,1,80,,47020,16,0,10 31,1,35,,47021,16,0,10 31,1,70,,47022,16,0,10 31,1,40,,47023,16,0,10 31,1,75,,47024,16,0,10 31,1,30,,47025,16,0,10 31,1,75,,46996,16,0,10 31,1,70,,46997,16,0,10 31,1
1701,'4',623,,47060,16,0,10 31,1,35,,47061,16,0,10 31,1,75,,47062,16,0,10 31,1,75,,47063,16,0,10 31,1,32,,47032,16,0,10 31,1,70,,47033,16,0,10 31,1,30,,47034,16,0,10 31,1,15,,47035,16,0,10 31,1,65,,47036,16,0,10 31,1,30,,47037,16,0,10 31,1,70,,47038,16,0,10 31,1,28,,47039,16,0,10 31,1,64,,47040,16,0,10 31,1,25,,47041,16,0,10 31,1,70,,47042,16,0,10 31,1,30,,47043,16,0,10 31,1,65,,47044,16,0,10 31,1,28,,47045,16,0,10 31,1,70,,47046,16,0,10 31,1,30,,47047,16,0,10 31,1,70,,47048,16,0,10 31,1,30,,47049,16,0,10 31,1,25,,47050,16,0,10 31,1,70,,47051,16,0,10 31,1,30,,47052,16,0,10 31,1,70,,47053,16,0,10 31,1,80,,47054,16,0,10 31,1,35,,47055,16,0,10 31,1,70,,47056,16,0,10 31,1,40,,47057,16,0,10 31,1,75,,47058,16,0,10 31,1,30,,47059,16,0,10 31,1,75,,47030,16,0,10 31,1,70,,47031,16,0,10 31,1
2001,'2',606,,47484,3,,,1,45,,47485,3,,,1,54,,47489,3,,,1,15,,47514,3,,,1,15,,47515,3,,,1,15,,47516,3,,,1,55,,47517,3,,,1,15,,47518,3,,,1,15,,47519,3,,,1,15,,47520,3,,,1,55,,47521,3,,,1,15,,47522,3,,,1,15,,47523,3,,,1,15,,47524,3,,,1,53,,47525,3,,,1,15,,47526,3,,,1,15,,47527,3,,,1,15,,47528,3,,,1,55,,47529,3,,,1,15,,47530,3,,,1,15,,47531,3,,,1,12,,47532,3,,,1,55,,47533,3,,,1,15,,47534,3,,,1,15,,47535,3,,,1,15,,47536,3,,,1,55,,47537,3,,,1,15,,47538,3,,,1,15,,47539,3,,,1,16,,47540,3,,,1,55,,47541,3,,,1,15,,47542,3,,,1,15,,47543,3,,,1,15,,47544,3,,,1,55,,47545,3,,,1,15,,47546,3,,,1,15,,47547,3,,,1,13,,47548,3,,,1,15,,47549,3,,,1,60,,47490,3,,,1,10,,47491,3,,,1,15,,47492,3,,,1,15,,47493,3,,,1,55,,47494,3,,,1,15,,47495,3,,,1,19,,47496,3,,,1,56,,47497,3,,,1,20,,47498,3,,,1,24,,47499,3,,,1,60,,47500,3,,,1,20,,47501,3,,,1,25,,47502,3,,,1,60,,47503,3,,,1,32,,47504,3,,,1,72,,47505,3,,,1,26,,47506,3,,,1,66,,47507,3,,,1,26,,47508,3,,,1,66,,47509,3,,,1,26,,47510,3,,,1,20,,47512,3,,,1,68,,47513,3,,,1,26,,47511,3,,,1
2001,'3',613,,47550,3,,,1,35,,47552,3,,,1,68,,47553,3,,,1,35,,47554,3,,,1,65,,47555,3,,,1,22,,47556,3,,,1,70,,47557,3,,,1,26,,47558,3,,,1,66,,47559,3,,,1,21,,47560,3,,,1,20,,47561,3,,,1,60,,47562,3,,,1,20,,47563,3,,,1,20,,47564,3,,,1,60,,47565,3,,,1,20,,47566,3,,,1,20,,47567,3,,,1,60,,47568,3,,,1,20,,47569,3,,,1,20,,47570,3,,,1,60,,47571,3,,,1,20,,47572,3,,,1,20,,47573,3,,,1,60,,47574,3,,,1,20,,47575,3,,,1,20,,47576,3,,,1,60,,47577,3,,,1,20,,47578,3,,,1,20,,47579,3,,,1,60,,47580,3,,,1,20,,47581,3,,,1,20,,47582,3,,,1,60,,47583,3,,,1,20,,47584,3,,,1,27,,47585,3,,,1,67,,47586,3,,,1,27,,47587,3,,,1,67,,47588,3,,,1,27,,47589,3,,,1,67,,47590,3,,,1,27,,47591,3,,,1,27,,47592,3,,,1,67,,47593,3,,,1,27,,47594,3,,,1,62,,47595,3,,,1,32,,47596,3,,,1,67,,47597,3,,,1,32,,47551,3,,,1
2001,'30',638,,47598,3,,,1,80,,47600,3,,,1,41,,47601,3,,,1,69,,47602,3,,,1,25,,47603,3,,,1,59,,47604,3,,,1,26,,47605,3,,,1,71,,47606,3,,,1,26,,47607,3,,,1,66,,47608,3,,,1,26,,47609,3,,,1,26,,47610,3,,,1,66,,47611,3,,,1,26,,47612,3,,,1,66,,47613,3,,,1,26,,47614,3,,,1,66,,47615,3,,,1,26,,47616,3,,,1,26,,47617,3,,,1,66,,47618,3,,,1,26,,47619,3,,,1,66,,47620,3,,,1,26,,47621,3,,,1,66,,47622,3,,,1,26,,47623,3,,,1,26,,47624,3,,,1,66,,47625,3,,,1,25,,47626,3,,,1,65,,47627,3,,,1,25,,47628,3,,,1,65,,47629,3,,,1,25,,47630,3,,,1,25,,47631,3,,,1,65,,47632,3,,,1,25,,47633,3,,,1,67,,47634,3,,,1,35,,47599,3,,,1
2001,'4',638,,47635,3,,,1,80,,47637,3,,,1,41,,47638,3,,,1,69,,47639,3,,,1,25,,47640,3,,,1,59,,47641,3,,,1,26,,47642,3,,,1,71,,47643,3,,,1,26,,47644,3,,,1,66,,47645,3,,,1,26,,47646,3,,,1,26,,47647,3,,,1,66,,47648,3,,,1,26,,47649,3,,,1,66,,47650,3,,,1,26,,47651,3,,,1,66,,47652,3,,,1,26,,47653,3,,,1,26,,47654,3,,,1,66,,47655,3,,,1,26,,47656,3,,,1,66,,47657,3,,,1,26,,47658,3,,,1,66,,47659,3,,,1,26,,47660,3,,,1,26,,47661,3,,,1,66,,47662,3,,,1,25,,47663,3,,,1,65,,47664,3,,,1,25,,47665,3,,,1,65,,47666,3,,,1,25,,47667,3,,,1,25,,47668,3,,,1,65,,47669,3,,,1,25,,47670,3,,,1,67,,47671,3,,,1,35,,47636,3,,,1
10401,'3302',731,,50511,3,,,1,70,,50512,3,,,1,32,,50513,3,,,1,72,,50514,3,,,1,30,,50515,3,,,1,70,,50516,3,,,1,29,,50517,3,,,1,71,,50518,3,,,1,28,,50519,3,,,1,74,,50520,3,,,1,27,,50521,3,,,1,72,,50522,3,,,1,24,,50523,3,,,1,29,,50524,3,,,1,68,,50525,3,,,1,32,,50526,3,,,1,69,,50527,3,,,1,30,,50528,3,,,1,70,,50529,3,,,1,73,,50530,3,,,1,31,,50531,3,,,1,70,,50532,3,,,1
10401,'3903',1006,,50549,3,,,1,21,,50535,3,,,1,30,,50536,3,,,1,67,,50537,3,,,1,29,,50538,3,,,1,60,,50539,3,,,1,30,,50540,3,,,1,65,,50541,3,,,1,29,,50542,3,,,1,68,,50543,3,,,1,31,,50544,3,,,1,70,,50545,3,,,1,30,,50546,3,,,1,69,,50547,3,,,1,30,,50548,3,,,1,70,,50534,3,,,1,30,,50533,3,,,1
