600,'2',608,,35275,27,,,1,28,,35274,27,,,1,81,,35276,27,,,1,25,,35277,27,,,1,60,,35278,27,,,1,25,,35279,27,,,1,25,,35280,27,,,1,66,,35281,27,,,1,30,,35282,27,,,1,70,,35283,27,,,1,25,,35284,27,,,1,70,,35285,27,,,1,30,,35286,27,,,1,70,,35287,27,,,1,25,,35288,27,,,1,70,,35289,27,,,1,30,,35290,27,,,1,71,,35291,27,,,1,30,,35292,27,,,1,65,,35293,27,,,1,30,,35294,27,,,1,25,,35295,27,,,1,71,,35296,27,,,1,70,,35297,27,,,1,30,,35298,27,,,1,70,,35299,27,,,1,22,,35300,27,,,1,25,,35301,27,,,1,65,,35302,27,,,1,25,,35303,27,,,1,65,,35304,27,,,1,25,,35305,27,,,1,24,,35306,27,,,1,65,,35307,27,,,1,25,,35308,27,,,1,65,,35309,27,,,1,25,,35310,27,,,1,25,,35311,27,,,1,65,,35312,27,,,1,25,,35313,27,,,1,67,,35314,27,,,1,25,,35315,27,,,1,69,,35316,27,,,1
600,'3',602,,35317,10,,,1,33,,35318,27,,,1,67,,35319,27,,,1,35,,35320,27,,,1,76,,35321,27,,,1,35,,35322,27,,,1,75,,35323,27,,,1,25,,35325,10,,,1,10,,35324,27,,,1,72,,35326,27,,,1,28,,35327,27,,,1,65,,35328,27,,,1,25,,35329,27,,,1,64,,35330,27,,,1,18,,35331,27,,,1,20,,35332,27,,,1,58,,35333,27,,,1,20,,35334,27,,,1,19,,35335,27,,,1,61,,35336,27,,,1,20,,35337,27,,,1,20,,35338,27,,,1,60,,35339,27,,,1,20,,35340,27,,,1,20,,35341,27,,,1,60,,35342,27,,,1,20,,35343,27,,,1,20,,35344,27,,,1,60,,35345,27,,,1,20,,35346,27,,,1,20,,35347,27,,,1,59,,35348,27,,,1,20,,35349,27,,,1,15,,35350,27,,,1,65,,35351,27,,,1,25,,35352,27,,,1,25,,35353,27,,,1,65,,35354,27,,,1,25,,35355,27,,,1,65,,35356,27,,,1,26,,35357,27,,,1,79,,35358,27,,,1,33,,35359,27,,,1,76,,35360,27,,,1,76,,35361,27,,,1,36,,35362,27,,,1,69,,35363,27,,,1
600,'30',856,,35364,10,,,1,68,,35365,10,,,1,35,,35366,27,,,1,75,,35367,27,,,1,75,,35368,27,,,1,35,,35369,27,,,1,70,,35370,10,,,1,16,,35371,27,,,1,74,,35372,27,,,1,25,,35373,27,,,1,25,,35374,27,,,1,65,,35375,27,,,1,25,,35376,27,,,1,65,,35377,27,,,1,25,,35378,27,,,1,25,,35379,27,,,1,65,,35380,27,,,1,25,,35381,27,,,1,65,,35382,27,,,1,25,,35383,27,,,1,63,,35384,27,,,1,25,,35385,27,,,1,77,,35386,27,,,1,35,,35387,27,,,1,75,,35388,27,,,1,35,,35389,27,,,1,75,,35390,27,,,1,35,,35391,27,,,1,73,,35392,27,,,1,74,,35393,27,,,1
600,'4',856,,35394,10,,,1,68,,35395,10,,,1,35,,35396,27,,,1,75,,35397,27,,,1,75,,35398,27,,,1,35,,35399,27,,,1,70,,35423,10,,,1,16,,35400,27,,,1,74,,35401,27,,,1,25,,35402,27,,,1,25,,35403,27,,,1,65,,35404,27,,,1,25,,35405,27,,,1,65,,35406,27,,,1,25,,35407,27,,,1,25,,35408,27,,,1,65,,35409,27,,,1,25,,35410,27,,,1,65,,35411,27,,,1,25,,35412,27,,,1,63,,35413,27,,,1,25,,35414,27,,,1,77,,35415,27,,,1,35,,35416,27,,,1,75,,35417,27,,,1,35,,35418,27,,,1,75,,35419,27,,,1,35,,35420,27,,,1,73,,35421,27,,,1,74,,35422,27,,,1
1301,'2',636,,37057,56,0,10 14 20,1,7,,37058,30,,,1,15,,37059,56,0,10 14 20,1,58,,37060,30,,,1,10,,37061,56,0,10 14 20,1,15,,37062,30,,,1,15,,37063,56,0,10 14 20,1,55,,37064,30,,,1,15,,37065,56,0,10 14 20,1,15,,37066,30,,,1,15,,37067,56,0,10 14 20,1,56,,37068,30,,,1,10,,37069,56,0,10 14 20,1,15,,37070,34,,,1,15,,37071,56,0,10 14 20,1,55,,37072,34,,,1,15,,37073,56,0,10 14 20,1,15,,37074,34,,,1,15,,37075,56,0,10 14 20,1,55,,37076,34,,,1,10,,37077,56,0,10 14 20,1,15,,37078,34,,,1,15,,37079,56,0,10 14 20,1,55,,37080,34,,,1,16,,37081,56,0,10 14 20,1,15,,37082,34,,,1,15,,37083,56,0,10 14 20,1,55,,37084,34,,,1,15,,37085,56,0,10 14 20,1,15,,37086,34,,,1,15,,37087,56,0,10 14 20,1,55,,37088,34,,,1,15,,37089,56,0,10 14 20,1,15,,37090,30,,,1,15,,37091,56,0,10 14 20,1,55,,37092,30,,,1,15,,37093,56,0,10 14 20,1,15,,37094,30,,,1,21,,37095,56,0,10 14 20,1,55,,37096,30,,,1,17,,37097,56,0,10 14 20,1,15,,37098,30,,,1,15,,37099,56,0,10 14 20,1,55,,37100,30,,,1,13,,37101,56,0,10 14 20,1,13,,37102,30,,,1,15,,37103,56,0,10 14 20,1,54,,37104,30,,,1,12,,37105,56,0,10 14 20,1,20,,37107,30,,,1,20,,37111,30,,,1,60,,37108,56,0,10 14 20,1,15,,37112,30,,,1,15,,37109,56,0,10 14 20,1,60,,37113,30,,,1,20,,37110,56,0,10 14 20,1,20,,37114,30,,,1,60,,37115,56,0,10 14 20,1,25,,37118,30,,,1,70,,37116,56,0,10 14 20,1,30,,37119,30,,,1,25,,37117,56,0,10 14 20,1,65,,37120,30,,,1,18,,37121,56,0,10 14 20,1,74,,37123,30,,,1,28,,37122,56,0,10 14 20,1,65,,37124,30,,,1
1301,'3',635,,37125,56,0,10 14 20,1,75,,37126,30,,,1,35,,37127,56,0,10 14 20,1,61,,37128,30,,,1,16,,37132,56,0,10 14 20,1,16,,37129,30,,,1,16,,37133,56,0,10 14 20,1,56,,37130,30,,,1,16,,37134,30,,,1,16,,37131,56,0,10 14 20,1,16,,37135,30,,,1,57,,37136,56,0,10 14 20,1,15,,37137,30,,,1,10,,37153,56,0,10 14 20,1,15,,37138,30,,,1,55,,37154,56,0,10 14 20,1,15,,37139,30,,,1,15,,37155,56,0,10 14 20,1,15,,37140,30,,,1,56,,37156,56,0,10 14 20,1,15,,37141,30,,,1,15,,37157,56,0,10 14 20,1,15,,37142,30,,,1,55,,37158,56,0,10 14 20,1,15,,37143,30,,,1,10,,37159,56,0,10 14 20,1,15,,37144,30,,,1,55,,37160,56,0,10 14 20,1,15,,37145,30,,,1,15,,37161,56,0,10 14 20,1,15,,37146,30,,,1,55,,37162,56,0,10 14 20,1,15,,37147,30,,,1,15,,37163,56,0,10 14 20,1,15,,37148,30,,,1,50,,37164,56,0,10 14 20,1,15,,37149,30,,,1,15,,37165,56,0,10 14 20,1,15,,37150,30,,,1,55,,37166,56,0,10 14 20,1,15,,37151,30,,,1,15,,37167,56,0,10 14 20,1,15,,37152,30,,,1,55,,37168,56,0,10 14 20,1,15,,37173,30,,,1,15,,37169,56,0,10 14 20,1,15,,37174,30,,,1,60,,37170,56,0,10 14 20,1,20,,37175,30,,,1,20,,37171,56,0,10 14 20,1,60,,37176,30,,,1,20,,37172,56,0,10 14 20,1,20,,37177,30,,,1,59,,37178,56,0,10 14 20,1,24,,37182,30,,,1,30,,37179,56,0,10 14 20,1,70,,37183,30,,,1,20,,37180,56,0,10 14 20,1,65,,37184,30,,,1,30,,37181,56,0,10 14 20,1,70,,37185,30,,,1,42,,37187,56,0,10 14 20,1,51,,37186,30,,,1
1301,'30',709,,37209,56,0,10 14 20,1,35,,37211,30,,,1,75,,37210,56,0,10 14 20,1,35,,37212,30,,,1,69,,37213,12,,,1,6,,37208,56,0,10 14 20,1,30,,37207,30,,,1,71,,37196,56,0,10 14 20,1,70,,37206,30,,,1,25,,37195,56,0,10 14 20,1,30,,37205,30,,,1,70,,37194,56,0,10 14 20,1,30,,37204,30,,,1,70,,37193,56,0,10 14 20,1,30,,37203,30,,,1,70,,37192,56,0,10 14 20,1,30,,37202,30,,,1,70,,37191,56,0,10 14 20,1,30,,37201,30,,,1,65,,37190,56,0,10 14 20,1,30,,37200,30,,,1,70,,37189,56,0,10 14 20,1,30,,37199,30,,,1,70,,37188,56,0,10 14 20,1,27,,37198,30,,,1,65,,37214,56,0,10 14 20,1,30,,37218,30,,,1,65,,37215,56,0,10 14 20,1,25,,37219,30,,,1,15,,37216,56,0,10 14 20,1,70,,37220,30,,,1,30,,37217,56,0,10 14 20,1,71,,37221,30,,,1,37,,37222,56,0,10 14 20,1,51,,37197,30,,,1
1301,'4',709,,37244,56,0,10 14 20,1,35,,37246,30,,,1,75,,37245,56,0,10 14 20,1,35,,37247,30,,,1,69,,37248,12,,,1,6,,37243,56,0,10 14 20,1,30,,37242,30,,,1,71,,37231,56,0,10 14 20,1,70,,37241,30,,,1,25,,37230,56,0,10 14 20,1,30,,37240,30,,,1,70,,37229,56,0,10 14 20,1,30,,37239,30,,,1,70,,37228,56,0,10 14 20,1,30,,37238,30,,,1,70,,37227,56,0,10 14 20,1,30,,37237,30,,,1,70,,37226,56,0,10 14 20,1,30,,37236,30,,,1,65,,37225,56,0,10 14 20,1,30,,37235,30,,,1,70,,37224,56,0,10 14 20,1,30,,37234,30,,,1,70,,37223,56,0,10 14 20,1,27,,37233,30,,,1,65,,37249,56,0,10 14 20,1,30,,37253,30,,,1,65,,37250,56,0,10 14 20,1,25,,37254,30,,,1,15,,37251,56,0,10 14 20,1,70,,37255,30,,,1,30,,37252,56,0,10 14 20,1,71,,37256,30,,,1,37,,37257,56,0,10 14 20,1,51,,37232,30,,,1
10600,'3302',713,,41852,12,,,1,20,,41867,12,,,1,21,,41853,12,,,1,60,,41868,12,,,1,25,,41854,12,,,1,20,,41869,12,,,1,65,,41855,12,,,1,20,,41870,12,,,1,65,,41856,12,,,1,25,,41871,12,,,1,20,,41857,12,,,1,65,,41872,12,,,1,20,,41858,12,,,1,20,,41873,12,,,1,65,,41859,12,,,1,21,,41874,12,,,1,65,,41860,12,,,1,20,,41875,12,,,1,25,,41861,12,,,1,61,,41876,12,,,1,26,,41862,12,,,1,60,,41877,12,,,1,25,,41863,12,,,1,20,,41878,12,,,1,65,,41864,12,,,1,22,,41879,12,,,1,70,,41865,12,,,1,20,,41880,12,,,1,10,,41882,12,,,1,25,,41866,12,,,1,56,,41881,12,,,1,10,,41883,12,,,1,20,,41888,12,,,1,59,,41884,12,,,1,18,,41889,12,,,1,22,,41885,12,,,1,58,,41890,12,,,1,22,,41886,12,,,1,18,,41891,12,,,1,62,,41887,12,,,1,17,,41892,12,,,1,38,,41893,12,,,1,81,,41894,12,,,1,80,,41895,12,,,1,80,,41896,12,,,1
10600,'3602',723,,41897,12,,,1,20,,41912,12,,,1,61,,41898,12,,,1,20,,41913,12,,,1,25,,41899,12,,,1,60,,41914,12,,,1,25,,41900,12,,,1,20,,41915,12,,,1,65,,41901,12,,,1,25,,41916,12,,,1,60,,41902,12,,,1,25,,41917,12,,,1,20,,41903,12,,,1,60,,41918,12,,,1,26,,41904,12,,,1,20,,41919,12,,,1,65,,41905,12,,,1,20,,41920,12,,,1,65,,41906,12,,,1,21,,41921,12,,,1,26,,41907,12,,,1,60,,41922,12,,,1,25,,41908,12,,,1,20,,41923,12,,,1,67,,41909,12,,,1,25,,41924,12,,,1,65,,41910,12,,,1,35,,41925,12,,,1,60,,41911,12,,,1,26,,41926,12,,,1,20,,41927,12,,,1,58,,41928,12,,,1,20,,41929,12,,,1,21,,41930,12,,,1,58,,41931,12,,,1,22,,41932,12,,,1,18,,41933,12,,,1
10600,'3903',1111,,41934,12,,,1,41,,41935,12,,,1,86,,41936,12,,,1,80,,41937,12,,,1,40,,41938,12,,,1,82,,41939,12,,,1,85,,41940,12,,,1,85,,41941,12,,,1,92,,41942,12,,,1,50,,41943,12,,,1,80,,41944,12,,,1,80,,41945,12,,,1,40,,41946,12,,,1,80,,41947,12,,,1,79,,41948,12,,,1,39,,41949,12,,,1,80,,41950,12,,,1
10600,'6404',1111,,41951,12,,,1,41,,41952,12,,,1,86,,41953,12,,,1,80,,41954,12,,,1,40,,41955,12,,,1,82,,41956,12,,,1,85,,41957,12,,,1,85,,41958,12,,,1,92,,41959,12,,,1,50,,41960,12,,,1,80,,41961,12,,,1,80,,41962,12,,,1,40,,41963,12,,,1,80,,41964,12,,,1,79,,41965,12,,,1,39,,41966,12,,,1
