200,'11802',1441,,42641,11,0,13 30,1,276,,42642,11,0,10 23 20,1
200,'2',623,,42650,11,0,13 30,1,16,,42686,11,0,10 23 20,1,15,,42651,11,0,13 30,1,55,,42687,11,0,10 23 20,1,15,,42652,11,0,13 30,1,15,,42688,11,0,10 23 20,1,15,,42653,11,0,13 30,1,55,,42689,11,0,10 23 20,1,15,,42654,11,0,13 30,1,15,,42690,11,0,10 23 20,1,15,,42655,11,0,13 30,1,55,,42691,11,0,10 23 20,1,15,,42656,11,0,13 30,1,15,,42692,11,0,10 23 20,1,15,,42657,11,0,13 30,1,55,,42693,11,0,10 23 20,1,15,,42658,11,0,13 30,1,15,,42694,11,0,10 23 20,1,15,,42659,11,0,13 30,1,55,,42695,11,0,10 23 20,1,15,,42660,11,0,13 30,1,15,,42696,11,0,10 23 20,1,12,,42661,11,0,13 30,1,55,,42697,11,0,10 23 20,1,15,,42662,11,0,13 30,1,15,,42698,11,0,10 23 20,1,15,,42663,11,0,13 30,1,55,,42699,11,0,10 23 20,1,15,,42664,11,0,13 30,1,15,,42700,11,0,10 23 20,1,15,,42665,11,0,13 30,1,55,,42701,11,0,10 23 20,1,15,,42666,11,0,13 30,1,13,,42702,11,0,10 23 20,1,14,,42667,11,0,13 30,1,55,,42703,11,0,10 23 20,1,15,,42668,11,0,13 30,1,15,,42704,11,0,10 23 20,1,19,,42669,11,0,13 30,1,55,,42705,11,0,10 23 20,1,15,,42670,11,0,13 30,1,15,,42706,11,0,10 23 20,1,15,,42671,11,0,13 30,1,53,,42707,11,0,10 23 20,1,19,,42672,11,0,13 30,1,11,,42708,11,0,10 23 20,1,22,,42673,11,0,13 30,1,55,,42709,11,0,10 23 20,1,15,,42674,11,0,13 30,1,12,,42710,11,0,10 23 20,1,15,,42675,11,0,13 30,1,55,,42711,11,0,10 23 20,1,15,,42676,11,0,13 30,1,15,,42712,11,0,10 23 20,1,15,,42677,11,0,13 30,1,55,,42713,11,0,10 23 20,1,10,,42678,11,0,13 30,1,24,,42714,11,0,10 23 20,1,12,,42679,11,0,13 30,1,63,,42715,11,0,10 23 20,1,17,,42680,11,0,13 30,1,23,,42716,11,0,10 23 20,1,57,,42681,11,0,13 30,1,23,,42717,11,0,10 23 20,1,20,,42682,11,0,13 30,1,57,,42718,11,0,10 23 20,1,15,,42683,11,0,13 30,1,20,,42719,11,0,10 23 20,1,55,,42684,11,0,13 30,1,20,,42720,11,0,10 23 20,1,20,,42685,11,0,13 30,1,74,,42721,11,0,45 3 21,1
200,'3',626,,42725,11,0,13 30,1,30,,42726,11,0,10 23 20,1,70,,42728,11,0,13 30,1,30,,42730,11,0,13 30,1,55,,42731,11,0,10 23 20,1,15,,42732,11,0,13 30,1,15,,42733,11,0,10 23 20,1,15,,42734,11,0,13 30,1,55,,42735,11,0,10 23 20,1,15,,42736,11,0,13 30,1,10,,42737,11,0,10 23 20,1,15,,42738,11,0,13 30,1,53,,42739,11,0,10 23 20,1,15,,42740,11,0,13 30,1,15,,42741,11,0,10 23 20,1,15,,42742,11,0,13 30,1,10,,42743,11,0,10 23 20,1,55,,42744,11,0,13 30,1,10,,42745,11,0,10 23 20,1,15,,42746,11,0,13 30,1,15,,42747,11,0,10 23 20,1,55,,42748,11,0,13 30,1,15,,42749,11,0,10 23 20,1,15,,42750,11,0,13 30,1,10,,42761,11,0,10 23 20,1,55,,42751,11,0,13 30,1,10,,42762,11,0,10 23 20,1,15,,42752,11,0,13 30,1,15,,42763,11,0,10 23 20,1,15,,42753,11,0,13 30,1,55,,42764,11,0,10 23 20,1,15,,42754,11,0,13 30,1,15,,42765,11,0,10 23 20,1,15,,42755,11,0,13 30,1,55,,42766,11,0,10 23 20,1,10,,42756,11,0,13 30,1,10,,42767,11,0,10 23 20,1,15,,42757,11,0,13 30,1,55,,42768,11,0,10 23 20,1,15,,42758,11,0,13 30,1,15,,42769,11,0,10 23 20,1,15,,42759,11,0,13 30,1,55,,42770,11,0,10 23 20,1,15,,42760,11,0,13 30,1,15,,42771,11,0,10 23 20,1,15,,42772,11,0,13 30,1,1,,42784,11,0,45 3 21,1,55,,42773,11,0,10 23 20,1,15,,42779,11,0,13 30,1,15,,42774,11,0,10 23 20,1,15,,42780,11,0,13 30,1,55,,42775,11,0,10 23 20,1,15,,42781,11,0,13 30,1,15,,42776,11,0,10 23 20,1,15,,42782,11,0,13 30,1,55,,42777,11,0,10 23 20,1,15,,42783,11,0,13 30,1,15,,42778,11,0,10 23 20,1,15,,42785,11,0,13 30,1,5,,42790,11,0,45 3 21,1,65,,42788,11,0,10 23 20,1,4,,42791,11,0,45 3 21,1,26,,42786,11,0,13 30,1,70,,42789,11,0,10 23 20,1,30,,42787,11,0,13 30,1,70,,42722,11,0,10 23 20,1,30,,42723,11,0,13 30,1,70,,42792,11,0,10 23 20,1,35,,42793,11,0,13 30,1,69,,42794,11,0,45 3 21,1
200,'30',656,,42797,11,0,13 30,1,70,,42800,11,0,10 23 20,1,30,,42802,11,0,13 30,1,70,,42801,11,0,10 23 20,1,30,,42803,11,0,13 30,1,65,,42804,11,0,10 23 20,1,25,,42808,11,0,13 30,1,65,,42805,11,0,10 23 20,1,25,,42809,11,0,13 30,1,65,,42806,11,0,10 23 20,1,25,,42810,11,0,10 23 20,1,24,,42807,11,0,10 23 20,1,55,,42811,11,0,13 30,1,15,,42823,11,0,10 23 20,1,15,,42812,11,0,13 30,1,15,,42824,11,0,10 23 20,1,55,,42813,11,0,13 30,1,15,,42825,11,0,10 23 20,1,15,,42814,11,0,13 30,1,15,,42826,11,0,10 23 20,1,55,,42815,11,0,13 30,1,15,,42827,11,0,10 23 20,1,15,,42816,11,0,13 30,1,15,,42828,11,0,10 23 20,1,55,,42817,11,0,13 30,1,15,,42829,11,0,10 23 20,1,15,,42818,11,0,13 30,1,15,,42830,11,0,10 23 20,1,55,,42819,11,0,13 30,1,15,,42831,11,0,10 23 20,1,15,,42820,11,0,13 30,1,15,,42832,11,0,10 23 20,1,55,,42821,11,0,13 30,1,15,,42833,11,0,10 23 20,1,15,,42822,11,0,13 30,1,15,,42834,11,0,10 23 20,1,65,,42837,11,0,13 30,1,5,,42848,11,0,45 3 21,1,20,,42843,11,0,10 23 20,1,65,,42838,11,0,13 30,1,25,,42844,11,0,10 23 20,1,25,,42839,11,0,13 30,1,65,,42845,11,0,10 23 20,1,25,,42840,11,0,13 30,1,65,,42846,11,0,10 23 20,1,25,,42841,11,0,13 30,1,65,,42847,11,0,10 23 20,1,25,,42842,11,0,13 30,1,30,,42796,11,0,10 23 20,1,70,,42795,11,0,45 3 21,1
200,'4',656,,42851,11,0,13 30,1,70,,42854,11,0,10 23 20,1,30,,42856,11,0,13 30,1,70,,42855,11,0,10 23 20,1,30,,42857,11,0,13 30,1,65,,42858,11,0,10 23 20,1,25,,42862,11,0,13 30,1,65,,42859,11,0,10 23 20,1,25,,42863,11,0,13 30,1,65,,42860,11,0,10 23 20,1,25,,42864,11,0,10 23 20,1,24,,42861,11,0,10 23 20,1,55,,42865,11,0,13 30,1,15,,42877,11,0,10 23 20,1,15,,42866,11,0,13 30,1,15,,42878,11,0,10 23 20,1,55,,42867,11,0,13 30,1,15,,42879,11,0,10 23 20,1,15,,42868,11,0,13 30,1,15,,42880,11,0,10 23 20,1,55,,42869,11,0,13 30,1,15,,42881,11,0,10 23 20,1,15,,42870,11,0,13 30,1,15,,42882,11,0,10 23 20,1,55,,42871,11,0,13 30,1,15,,42883,11,0,10 23 20,1,15,,42872,11,0,13 30,1,15,,42884,11,0,10 23 20,1,55,,42873,11,0,13 30,1,15,,42885,11,0,10 23 20,1,15,,42874,11,0,13 30,1,15,,42886,11,0,10 23 20,1,55,,42875,11,0,13 30,1,15,,42887,11,0,10 23 20,1,15,,42876,11,0,13 30,1,15,,42888,11,0,10 23 20,1,65,,42891,11,0,13 30,1,5,,42902,11,0,45 3 21,1,20,,42897,11,0,10 23 20,1,65,,42892,11,0,13 30,1,25,,42898,11,0,10 23 20,1,25,,42893,11,0,13 30,1,65,,42899,11,0,10 23 20,1,25,,42894,11,0,13 30,1,65,,42900,11,0,10 23 20,1,25,,42895,11,0,13 30,1,65,,42901,11,0,10 23 20,1,25,,42896,11,0,13 30,1,30,,42850,11,0,10 23 20,1,70,,42849,11,0,45 3 21,1
10601,'11802',853,,50671,11,,,1,689,,50669,11,,,1,90,,50670,11,,,1
10601,'3302',732,,50672,11,,,1,20,,50686,11,,,1,65,,50673,11,,,1,20,,50687,11,,,1,65,,50674,11,,,1,20,,50688,11,,,1,25,,50675,11,,,1,65,,50699,11,,,1,20,,50676,11,,,1,25,,50689,11,,,1,60,,50677,11,,,1,20,,50690,11,,,1,65,,50678,11,,,1,21,,50691,11,,,1,25,,50679,11,,,1,60,,50692,11,,,1,25,,50680,11,,,1,20,,50693,11,,,1,66,,50681,11,,,1,20,,50694,11,,,1,65,,50682,11,,,1,20,,50695,11,,,1,25,,50683,11,,,1,60,,50696,11,,,1,30,,50684,11,,,1,20,,50697,11,,,1,50,,50700,11,,,1,25,,50685,11,,,1,20,,50698,11,,,1,50,,50701,11,,,1,20,,50715,11,,,1,19,,50702,11,,,1,58,,50706,11,,,1,22,,50703,11,,,1,18,,50707,11,,,1,62,,50704,11,,,1,18,,50708,11,,,1,22,,50705,11,,,1,58,,50714,11,,,1,39,,50709,11,,,1,80,,50710,11,,,1,80,,50711,11,,,1,40,,50712,11,,,1,75,,50713,11,,,1
10601,'3602',742,,50716,11,,,1,60,,50730,11,,,1,25,,50717,11,,,1,20,,50731,11,,,1,65,,50718,11,,,1,20,,50732,11,,,1,25,,50719,11,,,1,65,,50733,11,,,1,20,,50720,11,,,1,65,,50734,11,,,1,20,,50721,11,,,1,20,,50735,11,,,1,66,,50722,11,,,1,20,,50736,11,,,1,25,,50723,11,,,1,60,,50737,11,,,1,25,,50724,11,,,1,60,,50738,11,,,1,26,,50725,11,,,1,20,,50739,11,,,1,65,,50726,11,,,1,20,,50740,11,,,1,25,,50727,11,,,1,65,,50741,11,,,1,25,,50728,11,,,1,75,,50742,11,,,1,20,,50729,11,,,1,70,,50750,11,,,1,20,,50743,11,,,1,18,,50744,11,,,1,60,,50745,11,,,1,21,,50746,11,,,1,18,,50747,11,,,1,62,,50748,11,,,1,18,,50751,11,,,1,20,,50749,11,,,1
10601,'3903',1130,,50752,11,,,1,86,,50753,11,,,1,40,,50754,11,,,1,80,,50755,11,,,1,81,,50756,11,,,1,85,,50757,11,,,1,45,,50758,11,,,1,90,,50759,11,,,1,90,,50760,11,,,1,84,,50761,11,,,1,40,,50762,11,,,1,80,,50763,11,,,1,80,,50764,11,,,1,40,,50765,11,,,1,79,,50766,11,,,1,80,,50767,11,,,1,40,,50768,11,,,1
10601,'6404',1130,,50769,11,,,1,86,,50770,11,,,1,40,,50771,11,,,1,80,,50772,11,,,1,81,,50773,11,,,1,85,,50774,11,,,1,45,,50775,11,,,1,90,,50776,11,,,1,90,,50777,11,,,1,84,,50778,11,,,1,40,,50779,11,,,1,80,,50780,11,,,1,80,,50781,11,,,1,40,,50782,11,,,1,79,,50783,11,,,1,80,,50784,11,,,1
