400,'11802',1514,,43357,30,0,13 18 19 20,1,289,,43358,30,0,10 18 19 20,1
400,'2',634,,43385,30,0,13 18 19 20,1,80,,43384,30,0,10 18 19 20,1,15,,43383,30,0,13 18 19 20,1,15,,43382,30,0,10 18 19 20,1,15,,43381,30,0,13 18 19 20,1,55,,43380,30,0,10 18 19 20,1,15,,43379,30,0,13 18 19 20,1,15,,43378,30,0,10 18 19 20,1,15,,43377,30,0,13 18 19 20,1,60,,43376,30,0,10 18 19 20,1,20,,43375,30,0,13 18 19 20,1,20,,43374,30,0,10 18 19 20,1,60,,43373,30,0,13 18 19 20,1,20,,43372,30,0,10 18 19 20,1,20,,43371,30,0,13 18 19 20,1,60,,43370,30,0,10 18 19 20,1,20,,43369,30,0,13 18 19 20,1,20,,43368,30,0,10 18 19 20,1,60,,43367,30,0,13 18 19 20,1,20,,43366,30,0,10 18 19 20,1,20,,43365,30,0,13 18 19 20,1,60,,43364,30,0,10 18 19 20,1,20,,43363,30,0,13 18 19 20,1,17,,43362,30,0,10 18 19 20,1,55,,43387,30,0,13 18 19 20,1,10,,43388,30,0,10 18 19 20,1,15,,43396,30,0,13 18 19 20,1,15,,43389,30,0,10 18 19 20,1,55,,43397,30,0,13 18 19 20,1,15,,43390,30,0,10 18 19 20,1,15,,43398,30,0,13 18 19 20,1,15,,43391,30,0,10 18 19 20,1,55,,43399,30,0,13 18 19 20,1,15,,43392,30,0,10 18 19 20,1,15,,43400,30,0,13 18 19 20,1,10,,43393,30,0,10 18 19 20,1,55,,43401,30,0,13 18 19 20,1,15,,43394,30,0,10 18 19 20,1,10,,43402,30,0,13 18 19 20,1,15,,43395,30,0,10 18 19 20,1,10,,43403,30,0,13 18 19 20,1,59,,43404,30,0,10 18 19 20,1,20,,43405,30,0,13 18 19 20,1,15,,43409,30,0,10 18 19 20,1,60,,43406,30,0,13 18 19 20,1,20,,43410,30,0,10 18 19 20,1,20,,43407,30,0,13 18 19 20,1,60,,43411,30,0,10 18 19 20,1,20,,43408,30,0,13 18 19 20,1,17,,43412,30,0,10 18 19 20,1,15,,43413,30,0,13 18 19 20,1,65,,43416,30,0,10 18 19 20,1,30,,43414,30,0,13 18 19 20,1,70,,43417,30,0,10 18 19 20,1,30,,43415,30,0,13 18 19 20,1,70,,43418,30,0,10 18 19 20,1,80,,43419,30,0,13 18 19 20,1,101,,43420,30,0,13 18 19 20,1
400,'3',618,,43423,30,0,13 18 19 20,1,15,,43422,30,0,10 18 19 20,1,70,,43425,30,0,13 18 19 20,1,30,,43432,30,0,10 18 19 20,1,70,,43426,30,0,13 18 19 20,1,30,,43433,30,0,10 18 19 20,1,70,,43427,30,0,13 18 19 20,1,30,,43434,30,0,10 18 19 20,1,70,,43428,30,0,13 18 19 20,1,30,,43435,30,0,10 18 19 20,1,70,,43429,30,0,13 18 19 20,1,30,,43436,30,0,10 18 19 20,1,71,,43430,30,0,13 18 19 20,1,27,,43437,30,0,10 18 19 20,1,69,,43431,30,0,13 18 19 20,1,23,,43438,30,0,10 18 19 20,1,20,,43443,30,0,13 18 19 20,1,65,,43439,30,0,10 18 19 20,1,25,,43444,30,0,13 18 19 20,1,25,,43440,30,0,10 18 19 20,1,65,,43445,30,0,13 18 19 20,1,25,,43441,30,0,10 18 19 20,1,65,,43446,30,0,13 18 19 20,1,25,,43442,30,0,10 18 19 20,1,65,,43447,30,0,13 18 19 20,1,25,,43454,30,0,10 18 19 20,1,25,,43450,30,0,13 18 19 20,1,64,,43455,30,0,10 18 19 20,1,25,,43451,30,0,13 18 19 20,1,65,,43456,30,0,10 18 19 20,1,25,,43452,30,0,13 18 19 20,1,25,,43457,30,0,10 18 19 20,1,65,,43453,30,0,13 18 19 20,1,25,,43458,30,0,10 18 19 20,1,61,,43459,30,0,13 18 19 20,1,30,,43462,30,0,10 18 19 20,1,75,,43460,30,0,13 18 19 20,1,30,,43463,30,0,10 18 19 20,1,70,,43461,30,0,13 18 19 20,1,30,,43464,30,0,10 18 19 20,1,66,,43448,30,0,13 18 19 20,1,94,,43449,30,0,10 18 19 20,1
400,'30',703,,43495,30,0,13 18 19 20,1,40,,43496,30,0,10 18 19 20,1,80,,43497,30,0,13 18 19 20,1,85,,43467,30,0,10 18 19 20,1,35,,43468,30,0,13 18 19 20,1,65,,43469,30,0,10 18 19 20,1,30,,43470,30,0,13 18 19 20,1,70,,43471,30,0,10 18 19 20,1,30,,43472,30,0,13 18 19 20,1,70,,43473,30,0,10 18 19 20,1,26,,43474,30,0,13 18 19 20,1,70,,43475,30,0,10 18 19 20,1,30,,43476,30,0,13 18 19 20,1,70,,43477,30,0,10 18 19 20,1,30,,43478,30,0,13 18 19 20,1,70,,43479,30,0,10 18 19 20,1,30,,43480,30,0,13 18 19 20,1,70,,43481,30,0,10 18 19 20,1,30,,43482,30,0,13 18 19 20,1,70,,43483,30,0,10 18 19 20,1,30,,43484,30,0,13 18 19 20,1,70,,43485,30,0,10 18 19 20,1,32,,43486,30,0,13 18 19 20,1,70,,43487,30,0,10 18 19 20,1,30,,43488,30,0,13 18 19 20,1,70,,43489,30,0,10 18 19 20,1,30,,43490,30,0,13 18 19 20,1,70,,43491,30,0,10 18 19 20,1,30,,43492,30,0,13 18 19 20,1,70,,43493,30,0,10 18 19 20,1,26,,43494,30,0,13 18 19 20,1,69,,43465,30,0,10 18 19 20,1
400,'4',703,,43528,30,0,13 18 19 20,1,40,,43529,30,0,10 18 19 20,1,80,,43530,30,0,13 18 19 20,1,85,,43500,30,0,10 18 19 20,1,35,,43501,30,0,13 18 19 20,1,65,,43502,30,0,10 18 19 20,1,30,,43503,30,0,13 18 19 20,1,70,,43504,30,0,10 18 19 20,1,30,,43505,30,0,13 18 19 20,1,70,,43506,30,0,10 18 19 20,1,26,,43507,30,0,13 18 19 20,1,70,,43508,30,0,10 18 19 20,1,30,,43509,30,0,13 18 19 20,1,70,,43510,30,0,10 18 19 20,1,30,,43511,30,0,13 18 19 20,1,70,,43512,30,0,10 18 19 20,1,30,,43513,30,0,13 18 19 20,1,70,,43514,30,0,10 18 19 20,1,30,,43515,30,0,13 18 19 20,1,70,,43516,30,0,10 18 19 20,1,30,,43517,30,0,13 18 19 20,1,70,,43518,30,0,10 18 19 20,1,32,,43519,30,0,13 18 19 20,1,70,,43520,30,0,10 18 19 20,1,30,,43521,30,0,13 18 19 20,1,70,,43522,30,0,10 18 19 20,1,30,,43523,30,0,13 18 19 20,1,70,,43524,30,0,10 18 19 20,1,30,,43525,30,0,13 18 19 20,1,70,,43526,30,0,10 18 19 20,1,26,,43527,30,0,13 18 19 20,1,71,,43498,30,0,10 18 19 20,1
1500,'2',633,,45918,39,0,13 28 3 8,1,20,,45919,39,0,13 28 3 8,1,61,,45923,39,0,10 29,1,15,,45920,39,0,13 28 3 8,1,16,,45924,39,0,10 29,1,11,,45921,39,0,13 28 3 8,1,56,,45925,39,0,10 29,1,16,,45922,39,0,13 28 3 8,1,16,,45926,39,0,10 29,1,56,,45927,39,0,13 28 3 8,1,15,,45944,39,0,10 29,1,15,,45928,39,0,13 28 3 8,1,15,,45945,39,0,10 29,1,55,,45929,39,0,13 28 3 8,1,15,,45946,39,0,10 29,1,15,,45930,39,0,13 28 3 8,1,15,,45947,39,0,10 29,1,55,,45931,39,0,13 28 3 8,1,15,,45948,39,0,10 29,1,15,,45932,39,0,13 28 3 8,1,15,,45949,39,0,10 29,1,55,,45933,39,0,13 28 3 8,1,15,,45950,39,0,10 29,1,15,,45934,39,0,13 28 3 8,1,15,,45951,39,0,10 29,1,55,,45935,39,0,13 28 3 8,1,15,,45952,39,0,10 29,1,15,,45936,39,0,13 28 3 8,1,15,,45953,39,0,10 29,1,55,,45937,39,0,13 28 3 8,1,15,,45954,39,0,10 29,1,15,,45938,39,0,13 28 3 8,1,15,,45955,39,0,10 29,1,55,,45939,39,0,13 28 3 8,1,10,,45956,39,0,10 29,1,15,,45940,39,0,13 28 3 8,1,15,,45957,39,0,10 29,1,14,,45941,39,0,13 28 3 8,1,58,,45958,39,0,10 29,1,15,,45942,39,0,13 28 3 8,1,17,,45959,39,0,10 29,1,57,,45943,39,0,13 28 3 8,1,17,,45960,39,0,10 29,1,15,,45961,39,0,13 28 3 8,1,17,,45962,39,0,10 29,1,55,,45963,39,0,13 28 3 8,1,20,,45965,39,0,10 29,1,13,,45966,39,0,13 28 3 8,1,67,,45967,39,0,10 29,1,19,,45968,39,0,13 28 3 8,1,21,,45969,39,0,10 29,1,64,,45970,39,0,13 28 3 8,1,31,,45971,39,0,10 29,1,69,,45972,39,0,13 28 3 8,1,26,,45973,39,0,10 29,1,70,,45974,39,0,13 28 3 8,1,30,,45975,39,0,10 29,1,70,,45976,39,0,13 28 3 8,1,30,,45977,39,0,10 29,1,70,,45978,39,0,13 28 3 8,1,30,,45979,39,0,10 29,1,68,,45964,39,0,13 28 3 8,1
1500,'3',633,,45985,39,0,10 29,1,25,,45986,39,0,13 28 3 8,1,70,,45987,39,0,10 29,1,30,,45988,39,0,13 28 3 8,1,65,,45990,39,0,10 29,1,30,,45989,39,0,13 28 3 8,1,70,,45991,39,0,10 29,1,30,,45992,39,0,13 28 3 8,1,70,,45993,39,0,10 29,1,20,,46005,39,0,13 28 3 8,1,15,,45994,39,0,10 29,1,60,,46006,39,0,13 28 3 8,1,20,,45995,39,0,10 29,1,20,,46007,39,0,13 28 3 8,1,60,,45996,39,0,10 29,1,20,,46008,39,0,13 28 3 8,1,20,,45997,39,0,10 29,1,60,,46009,39,0,13 28 3 8,1,20,,45998,39,0,10 29,1,20,,46010,39,0,13 28 3 8,1,60,,45999,39,0,10 29,1,20,,46011,39,0,13 28 3 8,1,20,,46000,39,0,10 29,1,60,,46012,39,0,13 28 3 8,1,20,,46001,39,0,10 29,1,20,,46013,39,0,13 28 3 8,1,60,,46002,39,0,10 29,1,20,,46014,39,0,13 28 3 8,1,20,,46003,39,0,10 29,1,60,,46015,39,0,13 28 3 8,1,18,,46004,39,0,13 28 3 8,1,22,,46016,39,0,10 29,1,70,,46022,39,0,13 28 3 8,1,30,,46017,39,0,10 29,1,70,,46023,39,0,13 28 3 8,1,30,,46018,39,0,10 29,1,70,,46024,39,0,13 28 3 8,1,30,,46019,39,0,10 29,1,65,,46025,39,0,13 28 3 8,1,30,,46020,39,0,10 29,1,65,,46026,39,0,13 28 3 8,1,25,,46021,39,0,10 29,1,70,,46027,39,0,13 28 3 8,1,26,,46029,39,0,10 29,1,70,,46033,39,0,10 29,1,94,,46028,39,0,10 29,1
1500,'30',633,,46071,39,0,10 29,1,70,,46034,39,0,13 28 3 8,1,23,,46070,39,0,10 29,1,27,,46069,39,0,13 28 3 8,1,65,,46035,39,0,10 29,1,34,,46036,39,0,13 28 3 8,1,68,,46037,39,0,10 29,1,22,,46038,39,0,13 28 3 8,1,62,,46039,39,0,10 29,1,30,,46040,39,0,13 28 3 8,1,70,,46041,39,0,10 29,1,25,,46042,39,0,13 28 3 8,1,27,,46043,39,0,10 29,1,70,,46044,39,0,13 28 3 8,1,30,,46045,39,0,10 29,1,70,,46046,39,0,13 28 3 8,1,30,,46047,39,0,10 29,1,70,,46048,39,0,13 28 3 8,1,30,,46049,39,0,10 29,1,70,,46050,39,0,13 28 3 8,1,30,,46051,39,0,10 29,1,70,,46052,39,0,13 28 3 8,1,30,,46053,39,0,10 29,1,70,,46054,39,0,13 28 3 8,1,30,,46055,39,0,10 29,1,70,,46056,39,0,13 28 3 8,1,25,,46057,39,0,10 29,1,70,,46058,39,0,13 28 3 8,1,25,,46059,39,0,10 29,1,70,,46060,39,0,13 28 3 8,1,30,,46061,39,0,10 29,1,65,,46062,39,0,13 28 3 8,1,30,,46063,39,0,10 29,1,67,,46064,39,0,13 28 3 8,1,29,,46065,39,0,10 29,1,66,,46066,39,0,13 28 3 8,1
1500,'4',633,,46109,39,0,10 29,1,70,,46072,39,0,13 28 3 8,1,23,,46108,39,0,10 29,1,27,,46107,39,0,13 28 3 8,1,65,,46073,39,0,10 29,1,34,,46074,39,0,13 28 3 8,1,68,,46075,39,0,10 29,1,22,,46076,39,0,13 28 3 8,1,62,,46077,39,0,10 29,1,30,,46078,39,0,13 28 3 8,1,70,,46079,39,0,10 29,1,25,,46080,39,0,13 28 3 8,1,27,,46081,39,0,10 29,1,70,,46082,39,0,13 28 3 8,1,30,,46083,39,0,10 29,1,70,,46084,39,0,13 28 3 8,1,30,,46085,39,0,10 29,1,70,,46086,39,0,13 28 3 8,1,30,,46087,39,0,10 29,1,70,,46088,39,0,13 28 3 8,1,30,,46089,39,0,10 29,1,70,,46090,39,0,13 28 3 8,1,30,,46091,39,0,10 29,1,70,,46092,39,0,13 28 3 8,1,30,,46093,39,0,10 29,1,70,,46094,39,0,13 28 3 8,1,25,,46095,39,0,10 29,1,70,,46096,39,0,13 28 3 8,1,25,,46097,39,0,10 29,1,70,,46098,39,0,13 28 3 8,1,30,,46099,39,0,10 29,1,65,,46100,39,0,13 28 3 8,1,30,,46101,39,0,10 29,1,67,,46102,39,0,13 28 3 8,1,29,,46103,39,0,10 29,1,66,,46104,39,0,13 28 3 8,1
10401,'3302',756,,50511,30,,,1,70,,50512,30,,,1,32,,50513,30,,,1,70,,50514,30,,,1,30,,50515,30,,,1,70,,50516,30,,,1,29,,50517,30,,,1,71,,50518,30,,,1,28,,50519,30,,,1,73,,50520,30,,,1,27,,50521,30,,,1,72,,50522,30,,,1,24,,50523,30,,,1,69,,50524,30,,,1,30,,50525,30,,,1,72,,50526,30,,,1,29,,50527,30,,,1,70,,50528,30,,,1,31,,50529,30,,,1,73,,50530,30,,,1,31,,50531,30,,,1,67,,50532,30,,,1
10401,'3903',1026,,50549,30,,,1,21,,50535,30,,,1,70,,50536,30,,,1,27,,50537,30,,,1,70,,50538,30,,,1,20,,50539,30,,,1,70,,50540,30,,,1,25,,50541,30,,,1,30,,50542,30,,,1,68,,50543,30,,,1,31,,50544,30,,,1,70,,50545,30,,,1,30,,50546,30,,,1,69,,50547,30,,,1,30,,50548,30,,,1,70,,50534,30,,,1,30,,50533,30,,,1
