1001,'11802',615,,45058,13,,,1,141,,45057,40,,,1,649,,45059,13,,,1,141,,45060,40,,,1,185,,45061,40,,,1
1001,'2',604,,45108,13,,,1,20,,45109,13,,,1,31,,45063,89,,,1,59,,45110,89,,,1,16,,45062,89,,,1,13,,45111,89,,,1,16,,45067,89,,,1,58,,45066,89,,,1,16,,45065,89,,,1,15,,45064,89,,,1,72,,45072,89,,,1,39,,45070,89,,,1,63,,45069,89,,,1,35,,45068,89,,,1,70,,45075,89,,,1,20,,45077,89,,,1,71,,45076,89,,,1,30,,45074,89,,,1,75,,45080,89,,,1,23,,45079,89,,,1,54,,45120,13,,,1,14,,45078,89,,,1,14,,45119,13,,,1,13,,45118,40,,,1,15,,45082,89,,,1,58,,45081,89,,,1,22,,45083,89,,,1,21,,45112,89,,,1,57,,45084,89,,,1,15,,45113,89,,,1,15,,45085,89,,,1,56,,45114,89,,,1,18,,45086,89,,,1,19,,45087,89,,,1,18,,45115,89,,,1,59,,45088,89,,,1,17,,45089,89,,,1,25,,45093,89,,,1,67,,45091,89,,,1,34,,45092,89,,,1,77,,45096,89,,,1,78,,45098,89,,,1,38,,45099,89,,,1,73,,45100,89,,,1,17,,45117,89,,,1,75,,45101,89,,,1,35,,45102,89,,,1,65,,45103,89,,,1,18,,45104,89,,,1,70,,45105,89,,,1,31,,45106,89,,,1
1001,'3',631,,45123,13,,,1,75,,45124,13,,,1,27,,45122,89,,,1,70,,45121,89,,,1,18,,45157,13,,,1,19,,45125,89,,,1,70,,45126,89,,,1,30,,45127,89,,,1,68,,45128,89,,,1,33,,45129,89,,,1,70,,45130,89,,,1,25,,45131,89,,,1,70,,45132,89,,,1,31,,45133,89,,,1,70,,45134,89,,,1,30,,45135,89,,,1,70,,45136,89,,,1,30,,45137,89,,,1,15,,45138,89,,,1,70,,45139,89,,,1,30,,45140,89,,,1,70,,45141,89,,,1,30,,45142,89,,,1,70,,45143,89,,,1,30,,45144,89,,,1,68,,45145,89,,,1,29,,45146,89,,,1,70,,45147,89,,,1,30,,45148,89,,,1,70,,45149,89,,,1,25,,45150,89,,,1,64,,45151,89,,,1,29,,45152,89,,,1,65,,45153,89,,,1,30,,45154,89,,,1,25,,45155,89,,,1,70,,45159,89,,,1,30,,45160,89,,,1,64,,45161,89,,,1,85,,45162,89,,,1
1001,'30',648,,45197,13,,,1,62,,45171,13,,,1,33,,45198,13,,,1,57,,45163,89,,,1,33,,45200,89,,,1,22,,45164,89,,,1,69,,45199,89,,,1,21,,45165,89,,,1,60,,45166,89,,,1,30,,45167,89,,,1,65,,45168,89,,,1,30,,45169,89,,,1,70,,45170,89,,,1,36,,45172,89,,,1,70,,45173,89,,,1,25,,45174,89,,,1,70,,45175,89,,,1,30,,45176,89,,,1,70,,45177,89,,,1,30,,45178,89,,,1,70,,45179,89,,,1,30,,45180,89,,,1,70,,45181,89,,,1,33,,45182,89,,,1,25,,45183,89,,,1,70,,45184,89,,,1,28,,45195,89,,,1,69,,45185,89,,,1,25,,45188,89,,,1,70,,45189,89,,,1,30,,45190,89,,,1,70,,45191,89,,,1,35,,45192,89,,,1,64,,45193,89,,,1,13,,45194,89,,,1,25,,45196,89,,,1
1001,'4',648,,45235,13,,,1,62,,45209,13,,,1,33,,45236,13,,,1,57,,45201,89,,,1,33,,45238,89,,,1,22,,45202,89,,,1,69,,45237,89,,,1,21,,45203,89,,,1,60,,45204,89,,,1,30,,45205,89,,,1,65,,45206,89,,,1,30,,45207,89,,,1,70,,45208,89,,,1,36,,45210,89,,,1,70,,45211,89,,,1,25,,45212,89,,,1,70,,45213,89,,,1,30,,45214,89,,,1,70,,45215,89,,,1,30,,45216,89,,,1,70,,45217,89,,,1,30,,45218,89,,,1,70,,45219,89,,,1,33,,45220,89,,,1,25,,45221,89,,,1,70,,45222,89,,,1,28,,45233,89,,,1,69,,45223,89,,,1,25,,45226,89,,,1,70,,45227,89,,,1,30,,45228,89,,,1,70,,45229,89,,,1,35,,45230,89,,,1,64,,45231,89,,,1,13,,45232,89,,,1,25,,45234,89,,,1
2500,'11802',1508,,47872,9,,,1
2500,'2',615,,47873,9,,,1,22,,47874,9,,,1,68,,47875,9,,,1,26,,47876,9,,,1,26,,47877,9,,,1,60,,47878,9,,,1,20,,47879,9,,,1,20,,47880,9,,,1,60,,47881,9,,,1,20,,47882,9,,,1,20,,47883,9,,,1,60,,47884,9,,,1,20,,47885,9,,,1,20,,47886,9,,,1,60,,47887,9,,,1,20,,47888,9,,,1,20,,47889,9,,,1,60,,47890,9,,,1,20,,47891,9,,,1,20,,47892,9,,,1,60,,47893,9,,,1,20,,47894,9,,,1,20,,47895,9,,,1,61,,47896,9,,,1,20,,47897,9,,,1,20,,47898,9,,,1,60,,47899,9,,,1,20,,47900,9,,,1,20,,47901,9,,,1,62,,47902,9,,,1,21,,47903,9,,,1,61,,47904,9,,,1,21,,47905,9,,,1,21,,47906,9,,,1,61,,47907,9,,,1,18,,47908,9,,,1,20,,47909,9,,,1,60,,47910,9,,,1,20,,47911,9,,,1,20,,47912,9,,,1,60,,47913,9,,,1,20,,47914,9,,,1,14,,47915,9,,,1,20,,47916,9,,,1,60,,47917,9,,,1,25,,47918,9,,,1,65,,47919,9,,,1,25,,47920,9,,,1,25,,47921,9,,,1,65,,47922,9,,,1,25,,47923,9,,,1
2500,'3',631,,47924,9,,,1,23,,47955,9,,,1,64,,47925,9,,,1,25,,47956,9,,,1,65,,47926,9,,,1,24,,47927,9,,,1,27,,47928,9,,,1,66,,47929,9,,,1,29,,47930,9,,,1,65,,47931,9,,,1,30,,47932,9,,,1,67,,47933,9,,,1,30,,47934,9,,,1,65,,47935,9,,,1,25,,47936,9,,,1,70,,47937,9,,,1,25,,47938,9,,,1,70,,47939,9,,,1,26,,47940,9,,,1,30,,47941,9,,,1,70,,47942,9,,,1,30,,47943,9,,,1,70,,47944,9,,,1,30,,47945,9,,,1,70,,47946,9,,,1,30,,47947,9,,,1,69,,47948,9,,,1,30,,47949,9,,,1,70,,47950,9,,,1,28,,47957,9,,,1,67,,47951,9,,,1,28,,47958,9,,,1,66,,47952,9,,,1,25,,47959,9,,,1,65,,47953,9,,,1,25,,47960,9,,,1,25,,47954,9,,,1
2500,'30',854,,47969,9,,,1,63,,47976,9,,,1,30,,47977,9,,,1,70,,47978,9,,,1,30,,47979,9,,,1,70,,47980,9,,,1,30,,47981,9,,,1,70,,47982,9,,,1,30,,47983,9,,,1,70,,47984,9,,,1,30,,47985,9,,,1,70,,47986,9,,,1,30,,47970,9,,,1,70,,47968,9,,,1,27,,47972,9,,,1,67,,47967,9,,,1,27,,47971,9,,,1,67,,47966,9,,,1,22,,47973,9,,,1,27,,47965,9,,,1,67,,47974,9,,,1,24,,47975,9,,,1,70,,47964,9,,,1,28,,47987,9,,,1,70,,47963,9,,,1,33,,47988,9,,,1,70,,47962,9,,,1,30,,47989,9,,,1,66,,47961,9,,,1,30,,47990,9,,,1
2500,'4',854,,47999,9,,,1,63,,48006,9,,,1,30,,48007,9,,,1,70,,48008,9,,,1,30,,48009,9,,,1,70,,48010,9,,,1,30,,48011,9,,,1,70,,48012,9,,,1,30,,48013,9,,,1,70,,48014,9,,,1,30,,48015,9,,,1,70,,48016,9,,,1,30,,48000,9,,,1,70,,47998,9,,,1,27,,48002,9,,,1,67,,47997,9,,,1,27,,48001,9,,,1,67,,47996,9,,,1,22,,48003,9,,,1,27,,47995,9,,,1,67,,48004,9,,,1,24,,48005,9,,,1,70,,47994,9,,,1,28,,48017,9,,,1,70,,47993,9,,,1,33,,48018,9,,,1,70,,47992,9,,,1,30,,48019,9,,,1,66,,47991,9,,,1,30,,48020,9,,,1
