200,'11802',1501,,42641,32,0,13 30,1,238,,42642,32,0,10 23 20,1
200,'2',616,,42645,16,0,13 30,1,25,,42650,32,0,13 30,1,15,,42686,32,0,10 23 20,1,55,,42651,32,0,13 30,1,15,,42687,32,0,10 23 20,1,15,,42652,32,0,13 30,1,15,,42688,32,0,10 23 20,1,55,,42653,32,0,13 30,1,15,,42689,32,0,10 23 20,1,15,,42654,32,0,13 30,1,15,,42690,32,0,10 23 20,1,55,,42655,32,0,13 30,1,15,,42691,32,0,10 23 20,1,15,,42656,32,0,13 30,1,15,,42692,32,0,10 23 20,1,55,,42657,32,0,13 30,1,15,,42693,32,0,10 23 20,1,15,,42658,32,0,13 30,1,15,,42694,32,0,10 23 20,1,55,,42659,32,0,13 30,1,15,,42695,32,0,10 23 20,1,15,,42660,32,0,13 30,1,18,,42696,32,0,10 23 20,1,52,,42661,32,0,13 30,1,15,,42697,32,0,10 23 20,1,15,,42662,32,0,13 30,1,15,,42698,32,0,10 23 20,1,55,,42663,32,0,13 30,1,15,,42699,32,0,10 23 20,1,15,,42664,32,0,13 30,1,15,,42700,32,0,10 23 20,1,55,,42665,32,0,13 30,1,15,,42701,32,0,10 23 20,1,15,,42666,32,0,13 30,1,13,,42702,32,0,10 23 20,1,54,,42667,32,0,13 30,1,15,,42703,32,0,10 23 20,1,15,,42668,32,0,13 30,1,17,,42704,32,0,10 23 20,1,59,,42669,32,0,13 30,1,15,,42705,32,0,10 23 20,1,15,,42670,32,0,13 30,1,15,,42706,32,0,10 23 20,1,55,,42671,32,0,13 30,1,13,,42707,32,0,10 23 20,1,19,,42672,32,0,13 30,1,11,,42708,32,0,10 23 20,1,57,,42673,32,0,13 30,1,15,,42709,32,0,10 23 20,1,15,,42674,32,0,13 30,1,12,,42710,32,0,10 23 20,1,55,,42675,32,0,13 30,1,15,,42711,32,0,10 23 20,1,15,,42676,32,0,13 30,1,15,,42712,32,0,10 23 20,1,55,,42677,32,0,13 30,1,15,,42713,32,0,10 23 20,1,10,,42678,32,0,13 30,1,21,,42714,32,0,10 23 20,1,52,,42679,32,0,13 30,1,23,,42715,32,0,10 23 20,1,17,,42680,32,0,13 30,1,63,,42716,32,0,10 23 20,1,17,,42681,32,0,13 30,1,23,,42717,32,0,10 23 20,1,60,,42682,32,0,13 30,1,17,,42718,32,0,10 23 20,1,13,,42683,32,0,13 30,1,60,,42719,32,0,10 23 20,1,15,,42684,32,0,13 30,1,20,,42720,32,0,10 23 20,1,20,,42685,32,0,13 30,1,76,,42721,32,0,45 3 21,1
200,'3',638,,42725,32,0,13 30,1,70,,42726,32,0,10 23 20,1,30,,42728,32,0,13 30,1,72,,42730,32,0,13 30,1,15,,42731,32,0,10 23 20,1,15,,42732,32,0,13 30,1,15,,42733,32,0,10 23 20,1,55,,42734,32,0,13 30,1,15,,42735,32,0,10 23 20,1,15,,42736,32,0,13 30,1,10,,42737,32,0,10 23 20,1,56,,42738,32,0,13 30,1,15,,42739,32,0,10 23 20,1,15,,42740,32,0,13 30,1,15,,42741,32,0,10 23 20,1,55,,42742,32,0,13 30,1,10,,42743,32,0,10 23 20,1,15,,42744,32,0,13 30,1,10,,42745,32,0,10 23 20,1,15,,42746,32,0,13 30,1,55,,42747,32,0,10 23 20,1,15,,42748,32,0,13 30,1,15,,42749,32,0,10 23 20,1,15,,42750,32,0,13 30,1,50,,42761,32,0,10 23 20,1,15,,42751,32,0,13 30,1,10,,42762,32,0,10 23 20,1,15,,42752,32,0,13 30,1,55,,42763,32,0,10 23 20,1,15,,42753,32,0,13 30,1,14,,42764,32,0,10 23 20,1,16,,42754,32,0,13 30,1,54,,42765,32,0,10 23 20,1,16,,42755,32,0,13 30,1,14,,42766,32,0,10 23 20,1,11,,42756,32,0,13 30,1,9,,42767,32,0,10 23 20,1,56,,42757,32,0,13 30,1,14,,42768,32,0,10 23 20,1,16,,42758,32,0,13 30,1,14,,42769,32,0,10 23 20,1,56,,42759,32,0,13 30,1,14,,42770,32,0,10 23 20,1,16,,42760,32,0,13 30,1,14,,42771,32,0,10 23 20,1,52,,42784,32,0,45 3 21,1,4,,42772,32,0,13 30,1,15,,42773,32,0,10 23 20,1,15,,42779,32,0,13 30,1,15,,42774,32,0,10 23 20,1,55,,42780,32,0,13 30,1,15,,42775,32,0,10 23 20,1,15,,42781,32,0,13 30,1,15,,42776,32,0,10 23 20,1,55,,42782,32,0,13 30,1,15,,42777,32,0,10 23 20,1,15,,42783,32,0,13 30,1,15,,42778,32,0,10 23 20,1,54,,42785,32,0,13 30,1,2,,42790,32,0,45 3 21,1,27,,42788,32,0,10 23 20,1,2,,42791,32,0,45 3 21,1,68,,42786,32,0,13 30,1,30,,42789,32,0,10 23 20,1,70,,42787,32,0,13 30,1,29,,42722,32,0,10 23 20,1,70,,42723,32,0,13 30,1,30,,42792,32,0,10 23 20,1,75,,42793,32,0,13 30,1,28,,42794,32,0,45 3 21,1
200,'30',710,,42797,32,0,13 30,1,30,,42800,32,0,10 23 20,1,70,,42802,32,0,13 30,1,30,,42801,32,0,10 23 20,1,70,,42803,32,0,13 30,1,25,,42804,32,0,10 23 20,1,65,,42808,32,0,13 30,1,25,,42805,32,0,10 23 20,1,25,,42809,32,0,13 30,1,65,,42806,32,0,10 23 20,1,25,,42810,32,0,10 23 20,1,67,,42807,32,0,10 23 20,1,15,,42811,32,0,13 30,1,15,,42823,32,0,10 23 20,1,15,,42812,32,0,13 30,1,55,,42824,32,0,10 23 20,1,15,,42813,32,0,13 30,1,15,,42825,32,0,10 23 20,1,15,,42814,32,0,13 30,1,55,,42826,32,0,10 23 20,1,15,,42815,32,0,13 30,1,15,,42827,32,0,10 23 20,1,15,,42816,32,0,13 30,1,55,,42828,32,0,10 23 20,1,15,,42817,32,0,13 30,1,15,,42829,32,0,10 23 20,1,15,,42818,32,0,13 30,1,55,,42830,32,0,10 23 20,1,15,,42819,32,0,13 30,1,15,,42831,32,0,10 23 20,1,15,,42820,32,0,13 30,1,55,,42832,32,0,10 23 20,1,15,,42821,32,0,13 30,1,15,,42833,32,0,10 23 20,1,15,,42822,32,0,13 30,1,51,,42834,32,0,10 23 20,1,25,,42837,32,0,13 30,1,4,,42848,32,0,45 3 21,1,21,,42843,32,0,10 23 20,1,65,,42838,32,0,13 30,1,25,,42844,32,0,10 23 20,1,65,,42839,32,0,13 30,1,25,,42845,32,0,10 23 20,1,25,,42840,32,0,13 30,1,65,,42846,32,0,10 23 20,1,25,,42841,32,0,13 30,1,65,,42847,32,0,10 23 20,1,25,,42842,32,0,13 30,1,70,,42796,32,0,10 23 20,1,29,,42795,32,0,45 3 21,1
200,'4',710,,42851,32,0,13 30,1,30,,42854,32,0,10 23 20,1,70,,42856,32,0,13 30,1,30,,42855,32,0,10 23 20,1,70,,42857,32,0,13 30,1,25,,42858,32,0,10 23 20,1,65,,42862,32,0,13 30,1,25,,42859,32,0,10 23 20,1,25,,42863,32,0,13 30,1,65,,42860,32,0,10 23 20,1,25,,42864,32,0,10 23 20,1,67,,42861,32,0,10 23 20,1,15,,42865,32,0,13 30,1,15,,42877,32,0,10 23 20,1,15,,42866,32,0,13 30,1,55,,42878,32,0,10 23 20,1,15,,42867,32,0,13 30,1,15,,42879,32,0,10 23 20,1,15,,42868,32,0,13 30,1,55,,42880,32,0,10 23 20,1,15,,42869,32,0,13 30,1,15,,42881,32,0,10 23 20,1,15,,42870,32,0,13 30,1,55,,42882,32,0,10 23 20,1,15,,42871,32,0,13 30,1,15,,42883,32,0,10 23 20,1,15,,42872,32,0,13 30,1,55,,42884,32,0,10 23 20,1,15,,42873,32,0,13 30,1,15,,42885,32,0,10 23 20,1,15,,42874,32,0,13 30,1,55,,42886,32,0,10 23 20,1,15,,42875,32,0,13 30,1,15,,42887,32,0,10 23 20,1,15,,42876,32,0,13 30,1,51,,42888,32,0,10 23 20,1,25,,42891,32,0,13 30,1,4,,42902,32,0,45 3 21,1,21,,42897,32,0,10 23 20,1,65,,42892,32,0,13 30,1,25,,42898,32,0,10 23 20,1,65,,42893,32,0,13 30,1,25,,42899,32,0,10 23 20,1,25,,42894,32,0,13 30,1,65,,42900,32,0,10 23 20,1,25,,42895,32,0,13 30,1,65,,42901,32,0,10 23 20,1,25,,42896,32,0,13 30,1,70,,42850,32,0,10 23 20,1,29,,42849,32,0,45 3 21,1
700,'2',639,,44222,41,,,1,20,,44223,41,,,1,73,,44224,41,,,1,20,,44225,41,,,1,60,,44226,41,,,1,20,,44227,41,,,1,20,,44228,41,,,1,59,,44229,41,,,1,25,,44230,41,,,1,70,,44231,41,,,1,30,,44232,41,,,1,65,,44233,41,,,1,30,,44234,41,,,1,70,,44235,41,,,1,31,,44236,41,,,1,70,,44237,41,,,1,30,,44238,41,,,1,70,,44240,41,,,1,25,,44241,41,,,1,20,,44242,41,,,1,60,,44243,41,,,1,20,,44244,41,,,1,20,,44245,41,,,1,60,,44246,41,,,1,21,,44247,41,,,1,20,,44248,41,,,1,60,,44249,41,,,1,25,,44250,41,,,1,11,,44251,41,,,1,63,,44252,41,,,1,22,,44253,41,,,1,25,,44254,41,,,1,65,,44255,41,,,1,25,,44256,41,,,1,65,,44257,41,,,1,25,,44258,41,,,1,25,,44259,41,,,1,76,,44260,41,,,1,70,,44261,41,,,1,30,,44262,41,,,1,70,,44263,41,,,1,30,,44264,41,,,1,67,,44265,41,,,1
700,'3',635,,44301,41,,,1,69,,44302,41,,,1,30,,44300,41,,,1,81,,44266,41,,,1,30,,44299,41,,,1,70,,44267,41,,,1,25,,44268,41,,,1,65,,44269,41,,,1,30,,44270,41,,,1,70,,44271,41,,,1,25,,44272,41,,,1,25,,44273,41,,,1,72,,44274,41,,,1,30,,44275,41,,,1,70,,44276,41,,,1,25,,44277,41,,,1,69,,44278,41,,,1,30,,44279,41,,,1,70,,44280,41,,,1,30,,44281,41,,,1,70,,44282,41,,,1,30,,44283,41,,,1,70,,44284,41,,,1,30,,44285,41,,,1,64,,44286,41,,,1,30,,44287,41,,,1,70,,44288,41,,,1,30,,44289,41,,,1,65,,44290,41,,,1,30,,44291,41,,,1,70,,44292,41,,,1,30,,44293,41,,,1,68,,44294,41,,,1,32,,44295,41,,,1,70,,44296,41,,,1,30,,44297,41,,,1,70,,44298,41,,,1
700,'30',910,,44304,41,,,1,22,,44305,14,,,1,23,,44306,41,,,1,70,,44307,41,,,1,30,,44308,41,,,1,65,,44309,41,,,1,25,,44310,41,,,1,70,,44311,41,,,1,30,,44312,41,,,1,70,,44313,41,,,1,25,,44314,41,,,1,70,,44315,41,,,1,30,,44316,41,,,1,70,,44317,41,,,1,25,,44318,41,,,1,70,,44319,41,,,1,30,,44320,41,,,1,22,,44321,41,,,1,67,,44322,41,,,1,30,,44323,41,,,1,70,,44324,41,,,1,30,,44325,41,,,1,70,,44326,41,,,1,30,,44327,41,,,1,70,,44328,41,,,1,30,,44329,41,,,1,70,,44330,41,,,1,30,,44331,41,,,1,70,,44333,41,,,1,85,,44332,41,,,1
700,'4',910,,44335,41,,,1,22,,44336,14,,,1,23,,44337,41,,,1,70,,44338,41,,,1,30,,44339,41,,,1,65,,44340,41,,,1,25,,44341,41,,,1,70,,44342,41,,,1,30,,44343,41,,,1,70,,44344,41,,,1,25,,44345,41,,,1,70,,44346,41,,,1,30,,44347,41,,,1,70,,44348,41,,,1,25,,44349,41,,,1,70,,44350,41,,,1,30,,44351,41,,,1,22,,44352,41,,,1,67,,44353,41,,,1,30,,44354,41,,,1,70,,44355,41,,,1,30,,44356,41,,,1,70,,44357,41,,,1,30,,44358,41,,,1,70,,44359,41,,,1,30,,44360,41,,,1,70,,44361,41,,,1,30,,44362,41,,,1,70,,44364,41,,,1,85,,44363,41,,,1
9400,'2',739,,50161,13,,,1,66,,50162,13,,,1,26,,50163,13,,,1,26,,50164,13,,,1,66,,50165,13,,,1,26,,50166,13,,,1,66,,50167,13,,,1,317,,50168,13,,,1,21,,50169,13,,,1,62,,50170,13,,,1,21,,50171,13,,,1,21,,50172,13,,,1,61,,50173,13,,,1,21,,50174,13,,,1,61,,50175,13,,,1,24,,50176,13,,,1,23,,50177,13,,,1,64,,50178,13,,,1,23,,50179,13,,,1,23,,50180,13,,,1,57,,50181,13,,,1
