101,'2',603,,33828,2,0,10 11 63,1,26,,33829,2,0,13 11 63,1,17,,33830,2,0,10 11 63,1,13,,33835,2,0,13 11 63,1,54,,33831,2,0,10 11 63,1,16,,33836,2,0,13 11 63,1,9,,33832,2,0,10 11 63,1,16,,33837,2,0,13 11 63,1,54,,33833,2,0,10 11 63,1,16,,33838,2,0,13 11 63,1,16,,33834,2,0,10 11 63,1,62,,33842,2,0,13 11 63,1,1,,33856,2,0,10 16 17 3 43,1,18,,33849,2,0,10 11 63,1,21,,33843,2,0,13 11 63,1,59,,33850,2,0,10 11 63,1,21,,33844,2,0,13 11 63,1,19,,33851,2,0,10 11 63,1,16,,33845,2,0,13 11 63,1,59,,33852,2,0,10 11 63,1,21,,33846,2,0,13 11 63,1,19,,33853,2,0,10 11 63,1,61,,33847,2,0,13 11 63,1,19,,33854,2,0,10 11 63,1,21,,33848,2,0,13 11 63,1,57,,33855,2,0,10 11 63,1,21,,33857,2,0,13 11 63,1,13,,33861,2,0,10 11 63,1,55,,33858,2,0,13 11 63,1,15,,33862,2,0,10 11 63,1,15,,33859,2,0,13 11 63,1,15,,33863,2,0,10 11 63,1,55,,33860,2,0,13 11 63,1,15,,33864,2,0,10 11 63,1,15,,33865,2,0,13 11 63,1,16,,33869,2,0,10 11 63,1,57,,33866,2,0,13 11 63,1,15,,33870,2,0,10 11 63,1,17,,33867,2,0,13 11 63,1,15,,33871,2,0,10 11 63,1,57,,33868,2,0,13 11 63,1,15,,33872,2,0,10 11 63,1,5,,33881,2,0,13 9 15 3 43,1,27,,33873,2,0,13 11 63,1,45,,33891,2,0,10 16 17 3 43,1,18,,33877,2,0,10 11 63,1,27,,33874,2,0,13 11 63,1,63,,33878,2,0,10 11 63,1,27,,33875,2,0,13 11 63,1,63,,33879,2,0,10 11 63,1,27,,33876,2,0,13 11 63,1,32,,33882,2,0,10 11 63,1,45,,33888,2,0,13 9 15 3 43,1,25,,33885,2,0,13 11 63,1,30,,33883,2,0,10 11 63,1,70,,33886,2,0,13 11 63,1,30,,33884,2,0,10 11 63,1,70,,33887,2,0,13 11 63,1,21,,33889,2,0,10 11 63,1,68,,33890,2,0,10 16 17 3 43,1
101,'3',612,,33892,2,0,10 11 63,1,39,,33894,2,0,13 11 63,1,79,,33893,2,0,10 11 63,1,24,,33895,2,0,13 11 63,1,64,,33897,2,0,10 11 63,1,31,,33896,2,0,13 11 63,1,69,,33898,2,0,10 11 63,1,30,,33900,2,0,13 11 63,1,59,,33912,2,0,10 11 63,1,20,,33901,2,0,13 11 63,1,20,,33913,2,0,10 11 63,1,60,,33902,2,0,13 11 63,1,15,,33914,2,0,10 11 63,1,20,,33903,2,0,13 11 63,1,60,,33915,2,0,10 11 63,1,21,,33904,2,0,13 11 63,1,19,,33916,2,0,10 11 63,1,16,,33905,2,0,13 11 63,1,59,,33917,2,0,10 11 63,1,21,,33906,2,0,13 11 63,1,20,,33918,2,0,10 11 63,1,61,,33907,2,0,13 11 63,1,19,,33919,2,0,10 11 63,1,16,,33908,2,0,13 11 63,1,59,,33920,2,0,10 11 63,1,21,,33909,2,0,13 11 63,1,19,,33921,2,0,10 11 63,1,61,,33910,2,0,13 11 63,1,19,,33922,2,0,10 11 63,1,16,,33911,2,0,13 11 63,1,59,,33923,2,0,10 11 63,1,21,,33924,2,0,13 11 63,1,19,,33925,2,0,10 11 63,1,10,,33937,2,0,13 9 15 3 43,1,61,,33931,2,0,13 11 63,1,30,,33926,2,0,10 11 63,1,70,,33932,2,0,13 11 63,1,30,,33927,2,0,10 11 63,1,70,,33933,2,0,13 11 63,1,30,,33928,2,0,10 11 63,1,71,,33934,2,0,13 11 63,1,30,,33929,2,0,10 11 63,1,70,,33935,2,0,13 11 63,1,25,,33930,2,0,10 11 63,1,70,,33936,2,0,13 11 63,1,27,,33938,2,0,10 11 63,1,61,,33939,2,0,13 9 15 3 43,1,23,,33940,2,0,10 16 17 3 43,1
101,'30',816,,33942,2,0,13 11 63,1,31,,33946,2,0,10 11 63,1,73,,33943,2,0,13 11 63,1,31,,33947,2,0,10 11 63,1,73,,33944,2,0,13 11 63,1,31,,33948,2,0,10 11 63,1,68,,33945,2,0,13 11 63,1,23,,33950,2,0,10 11 63,1,65,,33957,2,0,13 11 63,1,19,,33951,2,0,10 11 63,1,26,,33958,2,0,13 11 63,1,64,,33952,2,0,10 11 63,1,26,,33959,2,0,13 11 63,1,64,,33953,2,0,10 11 63,1,26,,33960,2,0,13 11 63,1,64,,33954,2,0,10 11 63,1,26,,33961,2,0,13 11 63,1,24,,33955,2,0,10 11 63,1,66,,33962,2,0,13 11 63,1,25,,33956,2,0,10 11 63,1,67,,33963,2,0,13 11 63,1,25,,33964,2,0,10 11 63,1,5,,33975,2,0,10 16 17 3 43,1,65,,33970,2,0,13 11 63,1,30,,33965,2,0,10 11 63,1,70,,33971,2,0,13 11 63,1,30,,33966,2,0,10 11 63,1,70,,33972,2,0,13 11 63,1,30,,33967,2,0,10 11 63,1,70,,33973,2,0,13 11 63,1,30,,33968,2,0,10 11 63,1,72,,33974,2,0,13 11 63,1,37,,33969,2,0,10 11 63,1,9,,33976,2,0,13 9 15 3 43,1,65,,33977,2,0,10 16 17 3 43,1
101,'4',816,,33978,2,0,13 11 63,1,31,,33982,2,0,10 11 63,1,73,,33979,2,0,13 11 63,1,31,,33983,2,0,10 11 63,1,73,,33980,2,0,13 11 63,1,31,,33984,2,0,10 11 63,1,68,,33981,2,0,13 11 63,1,23,,33986,2,0,10 11 63,1,65,,33993,2,0,13 11 63,1,19,,33987,2,0,10 11 63,1,26,,33994,2,0,13 11 63,1,64,,33988,2,0,10 11 63,1,26,,33995,2,0,13 11 63,1,64,,33989,2,0,10 11 63,1,26,,33996,2,0,13 11 63,1,64,,33990,2,0,10 11 63,1,26,,33997,2,0,13 11 63,1,24,,33991,2,0,10 11 63,1,66,,33998,2,0,13 11 63,1,25,,33992,2,0,10 11 63,1,67,,33999,2,0,13 11 63,1,25,,34000,2,0,10 11 63,1,5,,34011,2,0,10 16 17 3 43,1,65,,34006,2,0,13 11 63,1,30,,34001,2,0,10 11 63,1,70,,34007,2,0,13 11 63,1,30,,34002,2,0,10 11 63,1,70,,34008,2,0,13 11 63,1,30,,34003,2,0,10 11 63,1,70,,34009,2,0,13 11 63,1,30,,34004,2,0,10 11 63,1,72,,34010,2,0,13 11 63,1,37,,34005,2,0,10 11 63,1,9,,34012,2,0,13 9 15 3 43,1,65,,34013,2,0,10 16 17 3 43,1
1600,'2',550,,37649,8,4,,1,69,,37648,50,4,,1,20,,37652,50,4,,1,20,,37653,50,4,,1,52,,37712,8,4,,1,10,,37713,50,4,,1,11,,37654,50,4,,1,21,,37655,50,4,,1,56,,37656,50,4,,1,18,,37657,50,4,,1,14,,37658,50,4,,1,16,,37659,50,4,,1,66,,37661,50,4,,1,16,,37662,50,4,,1,18,,37663,50,4,,1,58,,37664,50,4,,1,18,,37665,50,4,,1,18,,37666,50,4,,1,58,,37667,50,4,,1,18,,37668,50,4,,1,18,,37669,50,4,,1,58,,37670,50,4,,1,21,,37671,50,4,,1,16,,37672,50,4,,1,16,,37673,50,4,,1,58,,37674,50,4,,1,16,,37675,50,4,,1,14,,37676,50,4,,1,56,,37677,50,4,,1,16,,37678,50,4,,1,16,,37679,50,4,,1,18,,37680,50,4,,1,56,,37681,50,4,,1,16,,37682,50,4,,1,10,,37683,50,4,,1,15,,37684,50,4,,1,55,,37685,50,4,,1,15,,37686,50,4,,1,16,,37687,50,4,,1,15,,37688,50,4,,1,55,,37689,50,4,,1,15,,37690,50,4,,1,15,,37691,50,4,,1,68,,37692,50,4,,1,17,,37693,50,4,,1,21,,37694,50,4,,1,62,,37695,50,4,,1,22,,37696,50,4,,1,22,,37697,50,4,,1,62,,37698,50,4,,1,22,,37699,50,4,,1,22,,37700,50,4,,1,62,,37701,50,4,,1,18,,37702,50,4,,1,25,,37703,50,4,,1,65,,37704,50,4,,1,25,,37705,50,4,,1,65,,37706,50,4,,1,25,,37707,50,4,,1,65,,37708,50,4,,1,25,,37709,50,4,,1,25,,37710,50,4,,1
1600,'3',619,,37776,8,4,,1,23,,37714,50,4,,1,65,,37715,50,4,,1,20,,37716,50,4,,1,25,,37717,50,4,,1,65,,37718,50,4,,1,25,,37719,50,4,,1,65,,37720,50,4,,1,25,,37721,50,4,,1,24,,37722,50,4,,1,61,,37723,50,4,,1,21,,37724,50,4,,1,11,,37725,50,4,,1,61,,37726,50,4,,1,21,,37727,50,4,,1,21,,37728,50,4,,1,62,,37729,50,4,,1,15,,37730,50,4,,1,10,,37731,50,4,,1,15,,37732,50,4,,1,55,,37733,50,4,,1,15,,37734,50,4,,1,15,,37735,50,4,,1,15,,37736,50,4,,1,55,,37737,50,4,,1,15,,37738,50,4,,1,15,,37739,50,4,,1,15,,37740,50,4,,1,55,,37741,50,4,,1,15,,37742,50,4,,1,15,,37743,50,4,,1,15,,37744,50,4,,1,55,,37745,50,4,,1,15,,37746,50,4,,1,15,,37747,50,4,,1,15,,37748,50,4,,1,55,,37749,50,4,,1,15,,37750,50,4,,1,15,,37751,50,4,,1,71,,37753,50,4,,1,19,,37754,50,4,,1,20,,37755,50,4,,1,56,,37756,50,4,,1,20,,37757,50,4,,1,20,,37758,50,4,,1,60,,37759,50,4,,1,20,,37760,50,4,,1,20,,37761,50,4,,1,75,,37763,50,4,,1,20,,37764,50,4,,1,62,,37765,50,4,,1,25,,37766,50,4,,1,25,,37767,50,4,,1,65,,37768,50,4,,1,25,,37769,50,4,,1,65,,37770,50,4,,1,37,,37771,50,4,,1
1600,'30',654,,37814,8,4,,1,69,,37777,50,4,,1,35,,37778,50,4,,1,75,,37779,50,4,,1,75,,37780,50,4,,1,16,,37781,50,4,,1,26,,37782,50,4,,1,70,,37783,50,4,,1,30,,37784,50,4,,1,70,,37785,50,4,,1,30,,37786,50,4,,1,70,,37788,50,4,,1,24,,37789,50,4,,1,62,,37787,50,4,,1,22,,37790,50,4,,1,22,,37791,50,4,,1,62,,37792,50,4,,1,22,,37793,50,4,,1,22,,37794,50,4,,1,62,,37795,50,4,,1,22,,37796,50,4,,1,62,,37797,50,4,,1,22,,37798,50,4,,1,22,,37799,50,4,,1,62,,37800,50,4,,1,22,,37801,50,4,,1,76,,37803,50,4,,1,30,,37804,50,4,,1,70,,37805,50,4,,1,30,,37806,50,4,,1,70,,37813,50,4,,1,30,,37807,50,4,,1,70,,37808,50,4,,1,30,,37809,50,4,,1,70,,37810,50,4,,1,28,,37811,50,4,,1,70,,37812,50,4,,1
1600,'4',654,,37854,8,4,,1,69,,37817,50,4,,1,35,,37818,50,4,,1,75,,37819,50,4,,1,75,,37820,50,4,,1,16,,37821,50,4,,1,26,,37822,50,4,,1,70,,37823,50,4,,1,30,,37824,50,4,,1,70,,37825,50,4,,1,30,,37826,50,4,,1,70,,37828,50,4,,1,24,,37829,50,4,,1,62,,37827,50,4,,1,22,,37830,50,4,,1,22,,37831,50,4,,1,62,,37832,50,4,,1,22,,37833,50,4,,1,22,,37834,50,4,,1,62,,37835,50,4,,1,22,,37836,50,4,,1,62,,37837,50,4,,1,22,,37838,50,4,,1,22,,37839,50,4,,1,62,,37840,50,4,,1,22,,37841,50,4,,1,76,,37843,50,4,,1,30,,37844,50,4,,1,70,,37845,50,4,,1,30,,37846,50,4,,1,70,,37853,50,4,,1,30,,37847,50,4,,1,70,,37848,50,4,,1,30,,37849,50,4,,1,70,,37850,50,4,,1,28,,37851,50,4,,1,70,,37852,50,4,,1
1601,'2',550,,37858,1,,,1,57,,37862,1,,,1,18,,37863,1,,,1,18,,37864,1,,,1,59,,37865,1,,,1,9,,37866,1,,,1,16,,37867,1,,,1,16,,37868,1,,,1,16,,37869,1,,,1,56,,37870,1,,,1,16,,37871,1,,,1,16,,37872,1,,,1,58,,37873,1,,,1,22,,37874,1,,,1,18,,37875,1,,,1,58,,37876,1,,,1,18,,37877,1,,,1,18,,37878,1,,,1,18,,37879,1,,,1,58,,37880,1,,,1,18,,37881,1,,,1,17,,37882,1,,,1,56,,37883,1,,,1,10,,37884,1,,,1,16,,37885,1,,,1,16,,37886,1,,,1,56,,37887,1,,,1,16,,37888,1,,,1,16,,37889,1,,,1,14,,37890,1,,,1,6,,37891,1,,,1,55,,37892,1,,,1,15,,37893,1,,,1,15,,37894,1,,,1,15,,37895,1,,,1,55,,37896,1,,,1,15,,37897,1,,,1,15,,37898,1,,,1,14,,37899,1,,,1,55,,37900,1,,,1,15,,37901,1,,,1,15,,37902,1,,,1,15,,37903,1,,,1,55,,37904,1,,,1,15,,37905,1,,,1,15,,37907,1,0,5 3 6,1,63,,37906,1,,,1,19,,37908,1,,,1,23,,37909,1,,,1,62,,37910,1,,,1,22,,37911,1,,,1,22,,37912,1,,,1,62,,37913,1,,,1,22,,37914,1,,,1,24,,37915,1,,,1,57,,37916,1,0,5 3 6,1,20,,37917,1,,,1,65,,37918,1,,,1,25,,37919,1,,,1,25,,37920,1,,,1,65,,37921,1,,,1,25,,37922,1,,,1,63,,37923,1,,,1,23,,37860,1,,,1,25,,37861,1,0,5 3 6,1
1601,'3',619,,37924,1,,,1,25,,37925,1,,,1,65,,37926,1,,,1,25,,37927,1,,,1,24,,37928,1,,,1,65,,37929,1,,,1,25,,37930,1,,,1,65,,37931,1,,,1,25,,37932,1,,,1,20,,37933,1,,,1,61,,37934,1,,,1,21,,37935,1,,,1,16,,37936,1,,,1,61,,37937,1,,,1,21,,37938,1,,,1,15,,37939,1,,,1,55,,37940,1,,,1,15,,37941,1,,,1,15,,37942,1,,,1,10,,37943,1,,,1,55,,37944,1,,,1,15,,37945,1,,,1,15,,37946,1,,,1,15,,37947,1,,,1,55,,37948,1,,,1,15,,37949,1,,,1,15,,37950,1,,,1,15,,37951,1,,,1,55,,37952,1,,,1,15,,37953,1,,,1,15,,37954,1,,,1,15,,37955,1,,,1,55,,37956,1,,,1,15,,37957,1,,,1,15,,37958,1,,,1,15,,37959,1,,,1,55,,37960,1,,,1,15,,37961,1,,,1,15,,37962,1,,,1,20,,37963,1,,,1,60,,37964,1,,,1,20,,37965,1,,,1,20,,37966,1,,,1,60,,37967,1,,,1,20,,37968,1,,,1,20,,37969,1,,,1,60,,37970,1,,,1,20,,37971,1,,,1,22,,37972,1,,,1,66,,37973,1,,,1,25,,37974,1,,,1,65,,37975,1,,,1,25,,37976,1,,,1,65,,37977,1,,,1,21,,37978,1,,,1,25,,37979,1,,,1,69,,37980,1,,,1,30,,37981,1,,,1
1601,'30',654,,37986,1,,,1,75,,37987,1,,,1,75,,37988,1,,,1,35,,37989,1,,,1,69,,37990,1,,,1,25,,37991,1,,,1,70,,37992,1,,,1,30,,37993,1,,,1,70,,37994,1,,,1,30,,37995,1,,,1,69,,37996,1,,,1,22,,37998,1,,,1,23,,37999,1,,,1,62,,37997,1,,,1,22,,38000,1,,,1,22,,38001,1,,,1,62,,38002,1,,,1,22,,38003,1,,,1,22,,38004,1,,,1,62,,38005,1,,,1,22,,38006,1,,,1,62,,38007,1,,,1,22,,38008,1,,,1,21,,38009,1,,,1,70,,38010,1,,,1,30,,38011,1,,,1,70,,38012,1,,,1,30,,38013,1,,,1,70,,38014,1,,,1,30,,38015,1,,,1,70,,38016,1,,,1,30,,38017,1,,,1,70,,38018,1,,,1,31,,38019,1,,,1,70,,38020,1,,,1,30,,38021,1,,,1
1601,'4',654,,38025,1,,,1,75,,38026,1,,,1,75,,38027,1,,,1,35,,38028,1,,,1,69,,38029,1,,,1,25,,38030,1,,,1,70,,38031,1,,,1,30,,38032,1,,,1,70,,38033,1,,,1,30,,38034,1,,,1,69,,38035,1,,,1,22,,38037,1,,,1,23,,38038,1,,,1,62,,38036,1,,,1,22,,38039,1,,,1,22,,38040,1,,,1,62,,38041,1,,,1,22,,38042,1,,,1,22,,38043,1,,,1,62,,38044,1,,,1,22,,38045,1,,,1,62,,38046,1,,,1,22,,38047,1,,,1,21,,38048,1,,,1,70,,38049,1,,,1,30,,38050,1,,,1,70,,38051,1,,,1,30,,38052,1,,,1,70,,38053,1,,,1,30,,38054,1,,,1,70,,38055,1,,,1,30,,38056,1,,,1,70,,38057,1,,,1,31,,38058,1,,,1,70,,38059,1,,,1,30,,38060,1,,,1
