200,'2',620,,34019,8,0,13 30,1,16,,34055,8,0,10 23 20,1,15,,34020,8,0,13 30,1,55,,34056,8,0,10 23 20,1,15,,34021,8,0,13 30,1,15,,34057,8,0,10 23 20,1,15,,34022,8,0,13 30,1,55,,34058,8,0,10 23 20,1,15,,34023,8,0,13 30,1,15,,34059,8,0,10 23 20,1,15,,34024,8,0,13 30,1,55,,34060,8,0,10 23 20,1,15,,34025,8,0,13 30,1,15,,34061,8,0,10 23 20,1,15,,34026,8,0,13 30,1,55,,34062,8,0,10 23 20,1,15,,34027,8,0,13 30,1,15,,34063,8,0,10 23 20,1,15,,34028,8,0,13 30,1,55,,34064,8,0,10 23 20,1,15,,34029,8,0,13 30,1,15,,34065,8,0,10 23 20,1,12,,34030,8,0,13 30,1,55,,34066,8,0,10 23 20,1,15,,34031,8,0,13 30,1,15,,34067,8,0,10 23 20,1,15,,34032,8,0,13 30,1,55,,34068,8,0,10 23 20,1,15,,34033,8,0,13 30,1,15,,34069,8,0,10 23 20,1,15,,34034,8,0,13 30,1,55,,34070,8,0,10 23 20,1,15,,34035,8,0,13 30,1,13,,34071,8,0,10 23 20,1,14,,34036,8,0,13 30,1,55,,34072,8,0,10 23 20,1,15,,34037,8,0,13 30,1,14,,34073,8,0,10 23 20,1,19,,34038,8,0,13 30,1,55,,34074,8,0,10 23 20,1,15,,34039,8,0,13 30,1,15,,34075,8,0,10 23 20,1,15,,34040,8,0,13 30,1,53,,34076,8,0,10 23 20,1,19,,34041,8,0,13 30,1,11,,34077,8,0,10 23 20,1,23,,34042,8,0,13 30,1,55,,34078,8,0,10 23 20,1,15,,34043,8,0,13 30,1,12,,34079,8,0,10 23 20,1,15,,34044,8,0,13 30,1,55,,34080,8,0,10 23 20,1,15,,34045,8,0,13 30,1,15,,34081,8,0,10 23 20,1,15,,34046,8,0,13 30,1,55,,34082,8,0,10 23 20,1,10,,34047,8,0,13 30,1,24,,34083,8,0,10 23 20,1,12,,34048,8,0,13 30,1,63,,34084,8,0,10 23 20,1,17,,34049,8,0,13 30,1,23,,34085,8,0,10 23 20,1,57,,34050,8,0,13 30,1,23,,34086,8,0,10 23 20,1,20,,34051,8,0,13 30,1,57,,34087,8,0,10 23 20,1,16,,34052,8,0,13 30,1,20,,34088,8,0,10 23 20,1,55,,34053,8,0,13 30,1,20,,34089,8,0,10 23 20,1,20,,34054,8,0,13 30,1,73,,34090,8,0,45 3 21,1
200,'3',624,,34094,8,0,13 30,1,30,,34095,8,0,10 23 20,1,70,,34097,8,0,13 30,1,30,,34099,8,0,13 30,1,55,,34100,8,0,10 23 20,1,15,,34101,8,0,13 30,1,15,,34102,8,0,10 23 20,1,15,,34103,8,0,13 30,1,55,,34104,8,0,10 23 20,1,15,,34105,8,0,13 30,1,10,,34106,8,0,10 23 20,1,15,,34107,8,0,13 30,1,52,,34108,8,0,10 23 20,1,15,,34109,8,0,13 30,1,15,,34110,8,0,10 23 20,1,15,,34111,8,0,13 30,1,10,,34112,8,0,10 23 20,1,55,,34113,8,0,13 30,1,10,,34114,8,0,10 23 20,1,15,,34115,8,0,13 30,1,15,,34116,8,0,10 23 20,1,55,,34117,8,0,13 30,1,15,,34118,8,0,10 23 20,1,15,,34119,8,0,13 30,1,10,,34130,8,0,10 23 20,1,55,,34120,8,0,13 30,1,10,,34131,8,0,10 23 20,1,15,,34121,8,0,13 30,1,15,,34132,8,0,10 23 20,1,15,,34122,8,0,13 30,1,55,,34133,8,0,10 23 20,1,15,,34123,8,0,13 30,1,15,,34134,8,0,10 23 20,1,15,,34124,8,0,13 30,1,55,,34135,8,0,10 23 20,1,10,,34125,8,0,13 30,1,10,,34136,8,0,10 23 20,1,15,,34126,8,0,13 30,1,55,,34137,8,0,10 23 20,1,15,,34127,8,0,13 30,1,15,,34138,8,0,10 23 20,1,15,,34128,8,0,13 30,1,55,,34139,8,0,10 23 20,1,15,,34129,8,0,13 30,1,15,,34140,8,0,10 23 20,1,15,,34141,8,0,13 30,1,2,,34153,8,0,45 3 21,1,54,,34142,8,0,10 23 20,1,16,,34148,8,0,13 30,1,14,,34143,8,0,10 23 20,1,16,,34149,8,0,13 30,1,54,,34144,8,0,10 23 20,1,16,,34150,8,0,13 30,1,14,,34145,8,0,10 23 20,1,16,,34151,8,0,13 30,1,54,,34146,8,0,10 23 20,1,16,,34152,8,0,13 30,1,14,,34147,8,0,10 23 20,1,16,,34154,8,0,13 30,1,5,,34159,8,0,45 3 21,1,65,,34157,8,0,10 23 20,1,4,,34160,8,0,45 3 21,1,26,,34155,8,0,13 30,1,70,,34158,8,0,10 23 20,1,30,,34156,8,0,13 30,1,70,,34091,8,0,10 23 20,1,30,,34092,8,0,13 30,1,70,,34161,8,0,10 23 20,1,35,,34162,8,0,13 30,1,69,,34163,8,0,45 3 21,1
200,'30',654,,34166,8,0,13 30,1,70,,34169,8,0,10 23 20,1,30,,34171,8,0,13 30,1,70,,34170,8,0,10 23 20,1,30,,34172,8,0,13 30,1,65,,34173,8,0,10 23 20,1,25,,34177,8,0,13 30,1,65,,34174,8,0,10 23 20,1,25,,34178,8,0,13 30,1,25,,34175,8,0,10 23 20,1,65,,34179,8,0,10 23 20,1,24,,34176,8,0,10 23 20,1,55,,34180,8,0,13 30,1,15,,34192,8,0,10 23 20,1,15,,34181,8,0,13 30,1,15,,34193,8,0,10 23 20,1,55,,34182,8,0,13 30,1,15,,34194,8,0,10 23 20,1,15,,34183,8,0,13 30,1,15,,34195,8,0,10 23 20,1,55,,34184,8,0,13 30,1,15,,34196,8,0,10 23 20,1,15,,34185,8,0,13 30,1,15,,34197,8,0,10 23 20,1,55,,34186,8,0,13 30,1,15,,34198,8,0,10 23 20,1,15,,34187,8,0,13 30,1,15,,34199,8,0,10 23 20,1,55,,34188,8,0,13 30,1,15,,34200,8,0,10 23 20,1,15,,34189,8,0,13 30,1,15,,34201,8,0,10 23 20,1,55,,34190,8,0,13 30,1,15,,34202,8,0,10 23 20,1,15,,34191,8,0,13 30,1,15,,34203,8,0,10 23 20,1,65,,34206,8,0,13 30,1,5,,34217,8,0,45 3 21,1,20,,34212,8,0,10 23 20,1,65,,34207,8,0,13 30,1,25,,34213,8,0,10 23 20,1,25,,34208,8,0,13 30,1,65,,34214,8,0,10 23 20,1,25,,34209,8,0,13 30,1,65,,34215,8,0,10 23 20,1,25,,34210,8,0,13 30,1,25,,34216,8,0,10 23 20,1,65,,34211,8,0,13 30,1,30,,34165,8,0,10 23 20,1,70,,34164,8,0,45 3 21,1
200,'4',654,,34220,8,0,13 30,1,70,,34223,8,0,10 23 20,1,30,,34225,8,0,13 30,1,70,,34224,8,0,10 23 20,1,30,,34226,8,0,13 30,1,65,,34227,8,0,10 23 20,1,25,,34231,8,0,13 30,1,65,,34228,8,0,10 23 20,1,25,,34232,8,0,13 30,1,25,,34229,8,0,10 23 20,1,65,,34233,8,0,10 23 20,1,24,,34230,8,0,10 23 20,1,55,,34234,8,0,13 30,1,15,,34246,8,0,10 23 20,1,15,,34235,8,0,13 30,1,15,,34247,8,0,10 23 20,1,55,,34236,8,0,13 30,1,15,,34248,8,0,10 23 20,1,15,,34237,8,0,13 30,1,15,,34249,8,0,10 23 20,1,55,,34238,8,0,13 30,1,15,,34250,8,0,10 23 20,1,15,,34239,8,0,13 30,1,15,,34251,8,0,10 23 20,1,55,,34240,8,0,13 30,1,15,,34252,8,0,10 23 20,1,15,,34241,8,0,13 30,1,15,,34253,8,0,10 23 20,1,55,,34242,8,0,13 30,1,15,,34254,8,0,10 23 20,1,15,,34243,8,0,13 30,1,15,,34255,8,0,10 23 20,1,55,,34244,8,0,13 30,1,15,,34256,8,0,10 23 20,1,15,,34245,8,0,13 30,1,15,,34257,8,0,10 23 20,1,65,,34260,8,0,13 30,1,5,,34271,8,0,45 3 21,1,20,,34266,8,0,10 23 20,1,65,,34261,8,0,13 30,1,25,,34267,8,0,10 23 20,1,25,,34262,8,0,13 30,1,65,,34268,8,0,10 23 20,1,25,,34263,8,0,13 30,1,65,,34269,8,0,10 23 20,1,25,,34264,8,0,13 30,1,25,,34270,8,0,10 23 20,1,65,,34265,8,0,13 30,1,30,,34219,8,0,10 23 20,1,70,,34218,8,0,45 3 21,1
9301,'2',619,,41344,6,,,1,20,,41346,6,,,1,20,,41347,6,,,1,61,,41348,6,,,1,20,,41349,6,,,1,65,,41350,6,,,1,21,,41351,6,,,1,24,,41352,6,,,1,76,,41353,6,,,1,29,,41354,6,,,1,72,,41355,6,,,1,32,,41356,6,,,1,72,,41357,6,,,1,72,,41358,6,,,1,32,,41359,6,,,1,72,,41360,6,,,1,32,,41361,6,,,1,74,,41362,6,,,1,30,,41363,6,,,1,62,,41364,6,,,1,22,,41365,6,,,1,19,,41366,6,,,1,62,,41367,6,,,1,23,,41368,6,,,1,22,,41369,6,,,1,62,,41370,6,,,1,25,,41371,6,,,1,62,,41372,6,,,1,24,,41373,6,,,1,74,,41374,6,,,1,25,,41375,6,,,1,32,,41376,6,,,1,72,,41377,6,,,1,72,,41378,6,,,1,29,,41379,6,,,1,70,,41380,6,,,1,30,,41381,6,,,1,70,,41382,6,,,1,30,,41383,6,,,1,24,,41345,6,,,1
9301,'3',817,,41384,6,,,1,25,,41385,6,,,1,65,,41386,6,,,1,25,,41387,6,,,1,25,,41388,6,,,1,69,,41389,6,,,1,30,,41390,6,,,1,70,,41391,6,,,1,30,,41392,6,,,1,76,,41393,6,,,1,70,,41394,6,,,1,30,,41395,6,,,1,80,,41396,6,,,1,28,,41397,6,,,1,70,,41398,6,,,1,40,,41399,6,,,1,70,,41400,6,,,1,30,,41401,6,,,1,71,,41402,6,,,1,25,,41403,6,,,1,65,,41404,6,,,1,24,,41405,6,,,1,65,,41406,6,,,1,25,,41407,6,,,1,25,,41408,6,,,1,65,,41409,6,,,1,25,,41410,6,,,1,65,,41411,6,,,1,23,,41412,6,,,1,25,,41413,6,,,1,65,,41414,6,,,1,25,,41415,6,,,1,75,,41416,6,,,1,25,,41417,6,,,1,65,,41418,6,,,1
9301,'30',837,,41419,6,,,1,71,,41420,6,,,1,35,,41421,6,,,1,75,,41422,6,,,1,35,,41423,6,,,1,75,,41424,6,,,1,76,,41425,6,,,1,37,,41426,6,,,1,77,,41427,6,,,1,37,,41428,6,,,1,77,,41429,6,,,1,77,,41430,6,,,1,37,,41431,6,,,1,77,,41432,6,,,1,77,,41433,6,,,1,37,,41434,6,,,1,77,,41435,6,,,1,37,,41436,6,,,1,77,,41437,6,,,1,77,,41438,6,,,1,37,,41439,6,,,1,77,,41440,6,,,1,37,,41441,6,,,1,77,,41442,6,,,1
9301,'4',837,,41444,6,,,1,71,,41445,6,,,1,35,,41446,6,,,1,75,,41447,6,,,1,35,,41448,6,,,1,75,,41449,6,,,1,76,,41450,6,,,1,37,,41451,6,,,1,77,,41452,6,,,1,37,,41453,6,,,1,77,,41454,6,,,1,77,,41455,6,,,1,37,,41456,6,,,1,77,,41457,6,,,1,77,,41458,6,,,1,37,,41459,6,,,1,77,,41460,6,,,1,37,,41461,6,,,1,77,,41462,6,,,1,77,,41463,6,,,1,37,,41464,6,,,1,77,,41465,6,,,1,37,,41466,6,,,1,77,,41467,6,,,1
9400,'2',721,,41469,3,,,1,26,,41470,3,,,1,66,,41471,3,,,1,26,,41472,3,,,1,67,,41473,3,,,1,26,,41474,3,,,1,26,,41475,3,,,1,356,,41476,3,,,1,21,,41477,3,,,1,21,,41478,3,,,1,60,,41479,3,,,1,21,,41480,3,,,1,21,,41481,3,,,1,61,,41482,3,,,1,21,,41483,3,,,1,62,,41484,3,,,1,23,,41485,3,,,1,24,,41486,3,,,1,63,,41487,3,,,1,23,,41488,3,,,1,23,,41489,3,,,1
10601,'3302',730,,41967,8,,,1,20,,41981,8,,,1,65,,41968,8,,,1,20,,41982,8,,,1,65,,41969,8,,,1,20,,41983,8,,,1,25,,41970,8,,,1,65,,41994,8,,,1,20,,41971,8,,,1,25,,41984,8,,,1,60,,41972,8,,,1,20,,41985,8,,,1,65,,41973,8,,,1,21,,41986,8,,,1,25,,41974,8,,,1,60,,41987,8,,,1,25,,41975,8,,,1,20,,41988,8,,,1,65,,41976,8,,,1,20,,41989,8,,,1,65,,41977,8,,,1,20,,41990,8,,,1,25,,41978,8,,,1,60,,41991,8,,,1,30,,41979,8,,,1,20,,41992,8,,,1,50,,41995,8,,,1,25,,41980,8,,,1,20,,41993,8,,,1,50,,41996,8,,,1,21,,42010,8,,,1,19,,41997,8,,,1,18,,42001,8,,,1,62,,41998,8,,,1,18,,42002,8,,,1,62,,41999,8,,,1,18,,42003,8,,,1,22,,42000,8,,,1,18,,42009,8,,,1,79,,42004,8,,,1,80,,42005,8,,,1,40,,42006,8,,,1,80,,42007,8,,,1,75,,42008,8,,,1
10601,'3602',740,,42011,8,,,1,60,,42025,8,,,1,25,,42012,8,,,1,20,,42026,8,,,1,65,,42013,8,,,1,20,,42027,8,,,1,25,,42014,8,,,1,65,,42028,8,,,1,20,,42015,8,,,1,65,,42029,8,,,1,20,,42016,8,,,1,20,,42030,8,,,1,66,,42017,8,,,1,20,,42031,8,,,1,25,,42018,8,,,1,60,,42032,8,,,1,25,,42019,8,,,1,60,,42033,8,,,1,25,,42020,8,,,1,20,,42034,8,,,1,65,,42021,8,,,1,20,,42035,8,,,1,25,,42022,8,,,1,65,,42036,8,,,1,25,,42023,8,,,1,75,,42037,8,,,1,20,,42024,8,,,1,71,,42045,8,,,1,20,,42038,8,,,1,18,,42039,8,,,1,60,,42040,8,,,1,21,,42041,8,,,1,18,,42042,8,,,1,62,,42043,8,,,1,18,,42046,8,,,1,20,,42044,8,,,1
10601,'3903',1128,,42047,8,,,1,86,,42048,8,,,1,40,,42049,8,,,1,80,,42050,8,,,1,80,,42051,8,,,1,45,,42052,8,,,1,85,,42053,8,,,1,90,,42054,8,,,1,90,,42055,8,,,1,85,,42056,8,,,1,40,,42057,8,,,1,80,,42058,8,,,1,80,,42059,8,,,1,40,,42060,8,,,1,79,,42061,8,,,1,80,,42062,8,,,1,40,,42063,8,,,1
10601,'6404',1128,,42064,8,,,1,86,,42065,8,,,1,40,,42066,8,,,1,80,,42067,8,,,1,80,,42068,8,,,1,45,,42069,8,,,1,85,,42070,8,,,1,90,,42071,8,,,1,90,,42072,8,,,1,85,,42073,8,,,1,40,,42074,8,,,1,80,,42075,8,,,1,80,,42076,8,,,1,40,,42077,8,,,1,79,,42078,8,,,1,80,,42079,8,,,1
