300,'11802',1454,,43163,5,,,1,166,,43164,5,,,1
300,'2',619,,43166,5,,,1,23,,43167,5,,,1,73,,43168,5,,,1,27,,43169,5,,,1,70,,43170,5,,,1,31,,43171,5,,,1,70,,43172,5,,,1,30,,43173,5,,,1,70,,43174,5,,,1,30,,43175,5,,,1,70,,43176,5,,,1,29,,43177,5,,,1,69,,43178,5,,,1,30,,43179,5,,,1,70,,43180,5,,,1,29,,43181,5,,,1,69,,43182,5,,,1,30,,43183,5,,,1,70,,43184,5,,,1,29,,43185,5,,,1,70,,43186,5,,,1,30,,43187,5,,,1,70,,43188,5,,,1,34,,43189,5,,,1,70,,43191,5,,,1,30,,43192,5,,,1,70,,43193,5,,,1,30,,43194,5,,,1,70,,43195,5,,,1,30,,43196,5,,,1,70,,43197,5,,,1,30,,43198,5,,,1,70,,43199,5,,,1,30,,43200,5,,,1,59,,43190,5,,,1
300,'3',634,,43201,5,,,1,100,,43202,5,,,1,100,,43203,5,,,1,100,,43204,5,,,1,72,,43206,5,,,1,35,,43207,5,,,1,75,,43208,5,,,1,36,,43209,5,,,1,75,,43210,5,,,1,75,,43211,5,,,1,34,,43212,5,,,1,75,,43213,5,,,1,35,,43214,5,,,1,75,,43215,5,,,1,35,,43216,5,,,1,75,,43217,5,,,1,75,,43218,5,,,1,38,,43219,5,,,1,100,,43220,5,,,1,100,,43221,5,,,1,102,,43222,5,,,1,100,,43223,5,,,1,108,,43205,5,,,1
300,'30',851,,43224,5,,,1,87,,43225,5,,,1,87,,43226,5,,,1,87,,43227,5,,,1,46,,43228,5,,,1,87,,43229,5,,,1,87,,43230,5,,,1,87,,43231,5,,,1,87,,43232,5,,,1,47,,43233,5,,,1,88,,43234,5,,,1,89,,43235,5,,,1,87,,43236,5,,,1,107,,43237,5,,,1,100,,43238,5,,,1,100,,43239,5,,,1,103,,43240,5,,,1
300,'4',851,,43241,5,,,1,87,,43242,5,,,1,87,,43243,5,,,1,87,,43244,5,,,1,46,,43245,5,,,1,87,,43246,5,,,1,87,,43247,5,,,1,87,,43248,5,,,1,87,,43249,5,,,1,47,,43250,5,,,1,88,,43251,5,,,1,89,,43252,5,,,1,87,,43253,5,,,1,107,,43254,5,,,1,100,,43255,5,,,1,100,,43256,5,,,1,103,,43257,5,,,1
500,'2',559,,43711,5,0,13 31,1,76,,43713,5,0,10 31,1,24,,43714,5,0,13 31,1,70,,43725,5,0,10 31,1,30,,43715,5,0,13 31,1,70,,43726,5,0,10 31,1,30,,43716,5,0,13 31,1,70,,43727,5,0,10 31,1,30,,43717,5,0,13 31,1,70,,43728,5,0,10 31,1,30,,43718,5,0,13 31,1,70,,43729,5,0,10 31,1,29,,43719,5,0,13 31,1,70,,43730,5,0,10 31,1,30,,43720,5,0,13 31,1,70,,43731,5,0,10 31,1,30,,43721,5,0,13 31,1,70,,43732,5,0,10 31,1,30,,43722,5,0,13 31,1,70,,43733,5,0,10 31,1,30,,43723,5,0,13 31,1,70,,43734,5,0,10 31,1,30,,43724,5,0,13 31,1,70,,43735,5,0,10 31,1,24,,43736,5,0,13 31,1,70,,43739,5,0,10 31,1,30,,43740,5,0,10 31,1,70,,43741,5,0,10 31,1,30,,43742,5,0,10 31,1,70,,43743,5,0,10 31,1,30,,43744,5,0,10 31,1,70,,43745,5,0,10 31,1,30,,43746,5,0,10 31,1,65,,43747,5,0,10 31,1,28,,43748,5,0,10 31,1,88,,43737,5,0,10 31,1
500,'3',605,,43749,5,0,10 31,1,100,,43750,5,0,10 31,1,99,,43751,5,0,10 31,1,100,,43752,5,0,10 31,1,45,,43753,5,0,13 31,1,75,,43760,5,0,10 31,1,35,,43754,5,0,13 31,1,75,,43761,5,0,10 31,1,75,,43755,5,0,13 31,1,35,,43762,5,0,10 31,1,75,,43756,5,0,13 31,1,35,,43763,5,0,10 31,1,75,,43757,5,0,13 31,1,75,,43764,5,0,10 31,1,35,,43758,5,0,13 31,1,75,,43765,5,0,10 31,1,35,,43759,5,0,13 31,1,75,,43766,5,0,10 31,1,82,,43767,5,0,13 31,1,34,,43773,5,0,10 31,1,75,,43768,5,0,10 31,1,100,,43769,5,0,10 31,1,101,,43770,5,0,10 31,1,110,,43771,5,0,10 31,1,110,,43772,5,0,10 31,1
500,'30',830,,43775,5,0,10 31,1,85,,43776,5,0,10 31,1,87,,43777,5,0,10 31,1,47,,43778,5,0,10 31,1,87,,43779,5,0,10 31,1,87,,43780,5,0,10 31,1,87,,43781,5,0,10 31,1,47,,43782,5,0,10 31,1,87,,43783,5,0,10 31,1,87,,43784,5,0,10 31,1,87,,43785,5,0,10 31,1,88,,43786,5,0,10 31,1,47,,43787,5,0,10 31,1,100,,43788,5,0,10 31,1,100,,43789,5,0,10 31,1,100,,43790,5,0,10 31,1,94,,43791,5,0,10 31,1,92,,43792,5,0,10 31,1
500,'4',830,,43794,5,0,10 31,1,85,,43795,5,0,10 31,1,87,,43796,5,0,10 31,1,47,,43797,5,0,10 31,1,87,,43798,5,0,10 31,1,87,,43799,5,0,10 31,1,87,,43800,5,0,10 31,1,47,,43801,5,0,10 31,1,87,,43802,5,0,10 31,1,87,,43803,5,0,10 31,1,87,,43804,5,0,10 31,1,88,,43805,5,0,10 31,1,47,,43806,5,0,10 31,1,100,,43807,5,0,10 31,1,100,,43808,5,0,10 31,1,100,,43809,5,0,10 31,1,94,,43810,5,0,10 31,1,92,,43811,5,0,10 31,1
3801,'2',634,,49450,2,,,1,80,,49451,2,,,1,40,,49452,2,,,1,80,,49453,2,,,1,498,,49454,2,,,1,80,,49455,2,,,1,40,,49456,2,,,1,80,,49457,2,,,1,80,,49458,2,,,1,40,,49459,2,,,1,80,,49460,2,,,1,80,,49461,2,,,1,422,,49462,2,,,1,80,,49463,2,,,1
