700,'2',617,,44222,19,,,1,27,,44223,19,,,1,68,,44224,19,,,1,20,,44225,19,,,1,20,,44226,19,,,1,60,,44227,19,,,1,20,,44228,19,,,1,21,,44229,19,,,1,65,,44230,19,,,1,30,,44231,19,,,1,70,,44232,19,,,1,25,,44233,19,,,1,70,,44234,19,,,1,30,,44235,19,,,1,69,,44236,19,,,1,30,,44237,19,,,1,70,,44238,19,,,1,30,,44240,19,,,1,66,,44241,19,,,1,20,,44242,19,,,1,20,,44243,19,,,1,60,,44244,19,,,1,20,,44245,19,,,1,20,,44246,19,,,1,59,,44247,19,,,1,20,,44248,19,,,1,20,,44249,19,,,1,65,,44250,19,,,1,15,,44251,19,,,1,20,,44252,19,,,1,66,,44253,19,,,1,25,,44254,19,,,1,65,,44255,19,,,1,25,,44256,19,,,1,25,,44257,19,,,1,65,,44258,19,,,1,25,,44259,19,,,1,78,,44260,19,,,1,30,,44261,19,,,1,70,,44262,19,,,1,30,,44263,19,,,1,70,,44264,19,,,1,27,,44265,19,,,1
700,'3',621,,44301,19,,,1,29,,44302,19,,,1,70,,44300,19,,,1,39,,44266,19,,,1,69,,44299,19,,,1,30,,44267,19,,,1,65,,44268,19,,,1,25,,44269,19,,,1,70,,44270,19,,,1,30,,44271,19,,,1,65,,44272,19,,,1,25,,44273,19,,,1,70,,44274,19,,,1,30,,44275,19,,,1,70,,44276,19,,,1,25,,44277,19,,,1,70,,44278,19,,,1,30,,44279,19,,,1,70,,44280,19,,,1,30,,44281,19,,,1,70,,44282,19,,,1,30,,44283,19,,,1,70,,44284,19,,,1,30,,44285,19,,,1,26,,44286,19,,,1,70,,44287,19,,,1,30,,44288,19,,,1,70,,44289,19,,,1,25,,44290,19,,,1,70,,44291,19,,,1,30,,44292,19,,,1,70,,44293,19,,,1,28,,44294,19,,,1,72,,44295,19,,,1,30,,44296,19,,,1,70,,44297,19,,,1,30,,44298,19,,,1
700,'30',854,,44304,19,,,1,85,,44306,19,,,1,70,,44307,19,,,1,30,,44308,19,,,1,65,,44309,19,,,1,25,,44310,19,,,1,29,,44311,19,,,1,70,,44312,19,,,1,30,,44313,19,,,1,65,,44314,19,,,1,30,,44315,19,,,1,70,,44316,19,,,1,30,,44317,19,,,1,65,,44318,19,,,1,30,,44319,19,,,1,70,,44320,19,,,1,22,,44321,19,,,1,69,,44322,19,,,1,30,,44323,19,,,1,70,,44324,19,,,1,30,,44325,19,,,1,70,,44326,19,,,1,30,,44327,19,,,1,70,,44328,19,,,1,30,,44329,19,,,1,70,,44330,19,,,1,30,,44331,19,,,1,71,,44333,19,,,1,45,,44332,19,,,1
700,'4',854,,44335,19,,,1,85,,44337,19,,,1,70,,44338,19,,,1,30,,44339,19,,,1,65,,44340,19,,,1,25,,44341,19,,,1,29,,44342,19,,,1,70,,44343,19,,,1,30,,44344,19,,,1,65,,44345,19,,,1,30,,44346,19,,,1,70,,44347,19,,,1,30,,44348,19,,,1,65,,44349,19,,,1,30,,44350,19,,,1,70,,44351,19,,,1,22,,44352,19,,,1,69,,44353,19,,,1,30,,44354,19,,,1,70,,44355,19,,,1,30,,44356,19,,,1,70,,44357,19,,,1,30,,44358,19,,,1,70,,44359,19,,,1,30,,44360,19,,,1,70,,44361,19,,,1,30,,44362,19,,,1,71,,44364,19,,,1,45,,44363,19,,,1
1201,'2',615,,45371,23,,,1,30,,45370,23,,,1,70,,45372,23,,,1,27,,45373,23,,,1,70,,45374,23,,,1,30,,45375,23,,,1,70,,45376,23,,,1,32,,45377,23,,,1,70,,45378,23,,,1,30,,45379,23,,,1,70,,45380,23,,,1,30,,45381,23,,,1,70,,45382,23,,,1,30,,45383,23,,,1,70,,45384,23,,,1,30,,45385,23,,,1,70,,45386,23,,,1,23,,45387,23,,,1,17,,45388,23,,,1,65,,45389,23,,,1,25,,45390,23,,,1,65,,45391,23,,,1,26,,45392,23,,,1,65,,45393,23,,,1,25,,45394,23,,,1,25,,45395,23,,,1,65,,45396,23,,,1,30,,45398,23,,,1,70,,45399,23,,,1,30,,45400,23,,,1,70,,45401,23,,,1,30,,45402,23,,,1,70,,45407,23,,,1,30,,45406,23,,,1,69,,45408,23,,,1,32,,45403,23,,,1,70,,45409,23,,,1,29,,45404,23,,,1
1201,'3',619,,45411,23,,,1,28,,45433,23,,,1,72,,45412,23,,,1,28,,45432,23,,,1,70,,45413,23,,,1,30,,45431,23,,,1,65,,45414,23,,,1,25,,45430,23,,,1,70,,45415,23,,,1,30,,45429,23,,,1,70,,45416,23,,,1,30,,45428,23,,,1,70,,45417,23,,,1,35,,45427,23,,,1,75,,45418,23,,,1,35,,45419,23,,,1,75,,45420,23,,,1,75,,45421,23,,,1,35,,45422,23,,,1,75,,45423,23,,,1,35,,45424,23,,,1,77,,45425,23,,,1,25,,45426,23,,,1,73,,45434,23,,,1,27,,45440,23,,,1,73,,45435,23,,,1,27,,45441,23,,,1,73,,45436,23,,,1,27,,45442,23,,,1,72,,45437,23,,,1,27,,45443,23,,,1,73,,45438,23,,,1,27,,45444,23,,,1,73,,45439,23,,,1,27,,45445,23,,,1,65,,45446,23,,,1
1201,'30',820,,45462,23,,,1,30,,45461,23,,,1,70,,45463,23,,,1,23,,45448,23,,,1,70,,45464,23,,,1,30,,45460,23,,,1,70,,45465,23,,,1,24,,45459,23,,,1,70,,45466,23,,,1,24,,45458,23,,,1,24,,45467,23,,,1,71,,45457,23,,,1,24,,45468,23,,,1,70,,45456,23,,,1,30,,45469,23,,,1,70,,45455,23,,,1,30,,45470,23,,,1,70,,45454,23,,,1,30,,45471,23,,,1,70,,45453,23,,,1,30,,45472,23,,,1,70,,45452,23,,,1,30,,45473,23,,,1,70,,45451,23,,,1,30,,45474,23,,,1,70,,45450,23,,,1,30,,45475,23,,,1,70,,45447,23,,,1,30,,45476,23,,,1
1201,'4',820,,45492,23,,,1,30,,45491,23,,,1,70,,45493,23,,,1,23,,45478,23,,,1,70,,45494,23,,,1,30,,45490,23,,,1,70,,45495,23,,,1,24,,45489,23,,,1,70,,45496,23,,,1,24,,45488,23,,,1,24,,45497,23,,,1,71,,45487,23,,,1,24,,45498,23,,,1,70,,45486,23,,,1,30,,45499,23,,,1,70,,45485,23,,,1,30,,45500,23,,,1,70,,45484,23,,,1,30,,45501,23,,,1,70,,45483,23,,,1,30,,45502,23,,,1,70,,45482,23,,,1,30,,45503,23,,,1,70,,45481,23,,,1,30,,45504,23,,,1,70,,45480,23,,,1,30,,45505,23,,,1,70,,45477,23,,,1,30,,45506,23,,,1
9300,'11802',1611,,49904,28,,,1
9300,'2',620,,49905,28,,,1,19,,49908,28,,,1,20,,49909,28,,,1,63,,49910,28,,,1,21,,49911,28,,,1,61,,49912,28,,,1,25,,49913,28,,,1,20,,49914,28,,,1,65,,49915,28,,,1,35,,49916,28,,,1,72,,49917,28,,,1,32,,49918,28,,,1,72,,49919,28,,,1,32,,49920,28,,,1,72,,49921,28,,,1,72,,49922,28,,,1,32,,49923,28,,,1,72,,49924,28,,,1,20,,49925,28,,,1,17,,49926,28,,,1,15,,49927,28,,,1,62,,49928,28,,,1,22,,49929,28,,,1,62,,49930,28,,,1,27,,49931,28,,,1,22,,49932,28,,,1,62,,49933,28,,,1,24,,49934,28,,,1,21,,49947,28,,,1,60,,49935,28,,,1,26,,49936,28,,,1,72,,49937,28,,,1,35,,49938,28,,,1,69,,49939,28,,,1,32,,49940,28,,,1,67,,49941,28,,,1,32,,49942,28,,,1,68,,49943,28,,,1,30,,49944,28,,,1,70,,49945,28,,,1,30,,49946,28,,,1,67,,49906,28,,,1
9300,'3',823,,49948,28,,,1,25,,49949,28,,,1,65,,49950,28,,,1,25,,49951,28,,,1,65,,49952,28,,,1,18,,49953,28,,,1,28,,49954,28,,,1,70,,49955,28,,,1,30,,49956,28,,,1,70,,49957,28,,,1,30,,49958,28,,,1,79,,49959,28,,,1,30,,49960,28,,,1,71,,49961,28,,,1,80,,49962,28,,,1,30,,49963,28,,,1,70,,49964,28,,,1,35,,49965,28,,,1,75,,49966,28,,,1,30,,49967,28,,,1,68,,49968,28,,,1,23,,49969,28,,,1,65,,49970,28,,,1,22,,49971,28,,,1,25,,49972,28,,,1,65,,49973,28,,,1,25,,49974,28,,,1,65,,49975,28,,,1,25,,49976,28,,,1,25,,49977,28,,,1,81,,49978,28,,,1,65,,49979,28,,,1,25,,49980,28,,,1
9300,'30',815,,50008,28,,,1,27,,49983,28,,,1,75,,49984,28,,,1,35,,49985,28,,,1,75,,49986,28,,,1,75,,49987,28,,,1,35,,49988,28,,,1,75,,49989,28,,,1,37,,49990,28,,,1,77,,49991,28,,,1,77,,49992,28,,,1,37,,49993,28,,,1,77,,49994,28,,,1,37,,49995,28,,,1,77,,49996,28,,,1,76,,49997,28,,,1,37,,49998,28,,,1,77,,49999,28,,,1,37,,50000,28,,,1,77,,50001,28,,,1,77,,50002,28,,,1,37,,50003,28,,,1,77,,50004,28,,,1,78,,50005,28,,,1,32,,50006,28,,,1
9300,'4',815,,50034,28,,,1,27,,50009,28,,,1,75,,50010,28,,,1,35,,50011,28,,,1,75,,50012,28,,,1,75,,50013,28,,,1,35,,50014,28,,,1,75,,50015,28,,,1,37,,50016,28,,,1,77,,50017,28,,,1,77,,50018,28,,,1,37,,50019,28,,,1,77,,50020,28,,,1,37,,50021,28,,,1,77,,50022,28,,,1,76,,50023,28,,,1,37,,50024,28,,,1,77,,50025,28,,,1,37,,50026,28,,,1,77,,50027,28,,,1,77,,50028,28,,,1,37,,50029,28,,,1,77,,50030,28,,,1,78,,50031,28,,,1,32,,50032,28,,,1
