101,'2',631,,42456,4,0,13 11 63,1,71,,42462,4,0,13 11 63,1,30,,42463,4,0,13 11 63,1,25,,42464,4,0,13 11 63,1,70,,42465,4,0,13 11 63,1,78,,42469,4,0,13 11 63,1,40,,42470,4,0,13 11 63,1,80,,42471,4,0,13 11 63,1,75,,42472,4,0,13 11 63,1,40,,42473,4,0,13 11 63,1,80,,42474,4,0,13 11 63,1,80,,42475,4,0,13 11 63,1,38,,42484,4,0,13 11 63,1,68,,42485,4,0,13 11 63,1,30,,42486,4,0,13 11 63,1,70,,42487,4,0,13 11 63,1,30,,42492,4,0,13 11 63,1,72,,42493,4,0,13 11 63,1,32,,42494,4,0,13 11 63,1,72,,42495,4,0,13 11 63,1,20,,42508,4,0,13 9 15 3 43,1,27,,42500,4,0,13 11 63,1,90,,42501,4,0,13 11 63,1,90,,42502,4,0,13 11 63,1,90,,42503,4,0,13 11 63,1,77,,42515,4,0,13 9 15 3 43,1,25,,42512,4,0,13 11 63,1,100,,42513,4,0,13 11 63,1,100,,42514,4,0,13 11 63,1
101,'3',653,,42521,4,0,13 11 63,1,103,,42522,4,0,13 11 63,1,95,,42523,4,0,13 11 63,1,99,,42527,4,0,13 11 63,1,80,,42528,4,0,13 11 63,1,80,,42529,4,0,13 11 63,1,35,,42530,4,0,13 11 63,1,80,,42531,4,0,13 11 63,1,75,,42532,4,0,13 11 63,1,40,,42533,4,0,13 11 63,1,81,,42534,4,0,13 11 63,1,35,,42535,4,0,13 11 63,1,80,,42536,4,0,13 11 63,1,80,,42537,4,0,13 11 63,1,35,,42538,4,0,13 11 63,1,80,,42551,4,0,13 11 63,1,69,,42564,4,0,13 9 15 3 43,1,21,,42558,4,0,13 11 63,1,100,,42559,4,0,13 11 63,1,100,,42560,4,0,13 11 63,1,101,,42561,4,0,13 11 63,1,100,,42562,4,0,13 11 63,1,95,,42563,4,0,13 11 63,1,88,,42566,4,0,13 9 15 3 43,1
101,'30',818,,42569,4,0,13 11 63,1,104,,42570,4,0,13 11 63,1,104,,42571,4,0,13 11 63,1,99,,42572,4,0,13 11 63,1,88,,42584,4,0,13 11 63,1,45,,42585,4,0,13 11 63,1,90,,42586,4,0,13 11 63,1,90,,42587,4,0,13 11 63,1,90,,42588,4,0,13 11 63,1,90,,42589,4,0,13 11 63,1,92,,42590,4,0,13 11 63,1,95,,42597,4,0,13 11 63,1,100,,42598,4,0,13 11 63,1,100,,42599,4,0,13 11 63,1,100,,42600,4,0,13 11 63,1,102,,42601,4,0,13 11 63,1,46,,42603,4,0,13 9 15 3 43,1
101,'4',818,,42605,4,0,13 11 63,1,104,,42606,4,0,13 11 63,1,104,,42607,4,0,13 11 63,1,99,,42608,4,0,13 11 63,1,88,,42620,4,0,13 11 63,1,45,,42621,4,0,13 11 63,1,90,,42622,4,0,13 11 63,1,90,,42623,4,0,13 11 63,1,90,,42624,4,0,13 11 63,1,90,,42625,4,0,13 11 63,1,92,,42626,4,0,13 11 63,1,95,,42633,4,0,13 11 63,1,100,,42634,4,0,13 11 63,1,100,,42635,4,0,13 11 63,1,100,,42636,4,0,13 11 63,1,102,,42637,4,0,13 11 63,1,46,,42639,4,0,13 9 15 3 43,1
1601,'2',551,,46518,3,,,1,57,,46522,3,,,1,18,,46523,3,,,1,18,,46524,3,,,1,59,,46525,3,,,1,9,,46526,3,,,1,16,,46527,3,,,1,16,,46528,3,,,1,56,,46529,3,,,1,16,,46530,3,,,1,16,,46531,3,,,1,16,,46532,3,,,1,58,,46533,3,,,1,22,,46534,3,,,1,18,,46535,3,,,1,58,,46536,3,,,1,18,,46537,3,,,1,18,,46538,3,,,1,18,,46539,3,,,1,58,,46540,3,,,1,18,,46541,3,,,1,17,,46542,3,,,1,56,,46543,3,,,1,10,,46544,3,,,1,16,,46545,3,,,1,16,,46546,3,,,1,56,,46547,3,,,1,16,,46548,3,,,1,16,,46549,3,,,1,14,,46550,3,,,1,6,,46551,3,,,1,55,,46552,3,,,1,15,,46553,3,,,1,15,,46554,3,,,1,15,,46555,3,,,1,55,,46556,3,,,1,15,,46557,3,,,1,15,,46558,3,,,1,14,,46559,3,,,1,55,,46560,3,,,1,15,,46561,3,,,1,15,,46562,3,,,1,15,,46563,3,,,1,55,,46564,3,,,1,15,,46565,3,,,1,15,,46567,3,0,5 3 6,1,63,,46566,3,,,1,19,,46568,3,,,1,23,,46569,3,,,1,62,,46570,3,,,1,22,,46571,3,,,1,22,,46572,3,,,1,62,,46573,3,,,1,22,,46574,3,,,1,64,,46575,3,,,1,17,,46576,3,0,5 3 6,1,20,,46577,3,,,1,65,,46578,3,,,1,25,,46579,3,,,1,25,,46580,3,,,1,65,,46581,3,,,1,25,,46582,3,,,1,63,,46583,3,,,1,23,,46520,3,,,1,25,,46521,3,0,5 3 6,1
1601,'3',620,,46584,3,,,1,25,,46585,3,,,1,65,,46586,3,,,1,25,,46587,3,,,1,24,,46588,3,,,1,65,,46589,3,,,1,25,,46590,3,,,1,65,,46591,3,,,1,25,,46592,3,,,1,20,,46593,3,,,1,61,,46594,3,,,1,21,,46595,3,,,1,16,,46596,3,,,1,61,,46597,3,,,1,21,,46598,3,,,1,15,,46599,3,,,1,55,,46600,3,,,1,15,,46601,3,,,1,15,,46602,3,,,1,10,,46603,3,,,1,55,,46604,3,,,1,15,,46605,3,,,1,15,,46606,3,,,1,15,,46607,3,,,1,55,,46608,3,,,1,15,,46609,3,,,1,15,,46610,3,,,1,15,,46611,3,,,1,55,,46612,3,,,1,15,,46613,3,,,1,15,,46614,3,,,1,15,,46615,3,,,1,55,,46616,3,,,1,15,,46617,3,,,1,15,,46618,3,,,1,15,,46619,3,,,1,55,,46620,3,,,1,15,,46621,3,,,1,15,,46622,3,,,1,20,,46623,3,,,1,60,,46624,3,,,1,20,,46625,3,,,1,20,,46626,3,,,1,60,,46627,3,,,1,20,,46628,3,,,1,20,,46629,3,,,1,60,,46630,3,,,1,20,,46631,3,,,1,22,,46632,3,,,1,66,,46633,3,,,1,25,,46634,3,,,1,65,,46635,3,,,1,25,,46636,3,,,1,65,,46637,3,,,1,21,,46638,3,,,1,25,,46639,3,,,1,69,,46640,3,,,1,30,,46641,3,,,1
1601,'30',655,,46646,3,,,1,75,,46647,3,,,1,75,,46648,3,,,1,35,,46649,3,,,1,69,,46650,3,,,1,25,,46651,3,,,1,70,,46652,3,,,1,30,,46653,3,,,1,70,,46654,3,,,1,30,,46655,3,,,1,69,,46656,3,,,1,22,,46658,3,,,1,23,,46659,3,,,1,62,,46657,3,,,1,22,,46660,3,,,1,22,,46661,3,,,1,62,,46662,3,,,1,22,,46663,3,,,1,62,,46664,3,,,1,22,,46665,3,,,1,22,,46666,3,,,1,62,,46667,3,,,1,22,,46668,3,,,1,21,,46669,3,,,1,70,,46670,3,,,1,30,,46671,3,,,1,70,,46672,3,,,1,30,,46673,3,,,1,70,,46674,3,,,1,30,,46675,3,,,1,70,,46676,3,,,1,30,,46677,3,,,1,70,,46678,3,,,1,31,,46679,3,,,1,70,,46680,3,,,1,30,,46681,3,,,1
1601,'4',655,,46685,3,,,1,75,,46686,3,,,1,75,,46687,3,,,1,35,,46688,3,,,1,69,,46689,3,,,1,25,,46690,3,,,1,70,,46691,3,,,1,30,,46692,3,,,1,70,,46693,3,,,1,30,,46694,3,,,1,69,,46695,3,,,1,22,,46697,3,,,1,23,,46698,3,,,1,62,,46696,3,,,1,22,,46699,3,,,1,22,,46700,3,,,1,62,,46701,3,,,1,22,,46702,3,,,1,62,,46703,3,,,1,22,,46704,3,,,1,22,,46705,3,,,1,62,,46706,3,,,1,22,,46707,3,,,1,21,,46708,3,,,1,70,,46709,3,,,1,30,,46710,3,,,1,70,,46711,3,,,1,30,,46712,3,,,1,70,,46713,3,,,1,30,,46714,3,,,1,70,,46715,3,,,1,30,,46716,3,,,1,70,,46717,3,,,1,31,,46718,3,,,1,70,,46719,3,,,1,30,,46720,3,,,1
2400,'11802',1515,,47672,12,,,1,138,,47673,12,0,42 20,1
2400,'2',610,,47674,12,,,1,22,,47675,12,,,1,70,,47676,12,,,1,31,,47677,12,,,1,70,,47678,12,,,1,30,,47679,12,,,1,70,,47680,12,,,1,30,,47681,12,,,1,70,,47682,12,,,1,30,,47683,12,,,1,70,,47684,12,,,1,30,,47685,12,,,1,70,,47686,12,,,1,29,,47687,12,,,1,70,,47688,12,,,1,30,,47689,12,,,1,70,,47690,12,,,1,31,,47691,12,,,1,70,,47692,12,,,1,30,,47693,12,,,1,70,,47699,12,,,1,34,,47696,12,,,1,73,,47697,12,,,1,33,,47698,12,,,1,74,,47700,12,,,1,33,,47701,12,,,1,72,,47702,12,,,1,30,,47703,12,,,1,70,,47704,12,,,1,30,,47705,12,0,42 20,1
2400,'3',616,,47723,3,,,1,33,,47722,12,,,1,80,,47721,12,,,1,80,,47707,12,,,1,40,,47714,12,,,1,80,,47708,12,,,1,80,,47715,12,,,1,40,,47709,12,,,1,77,,47716,12,,,1,83,,47710,12,,,1,39,,47717,12,,,1,85,,47711,12,,,1,86,,47718,12,,,1,84,,47712,12,,,1,46,,47719,12,,,1,84,,47713,12,,,1,86,,47720,12,,,1,84,,47724,12,,,1,40,,47725,12,,,1,84,,47726,12,,,1,80,,47727,12,,,1
2400,'30',659,,47730,3,,,1,71,,47729,12,,,1,82,,47731,12,,,1,42,,47732,12,,,1,80,,47733,12,,,1,80,,47734,12,,,1,40,,47735,12,,,1,80,,47736,12,,,1,82,,47737,12,,,1,40,,47738,12,,,1,80,,47739,12,,,1,80,,47740,12,,,1,40,,47741,12,,,1,80,,47742,12,,,1,80,,47743,12,,,1,40,,47744,12,,,1,82,,47745,12,,,1,80,,47746,12,,,1,40,,47747,12,,,1,80,,47748,12,,,1,80,,47749,12,,,1
2400,'4',659,,47752,3,,,1,71,,47751,12,,,1,82,,47753,12,,,1,42,,47754,12,,,1,80,,47755,12,,,1,80,,47756,12,,,1,40,,47757,12,,,1,80,,47758,12,,,1,82,,47759,12,,,1,40,,47760,12,,,1,80,,47761,12,,,1,80,,47762,12,,,1,40,,47763,12,,,1,80,,47764,12,,,1,80,,47765,12,,,1,40,,47766,12,,,1,82,,47767,12,,,1,80,,47768,12,,,1,40,,47769,12,,,1,80,,47770,12,,,1,80,,47771,12,,,1
