400,'11802',1450,,43357,2,0,13 18 19 20,1,286,,43358,2,0,10 18 19 20,1
400,'2',612,,43385,2,0,13 18 19 20,1,38,,43384,2,0,10 18 19 20,1,55,,43383,2,0,13 18 19 20,1,15,,43382,2,0,10 18 19 20,1,15,,43381,2,0,13 18 19 20,1,15,,43380,2,0,10 18 19 20,1,55,,43379,2,0,13 18 19 20,1,15,,43378,2,0,10 18 19 20,1,15,,43377,2,0,13 18 19 20,1,21,,43376,2,0,10 18 19 20,1,60,,43375,2,0,13 18 19 20,1,20,,43374,2,0,10 18 19 20,1,20,,43373,2,0,13 18 19 20,1,60,,43372,2,0,10 18 19 20,1,20,,43371,2,0,13 18 19 20,1,20,,43370,2,0,10 18 19 20,1,60,,43369,2,0,13 18 19 20,1,20,,43368,2,0,10 18 19 20,1,20,,43367,2,0,13 18 19 20,1,60,,43366,2,0,10 18 19 20,1,20,,43365,2,0,13 18 19 20,1,20,,43364,2,0,10 18 19 20,1,60,,43363,2,0,13 18 19 20,1,17,,43362,2,0,10 18 19 20,1,14,,43387,2,0,13 18 19 20,1,10,,43388,2,0,10 18 19 20,1,55,,43396,2,0,13 18 19 20,1,15,,43389,2,0,10 18 19 20,1,15,,43397,2,0,13 18 19 20,1,15,,43390,2,0,10 18 19 20,1,55,,43398,2,0,13 18 19 20,1,15,,43391,2,0,10 18 19 20,1,14,,43399,2,0,13 18 19 20,1,13,,43392,2,0,10 18 19 20,1,55,,43400,2,0,13 18 19 20,1,10,,43393,2,0,10 18 19 20,1,15,,43401,2,0,13 18 19 20,1,15,,43394,2,0,10 18 19 20,1,10,,43402,2,0,13 18 19 20,1,55,,43395,2,0,10 18 19 20,1,10,,43403,2,0,13 18 19 20,1,23,,43404,2,0,10 18 19 20,1,61,,43405,2,0,13 18 19 20,1,15,,43409,2,0,10 18 19 20,1,20,,43406,2,0,13 18 19 20,1,60,,43410,2,0,10 18 19 20,1,20,,43407,2,0,13 18 19 20,1,20,,43411,2,0,10 18 19 20,1,60,,43408,2,0,13 18 19 20,1,17,,43412,2,0,10 18 19 20,1,15,,43413,2,0,13 18 19 20,1,67,,43416,2,0,10 18 19 20,1,30,,43414,2,0,13 18 19 20,1,70,,43417,2,0,10 18 19 20,1,30,,43415,2,0,13 18 19 20,1,72,,43418,2,0,10 18 19 20,1,40,,43419,2,0,13 18 19 20,1,99,,43420,2,0,13 18 19 20,1
400,'3',601,,43423,2,0,13 18 19 20,1,13,,43422,2,0,10 18 19 20,1,32,,43425,2,0,13 18 19 20,1,70,,43432,2,0,10 18 19 20,1,30,,43426,2,0,13 18 19 20,1,68,,43433,2,0,10 18 19 20,1,30,,43427,2,0,13 18 19 20,1,70,,43434,2,0,10 18 19 20,1,30,,43428,2,0,13 18 19 20,1,68,,43435,2,0,10 18 19 20,1,30,,43429,2,0,13 18 19 20,1,70,,43436,2,0,10 18 19 20,1,30,,43430,2,0,13 18 19 20,1,67,,43437,2,0,10 18 19 20,1,29,,43431,2,0,13 18 19 20,1,63,,43438,2,0,10 18 19 20,1,20,,43443,2,0,13 18 19 20,1,25,,43439,2,0,10 18 19 20,1,64,,43444,2,0,13 18 19 20,1,25,,43440,2,0,10 18 19 20,1,65,,43445,2,0,13 18 19 20,1,25,,43441,2,0,10 18 19 20,1,25,,43446,2,0,13 18 19 20,1,65,,43442,2,0,10 18 19 20,1,25,,43447,2,0,13 18 19 20,1,65,,43454,2,0,10 18 19 20,1,25,,43450,2,0,13 18 19 20,1,25,,43455,2,0,10 18 19 20,1,65,,43451,2,0,13 18 19 20,1,25,,43456,2,0,10 18 19 20,1,65,,43452,2,0,13 18 19 20,1,25,,43457,2,0,10 18 19 20,1,65,,43453,2,0,13 18 19 20,1,25,,43458,2,0,10 18 19 20,1,23,,43459,2,0,13 18 19 20,1,70,,43462,2,0,10 18 19 20,1,35,,43460,2,0,13 18 19 20,1,70,,43463,2,0,10 18 19 20,1,30,,43461,2,0,13 18 19 20,1,70,,43464,2,0,10 18 19 20,1,27,,43448,2,0,13 18 19 20,1,94,,43449,2,0,10 18 19 20,1
400,'30',644,,43495,2,0,13 18 19 20,1,82,,43496,2,0,10 18 19 20,1,80,,43497,2,0,13 18 19 20,1,43,,43467,2,0,10 18 19 20,1,74,,43468,2,0,13 18 19 20,1,25,,43469,2,0,10 18 19 20,1,70,,43470,2,0,13 18 19 20,1,30,,43471,2,0,10 18 19 20,1,70,,43472,2,0,13 18 19 20,1,30,,43473,2,0,10 18 19 20,1,66,,43474,2,0,13 18 19 20,1,30,,43475,2,0,10 18 19 20,1,70,,43476,2,0,13 18 19 20,1,30,,43477,2,0,10 18 19 20,1,70,,43478,2,0,13 18 19 20,1,30,,43479,2,0,10 18 19 20,1,70,,43480,2,0,13 18 19 20,1,30,,43481,2,0,10 18 19 20,1,70,,43482,2,0,13 18 19 20,1,30,,43483,2,0,10 18 19 20,1,70,,43484,2,0,13 18 19 20,1,30,,43485,2,0,10 18 19 20,1,72,,43486,2,0,13 18 19 20,1,30,,43487,2,0,10 18 19 20,1,70,,43488,2,0,13 18 19 20,1,30,,43489,2,0,10 18 19 20,1,70,,43490,2,0,13 18 19 20,1,30,,43491,2,0,10 18 19 20,1,70,,43492,2,0,13 18 19 20,1,30,,43493,2,0,10 18 19 20,1,66,,43494,2,0,13 18 19 20,1,29,,43465,2,0,10 18 19 20,1
400,'4',644,,43528,2,0,13 18 19 20,1,82,,43529,2,0,10 18 19 20,1,80,,43530,2,0,13 18 19 20,1,43,,43500,2,0,10 18 19 20,1,74,,43501,2,0,13 18 19 20,1,25,,43502,2,0,10 18 19 20,1,70,,43503,2,0,13 18 19 20,1,30,,43504,2,0,10 18 19 20,1,70,,43505,2,0,13 18 19 20,1,30,,43506,2,0,10 18 19 20,1,66,,43507,2,0,13 18 19 20,1,30,,43508,2,0,10 18 19 20,1,70,,43509,2,0,13 18 19 20,1,30,,43510,2,0,10 18 19 20,1,70,,43511,2,0,13 18 19 20,1,30,,43512,2,0,10 18 19 20,1,70,,43513,2,0,13 18 19 20,1,30,,43514,2,0,10 18 19 20,1,70,,43515,2,0,13 18 19 20,1,30,,43516,2,0,10 18 19 20,1,70,,43517,2,0,13 18 19 20,1,30,,43518,2,0,10 18 19 20,1,72,,43519,2,0,13 18 19 20,1,30,,43520,2,0,10 18 19 20,1,70,,43521,2,0,13 18 19 20,1,30,,43522,2,0,10 18 19 20,1,70,,43523,2,0,13 18 19 20,1,30,,43524,2,0,10 18 19 20,1,70,,43525,2,0,13 18 19 20,1,30,,43526,2,0,10 18 19 20,1,66,,43527,2,0,13 18 19 20,1,29,,43498,2,0,10 18 19 20,1
1701,'11802',1538,,46896,2,0,54 3 35,1,80,,46897,2,0,54 3 35,1
1701,'2',617,,46912,15,0,13 33,1,18,,46953,15,0,10 31,1,16,,46913,15,0,13 33,1,59,,46914,15,0,10 31,1,20,,46915,15,0,13 33,1,20,,46916,15,0,10 31,1,60,,46917,15,0,13 33,1,20,,46918,15,0,10 31,1,20,,46919,15,0,13 33,1,60,,46920,15,0,10 31,1,20,,46921,15,0,13 33,1,20,,46922,15,0,10 31,1,60,,46923,15,0,13 33,1,20,,46924,15,0,10 31,1,19,,46925,15,0,13 33,1,60,,46926,15,0,10 31,1,19,,46927,15,0,13 33,1,20,,46928,15,0,10 31,1,61,,46929,15,0,13 33,1,20,,46930,15,0,10 31,1,21,,46931,15,0,13 33,1,60,,46932,15,0,10 31,1,20,,46933,15,0,13 33,1,21,,46934,15,0,10 31,1,61,,46935,15,0,13 33,1,16,,46936,15,0,10 31,1,20,,46937,15,0,13 33,1,60,,46938,15,0,10 31,1,20,,46939,15,0,13 33,1,20,,46940,15,0,10 31,1,60,,46941,15,0,13 33,1,20,,46942,15,0,10 31,1,15,,46943,15,0,13 33,1,15,,46944,15,0,10 31,1,60,,46945,15,0,13 33,1,18,,46946,15,0,10 31,1,64,,46947,15,0,13 33,1,19,,46908,15,0,10 31,1,19,,46907,15,0,10 31,1,19,,46906,15,0,10 31,1,59,,46905,15,0,10 31,1,19,,46904,15,0,10 31,1,19,,46903,15,0,10 31,1,59,,46902,15,0,10 31,1,25,,46901,15,0,10 31,1,68,,46899,15,0,10 31,1,30,,46900,15,0,10 31,1,20,,46948,15,0,10 31,1,65,,46949,15,0,10 31,1,25,,46950,15,0,10 31,1,65,,46951,15,0,10 31,1,22,,46952,15,0,10 31,1,25,,46909,15,0,10 31,1,90,,46955,15,0,10 31,1
1701,'3',605,,46990,15,0,10 31,1,35,,46989,15,0,10 31,1,74,,46988,15,0,10 31,1,35,,46956,15,0,10 31,1,75,,46987,15,0,10 31,1,35,,46986,15,0,10 31,1,70,,46985,15,0,10 31,1,27,,46992,15,0,10 31,1,69,,46984,15,0,10 31,1,30,,46983,15,0,10 31,1,70,,46982,15,0,10 31,1,30,,46981,15,0,10 31,1,70,,46980,15,0,10 31,1,30,,46979,15,0,10 31,1,70,,46978,15,0,10 31,1,30,,46977,15,0,10 31,1,70,,46976,15,0,10 31,1,30,,46975,15,0,10 31,1,70,,46974,15,0,10 31,1,30,,46973,15,0,10 31,1,70,,46972,15,0,10 31,1,30,,46971,15,0,10 31,1,70,,46970,15,0,10 31,1,33,,46969,15,0,10 31,1,70,,46968,15,0,10 31,1,20,,46967,15,0,10 31,1,70,,46966,15,0,10 31,1,30,,46965,15,0,10 31,1,70,,46964,15,0,10 31,1,20,,46963,15,0,10 31,1,71,,46962,15,0,10 31,1,30,,46961,15,0,10 31,1,70,,46960,15,0,10 31,1,15,,46993,15,0,10 31,1,30,,46959,15,0,10 31,1,65,,46958,15,0,10 31,1,20,,46957,15,0,10 31,1,20,,46994,15,0,10 31,1,70,,46995,15,0,10 31,1
1701,'30',622,,47026,15,0,10 31,1,35,,47027,15,0,10 31,1,75,,47028,15,0,10 31,1,75,,47029,15,0,10 31,1,32,,46998,15,0,10 31,1,70,,46999,15,0,10 31,1,30,,47000,15,0,10 31,1,15,,47001,15,0,10 31,1,65,,47002,15,0,10 31,1,30,,47003,15,0,10 31,1,70,,47004,15,0,10 31,1,28,,47005,15,0,10 31,1,64,,47006,15,0,10 31,1,25,,47007,15,0,10 31,1,70,,47008,15,0,10 31,1,30,,47009,15,0,10 31,1,65,,47010,15,0,10 31,1,28,,47011,15,0,10 31,1,30,,47012,15,0,10 31,1,70,,47013,15,0,10 31,1,30,,47014,15,0,10 31,1,70,,47015,15,0,10 31,1,25,,47016,15,0,10 31,1,70,,47017,15,0,10 31,1,30,,47018,15,0,10 31,1,70,,47019,15,0,10 31,1,80,,47020,15,0,10 31,1,35,,47021,15,0,10 31,1,70,,47022,15,0,10 31,1,40,,47023,15,0,10 31,1,75,,47024,15,0,10 31,1,30,,47025,15,0,10 31,1,75,,46996,15,0,10 31,1,30,,46997,15,0,10 31,1
1701,'4',622,,47060,15,0,10 31,1,35,,47061,15,0,10 31,1,75,,47062,15,0,10 31,1,75,,47063,15,0,10 31,1,32,,47032,15,0,10 31,1,70,,47033,15,0,10 31,1,30,,47034,15,0,10 31,1,15,,47035,15,0,10 31,1,65,,47036,15,0,10 31,1,30,,47037,15,0,10 31,1,70,,47038,15,0,10 31,1,28,,47039,15,0,10 31,1,64,,47040,15,0,10 31,1,25,,47041,15,0,10 31,1,70,,47042,15,0,10 31,1,30,,47043,15,0,10 31,1,65,,47044,15,0,10 31,1,28,,47045,15,0,10 31,1,30,,47046,15,0,10 31,1,70,,47047,15,0,10 31,1,30,,47048,15,0,10 31,1,70,,47049,15,0,10 31,1,25,,47050,15,0,10 31,1,70,,47051,15,0,10 31,1,30,,47052,15,0,10 31,1,70,,47053,15,0,10 31,1,80,,47054,15,0,10 31,1,35,,47055,15,0,10 31,1,70,,47056,15,0,10 31,1,40,,47057,15,0,10 31,1,75,,47058,15,0,10 31,1,30,,47059,15,0,10 31,1,75,,47030,15,0,10 31,1,30,,47031,15,0,10 31,1
2001,'2',605,,47484,2,,,1,45,,47485,2,,,1,54,,47489,2,,,1,15,,47514,2,,,1,15,,47515,2,,,1,15,,47516,2,,,1,55,,47517,2,,,1,15,,47518,2,,,1,15,,47519,2,,,1,15,,47520,2,,,1,55,,47521,2,,,1,15,,47522,2,,,1,15,,47523,2,,,1,15,,47524,2,,,1,53,,47525,2,,,1,15,,47526,2,,,1,15,,47527,2,,,1,15,,47528,2,,,1,55,,47529,2,,,1,15,,47530,2,,,1,15,,47531,2,,,1,12,,47532,2,,,1,15,,47533,2,,,1,55,,47534,2,,,1,15,,47535,2,,,1,15,,47536,2,,,1,15,,47537,2,,,1,55,,47538,2,,,1,15,,47539,2,,,1,16,,47540,2,,,1,55,,47541,2,,,1,15,,47542,2,,,1,15,,47543,2,,,1,15,,47544,2,,,1,55,,47545,2,,,1,15,,47546,2,,,1,15,,47547,2,,,1,13,,47548,2,,,1,15,,47549,2,,,1,60,,47490,2,,,1,10,,47491,2,,,1,15,,47492,2,,,1,15,,47493,2,,,1,55,,47494,2,,,1,15,,47495,2,,,1,19,,47496,2,,,1,56,,47497,2,,,1,20,,47498,2,,,1,24,,47499,2,,,1,60,,47500,2,,,1,20,,47501,2,,,1,25,,47502,2,,,1,60,,47503,2,,,1,32,,47504,2,,,1,72,,47505,2,,,1,26,,47506,2,,,1,66,,47507,2,,,1,26,,47508,2,,,1,66,,47509,2,,,1,26,,47510,2,,,1,20,,47512,2,,,1,68,,47513,2,,,1,26,,47511,2,,,1
2001,'3',612,,47550,2,,,1,35,,47552,2,,,1,68,,47553,2,,,1,35,,47554,2,,,1,65,,47555,2,,,1,22,,47556,2,,,1,70,,47557,2,,,1,26,,47558,2,,,1,26,,47559,2,,,1,61,,47560,2,,,1,20,,47561,2,,,1,60,,47562,2,,,1,20,,47563,2,,,1,20,,47564,2,,,1,60,,47565,2,,,1,20,,47566,2,,,1,20,,47567,2,,,1,60,,47568,2,,,1,20,,47569,2,,,1,20,,47570,2,,,1,60,,47571,2,,,1,20,,47572,2,,,1,20,,47573,2,,,1,60,,47574,2,,,1,20,,47575,2,,,1,20,,47576,2,,,1,60,,47577,2,,,1,20,,47578,2,,,1,20,,47579,2,,,1,60,,47580,2,,,1,20,,47581,2,,,1,20,,47582,2,,,1,60,,47583,2,,,1,20,,47584,2,,,1,27,,47585,2,,,1,67,,47586,2,,,1,27,,47587,2,,,1,67,,47588,2,,,1,27,,47589,2,,,1,67,,47590,2,,,1,27,,47591,2,,,1,27,,47592,2,,,1,67,,47593,2,,,1,27,,47594,2,,,1,62,,47595,2,,,1,32,,47596,2,,,1,67,,47597,2,,,1,32,,47551,2,,,1
2001,'30',637,,47598,2,,,1,80,,47600,2,,,1,41,,47601,2,,,1,69,,47602,2,,,1,25,,47603,2,,,1,59,,47604,2,,,1,26,,47605,2,,,1,71,,47606,2,,,1,26,,47607,2,,,1,66,,47608,2,,,1,26,,47609,2,,,1,26,,47610,2,,,1,66,,47611,2,,,1,26,,47612,2,,,1,66,,47613,2,,,1,26,,47614,2,,,1,66,,47615,2,,,1,26,,47616,2,,,1,26,,47617,2,,,1,66,,47618,2,,,1,26,,47619,2,,,1,66,,47620,2,,,1,26,,47621,2,,,1,66,,47622,2,,,1,26,,47623,2,,,1,26,,47624,2,,,1,66,,47625,2,,,1,25,,47626,2,,,1,65,,47627,2,,,1,25,,47628,2,,,1,65,,47629,2,,,1,25,,47630,2,,,1,25,,47631,2,,,1,65,,47632,2,,,1,25,,47633,2,,,1,67,,47634,2,,,1,35,,47599,2,,,1
2001,'4',637,,47635,2,,,1,80,,47637,2,,,1,41,,47638,2,,,1,69,,47639,2,,,1,25,,47640,2,,,1,59,,47641,2,,,1,26,,47642,2,,,1,71,,47643,2,,,1,26,,47644,2,,,1,66,,47645,2,,,1,26,,47646,2,,,1,26,,47647,2,,,1,66,,47648,2,,,1,26,,47649,2,,,1,66,,47650,2,,,1,26,,47651,2,,,1,66,,47652,2,,,1,26,,47653,2,,,1,26,,47654,2,,,1,66,,47655,2,,,1,26,,47656,2,,,1,66,,47657,2,,,1,26,,47658,2,,,1,66,,47659,2,,,1,26,,47660,2,,,1,26,,47661,2,,,1,66,,47662,2,,,1,25,,47663,2,,,1,65,,47664,2,,,1,25,,47665,2,,,1,65,,47666,2,,,1,25,,47667,2,,,1,25,,47668,2,,,1,65,,47669,2,,,1,25,,47670,2,,,1,67,,47671,2,,,1,35,,47636,2,,,1
10401,'3302',730,,50511,2,,,1,70,,50512,2,,,1,32,,50513,2,,,1,72,,50514,2,,,1,30,,50515,2,,,1,70,,50516,2,,,1,29,,50517,2,,,1,71,,50518,2,,,1,28,,50519,2,,,1,74,,50520,2,,,1,27,,50521,2,,,1,72,,50522,2,,,1,24,,50523,2,,,1,29,,50524,2,,,1,68,,50525,2,,,1,32,,50526,2,,,1,69,,50527,2,,,1,30,,50528,2,,,1,70,,50529,2,,,1,73,,50530,2,,,1,31,,50531,2,,,1,70,,50532,2,,,1
10401,'3903',1005,,50549,2,,,1,21,,50535,2,,,1,30,,50536,2,,,1,67,,50537,2,,,1,29,,50538,2,,,1,60,,50539,2,,,1,30,,50540,2,,,1,65,,50541,2,,,1,29,,50542,2,,,1,68,,50543,2,,,1,31,,50544,2,,,1,70,,50545,2,,,1,30,,50546,2,,,1,69,,50547,2,,,1,30,,50548,2,,,1,70,,50534,2,,,1,30,,50533,2,,,1
