401,'2',603,,34915,44,0,10 40 41,1,36,,34914,50,0,13 40 41,1,11,,34956,44,0,10 40 41,1,71,,34913,44,0,10 40 41,1,15,,34912,50,0,13 40 41,1,10,,34911,16,,,1,57,,34910,44,0,10 40 41,1,15,,34909,44,0,10 40 41,1,15,,34908,50,0,13 40 41,1,15,,34907,44,0,10 40 41,1,55,,34906,50,0,13 40 41,1,15,,34905,44,0,10 40 41,1,15,,34904,50,0,13 40 41,1,15,,34903,44,0,10 40 41,1,55,,34902,50,0,13 40 41,1,20,,34901,44,0,10 40 41,1,20,,34900,50,0,13 40 41,1,60,,34899,44,0,10 40 41,1,20,,34898,50,0,13 40 41,1,21,,34897,44,0,10 40 41,1,60,,34896,50,0,13 40 41,1,20,,34895,44,0,10 40 41,1,20,,34894,50,0,13 40 41,1,60,,34893,44,0,10 40 41,1,20,,34892,50,0,13 40 41,1,20,,34891,44,0,10 40 41,1,60,,34890,50,0,13 40 41,1,21,,34889,44,0,10 40 41,1,15,,34918,50,0,13 40 41,1,19,,34926,44,0,10 40 41,1,55,,34919,50,0,13 40 41,1,15,,34927,44,0,10 40 41,1,15,,34920,50,0,13 40 41,1,15,,34928,44,0,10 40 41,1,56,,34921,50,0,13 40 41,1,15,,34929,44,0,10 40 41,1,15,,34922,50,0,13 40 41,1,55,,34930,44,0,10 40 41,1,15,,34923,50,0,13 40 41,1,15,,34931,44,0,10 40 41,1,15,,34924,50,0,13 40 41,1,55,,34932,44,0,10 40 41,1,10,,34925,50,0,13 40 41,1,17,,34935,44,0,10 40 41,1,21,,34940,50,0,13 40 41,1,60,,34936,44,0,10 40 41,1,20,,34941,50,0,13 40 41,1,20,,34937,44,0,10 40 41,1,60,,34942,50,0,13 40 41,1,20,,34938,44,0,10 40 41,1,20,,34943,50,0,13 40 41,1,68,,34939,44,0,10 40 41,1,33,,34944,50,0,13 40 41,1,70,,34947,44,0,10 40 41,1,30,,34945,50,0,13 40 41,1,70,,34948,44,0,10 40 41,1,30,,34946,50,0,13 40 41,1,70,,34949,44,0,10 40 41,1,90,,34950,50,0,13 40 41,1
401,'3',638,,34957,44,0,10 40 41,1,70,,34958,50,0,13 40 41,1,20,,34965,44,0,10 40 41,1,30,,34959,50,0,13 40 41,1,71,,34966,44,0,10 40 41,1,30,,34960,50,0,13 40 41,1,70,,34967,44,0,10 40 41,1,30,,34961,50,0,13 40 41,1,72,,34968,44,0,10 40 41,1,70,,34962,50,0,13 40 41,1,30,,34969,44,0,10 40 41,1,70,,34963,50,0,13 40 41,1,30,,34970,44,0,10 40 41,1,70,,34964,50,0,13 40 41,1,26,,34971,44,0,10 40 41,1,27,,34977,50,0,13 40 41,1,66,,34972,44,0,10 40 41,1,25,,34978,50,0,13 40 41,1,65,,34973,44,0,10 40 41,1,25,,34979,50,0,13 40 41,1,65,,34974,44,0,10 40 41,1,25,,34980,50,0,13 40 41,1,25,,34975,44,0,10 40 41,1,65,,34981,50,0,13 40 41,1,25,,34976,44,0,10 40 41,1,65,,34989,50,0,13 40 41,1,24,,34985,44,0,10 40 41,1,25,,34990,50,0,13 40 41,1,65,,34986,44,0,10 40 41,1,25,,34991,50,0,13 40 41,1,65,,34987,44,0,10 40 41,1,25,,34992,50,0,13 40 41,1,25,,34988,44,0,10 40 41,1,64,,34993,50,0,13 40 41,1,17,,34994,44,0,10 40 41,1,70,,34998,50,0,13 40 41,1,30,,34995,44,0,10 40 41,1,70,,34999,50,0,13 40 41,1,30,,34996,44,0,10 40 41,1,70,,35000,50,0,13 40 41,1,28,,34997,44,0,10 40 41,1,72,,34983,50,0,13 40 41,1
401,'30',708,,35033,44,0,10 40 41,1,45,,35032,50,0,13 40 41,1,85,,35031,44,0,10 40 41,1,86,,35002,50,0,13 40 41,1,85,,35003,44,0,10 40 41,1,30,,35004,50,0,13 40 41,1,64,,35005,44,0,10 40 41,1,30,,35006,50,0,13 40 41,1,67,,35007,44,0,10 40 41,1,31,,35008,50,0,13 40 41,1,69,,35009,44,0,10 40 41,1,32,,35010,50,0,13 40 41,1,70,,35011,44,0,10 40 41,1,30,,35012,50,0,13 40 41,1,70,,35013,44,0,10 40 41,1,30,,35014,50,0,13 40 41,1,70,,35015,44,0,10 40 41,1,30,,35016,50,0,13 40 41,1,70,,35017,44,0,10 40 41,1,29,,35018,50,0,13 40 41,1,70,,35019,44,0,10 40 41,1,30,,35020,50,0,13 40 41,1,70,,35021,44,0,10 40 41,1,30,,35022,50,0,13 40 41,1,28,,35023,44,0,10 40 41,1,72,,35024,50,0,13 40 41,1,70,,35025,44,0,10 40 41,1,32,,35026,50,0,13 40 41,1,68,,35027,44,0,10 40 41,1,30,,35028,50,0,13 40 41,1,78,,35001,44,0,10 40 41,1
401,'4',708,,35066,44,0,10 40 41,1,45,,35065,50,0,13 40 41,1,85,,35064,44,0,10 40 41,1,86,,35035,50,0,13 40 41,1,85,,35036,44,0,10 40 41,1,30,,35037,50,0,13 40 41,1,64,,35038,44,0,10 40 41,1,30,,35039,50,0,13 40 41,1,67,,35040,44,0,10 40 41,1,31,,35041,50,0,13 40 41,1,69,,35042,44,0,10 40 41,1,32,,35043,50,0,13 40 41,1,70,,35044,44,0,10 40 41,1,30,,35045,50,0,13 40 41,1,70,,35046,44,0,10 40 41,1,30,,35047,50,0,13 40 41,1,70,,35048,44,0,10 40 41,1,30,,35049,50,0,13 40 41,1,70,,35050,44,0,10 40 41,1,29,,35051,50,0,13 40 41,1,70,,35052,44,0,10 40 41,1,30,,35053,50,0,13 40 41,1,70,,35054,44,0,10 40 41,1,30,,35055,50,0,13 40 41,1,28,,35056,44,0,10 40 41,1,72,,35057,50,0,13 40 41,1,70,,35058,44,0,10 40 41,1,32,,35059,50,0,13 40 41,1,68,,35060,44,0,10 40 41,1,30,,35061,50,0,13 40 41,1,78,,35034,44,0,10 40 41,1
1700,'2',633,,38074,42,0,10 23 20,1,20,,38075,50,0,13 23 20,1,60,,38115,42,0,10 23 20,1,20,,38076,50,0,13 23 20,1,21,,38116,42,0,10 23 20,1,59,,38077,50,0,13 23 20,1,20,,38078,42,0,10 23 20,1,18,,38079,50,0,13 23 20,1,61,,38080,42,0,10 23 20,1,20,,38081,50,0,13 23 20,1,20,,38082,42,0,10 23 20,1,60,,38083,50,0,13 23 20,1,20,,38084,42,0,10 23 20,1,20,,38085,50,0,13 23 20,1,60,,38086,42,0,10 23 20,1,20,,38087,50,0,13 23 20,1,20,,38088,42,0,10 23 20,1,60,,38089,50,0,13 23 20,1,20,,38090,42,0,10 23 20,1,21,,38091,50,0,13 23 20,1,61,,38092,42,0,10 23 20,1,25,,38093,50,0,13 23 20,1,63,,38094,42,0,10 23 20,1,21,,38095,50,0,13 23 20,1,20,,38096,42,0,10 23 20,1,60,,38097,50,0,13 23 20,1,18,,38098,42,0,10 23 20,1,20,,38099,50,0,13 23 20,1,17,,38100,42,0,10 23 20,1,55,,38101,50,0,13 23 20,1,21,,38102,42,0,10 23 20,1,23,,38103,50,0,13 23 20,1,60,,38104,42,0,10 23 20,1,20,,38105,50,0,13 23 20,1,22,,38106,42,0,10 23 20,1,52,,38107,50,0,13 23 20,1,23,,38108,42,0,10 23 20,1,23,,38117,42,0,10 23 20,1,61,,38110,50,0,13 23 20,1,14,,38064,42,0,10 23 20,1,19,,38073,42,0,10 23 20,1,59,,38072,42,0,10 23 20,1,19,,38071,42,0,10 23 20,1,19,,38070,42,0,10 23 20,1,59,,38069,42,0,10 23 20,1,17,,38068,42,0,10 23 20,1,21,,38066,42,0,10 23 20,1,70,,38067,42,0,10 23 20,1,25,,38065,42,0,10 23 20,1,60,,38111,42,0,10 23 20,1,25,,38112,42,0,10 23 20,1,25,,38113,42,0,10 23 20,1,65,,38114,42,0,10 23 20,1,22,,38118,42,0,10 23 20,1,65,,38119,42,0,10 23 20,1
1700,'3',627,,38154,42,0,10 23 20,1,78,,38152,42,0,10 23 20,1,36,,38153,42,0,10 23 20,1,80,,38151,42,0,10 23 20,1,35,,38150,42,0,10 23 20,1,70,,38149,42,0,10 23 20,1,82,,38148,42,0,10 23 20,1,31,,38147,42,0,10 23 20,1,72,,38146,42,0,10 23 20,1,30,,38155,42,0,10 23 20,1,71,,38145,42,0,10 23 20,1,31,,38144,42,0,10 23 20,1,70,,38143,42,0,10 23 20,1,30,,38142,42,0,10 23 20,1,70,,38141,42,0,10 23 20,1,30,,38140,42,0,10 23 20,1,70,,38139,42,0,10 23 20,1,30,,38138,42,0,10 23 20,1,70,,38137,42,0,10 23 20,1,30,,38136,42,0,10 23 20,1,70,,38135,42,0,10 23 20,1,30,,38134,42,0,10 23 20,1,67,,38133,42,0,10 23 20,1,30,,38132,42,0,10 23 20,1,68,,38131,42,0,10 23 20,1,30,,38130,42,0,10 23 20,1,20,,38129,42,0,10 23 20,1,70,,38128,42,0,10 23 20,1,30,,38127,42,0,10 23 20,1,70,,38126,42,0,10 23 20,1,14,,38125,42,0,10 23 20,1,69,,38124,42,0,10 23 20,1,30,,38123,42,0,10 23 20,1,70,,38122,42,0,10 23 20,1,15,,38156,42,0,10 23 20,1,30,,38121,42,0,10 23 20,1,63,,38157,42,0,10 23 20,1,19,,38158,42,0,10 23 20,1,20,,38159,42,0,10 23 20,1
1700,'30',653,,38190,42,0,10 23 20,1,75,,38191,42,0,10 23 20,1,75,,38192,42,0,10 23 20,1,35,,38193,42,0,10 23 20,1,75,,38163,42,0,10 23 20,1,30,,38164,42,0,10 23 20,1,70,,38165,42,0,10 23 20,1,30,,38166,42,0,10 23 20,1,65,,38167,42,0,10 23 20,1,25,,38168,42,0,10 23 20,1,22,,38169,42,0,10 23 20,1,72,,38170,42,0,10 23 20,1,30,,38171,42,0,10 23 20,1,65,,38172,42,0,10 23 20,1,25,,38173,42,0,10 23 20,1,70,,38174,42,0,10 23 20,1,30,,38175,42,0,10 23 20,1,68,,38176,42,0,10 23 20,1,30,,38177,42,0,10 23 20,1,70,,38178,42,0,10 23 20,1,30,,38179,42,0,10 23 20,1,70,,38180,42,0,10 23 20,1,30,,38181,42,0,10 23 20,1,60,,38182,42,0,10 23 20,1,28,,38183,42,0,10 23 20,1,70,,38184,42,0,10 23 20,1,30,,38185,42,0,10 23 20,1,80,,38186,42,0,10 23 20,1,35,,38187,42,0,10 23 20,1,75,,38188,42,0,10 23 20,1,35,,38189,42,0,10 23 20,1,71,,38162,42,0,10 23 20,1,30,,38195,42,0,10 23 20,1,75,,38194,42,0,10 23 20,1
1700,'4',653,,38225,42,0,10 23 20,1,75,,38226,42,0,10 23 20,1,75,,38227,42,0,10 23 20,1,35,,38228,42,0,10 23 20,1,75,,38198,42,0,10 23 20,1,30,,38199,42,0,10 23 20,1,70,,38200,42,0,10 23 20,1,30,,38201,42,0,10 23 20,1,65,,38202,42,0,10 23 20,1,25,,38203,42,0,10 23 20,1,22,,38204,42,0,10 23 20,1,72,,38205,42,0,10 23 20,1,30,,38206,42,0,10 23 20,1,65,,38207,42,0,10 23 20,1,25,,38208,42,0,10 23 20,1,70,,38209,42,0,10 23 20,1,30,,38210,42,0,10 23 20,1,68,,38211,42,0,10 23 20,1,30,,38212,42,0,10 23 20,1,70,,38213,42,0,10 23 20,1,30,,38214,42,0,10 23 20,1,70,,38215,42,0,10 23 20,1,30,,38216,42,0,10 23 20,1,60,,38217,42,0,10 23 20,1,28,,38218,42,0,10 23 20,1,70,,38219,42,0,10 23 20,1,30,,38220,42,0,10 23 20,1,80,,38221,42,0,10 23 20,1,35,,38222,42,0,10 23 20,1,75,,38223,42,0,10 23 20,1,35,,38224,42,0,10 23 20,1,71,,38197,42,0,10 23 20,1,30,,38230,42,0,10 23 20,1,75,,38229,42,0,10 23 20,1
10400,'3302',722,,41771,15,,,1,27,,41772,15,,,1,70,,41773,21,,,1,30,,41774,21,,,1,72,,41775,21,,,1,30,,41776,21,,,1,70,,41777,21,,,1,30,,41778,21,,,1,69,,41779,21,,,1,31,,41780,21,,,1,68,,41781,21,,,1,32,,41782,21,,,1,67,,41783,21,,,1,32,,41784,21,,,1,66,,41785,21,,,1,29,,41786,21,,,1,71,,41787,21,,,1,32,,41788,21,,,1,71,,41789,21,,,1,30,,41790,21,,,1,71,,41791,21,,,1,33,,41792,21,,,1,67,,41793,21,,,1,26,,41794,21,,,1
10400,'3903',1017,,41812,15,,,1,29,,41797,21,,,1,61,,41798,21,,,1,30,,41799,21,,,1,67,,41800,21,,,1,31,,41801,21,,,1,20,,41802,21,,,1,70,,41803,21,,,1,25,,41804,21,,,1,71,,41805,21,,,1,28,,41806,21,,,1,71,,41807,21,,,1,30,,41808,21,,,1,70,,41809,21,,,1,29,,41810,21,,,1,70,,41811,21,,,1,30,,41796,21,,,1,70,,41795,21,,,1
