201,'2',638,,34272,45,0,10 24 25,1,15,,34308,51,0,13 24 25,1,55,,34273,45,0,10 24 25,1,15,,34309,51,0,13 24 25,1,15,,34274,45,0,10 24 25,1,15,,34310,51,0,13 24 25,1,55,,34275,45,0,10 24 25,1,15,,34311,51,0,13 24 25,1,15,,34276,45,0,10 24 25,1,15,,34312,51,0,13 24 25,1,54,,34277,45,0,10 24 25,1,15,,34313,51,0,13 24 25,1,15,,34278,45,0,10 24 25,1,15,,34314,51,0,13 24 25,1,55,,34279,45,0,10 24 25,1,15,,34315,51,0,13 24 25,1,15,,34280,45,0,10 24 25,1,15,,34316,51,0,13 24 25,1,55,,34281,45,0,10 24 25,1,15,,34317,51,0,13 24 25,1,15,,34282,45,0,10 24 25,1,15,,34318,51,0,13 24 25,1,55,,34283,45,0,10 24 25,1,15,,34319,51,0,13 24 25,1,15,,34284,45,0,10 24 25,1,15,,34320,51,0,13 24 25,1,55,,34285,45,0,10 24 25,1,15,,34321,51,0,13 24 25,1,15,,34286,45,0,10 24 25,1,15,,34322,51,0,13 24 25,1,55,,34287,45,0,10 24 25,1,15,,34323,51,0,13 24 25,1,15,,34288,45,0,10 24 25,1,15,,34324,51,0,13 24 25,1,55,,34289,45,0,10 24 25,1,15,,34325,51,0,13 24 25,1,15,,34290,45,0,10 24 25,1,15,,34326,51,0,13 24 25,1,58,,34291,45,0,10 24 25,1,15,,34327,51,0,13 24 25,1,15,,34292,45,0,10 24 25,1,15,,34328,51,0,13 24 25,1,60,,34293,45,0,10 24 25,1,18,,34329,51,0,13 24 25,1,16,,34294,45,0,10 24 25,1,54,,34330,51,0,13 24 25,1,6,,34295,45,0,10 24 25,1,11,,34331,51,0,13 24 25,1,17,,34296,45,0,10 24 25,1,15,,34332,51,0,13 24 25,1,55,,34297,45,0,10 24 25,1,10,,34333,51,0,13 24 25,1,15,,34298,45,0,10 24 25,1,15,,34334,51,0,13 24 25,1,67,,34335,51,0,13 24 25,1,13,,34300,45,0,10 24 25,1,14,,34336,51,0,13 24 25,1,14,,34301,45,0,10 24 25,1,56,,34337,51,0,13 24 25,1,23,,34338,51,0,13 24 25,1,18,,34303,45,0,10 24 25,1,64,,34339,51,0,13 24 25,1,16,,34304,45,0,10 24 25,1,18,,34340,51,0,13 24 25,1,55,,34305,45,0,10 24 25,1,21,,34341,51,0,13 24 25,1,15,,34306,45,0,10 24 25,1,60,,34342,51,0,13 24 25,1,23,,34307,45,0,10 24 25,1,77,,34343,51,0,13 24 25,1,19,,34344,45,0,10 24 25,1
201,'3',635,,34347,51,0,13 24 25,1,70,,34348,45,0,10 24 25,1,30,,34349,51,0,13 24 25,1,71,,34350,45,0,10 24 25,1,15,,34351,51,0,13 24 25,1,15,,34352,45,0,10 24 25,1,10,,34353,51,0,13 24 25,1,55,,34354,45,0,10 24 25,1,10,,34355,51,0,13 24 25,1,15,,34356,45,0,10 24 25,1,15,,34357,51,0,13 24 25,1,15,,34358,45,0,10 24 25,1,55,,34359,51,0,13 24 25,1,15,,34360,45,0,10 24 25,1,10,,34403,27,,,1,5,,34361,51,0,13 24 25,1,15,,34382,45,0,10 24 25,1,55,,34362,51,0,13 24 25,1,15,,34383,45,0,10 24 25,1,15,,34363,51,0,13 24 25,1,15,,34384,45,0,10 24 25,1,55,,34364,51,0,13 24 25,1,10,,34385,45,0,10 24 25,1,15,,34365,51,0,13 24 25,1,10,,34386,45,0,10 24 25,1,55,,34366,51,0,13 24 25,1,15,,34387,45,0,10 24 25,1,15,,34367,51,0,13 24 25,1,15,,34388,45,0,10 24 25,1,55,,34368,51,0,13 24 25,1,16,,34389,45,0,10 24 25,1,15,,34369,51,0,13 24 25,1,10,,34390,45,0,10 24 25,1,10,,34370,51,0,13 24 25,1,55,,34391,45,0,10 24 25,1,15,,34371,51,0,13 24 25,1,15,,34392,45,0,10 24 25,1,15,,34372,51,0,13 24 25,1,55,,34393,45,0,10 24 25,1,15,,34373,51,0,13 24 25,1,15,,34394,45,0,10 24 25,1,15,,34374,51,0,13 24 25,1,50,,34395,45,0,10 24 25,1,15,,34375,51,0,13 24 25,1,15,,34396,45,0,10 24 25,1,10,,34376,51,0,13 24 25,1,15,,34397,45,0,10 24 25,1,54,,34377,51,0,13 24 25,1,15,,34398,45,0,10 24 25,1,10,,34378,51,0,13 24 25,1,15,,34399,45,0,10 24 25,1,55,,34379,51,0,13 24 25,1,15,,34400,45,0,10 24 25,1,15,,34380,51,0,13 24 25,1,15,,34401,45,0,10 24 25,1,55,,34381,51,0,13 24 25,1,15,,34402,45,0,10 24 25,1,15,,34404,51,0,13 24 25,1,15,,34405,45,0,10 24 25,1,55,,34406,51,0,13 24 25,1,25,,34411,45,0,10 24 25,1,70,,34407,51,0,13 24 25,1,30,,34412,45,0,10 24 25,1,27,,34408,51,0,13 24 25,1,70,,34413,45,0,10 24 25,1,30,,34409,51,0,13 24 25,1,70,,34414,45,0,10 24 25,1,78,,34410,51,0,13 24 25,1
201,'30',633,,34423,27,,,1,72,,34422,51,0,13 24 25,1,30,,34424,45,0,10 24 25,1,70,,34426,51,0,13 24 25,1,30,,34425,45,0,10 24 25,1,75,,34427,51,0,13 24 25,1,30,,34428,45,0,10 24 25,1,65,,34432,51,0,13 24 25,1,25,,34429,45,0,10 24 25,1,25,,34433,51,0,13 24 25,1,65,,34430,45,0,10 24 25,1,15,,34458,35,,,1,10,,34434,51,0,13 24 25,1,66,,34431,45,0,10 24 25,1,15,,34435,51,0,13 24 25,1,15,,34447,45,0,10 24 25,1,15,,34436,51,0,13 24 25,1,55,,34448,45,0,10 24 25,1,15,,34437,51,0,13 24 25,1,15,,34449,45,0,10 24 25,1,15,,34438,51,0,13 24 25,1,55,,34450,45,0,10 24 25,1,15,,34439,51,0,13 24 25,1,15,,34451,45,0,10 24 25,1,15,,34440,51,0,13 24 25,1,55,,34452,45,0,10 24 25,1,15,,34441,51,0,13 24 25,1,15,,34453,45,0,10 24 25,1,15,,34442,51,0,13 24 25,1,55,,34454,45,0,10 24 25,1,15,,34443,51,0,13 24 25,1,15,,34455,45,0,10 24 25,1,15,,34444,51,0,13 24 25,1,55,,34456,45,0,10 24 25,1,15,,34445,51,0,13 24 25,1,15,,34457,45,0,10 24 25,1,15,,34446,51,0,13 24 25,1,54,,34459,45,0,10 24 25,1,35,,34465,51,0,13 24 25,1,55,,34460,45,0,10 24 25,1,25,,34466,51,0,13 24 25,1,25,,34461,45,0,10 24 25,1,65,,34467,51,0,13 24 25,1,25,,34462,45,0,10 24 25,1,65,,34468,51,0,13 24 25,1,25,,34463,45,0,10 24 25,1,25,,34469,51,0,13 24 25,1,65,,34464,45,0,10 24 25,1,25,,34470,51,0,13 24 25,1,60,,34421,45,0,10 24 25,1
201,'4',633,,34477,27,,,1,72,,34476,51,0,13 24 25,1,30,,34478,45,0,10 24 25,1,70,,34480,51,0,13 24 25,1,30,,34479,45,0,10 24 25,1,75,,34481,51,0,13 24 25,1,30,,34482,45,0,10 24 25,1,65,,34486,51,0,13 24 25,1,25,,34483,45,0,10 24 25,1,25,,34487,51,0,13 24 25,1,65,,34484,45,0,10 24 25,1,15,,34512,35,,,1,10,,34488,51,0,13 24 25,1,66,,34485,45,0,10 24 25,1,15,,34489,51,0,13 24 25,1,15,,34501,45,0,10 24 25,1,15,,34490,51,0,13 24 25,1,55,,34502,45,0,10 24 25,1,15,,34491,51,0,13 24 25,1,15,,34503,45,0,10 24 25,1,15,,34492,51,0,13 24 25,1,55,,34504,45,0,10 24 25,1,15,,34493,51,0,13 24 25,1,15,,34505,45,0,10 24 25,1,15,,34494,51,0,13 24 25,1,55,,34506,45,0,10 24 25,1,15,,34495,51,0,13 24 25,1,15,,34507,45,0,10 24 25,1,15,,34496,51,0,13 24 25,1,55,,34508,45,0,10 24 25,1,15,,34497,51,0,13 24 25,1,15,,34509,45,0,10 24 25,1,15,,34498,51,0,13 24 25,1,55,,34510,45,0,10 24 25,1,15,,34499,51,0,13 24 25,1,15,,34511,45,0,10 24 25,1,15,,34500,51,0,13 24 25,1,54,,34513,45,0,10 24 25,1,35,,34519,51,0,13 24 25,1,55,,34514,45,0,10 24 25,1,25,,34520,51,0,13 24 25,1,25,,34515,45,0,10 24 25,1,65,,34521,51,0,13 24 25,1,25,,34516,45,0,10 24 25,1,65,,34522,51,0,13 24 25,1,25,,34517,45,0,10 24 25,1,25,,34523,51,0,13 24 25,1,65,,34518,45,0,10 24 25,1,25,,34524,51,0,13 24 25,1,60,,34475,45,0,10 24 25,1
9300,'2',627,,41213,31,,,1,19,,41216,31,,,1,60,,41217,31,,,1,23,,41218,31,,,1,21,,41219,31,,,1,61,,41220,31,,,1,25,,41221,31,,,1,20,,41222,31,,,1,65,,41223,31,,,1,35,,41224,31,,,1,72,,41225,31,,,1,72,,41226,31,,,1,32,,41227,31,,,1,72,,41228,31,,,1,32,,41229,31,,,1,72,,41230,31,,,1,32,,41231,31,,,1,72,,41232,31,,,1,22,,41233,31,,,1,17,,41234,31,,,1,55,,41235,31,,,1,22,,41236,31,,,1,22,,41237,31,,,1,62,,41238,31,,,1,27,,41239,31,,,1,62,,41240,31,,,1,22,,41241,31,,,1,24,,41242,31,,,1,61,,41255,31,,,1,20,,41243,31,,,1,24,,41244,31,,,1,72,,41245,31,,,1,35,,41246,31,,,1,69,,41247,31,,,1,72,,41248,31,,,1,27,,41249,31,,,1,32,,41250,31,,,1,68,,41251,31,,,1,30,,41252,31,,,1,70,,41253,31,,,1,30,,41254,31,,,1,67,,41214,31,,,1
9300,'3',832,,41256,31,,,1,25,,41257,31,,,1,65,,41258,31,,,1,25,,41259,31,,,1,65,,41260,31,,,1,18,,41261,31,,,1,29,,41262,31,,,1,70,,41263,31,,,1,30,,41264,31,,,1,70,,41265,31,,,1,29,,41266,31,,,1,79,,41267,31,,,1,70,,41268,31,,,1,30,,41269,31,,,1,80,,41270,31,,,1,30,,41271,31,,,1,70,,41272,31,,,1,35,,41273,31,,,1,75,,41274,31,,,1,30,,41275,31,,,1,68,,41276,31,,,1,21,,41277,31,,,1,65,,41278,31,,,1,22,,41279,31,,,1,25,,41280,31,,,1,65,,41281,31,,,1,25,,41282,31,,,1,65,,41283,31,,,1,28,,41284,31,,,1,65,,41285,31,,,1,41,,41286,31,,,1,65,,41287,31,,,1,25,,41288,31,,,1
9300,'30',822,,41316,31,,,1,28,,41291,31,,,1,75,,41292,31,,,1,75,,41293,31,,,1,35,,41294,31,,,1,75,,41295,31,,,1,35,,41296,31,,,1,75,,41297,31,,,1,37,,41298,31,,,1,77,,41299,31,,,1,77,,41300,31,,,1,37,,41301,31,,,1,77,,41302,31,,,1,77,,41303,31,,,1,37,,41304,31,,,1,77,,41305,31,,,1,37,,41306,31,,,1,77,,41307,31,,,1,77,,41308,31,,,1,37,,41309,31,,,1,77,,41310,31,,,1,37,,41311,31,,,1,77,,41312,31,,,1,77,,41313,31,,,1,32,,41314,31,,,1
9300,'4',822,,41342,31,,,1,28,,41317,31,,,1,75,,41318,31,,,1,75,,41319,31,,,1,35,,41320,31,,,1,75,,41321,31,,,1,35,,41322,31,,,1,75,,41323,31,,,1,37,,41324,31,,,1,77,,41325,31,,,1,77,,41326,31,,,1,37,,41327,31,,,1,77,,41328,31,,,1,77,,41329,31,,,1,37,,41330,31,,,1,77,,41331,31,,,1,37,,41332,31,,,1,77,,41333,31,,,1,77,,41334,31,,,1,37,,41335,31,,,1,77,,41336,31,,,1,37,,41337,31,,,1,77,,41338,31,,,1,77,,41339,31,,,1,32,,41340,31,,,1
9401,'2',722,,41490,15,,,1,26,,41491,15,,,1,66,,41492,15,,,1,26,,41493,15,,,1,66,,41494,15,,,1,26,,41495,15,,,1,26,,41496,15,,,1,353,,41497,15,,,1,21,,41498,15,,,1,21,,41499,15,,,1,61,,41500,15,,,1,21,,41501,15,,,1,21,,41502,15,,,1,61,,41503,15,,,1,21,,41504,15,,,1,21,,41505,15,,,1,65,,41506,15,,,1,23,,41507,15,,,1,63,,41508,15,,,1,23,,41509,15,,,1,23,,41510,15,,,1
10201,'3302',608,,41715,7,,,1,22,,41714,7,,,1,25,,41713,7,,,1,65,,41712,7,,,1,25,,41711,7,,,1,60,,41665,7,,,1,10,,41664,7,,,1,20,,41663,7,,,1,21,,41662,7,,,1,50,,41661,7,,,1,19,,41660,7,,,1,21,,41659,7,,,1,10,,41658,7,,,1,60,,41657,7,,,1,20,,41656,7,,,1,6,,41666,7,,,1,17,,41667,7,,,1,62,,41668,7,,,1,11,,41669,7,,,1,11,,41670,7,,,1,62,,41671,7,,,1,11,,41672,7,,,1,11,,41673,7,,,1,22,,41674,7,,,1,51,,41675,7,,,1,11,,41676,7,,,1,22,,41677,7,,,1,11,,41678,7,,,1,11,,41679,7,,,1,62,,41680,7,,,1,11,,41681,7,,,1,13,,41682,7,,,1,65,,41683,7,,,1,12,,41684,7,,,1,12,,41685,7,,,1,24,,41686,7,,,1,54,,41687,7,,,1,12,,41688,7,,,1,24,,41689,7,,,1,12,,41690,7,,,1,52,,41691,7,,,1,24,,41692,7,,,1,12,,41693,7,,,1,12,,41694,7,,,1,68,,41695,7,,,1,12,,41696,7,,,1,70,,41697,7,,,1,15,,41698,7,,,1,30,,41699,7,,,1,55,,41700,7,,,1,30,,41701,7,,,1,15,,41702,7,,,1,67,,41703,7,,,1,20,,41704,7,,,1,20,,41705,7,,,1,60,,41706,7,,,1,20,,41707,7,,,1,20,,41708,7,,,1,60,,41709,7,,,1,20,,41710,7,,,1
10201,'3602',825,,41721,7,,,1,20,,41720,7,,,1,69,,41719,7,,,1,22,,41718,7,,,1,70,,41717,7,,,1,20,,41716,7,,,1,84,,41722,7,,,1,44,,41723,7,,,1,84,,41724,7,,,1,84,,41725,7,,,1,84,,41726,7,,,1,48,,41727,7,,,1,88,,41728,7,,,1,90,,41729,7,,,1,88,,41730,7,,,1,86,,41731,7,,,1,45,,41732,7,,,1,85,,41733,7,,,1,85,,41734,7,,,1
10201,'3903',1125,,41735,7,,,1,82,,41736,7,,,1,44,,41737,7,,,1,80,,41738,7,,,1,80,,41739,7,,,1,41,,41740,7,,,1,80,,41741,7,,,1,84,,41742,7,,,1,84,,41743,7,,,1,45,,41744,7,,,1,80,,41745,7,,,1,80,,41746,7,,,1,40,,41747,7,,,1,80,,41748,7,,,1,78,,41749,7,,,1,34,,41750,7,,,1,75,,41751,7,,,1,35,,41752,7,,,1,75,,41753,7,,,1
10201,'6404',1125,,41754,7,,,1,82,,41755,7,,,1,44,,41756,7,,,1,80,,41757,7,,,1,80,,41758,7,,,1,41,,41759,7,,,1,80,,41760,7,,,1,84,,41761,7,,,1,84,,41762,7,,,1,45,,41763,7,,,1,80,,41764,7,,,1,80,,41765,7,,,1,40,,41766,7,,,1,80,,41767,7,,,1,78,,41768,7,,,1,34,,41769,7,,,1,75,,41770,7,,,1
