300,'11802',1528,,43163,39,4,,1,127,,43164,39,4,,1
300,'2',550,,43165,18,4,,1,95,,43166,39,4,,1,68,,43167,39,4,,1,33,,43168,39,4,,1,67,,43169,39,4,,1,30,,43170,39,4,,1,70,,43171,39,4,,1,30,,43172,39,4,,1,70,,43173,39,4,,1,30,,43174,39,4,,1,70,,43175,39,4,,1,30,,43176,39,4,,1,70,,43177,39,4,,1,30,,43178,39,4,,1,70,,43179,39,4,,1,30,,43180,39,4,,1,70,,43181,39,4,,1,30,,43182,39,4,,1,70,,43183,39,4,,1,30,,43184,39,4,,1,70,,43185,39,4,,1,30,,43186,39,4,,1,70,,43187,39,4,,1,30,,43188,39,4,,1,69,,43189,39,4,,1,28,,43191,39,4,,1,70,,43192,39,4,,1,30,,43193,39,4,,1,70,,43194,39,4,,1,30,,43195,39,4,,1,70,,43196,39,4,,1,26,,43197,39,4,,1,70,,43198,39,4,,1,30,,43199,39,4,,1,70,,43200,39,4,,1,19,,43190,39,4,,1
300,'3',659,,43201,39,4,,1,100,,43202,39,4,,1,142,,43203,39,4,,1,102,,43204,39,4,,1,32,,43206,39,4,,1,75,,43207,39,4,,1,35,,43208,39,4,,1,75,,43209,39,4,,1,35,,43210,39,4,,1,75,,43211,39,4,,1,75,,43212,39,4,,1,35,,43213,39,4,,1,75,,43214,39,4,,1,35,,43215,39,4,,1,75,,43216,39,4,,1,75,,43217,39,4,,1,35,,43218,39,4,,1,75,,43219,39,4,,1,100,,43220,39,4,,1,100,,43221,39,4,,1,100,,43222,39,4,,1,100,,43223,39,4,,1,108,,43205,39,4,,1
300,'30',919,,43224,39,4,,1,87,,43225,39,4,,1,47,,43226,39,4,,1,87,,43227,39,4,,1,87,,43228,39,4,,1,87,,43229,39,4,,1,87,,43230,39,4,,1,47,,43231,39,4,,1,87,,43232,39,4,,1,87,,43233,39,4,,1,87,,43234,39,4,,1,47,,43235,39,4,,1,87,,43236,39,4,,1,107,,43237,39,4,,1,100,,43238,39,4,,1,100,,43239,39,4,,1,101,,43240,39,4,,1
300,'4',919,,43241,39,4,,1,87,,43242,39,4,,1,47,,43243,39,4,,1,87,,43244,39,4,,1,87,,43245,39,4,,1,87,,43246,39,4,,1,87,,43247,39,4,,1,47,,43248,39,4,,1,87,,43249,39,4,,1,87,,43250,39,4,,1,87,,43251,39,4,,1,47,,43252,39,4,,1,87,,43253,39,4,,1,107,,43254,39,4,,1,100,,43255,39,4,,1,100,,43256,39,4,,1,101,,43257,39,4,,1
301,'11802',1528,,43258,1,,,1,127,,43259,1,,,1
301,'2',550,,43260,1,,,1,95,,43261,1,,,1,68,,43262,1,,,1,33,,43263,1,,,1,67,,43264,1,,,1,30,,43265,1,,,1,70,,43266,1,,,1,30,,43267,1,,,1,70,,43268,1,,,1,30,,43269,1,,,1,70,,43270,1,,,1,30,,43271,1,,,1,70,,43272,1,,,1,30,,43273,1,,,1,70,,43274,1,,,1,30,,43275,1,,,1,70,,43276,1,,,1,30,,43277,1,,,1,70,,43278,1,,,1,30,,43279,1,,,1,70,,43280,1,,,1,30,,43281,1,,,1,70,,43282,1,,,1,30,,43283,1,,,1,69,,43284,1,,,1,28,,43288,1,,,1,70,,43289,1,,,1,30,,43290,1,,,1,70,,43291,1,,,1,30,,43292,1,,,1,70,,43293,1,,,1,26,,43294,1,,,1,70,,43295,1,,,1,30,,43296,1,,,1,70,,43297,1,,,1,19,,43285,1,,,1
301,'3',659,,43298,1,,,1,100,,43299,1,,,1,142,,43300,1,,,1,103,,43301,1,,,1,31,,43305,1,,,1,75,,43306,1,,,1,35,,43307,1,,,1,75,,43308,1,,,1,35,,43309,1,,,1,75,,43310,1,,,1,75,,43311,1,,,1,35,,43312,1,,,1,75,,43313,1,,,1,35,,43314,1,,,1,75,,43315,1,,,1,75,,43316,1,,,1,35,,43317,1,,,1,75,,43318,1,,,1,100,,43319,1,,,1,100,,43320,1,,,1,100,,43321,1,,,1,100,,43322,1,,,1,108,,43302,1,,,1
301,'30',919,,43323,1,,,1,87,,43324,1,,,1,47,,43325,1,,,1,87,,43326,1,,,1,87,,43327,1,,,1,87,,43328,1,,,1,87,,43329,1,,,1,47,,43330,1,,,1,87,,43331,1,,,1,87,,43332,1,,,1,87,,43333,1,,,1,47,,43334,1,,,1,87,,43335,1,,,1,107,,43336,1,,,1,100,,43337,1,,,1,100,,43338,1,,,1,103,,43339,1,,,1
301,'4',919,,43340,1,,,1,87,,43341,1,,,1,47,,43342,1,,,1,87,,43343,1,,,1,87,,43344,1,,,1,87,,43345,1,,,1,87,,43346,1,,,1,47,,43347,1,,,1,87,,43348,1,,,1,87,,43349,1,,,1,87,,43350,1,,,1,47,,43351,1,,,1,87,,43352,1,,,1,107,,43353,1,,,1,100,,43354,1,,,1,100,,43355,1,,,1,103,,43356,1,,,1
601,'2',627,,44069,15,,,1,77,,44071,15,,,1,35,,44072,15,,,1,65,,44073,15,,,1,25,,44074,15,,,1,25,,44075,15,,,1,69,,44077,15,,,1,25,,44078,15,,,1,70,,44079,15,,,1,30,,44080,15,,,1,65,,44081,15,,,1,30,,44082,15,,,1,70,,44083,15,,,1,30,,44084,15,,,1,70,,44085,15,,,1,25,,44086,15,,,1,70,,44087,15,,,1,30,,44088,15,,,1,70,,44089,15,,,1,30,,44090,15,,,1,70,,44091,15,,,1,25,,44092,15,,,1,70,,44093,15,,,1,30,,44094,15,,,1,70,,44095,15,,,1,25,,44096,15,,,1,25,,44097,15,,,1,65,,44098,15,,,1,25,,44099,15,,,1,61,,44100,15,,,1,25,,44101,15,,,1,25,,44102,15,,,1,65,,44103,15,,,1,25,,44104,15,,,1,65,,44105,15,,,1,25,,44106,15,,,1,25,,44107,15,,,1,65,,44108,15,,,1,26,,44109,15,,,1,67,,44110,15,,,1,83,,44111,15,,,1
601,'3',617,,44113,15,,,1,33,,44114,15,,,1,75,,44115,15,,,1,75,,44116,15,,,1,35,,44117,15,,,1,75,,44118,15,,,1,35,,44119,15,,,1,65,,44120,15,,,1,20,,44121,15,,,1,70,,44122,15,,,1,25,,44123,15,,,1,20,,44124,15,,,1,69,,44126,15,,,1,20,,44127,15,,,1,20,,44128,15,,,1,60,,44129,15,,,1,20,,44130,15,,,1,20,,44131,15,,,1,60,,44132,15,,,1,20,,44133,15,,,1,20,,44134,15,,,1,60,,44135,15,,,1,20,,44136,15,,,1,20,,44137,15,,,1,60,,44138,15,,,1,20,,44139,15,,,1,20,,44140,15,,,1,60,,44141,15,,,1,20,,44142,15,,,1,20,,44143,15,,,1,60,,44144,15,,,1,20,,44146,15,,,1,15,,44145,15,0,37 3 45,1,61,,44147,15,,,1,25,,44148,15,,,1,65,,44149,15,,,1,25,,44150,15,,,1,28,,44151,15,,,1,57,,44152,15,0,37 3 45,1,24,,44153,15,,,1,70,,44154,15,,,1,36,,44155,15,,,1,76,,44156,15,,,1,36,,44157,15,,,1,73,,44158,15,,,1,75,,44159,15,,,1
601,'30',915,,44160,15,,,1,33,,44161,15,,,1,75,,44162,15,,,1,35,,44163,15,,,1,78,,44164,15,,,1,78,,44165,15,,,1,25,,44166,15,,,1,65,,44167,15,,,1,25,,44168,15,,,1,25,,44169,15,,,1,65,,44170,15,,,1,25,,44171,15,,,1,65,,44172,15,,,1,25,,44173,15,,,1,25,,44174,15,,,1,65,,44175,15,,,1,25,,44176,15,,,1,70,,44177,15,,,1,25,,44178,15,,,1,13,,44179,15,0,37 3 45,1,64,,44180,15,,,1,32,,44181,15,,,1,75,,44182,15,,,1,75,,44183,15,,,1,35,,44184,15,,,1,75,,44185,15,,,1,35,,44186,15,,,1,74,,44187,15,,,1,35,,44189,15,,,1,73,,44188,15,0,37 3 45,1
601,'4',915,,44190,15,,,1,33,,44191,15,,,1,75,,44192,15,,,1,35,,44193,15,,,1,78,,44194,15,,,1,78,,44195,15,,,1,25,,44196,15,,,1,65,,44197,15,,,1,25,,44198,15,,,1,25,,44199,15,,,1,65,,44200,15,,,1,25,,44201,15,,,1,65,,44202,15,,,1,25,,44203,15,,,1,25,,44204,15,,,1,65,,44205,15,,,1,25,,44206,15,,,1,70,,44207,15,,,1,25,,44208,15,,,1,13,,44209,15,0,37 3 45,1,64,,44210,15,,,1,32,,44211,15,,,1,75,,44212,15,,,1,75,,44213,15,,,1,35,,44214,15,,,1,75,,44215,15,,,1,35,,44216,15,,,1,74,,44217,15,,,1,35,,44219,15,,,1,73,,44218,15,0,37 3 45,1
1300,'11802',837,,45507,23,,,1,768,,45508,23,,,1,132,,45509,23,,,1
1300,'2',607,,45510,1,,,1,20,,45511,23,0,10 18 19 20,1,18,,45512,23,,,1,14,,45513,23,0,10 18 19 20,1,55,,45514,23,,,1,10,,45515,23,0,10 18 19 20,1,15,,45516,23,,,1,15,,45517,23,0,10 18 19 20,1,55,,45518,23,,,1,15,,45519,23,0,10 18 19 20,1,15,,45520,23,,,1,15,,45521,23,0,10 18 19 20,1,55,,45522,23,,,1,15,,45523,23,0,10 18 19 20,1,15,,45524,23,,,1,15,,45525,23,0,10 18 19 20,1,50,,45526,23,,,1,15,,45527,23,0,10 18 19 20,1,15,,45528,23,,,1,15,,45529,23,0,10 18 19 20,1,55,,45530,23,,,1,15,,45531,23,0,10 18 19 20,1,15,,45532,23,,,1,15,,45533,23,0,10 18 19 20,1,10,,45534,23,,,1,55,,45535,23,0,10 18 19 20,1,15,,45536,23,,,1,15,,45537,23,0,10 18 19 20,1,15,,45538,23,,,1,55,,45539,23,0,10 18 19 20,1,15,,45540,23,,,1,15,,45541,23,0,10 18 19 20,1,15,,45542,23,,,1,55,,45543,23,0,10 18 19 20,1,15,,45544,23,,,1,15,,45545,23,0,10 18 19 20,1,15,,45546,23,,,1,55,,45547,23,0,10 18 19 20,1,15,,45548,23,,,1,15,,45549,23,0,10 18 19 20,1,15,,45550,23,,,1,55,,45551,23,0,10 18 19 20,1,15,,45552,23,,,1,15,,45553,23,0,10 18 19 20,1,15,,45554,23,,,1,55,,45555,23,0,10 18 19 20,1,15,,45556,23,,,1,15,,45557,23,0,10 18 19 20,1,15,,45558,23,,,1,55,,45559,23,0,10 18 19 20,1,20,,45564,23,,,1,20,,45560,23,0,10 18 19 20,1,60,,45565,23,,,1,20,,45561,23,0,10 18 19 20,1,20,,45566,23,,,1,60,,45562,23,0,10 18 19 20,1,20,,45567,23,,,1,20,,45563,23,,,1,70,,45568,23,0,10 18 19 20,1,25,,45571,23,,,1,65,,45569,23,0,10 18 19 20,1,27,,45572,23,,,1,73,,45570,23,0,10 18 19 20,1,30,,45573,23,,,1,66,,45575,23,0,10 18 19 20,1,47,,45574,23,,,1
1300,'3',629,3,45580,23,0,10 18 19 20,1,75,,45581,23,,,1,35,,45582,23,0,10 18 19 20,1,75,,45583,23,,,1,11,,45587,23,0,10 18 19 20,1,16,,45584,23,,,1,16,,45588,23,0,10 18 19 20,1,56,,45585,23,,,1,16,,45589,23,,,1,16,,45586,23,0,10 18 19 20,1,56,,45590,23,,,1,15,,45591,23,0,10 18 19 20,1,15,,45596,23,,,1,15,,45592,23,0,10 18 19 20,1,55,,45597,23,,,1,15,,45593,23,0,10 18 19 20,1,15,,45598,23,,,1,15,,45594,23,0,10 18 19 20,1,55,,45599,23,,,1,15,,45595,23,,,1,15,,45600,23,0,10 18 19 20,1,15,,45609,23,,,1,55,,45601,23,0,10 18 19 20,1,15,,45610,23,,,1,15,,45602,23,0,10 18 19 20,1,15,,45611,23,,,1,55,,45603,23,0,10 18 19 20,1,15,,45612,23,,,1,15,,45604,23,0,10 18 19 20,1,15,,45613,23,,,1,55,,45605,23,0,10 18 19 20,1,15,,45614,23,,,1,15,,45606,23,0,10 18 19 20,1,15,,45615,23,,,1,55,,45607,23,0,10 18 19 20,1,15,,45616,23,,,1,15,,45608,23,0,10 18 19 20,1,10,,45617,23,,,1,15,,45620,23,0,10 18 19 20,1,55,,45618,23,,,1,15,,45621,23,0,10 18 19 20,1,15,,45619,23,,,1,15,,45622,23,,,1,55,,45623,23,0,10 18 19 20,1,15,,45647,23,,,1,15,,45627,23,,,1,15,,45624,23,0,10 18 19 20,1,60,,45628,23,,,1,15,,45625,23,0,10 18 19 20,1,20,,45629,23,,,1,60,,45626,23,0,10 18 19 20,1,20,,45630,23,,,1,20,,45634,23,,,1,70,,45631,23,0,10 18 19 20,1,25,,45635,23,,,1,65,,45632,23,0,10 18 19 20,1,30,,45636,23,,,1,70,,45633,23,0,10 18 19 20,1,19,,45637,23,,,1,20,,45638,23,0,10 18 19 20,1,70,,45640,23,,,1,39,2,45639,23,0,10 18 19 20,1
1300,'30',659,2,45670,23,,,1,81,,45672,23,0,10 18 19 20,1,75,,45671,23,,,1,35,,45673,23,0,10 18 19 20,1,75,,45658,23,,,1,30,,45669,23,0,10 18 19 20,1,55,,45657,23,,,1,30,,45668,23,0,10 18 19 20,1,70,,45656,23,,,1,30,,45667,23,0,10 18 19 20,1,64,,45655,23,,,1,31,,45666,23,0,10 18 19 20,1,70,,45654,23,,,1,30,,45665,23,0,10 18 19 20,1,70,,45653,23,,,1,30,,45664,23,0,10 18 19 20,1,70,,45652,23,,,1,30,,45663,23,0,10 18 19 20,1,70,,45651,23,,,1,30,,45662,23,0,10 18 19 20,1,70,,45650,23,,,1,30,,45661,23,0,10 18 19 20,1,65,,45649,23,,,1,30,,45660,23,0,10 18 19 20,1,71,,45648,23,,,1,24,,45674,23,0,10 18 19 20,1,20,,45677,23,,,1,70,,45675,23,0,10 18 19 20,1,30,,45678,23,,,1,70,,45676,23,0,10 18 19 20,1,30,,45679,23,0,10 18 19 20,1,71,,45680,23,,,1,43,2,45659,23,0,10 18 19 20,1
1300,'4',659,2,45703,23,,,1,81,,45705,23,0,10 18 19 20,1,75,,45704,23,,,1,35,,45706,23,0,10 18 19 20,1,75,,45691,23,,,1,30,,45702,23,0,10 18 19 20,1,55,,45690,23,,,1,30,,45701,23,0,10 18 19 20,1,70,,45689,23,,,1,30,,45700,23,0,10 18 19 20,1,64,,45688,23,,,1,31,,45699,23,0,10 18 19 20,1,70,,45687,23,,,1,30,,45698,23,0,10 18 19 20,1,70,,45686,23,,,1,30,,45697,23,0,10 18 19 20,1,70,,45685,23,,,1,30,,45696,23,0,10 18 19 20,1,70,,45684,23,,,1,30,,45695,23,0,10 18 19 20,1,70,,45683,23,,,1,30,,45694,23,0,10 18 19 20,1,65,,45682,23,,,1,30,,45693,23,0,10 18 19 20,1,71,,45681,23,,,1,24,,45707,23,0,10 18 19 20,1,20,,45710,23,,,1,70,,45708,23,0,10 18 19 20,1,30,,45711,23,,,1,70,,45709,23,0,10 18 19 20,1,30,,45712,23,0,10 18 19 20,1,71,,45713,23,,,1,43,2,45692,23,0,10 18 19 20,1
1500,'2',627,,45918,35,0,13 28 3 8,1,22,,45919,35,0,13 28 3 8,1,61,,45923,35,0,10 29,1,15,,45920,35,0,13 28 3 8,1,16,,45924,35,0,10 29,1,11,,45921,35,0,13 28 3 8,1,56,,45925,35,0,10 29,1,16,,45922,35,0,13 28 3 8,1,16,,45926,35,0,10 29,1,16,,45927,35,0,13 28 3 8,1,55,,45944,35,0,10 29,1,15,,45928,35,0,13 28 3 8,1,15,,45945,35,0,10 29,1,15,,45929,35,0,13 28 3 8,1,55,,45946,35,0,10 29,1,15,,45930,35,0,13 28 3 8,1,15,,45947,35,0,10 29,1,15,,45931,35,0,13 28 3 8,1,55,,45948,35,0,10 29,1,15,,45932,35,0,13 28 3 8,1,15,,45949,35,0,10 29,1,15,,45933,35,0,13 28 3 8,1,55,,45950,35,0,10 29,1,15,,45934,35,0,13 28 3 8,1,15,,45951,35,0,10 29,1,15,,45935,35,0,13 28 3 8,1,55,,45952,35,0,10 29,1,15,,45936,35,0,13 28 3 8,1,15,,45953,35,0,10 29,1,15,,45937,35,0,13 28 3 8,1,54,,45954,35,0,10 29,1,15,,45938,35,0,13 28 3 8,1,15,,45955,35,0,10 29,1,15,,45939,35,0,13 28 3 8,1,50,,45956,35,0,10 29,1,15,,45940,35,0,13 28 3 8,1,15,,45957,35,0,10 29,1,14,,45941,35,0,13 28 3 8,1,58,,45958,35,0,10 29,1,15,,45942,35,0,13 28 3 8,1,17,,45959,35,0,10 29,1,17,,45943,35,0,13 28 3 8,1,57,,45960,35,0,10 29,1,15,,45961,35,0,13 28 3 8,1,17,,45962,35,0,10 29,1,56,,45963,35,0,13 28 3 8,1,19,,45965,35,0,10 29,1,14,,45966,35,0,13 28 3 8,1,66,,45967,35,0,10 29,1,20,,45968,35,0,13 28 3 8,1,20,,45969,35,0,10 29,1,65,,45970,35,0,13 28 3 8,1,30,,45971,35,0,10 29,1,70,,45972,35,0,13 28 3 8,1,26,,45973,35,0,10 29,1,70,,45974,35,0,13 28 3 8,1,30,,45975,35,0,10 29,1,70,,45976,35,0,13 28 3 8,1,30,,45977,35,0,10 29,1,70,,45978,35,0,13 28 3 8,1,28,,45979,35,0,10 29,1,30,,45964,35,0,13 28 3 8,1
1500,'3',627,,45985,35,0,10 29,1,27,,45986,35,0,13 28 3 8,1,70,,45987,35,0,10 29,1,30,,45988,35,0,13 28 3 8,1,65,,45990,35,0,10 29,1,30,,45989,35,0,13 28 3 8,1,70,,45991,35,0,10 29,1,30,,45992,35,0,13 28 3 8,1,70,,45993,35,0,10 29,1,20,,46005,35,0,13 28 3 8,1,15,,45994,35,0,10 29,1,60,,46006,35,0,13 28 3 8,1,20,,45995,35,0,10 29,1,20,,46007,35,0,13 28 3 8,1,60,,45996,35,0,10 29,1,20,,46008,35,0,13 28 3 8,1,20,,45997,35,0,10 29,1,60,,46009,35,0,13 28 3 8,1,20,,45998,35,0,10 29,1,20,,46010,35,0,13 28 3 8,1,60,,45999,35,0,10 29,1,20,,46011,35,0,13 28 3 8,1,20,,46000,35,0,10 29,1,60,,46012,35,0,13 28 3 8,1,20,,46001,35,0,10 29,1,20,,46013,35,0,13 28 3 8,1,60,,46002,35,0,10 29,1,20,,46014,35,0,13 28 3 8,1,20,,46003,35,0,10 29,1,60,,46015,35,0,13 28 3 8,1,18,,46004,35,0,13 28 3 8,1,22,,46016,35,0,10 29,1,70,,46022,35,0,13 28 3 8,1,30,,46017,35,0,10 29,1,70,,46023,35,0,13 28 3 8,1,30,,46018,35,0,10 29,1,70,,46024,35,0,13 28 3 8,1,30,,46019,35,0,10 29,1,65,,46025,35,0,13 28 3 8,1,30,,46020,35,0,10 29,1,65,,46026,35,0,13 28 3 8,1,25,,46021,35,0,10 29,1,70,,46027,35,0,13 28 3 8,1,26,,46029,35,0,10 29,1,70,,46033,35,0,10 29,1,52,,46028,35,0,10 29,1
1500,'30',629,,46071,35,0,10 29,1,28,,46034,35,0,13 28 3 8,1,65,,46070,35,0,10 29,1,27,,46069,35,0,13 28 3 8,1,65,,46035,35,0,10 29,1,34,,46036,35,0,13 28 3 8,1,68,,46037,35,0,10 29,1,22,,46038,35,0,13 28 3 8,1,62,,46039,35,0,10 29,1,30,,46040,35,0,13 28 3 8,1,70,,46041,35,0,10 29,1,25,,46042,35,0,13 28 3 8,1,27,,46043,35,0,10 29,1,70,,46044,35,0,13 28 3 8,1,30,,46045,35,0,10 29,1,70,,46046,35,0,13 28 3 8,1,30,,46047,35,0,10 29,1,70,,46048,35,0,13 28 3 8,1,30,,46049,35,0,10 29,1,70,,46050,35,0,13 28 3 8,1,30,,46051,35,0,10 29,1,70,,46052,35,0,13 28 3 8,1,30,,46053,35,0,10 29,1,70,,46054,35,0,13 28 3 8,1,30,,46055,35,0,10 29,1,70,,46056,35,0,13 28 3 8,1,25,,46057,35,0,10 29,1,70,,46058,35,0,13 28 3 8,1,25,,46059,35,0,10 29,1,70,,46060,35,0,13 28 3 8,1,30,,46061,35,0,10 29,1,65,,46062,35,0,13 28 3 8,1,30,,46063,35,0,10 29,1,67,,46064,35,0,13 28 3 8,1,29,,46065,35,0,10 29,1,24,,46066,35,0,13 28 3 8,1
1500,'4',629,,46109,35,0,10 29,1,28,,46072,35,0,13 28 3 8,1,65,,46108,35,0,10 29,1,27,,46107,35,0,13 28 3 8,1,65,,46073,35,0,10 29,1,34,,46074,35,0,13 28 3 8,1,68,,46075,35,0,10 29,1,22,,46076,35,0,13 28 3 8,1,62,,46077,35,0,10 29,1,30,,46078,35,0,13 28 3 8,1,70,,46079,35,0,10 29,1,25,,46080,35,0,13 28 3 8,1,27,,46081,35,0,10 29,1,70,,46082,35,0,13 28 3 8,1,30,,46083,35,0,10 29,1,70,,46084,35,0,13 28 3 8,1,30,,46085,35,0,10 29,1,70,,46086,35,0,13 28 3 8,1,30,,46087,35,0,10 29,1,70,,46088,35,0,13 28 3 8,1,30,,46089,35,0,10 29,1,70,,46090,35,0,13 28 3 8,1,30,,46091,35,0,10 29,1,70,,46092,35,0,13 28 3 8,1,30,,46093,35,0,10 29,1,70,,46094,35,0,13 28 3 8,1,25,,46095,35,0,10 29,1,70,,46096,35,0,13 28 3 8,1,25,,46097,35,0,10 29,1,70,,46098,35,0,13 28 3 8,1,30,,46099,35,0,10 29,1,65,,46100,35,0,13 28 3 8,1,30,,46101,35,0,10 29,1,67,,46102,35,0,13 28 3 8,1,29,,46103,35,0,10 29,1,24,,46104,35,0,13 28 3 8,1
9000,'2',643,,49464,6,,,1,15,,49465,6,,,1,58,,49466,6,,,1,15,,49467,6,,,1,15,,49468,6,,,1,55,,49469,6,,,1,15,,49470,6,,,1,15,,49471,6,,,1,15,,49472,6,,,1,55,,49473,6,,,1,13,,49474,6,,,1,15,,49475,6,,,1,15,,49476,6,,,1,15,,49477,6,,,1,55,,49478,6,,,1,15,,49479,6,,,1,15,,49480,6,,,1,15,,49481,6,,,1,55,,49482,6,,,1,15,,49483,6,,,1,15,,49484,6,,,1,15,,49485,6,,,1,55,,49486,6,,,1,15,,49487,6,,,1,15,,49488,6,,,1,15,,49489,6,,,1,55,,49490,6,,,1,15,,49491,6,,,1,15,,49492,6,,,1,15,,49493,6,,,1,57,,49494,6,,,1,15,,49495,6,,,1,15,,49496,6,,,1,55,,49497,6,,,1,19,,49498,6,,,1,15,,49499,6,,,1,15,,49500,6,,,1,55,,49501,6,,,1,16,,49502,6,,,1,15,,49503,6,,,1,15,,49504,6,,,1,55,,49505,6,,,1,12,,49506,6,,,1,16,,49507,6,,,1,17,,49508,6,,,1,55,,49509,6,,,1,12,,49510,6,4,,1,27,,49511,6,,,1,67,,49512,6,,,1,27,,49513,6,,,1,67,,49514,6,,,1,27,,49515,6,,,1,67,,49516,6,,,1,25,,49517,6,4,,1,22,,49518,6,4,,1
9000,'3',828,,49537,6,,,1,30,,49538,6,,,1,70,,49539,6,,,1,30,,49540,6,,,1,70,,49541,6,,,1,25,,49536,6,,,1,65,,49535,6,,,1,25,,49534,6,,,1,65,,49533,6,,,1,25,,49532,6,,,1,25,,49531,6,,,1,65,,49530,6,,,1,25,,49529,6,,,1,65,,49528,6,,,1,25,,49527,6,,,1,65,,49526,6,,,1,25,,49525,6,,,1,25,,49524,6,,,1,65,,49523,6,,,1,25,,49522,6,,,1,65,,49521,6,,,1,25,,49520,6,,,1,25,,49519,6,,,1
9000,'4',1008,,49543,6,,,1,20,,49544,6,,,1,20,,49545,6,,,1,60,,49546,6,,,1,20,,49547,6,,,1,20,,49548,6,,,1,60,,49549,6,,,1,21,,49550,6,,,1,16,,49551,6,,,1,56,,49552,6,,,1,16,,49553,6,,,1,16,,49554,6,,,1,16,,49555,6,,,1,56,,49556,6,,,1,16,,49557,6,,,1,16,,49558,6,,,1,16,,49559,6,,,1,56,,49560,6,,,1,16,,49561,6,,,1,16,,49562,6,,,1,16,,49563,6,,,1,56,,49564,6,,,1,16,,49565,6,,,1,16,,49566,6,,,1,61,,49567,6,,,1,17,,49568,6,,,1,20,,49569,6,,,1,70,,49570,6,,,1,25,,49571,6,,,1,65,,49572,6,,,1,10,,49542,6,,,1,30,,49573,6,4,,1
