900,'2',643,,35871,17,,,1,57,,35872,17,,,1,19,,35873,17,,,1,16,,35874,17,,,1,16,,35875,17,,,1,56,,35876,17,,,1,14,,35877,17,,,1,16,,35878,17,,,1,15,,35879,17,,,1,56,,35880,17,,,1,15,,35881,17,,,1,15,,35882,17,,,1,15,,35883,17,,,1,55,,35884,17,,,1,15,,35885,17,,,1,15,,35886,17,,,1,15,,35887,17,,,1,55,,35888,17,,,1,15,,35889,17,,,1,15,,35890,17,,,1,15,,35891,17,,,1,56,,35892,17,,,1,15,,35893,17,,,1,15,,35894,17,,,1,15,,35895,17,,,1,55,,35896,17,,,1,15,,35897,17,,,1,15,,35898,17,,,1,15,,35899,17,,,1,56,,35900,17,,,1,15,,35901,17,,,1,15,,35902,17,,,1,15,,35903,17,,,1,55,,35904,17,,,1,15,,35905,17,,,1,15,,35906,17,,,1,15,,35907,17,,,1,55,,35908,17,,,1,16,,35909,17,,,1,15,,35910,17,,,1,15,,35911,17,,,1,55,,35912,17,,,1,15,,35913,17,,,1,15,,35914,17,,,1,15,,35915,17,,,1,54,,35916,17,,,1,13,,35917,17,,,1,22,,35918,17,,,1,69,,35919,17,,,1,22,,35920,17,,,1,22,,35921,17,,,1,62,,35922,17,,,1,22,,35923,17,,,1,62,,35924,17,,,1,24,,35925,17,,,1,29,,35926,17,,,1,72,,35927,17,,,1,72,,35928,17,,,1,32,,35929,17,,,1,76,,35931,17,,,1,103,,35930,17,,,1
900,'3',542,,35974,16,,,1,68,,35977,16,,,1,30,,35938,17,,,1,70,,35976,17,,,1,30,,35939,17,,,1,75,,35975,17,,,1,29,,35940,17,,,1,75,,35941,17,,,1,32,,35942,17,,,1,60,,35943,16,,,1,27,,35944,17,,,1,65,,35945,17,,,1,25,,35946,17,,,1,22,,35947,17,,,1,67,,35948,17,,,1,25,,35949,17,,,1,69,,35950,17,,,1,21,,35951,17,,,1,25,,35952,17,,,1,68,,35953,17,,,1,22,,35954,17,,,1,65,,35955,17,,,1,25,,35956,17,,,1,65,,35957,17,,,1,25,,35958,17,,,1,25,,35959,17,,,1,65,,35960,17,,,1,25,,35961,17,,,1,65,,35962,17,,,1,22,,35963,17,,,1,84,,35964,17,,,1,25,,35965,17,,,1,78,,35966,17,,,1,35,,35967,17,,,1,74,,35968,17,,,1,75,,35969,17,,,1,35,,35970,17,,,1,75,,35971,17,,,1,35,,35972,17,,,1,74,,35973,17,,,1
900,'30',618,,35981,16,,,1,25,,35978,17,,,1,80,,36014,17,,,1,35,,35979,17,,,1,75,,36013,17,,,1,76,,35980,17,,,1,35,,35982,17,,,1,73,,35983,17,,,1,33,,35984,17,,,1,73,,35985,17,,,1,33,,35986,17,,,1,63,,35987,16,,,1,18,,35988,17,,,1,68,,35989,17,,,1,23,,35990,17,,,1,23,,35991,17,,,1,63,,35992,17,,,1,23,,35993,17,,,1,63,,35994,17,,,1,23,,35995,17,,,1,23,,35996,17,,,1,63,,35997,17,,,1,23,,35998,17,,,1,23,,35999,17,,,1,61,,36000,17,,,1,23,,36001,17,,,1,63,,36002,17,,,1,25,,36003,17,,,1,75,,36004,17,,,1,30,,36005,17,,,1,70,,36006,17,,,1,30,,36007,17,,,1,70,,36008,17,,,1,30,,36009,17,,,1,70,,36010,17,,,1,29,,36011,17,,,1,81,,36012,17,,,1
900,'4',618,,36018,16,,,1,25,,36015,17,,,1,80,,36051,17,,,1,35,,36016,17,,,1,75,,36050,17,,,1,76,,36017,17,,,1,35,,36019,17,,,1,73,,36020,17,,,1,33,,36021,17,,,1,73,,36022,17,,,1,33,,36023,17,,,1,63,,36024,16,,,1,18,,36025,17,,,1,68,,36026,17,,,1,23,,36027,17,,,1,23,,36028,17,,,1,63,,36029,17,,,1,23,,36030,17,,,1,63,,36031,17,,,1,23,,36032,17,,,1,23,,36033,17,,,1,63,,36034,17,,,1,23,,36035,17,,,1,23,,36036,17,,,1,61,,36037,17,,,1,23,,36038,17,,,1,63,,36039,17,,,1,25,,36040,17,,,1,75,,36041,17,,,1,30,,36042,17,,,1,70,,36043,17,,,1,30,,36044,17,,,1,70,,36045,17,,,1,30,,36046,17,,,1,70,,36047,17,,,1,29,,36048,17,,,1,81,,36049,17,,,1
2700,'2',623,,39567,31,,,1,33,,39497,31,,,1,76,,39498,31,,,1,13,,39499,31,,,1,13,,39500,31,,,1,53,,39501,31,,,1,13,,39502,31,,,1,13,,39503,31,,,1,13,,39504,31,,,1,53,,39505,31,,,1,12,,39506,31,,,1,13,,39507,31,,,1,13,,39508,31,,,1,13,,39509,31,,,1,53,,39510,31,,,1,13,,39511,31,,,1,13,,39512,31,,,1,13,,39513,31,,,1,13,,39514,31,,,1,53,,39515,31,,,1,13,,39516,31,,,1,13,,39517,31,,,1,13,,39518,31,,,1,53,,39519,31,,,1,12,,39520,31,,,1,12,,39521,31,,,1,12,,39522,31,,,1,12,,39523,31,,,1,52,,39524,31,,,1,12,,39525,31,,,1,12,,39526,31,,,1,12,,39527,31,,,1,12,,39528,31,,,1,52,,39529,31,,,1,15,,39530,31,,,1,13,,39531,31,,,1,13,,39532,31,,,1,13,,39533,31,,,1,53,,39534,31,,,1,13,,39535,31,,,1,13,,39536,31,,,1,13,,39537,31,,,1,54,,39538,31,,,1,15,,39539,31,,,1,9,,39540,31,,,1,11,,39541,31,,,1,11,,39542,31,,,1,51,,39543,31,,,1,11,,39544,31,,,1,11,,39545,31,,,1,11,,39546,31,,,1,11,,39547,31,,,1,11,,39548,31,,,1,50,,39549,31,,,1,6,,39550,31,,,1,13,,39551,31,,,1,15,,39552,31,,,1,13,,39553,31,,,1,54,,39554,31,,,1,13,,39555,31,,,1,17,,39556,31,,,1,17,,39557,31,,,1,57,,39558,31,,,1,17,,39559,31,,,1,17,,39560,31,,,1,56,,39561,31,,,1,16,,39562,31,,,1,27,,39563,31,,,1,67,,39564,31,,,1,27,,39565,31,,,1,70,,39566,31,,,1
2700,'3',923,,39568,31,,,1,29,,39570,31,,,1,98,,39579,31,,,1,76,,39571,31,,,1,32,,39589,31,,,1,72,,39580,31,,,1,72,,39572,31,,,1,32,,39569,31,,,1,72,,39581,31,,,1,34,,39573,31,,,1,72,,39588,31,,,1,30,,39582,31,,,1,74,,39574,31,,,1,32,,39590,31,,,1,70,,39583,31,,,1,34,,39575,31,,,1,72,,39591,31,,,1,17,,39584,31,,,1,85,,39576,31,,,1,85,,39585,31,,,1,45,,39577,31,,,1,80,,39586,31,,,1,80,,39578,31,,,1,40,,39587,31,,,1
2700,'30',905,,39592,31,,,1,45,,39599,31,,,1,85,,39593,31,,,1,85,,39600,31,,,1,85,,39594,31,,,1,48,,39601,31,,,1,72,,39603,31,,,1,27,,39595,31,,,1,77,,39602,31,,,1,72,,39604,31,,,1,32,,39596,31,,,1,72,,39605,31,,,1,32,,39607,31,,,1,72,,39597,31,,,1,35,,39606,31,,,1,86,,39598,31,,,1,85,,39609,31,,,1,85,,39608,31,,,1
2700,'4',905,,39610,31,,,1,45,,39617,31,,,1,85,,39611,31,,,1,85,,39618,31,,,1,85,,39612,31,,,1,48,,39619,31,,,1,72,,39621,31,,,1,27,,39613,31,,,1,77,,39620,31,,,1,72,,39622,31,,,1,32,,39614,31,,,1,72,,39623,31,,,1,32,,39625,31,,,1,72,,39615,31,,,1,35,,39624,31,,,1,86,,39616,31,,,1,85,,39627,31,,,1,85,,39626,31,,,1
3100,'2',614,,39830,4,,,1,16,,39831,4,,,1,74,,39832,4,,,1,20,,39833,4,,,1,20,,39834,4,,,1,60,,39835,4,,,1,20,,39836,4,,,1,20,,39837,4,,,1,61,,39838,4,,,1,37,,39839,4,,,1,60,,39840,4,,,1,30,,39841,4,,,1,70,,39842,4,,,1,30,,39843,4,,,1,70,,39844,4,,,1,30,,39845,4,,,1,70,,39846,4,,,1,30,,39847,4,,,1,26,,39848,4,,,1,59,,39849,4,,,1,12,,39850,4,,,1,25,,39851,4,,,1,60,,39852,4,,,1,20,,39853,4,,,1,20,,39854,4,,,1,63,,39855,4,,,1,20,,39856,4,,,1,20,,39857,4,,,1,60,,39858,4,,,1,20,,39859,4,,,1,19,,39860,4,,,1,77,,39861,4,,,1,18,,39862,4,,,1,70,,39863,4,,,1,30,,39864,4,,,1,70,,39865,4,,,1,30,,39866,4,,,1,70,,39867,4,,,1,30,,39868,4,,,1,70,,39869,4,,,1,30,,39870,4,,,1,70,,39871,4,,,1,30,,39872,4,,,1,71,,39873,4,,,1,24,,39874,4,,,1
3100,'3',710,,39875,4,,,1,23,,39876,4,,,1,25,,39877,4,,,1,65,,39878,4,,,1,25,,39879,4,,,1,65,,39880,4,,,1,25,,39881,4,,,1,65,,39882,4,,,1,25,,39883,4,,,1,25,,39884,4,,,1,65,,39885,4,,,1,25,,39886,4,,,1,65,,39887,4,,,1,27,,39888,4,,,1,67,,39889,4,,,1,27,,39890,4,,,1,27,,39891,4,,,1,67,,39892,4,,,1,27,,39893,4,,,1,67,,39894,4,,,1,27,,39895,4,,,1,67,,39896,4,,,1,27,,39897,4,,,1,65,,39898,4,,,1,27,,39899,4,,,1,27,,39900,4,,,1,65,,39901,4,,,1,25,,39902,4,,,1,65,,39903,4,,,1,25,,39904,4,,,1,65,,39905,4,,,1,25,,39906,4,,,1,25,,39907,4,,,1,65,,39908,4,,,1,25,,39909,4,,,1,65,,39910,4,,,1,25,,39911,4,,,1,25,,39912,4,,,1,65,,39913,4,,,1,25,,39914,4,,,1,65,,39915,4,,,1,25,,39916,4,,,1
3100,'30',717,,39929,4,,,1,21,,39917,4,,,1,65,,39918,4,,,1,25,,39919,4,,,1,25,,39920,4,,,1,65,,39921,4,,,1,25,,39922,4,,,1,65,,39923,4,,,1,25,,39924,4,,,1,25,,39925,4,,,1,65,,39926,4,,,1,25,,39927,4,,,1,66,,39928,4,,,1,25,,39930,4,,,1,65,,39931,4,,,1,25,,39932,4,,,1,25,,39933,4,,,1,65,,39934,4,,,1,25,,39935,4,,,1,65,,39936,4,,,1,25,,39937,4,,,1,25,,39938,4,,,1,65,,39939,4,,,1,25,,39940,4,,,1,65,,39941,4,,,1,25,,39942,4,,,1,65,,39943,4,,,1,25,,39944,4,,,1,25,,39945,4,,,1,65,,39946,4,,,1,25,,39947,4,,,1
3100,'4',717,,39960,4,,,1,21,,39948,4,,,1,65,,39949,4,,,1,25,,39950,4,,,1,25,,39951,4,,,1,65,,39952,4,,,1,25,,39953,4,,,1,65,,39954,4,,,1,25,,39955,4,,,1,25,,39956,4,,,1,65,,39957,4,,,1,25,,39958,4,,,1,66,,39959,4,,,1,25,,39961,4,,,1,65,,39962,4,,,1,25,,39963,4,,,1,25,,39964,4,,,1,65,,39965,4,,,1,25,,39966,4,,,1,65,,39967,4,,,1,25,,39968,4,,,1,25,,39969,4,,,1,65,,39970,4,,,1,25,,39971,4,,,1,65,,39972,4,,,1,25,,39973,4,,,1,65,,39974,4,,,1,25,,39975,4,,,1,25,,39976,4,,,1,65,,39977,4,,,1,25,,39978,4,,,1
12701,'3302',713,,42175,6,,,1,93,,42176,6,,,1,18,,42177,6,,,1,94,,42178,6,,,1,21,,42179,6,,,1,88,,42180,6,,,1,23,,42181,6,,,1,86,,42182,6,,,1,23,,42183,6,,,1,86,,42184,6,,,1,63,,42185,6,,,1,44,,42186,6,,,1,70,,42187,6,,,1,85,,42188,6,,,1,30,,42189,6,,,1,87,,42190,6,,,1,32,,42191,6,,,1,88,,42192,6,,,1,73,,42193,6,,,1,37,,42194,6,,,1,74,,42195,6,,,1,74,,42196,6,,,1,34,,42197,6,,,1,74,,42198,6,,,1,98,,42199,6,,,1,104,,42200,6,,,1,98,,42201,6,,,1
12701,'3602',635,,42202,6,,,1,95,,42203,6,,,1,18,,42204,6,,,1,94,,42205,6,,,1,58,,42206,6,,,1,103,,42207,6,,,1,110,,42208,6,,,1,109,,42209,6,,,1,111,,42210,6,,,1,74,,42211,6,,,1,30,,42212,6,,,1,15,,42213,6,,,1,70,,42214,6,,,1,30,,42215,6,,,1,56,,42216,6,,,1,32,,42217,6,,,1,72,,42218,6,,,1,16,,42219,6,,,1
12701,'3903',634,,42220,6,,,1,99,,42221,6,,,1,102,,42222,6,,,1,102,,42223,6,,,1,73,,42224,6,,,1,34,,42225,6,,,1,74,,42226,6,,,1,34,,42227,6,,,1,75,,42228,6,,,1,75,,42229,6,,,1,35,,42230,6,,,1,75,,42231,6,,,1,36,,42232,6,,,1,75,,42233,6,,,1,35,,42234,6,,,1,75,,42235,6,,,1,75,,42236,6,,,1,37,,42237,6,,,1,75,,42238,6,,,1,34,,42239,6,,,1,74,,42240,6,,,1,74,,42241,6,,,1,34,,42242,6,,,1,72,,42245,6,,,1,102,,42243,6,,,1,102,,42244,6,,,1
12701,'6404',723,,42246,6,,,1,102,,42247,6,,,1,105,,42248,6,,,1,74,,42249,6,,,1,34,,42250,6,,,1,74,,42251,6,,,1,34,,42252,6,,,1,74,,42253,6,,,1,34,,42254,6,,,1,74,,42255,6,,,1,74,,42256,6,,,1,34,,42257,6,,,1,74,,42258,6,,,1,34,,42259,6,,,1,74,,42260,6,,,1,34,,42261,6,,,1,74,,42262,6,,,1,104,,42263,6,,,1,101,,42264,6,,,1,101,,42265,6,,,1,101,,42266,6,,,1,101,,42267,6,,,1
