401,'2',606,,34915,51,0,10 40 41,1,36,,34914,57,0,13 40 41,1,11,,34956,51,0,10 40 41,1,71,,34913,51,0,10 40 41,1,15,,34912,57,0,13 40 41,1,10,,34911,23,,,1,57,,34910,51,0,10 40 41,1,15,,34909,51,0,10 40 41,1,15,,34908,57,0,13 40 41,1,15,,34907,51,0,10 40 41,1,55,,34906,57,0,13 40 41,1,15,,34905,51,0,10 40 41,1,15,,34904,57,0,13 40 41,1,15,,34903,51,0,10 40 41,1,55,,34902,57,0,13 40 41,1,20,,34901,51,0,10 40 41,1,20,,34900,57,0,13 40 41,1,60,,34899,51,0,10 40 41,1,20,,34898,57,0,13 40 41,1,21,,34897,51,0,10 40 41,1,61,,34896,57,0,13 40 41,1,20,,34895,51,0,10 40 41,1,20,,34894,57,0,13 40 41,1,60,,34893,51,0,10 40 41,1,20,,34892,57,0,13 40 41,1,20,,34891,51,0,10 40 41,1,60,,34890,57,0,13 40 41,1,21,,34889,51,0,10 40 41,1,15,,34918,57,0,13 40 41,1,59,,34926,51,0,10 40 41,1,15,,34919,57,0,13 40 41,1,15,,34927,51,0,10 40 41,1,15,,34920,57,0,13 40 41,1,55,,34928,51,0,10 40 41,1,16,,34921,57,0,13 40 41,1,15,,34929,51,0,10 40 41,1,15,,34922,57,0,13 40 41,1,55,,34930,51,0,10 40 41,1,15,,34923,57,0,13 40 41,1,15,,34931,51,0,10 40 41,1,15,,34924,57,0,13 40 41,1,55,,34932,51,0,10 40 41,1,9,,34925,57,0,13 40 41,1,17,,34935,51,0,10 40 41,1,21,,34940,57,0,13 40 41,1,60,,34936,51,0,10 40 41,1,20,,34941,57,0,13 40 41,1,20,,34937,51,0,10 40 41,1,60,,34942,57,0,13 40 41,1,20,,34938,51,0,10 40 41,1,20,,34943,57,0,13 40 41,1,68,,34939,51,0,10 40 41,1,33,,34944,57,0,13 40 41,1,70,,34947,51,0,10 40 41,1,30,,34945,57,0,13 40 41,1,70,,34948,51,0,10 40 41,1,30,,34946,57,0,13 40 41,1,70,,34949,51,0,10 40 41,1,90,,34950,57,0,13 40 41,1
401,'3',641,,34957,51,0,10 40 41,1,70,,34958,57,0,13 40 41,1,20,,34965,51,0,10 40 41,1,70,,34959,57,0,13 40 41,1,32,,34966,51,0,10 40 41,1,70,,34960,57,0,13 40 41,1,30,,34967,51,0,10 40 41,1,70,,34961,57,0,13 40 41,1,32,,34968,51,0,10 40 41,1,70,,34962,57,0,13 40 41,1,30,,34969,51,0,10 40 41,1,70,,34963,57,0,13 40 41,1,30,,34970,51,0,10 40 41,1,70,,34964,57,0,13 40 41,1,26,,34971,51,0,10 40 41,1,27,,34977,57,0,13 40 41,1,66,,34972,51,0,10 40 41,1,25,,34978,57,0,13 40 41,1,65,,34973,51,0,10 40 41,1,25,,34979,57,0,13 40 41,1,65,,34974,51,0,10 40 41,1,25,,34980,57,0,13 40 41,1,25,,34975,51,0,10 40 41,1,65,,34981,57,0,13 40 41,1,25,,34976,51,0,10 40 41,1,65,,34989,57,0,13 40 41,1,25,,34985,51,0,10 40 41,1,25,,34990,57,0,13 40 41,1,65,,34986,51,0,10 40 41,1,25,,34991,57,0,13 40 41,1,65,,34987,51,0,10 40 41,1,25,,34992,57,0,13 40 41,1,65,,34988,51,0,10 40 41,1,23,,34993,57,0,13 40 41,1,17,,34994,51,0,10 40 41,1,70,,34998,57,0,13 40 41,1,30,,34995,51,0,10 40 41,1,70,,34999,57,0,13 40 41,1,30,,34996,51,0,10 40 41,1,70,,35000,57,0,13 40 41,1,28,,34997,51,0,10 40 41,1,72,,34983,57,0,13 40 41,1
401,'30',711,,35033,51,0,10 40 41,1,45,,35032,57,0,13 40 41,1,85,,35031,51,0,10 40 41,1,87,,35002,57,0,13 40 41,1,85,,35003,51,0,10 40 41,1,30,,35004,57,0,13 40 41,1,64,,35005,51,0,10 40 41,1,30,,35006,57,0,13 40 41,1,67,,35007,51,0,10 40 41,1,31,,35008,57,0,13 40 41,1,69,,35009,51,0,10 40 41,1,32,,35010,57,0,13 40 41,1,70,,35011,51,0,10 40 41,1,30,,35012,57,0,13 40 41,1,70,,35013,51,0,10 40 41,1,30,,35014,57,0,13 40 41,1,70,,35015,51,0,10 40 41,1,30,,35016,57,0,13 40 41,1,70,,35017,51,0,10 40 41,1,29,,35018,57,0,13 40 41,1,70,,35019,51,0,10 40 41,1,30,,35020,57,0,13 40 41,1,70,,35021,51,0,10 40 41,1,30,,35022,57,0,13 40 41,1,68,,35023,51,0,10 40 41,1,32,,35024,57,0,13 40 41,1,70,,35025,51,0,10 40 41,1,32,,35026,57,0,13 40 41,1,68,,35027,51,0,10 40 41,1,29,,35028,57,0,13 40 41,1,78,,35001,51,0,10 40 41,1
401,'4',711,,35066,51,0,10 40 41,1,45,,35065,57,0,13 40 41,1,85,,35064,51,0,10 40 41,1,87,,35035,57,0,13 40 41,1,85,,35036,51,0,10 40 41,1,30,,35037,57,0,13 40 41,1,64,,35038,51,0,10 40 41,1,30,,35039,57,0,13 40 41,1,67,,35040,51,0,10 40 41,1,31,,35041,57,0,13 40 41,1,69,,35042,51,0,10 40 41,1,32,,35043,57,0,13 40 41,1,70,,35044,51,0,10 40 41,1,30,,35045,57,0,13 40 41,1,70,,35046,51,0,10 40 41,1,30,,35047,57,0,13 40 41,1,70,,35048,51,0,10 40 41,1,30,,35049,57,0,13 40 41,1,70,,35050,51,0,10 40 41,1,29,,35051,57,0,13 40 41,1,70,,35052,51,0,10 40 41,1,30,,35053,57,0,13 40 41,1,70,,35054,51,0,10 40 41,1,30,,35055,57,0,13 40 41,1,68,,35056,51,0,10 40 41,1,32,,35057,57,0,13 40 41,1,70,,35058,51,0,10 40 41,1,32,,35059,57,0,13 40 41,1,68,,35060,51,0,10 40 41,1,29,,35061,57,0,13 40 41,1,78,,35034,51,0,10 40 41,1
1700,'2',637,,38074,49,0,10 23 20,1,20,,38075,57,0,13 23 20,1,60,,38115,49,0,10 23 20,1,20,,38076,57,0,13 23 20,1,21,,38116,49,0,10 23 20,1,59,,38077,57,0,13 23 20,1,20,,38078,49,0,10 23 20,1,18,,38079,57,0,13 23 20,1,61,,38080,49,0,10 23 20,1,20,,38081,57,0,13 23 20,1,20,,38082,49,0,10 23 20,1,60,,38083,57,0,13 23 20,1,20,,38084,49,0,10 23 20,1,20,,38085,57,0,13 23 20,1,60,,38086,49,0,10 23 20,1,20,,38087,57,0,13 23 20,1,20,,38088,49,0,10 23 20,1,60,,38089,57,0,13 23 20,1,20,,38090,49,0,10 23 20,1,21,,38091,57,0,13 23 20,1,61,,38092,49,0,10 23 20,1,25,,38093,57,0,13 23 20,1,63,,38094,49,0,10 23 20,1,21,,38095,57,0,13 23 20,1,20,,38096,49,0,10 23 20,1,60,,38097,57,0,13 23 20,1,18,,38098,49,0,10 23 20,1,20,,38099,57,0,13 23 20,1,57,,38100,49,0,10 23 20,1,15,,38101,57,0,13 23 20,1,21,,38102,49,0,10 23 20,1,63,,38103,57,0,13 23 20,1,20,,38104,49,0,10 23 20,1,20,,38105,57,0,13 23 20,1,62,,38106,49,0,10 23 20,1,12,,38107,57,0,13 23 20,1,23,,38108,49,0,10 23 20,1,63,,38117,49,0,10 23 20,1,21,,38110,57,0,13 23 20,1,14,,38064,49,0,10 23 20,1,19,,38073,49,0,10 23 20,1,59,,38072,49,0,10 23 20,1,19,,38071,49,0,10 23 20,1,19,,38070,49,0,10 23 20,1,59,,38069,49,0,10 23 20,1,17,,38068,49,0,10 23 20,1,21,,38066,49,0,10 23 20,1,70,,38067,49,0,10 23 20,1,25,,38065,49,0,10 23 20,1,60,,38111,49,0,10 23 20,1,25,,38112,49,0,10 23 20,1,25,,38113,49,0,10 23 20,1,65,,38114,49,0,10 23 20,1,22,,38118,49,0,10 23 20,1,65,,38119,49,0,10 23 20,1
1700,'3',630,,38154,49,0,10 23 20,1,79,,38152,49,0,10 23 20,1,36,,38153,49,0,10 23 20,1,80,,38151,49,0,10 23 20,1,75,,38150,49,0,10 23 20,1,30,,38149,49,0,10 23 20,1,82,,38148,49,0,10 23 20,1,31,,38147,49,0,10 23 20,1,72,,38146,49,0,10 23 20,1,30,,38155,49,0,10 23 20,1,71,,38145,49,0,10 23 20,1,31,,38144,49,0,10 23 20,1,70,,38143,49,0,10 23 20,1,30,,38142,49,0,10 23 20,1,70,,38141,49,0,10 23 20,1,30,,38140,49,0,10 23 20,1,70,,38139,49,0,10 23 20,1,30,,38138,49,0,10 23 20,1,70,,38137,49,0,10 23 20,1,30,,38136,49,0,10 23 20,1,70,,38135,49,0,10 23 20,1,30,,38134,49,0,10 23 20,1,67,,38133,49,0,10 23 20,1,30,,38132,49,0,10 23 20,1,68,,38131,49,0,10 23 20,1,30,,38130,49,0,10 23 20,1,60,,38129,49,0,10 23 20,1,30,,38128,49,0,10 23 20,1,70,,38127,49,0,10 23 20,1,30,,38126,49,0,10 23 20,1,14,,38125,49,0,10 23 20,1,69,,38124,49,0,10 23 20,1,30,,38123,49,0,10 23 20,1,70,,38122,49,0,10 23 20,1,15,,38156,49,0,10 23 20,1,70,,38121,49,0,10 23 20,1,23,,38157,49,0,10 23 20,1,19,,38158,49,0,10 23 20,1,60,,38159,49,0,10 23 20,1
1700,'30',657,,38190,49,0,10 23 20,1,75,,38191,49,0,10 23 20,1,75,,38192,49,0,10 23 20,1,35,,38193,49,0,10 23 20,1,75,,38163,49,0,10 23 20,1,30,,38164,49,0,10 23 20,1,70,,38165,49,0,10 23 20,1,30,,38166,49,0,10 23 20,1,65,,38167,49,0,10 23 20,1,25,,38168,49,0,10 23 20,1,22,,38169,49,0,10 23 20,1,72,,38170,49,0,10 23 20,1,70,,38171,49,0,10 23 20,1,25,,38172,49,0,10 23 20,1,25,,38173,49,0,10 23 20,1,70,,38174,49,0,10 23 20,1,30,,38175,49,0,10 23 20,1,68,,38176,49,0,10 23 20,1,30,,38177,49,0,10 23 20,1,70,,38178,49,0,10 23 20,1,30,,38179,49,0,10 23 20,1,70,,38180,49,0,10 23 20,1,30,,38181,49,0,10 23 20,1,60,,38182,49,0,10 23 20,1,28,,38183,49,0,10 23 20,1,70,,38184,49,0,10 23 20,1,30,,38185,49,0,10 23 20,1,80,,38186,49,0,10 23 20,1,35,,38187,49,0,10 23 20,1,75,,38188,49,0,10 23 20,1,75,,38189,49,0,10 23 20,1,31,,38162,49,0,10 23 20,1,70,,38195,49,0,10 23 20,1,35,,38194,49,0,10 23 20,1
1700,'4',657,,38225,49,0,10 23 20,1,75,,38226,49,0,10 23 20,1,75,,38227,49,0,10 23 20,1,35,,38228,49,0,10 23 20,1,75,,38198,49,0,10 23 20,1,30,,38199,49,0,10 23 20,1,70,,38200,49,0,10 23 20,1,30,,38201,49,0,10 23 20,1,65,,38202,49,0,10 23 20,1,25,,38203,49,0,10 23 20,1,22,,38204,49,0,10 23 20,1,72,,38205,49,0,10 23 20,1,70,,38206,49,0,10 23 20,1,25,,38207,49,0,10 23 20,1,25,,38208,49,0,10 23 20,1,70,,38209,49,0,10 23 20,1,30,,38210,49,0,10 23 20,1,68,,38211,49,0,10 23 20,1,30,,38212,49,0,10 23 20,1,70,,38213,49,0,10 23 20,1,30,,38214,49,0,10 23 20,1,70,,38215,49,0,10 23 20,1,30,,38216,49,0,10 23 20,1,60,,38217,49,0,10 23 20,1,28,,38218,49,0,10 23 20,1,70,,38219,49,0,10 23 20,1,30,,38220,49,0,10 23 20,1,80,,38221,49,0,10 23 20,1,35,,38222,49,0,10 23 20,1,75,,38223,49,0,10 23 20,1,75,,38224,49,0,10 23 20,1,31,,38197,49,0,10 23 20,1,70,,38230,49,0,10 23 20,1,35,,38229,49,0,10 23 20,1
2000,'2',647,,38625,58,,,1,56,,38628,58,,,1,26,,38631,23,,,1,9,,38626,58,,,1,15,,38627,58,,,1,55,,38629,58,,,1,15,,38651,58,,,1,15,,38652,58,,,1,15,,38653,58,,,1,55,,38654,58,,,1,16,,38655,58,,,1,16,,38656,58,,,1,15,,38657,58,,,1,55,,38658,58,,,1,15,,38659,58,,,1,15,,38660,58,,,1,15,,38661,58,,,1,55,,38662,58,,,1,15,,38663,58,,,1,10,,38664,58,,,1,15,,38665,58,,,1,55,,38666,58,,,1,15,,38667,58,,,1,15,,38668,58,,,1,15,,38669,58,,,1,55,,38670,58,,,1,15,,38671,58,,,1,15,,38672,58,,,1,15,,38673,58,,,1,55,,38674,58,,,1,10,,38675,58,,,1,15,,38676,58,,,1,15,,38677,58,,,1,55,,38678,58,,,1,15,,38679,58,,,1,15,,38680,58,,,1,15,,38681,58,,,1,55,,38682,58,,,1,15,,38683,58,,,1,15,,38684,58,,,1,15,,38685,58,,,1,55,,38686,58,,,1,15,,38687,58,,,1,15,,38688,58,,,1,19,,38689,58,,,1,61,,38630,58,,,1,15,,38632,58,,,1,16,,38633,58,,,1,16,,38634,58,,,1,52,,38643,58,,,1,12,,38635,58,,,1,15,,38636,58,,,1,20,,38637,58,,,1,72,,38638,58,,,1,13,,38639,58,,,1,67,,38640,58,,,1,26,,38641,58,,,1,18,,38644,58,,,1,71,,38645,58,,,1,26,,38646,58,,,1,66,,38647,58,,,1,26,,38624,58,,,1,68,,38649,58,,,1,25,,38650,58,,,1,81,,38648,58,,,1
2000,'3',645,,38693,58,,,1,66,,38696,58,,,1,30,,38697,58,,,1,81,,38698,58,,,1,29,,38699,58,,,1,66,,38700,58,,,1,26,,38701,58,,,1,66,,38702,58,,,1,32,,38703,58,,,1,64,,38704,58,,,1,20,,38705,58,,,1,20,,38706,58,,,1,60,,38707,58,,,1,20,,38708,58,,,1,20,,38709,58,,,1,63,,38710,58,,,1,20,,38711,58,,,1,20,,38712,58,,,1,60,,38713,58,,,1,20,,38714,58,,,1,20,,38715,58,,,1,59,,38716,58,,,1,20,,38717,58,,,1,20,,38718,58,,,1,60,,38719,58,,,1,20,,38720,58,,,1,20,,38721,58,,,1,60,,38722,58,,,1,20,,38723,58,,,1,20,,38724,58,,,1,60,,38725,58,,,1,14,,38726,58,,,1,20,,38727,58,,,1,63,,38728,58,,,1,27,,38729,58,,,1,27,,38730,58,,,1,67,,38731,58,,,1,27,,38732,58,,,1,67,,38733,58,,,1,27,,38734,58,,,1,60,,38735,58,,,1,27,,38736,58,,,1,67,,38737,58,,,1,27,,38738,58,,,1,27,,38739,58,,,1,61,,38740,58,,,1,19,,38741,58,,,1,81,,38695,58,,,1
2000,'30',710,,38743,58,,,1,42,,38744,58,,,1,85,,38745,58,,,1,87,,38746,58,,,1,31,,38747,58,,,1,66,,38748,58,,,1,25,,38749,58,,,1,66,,38750,58,,,1,27,,38751,58,,,1,66,,38752,58,,,1,26,,38753,58,,,1,70,,38754,58,,,1,26,,38755,58,,,1,26,,38756,58,,,1,66,,38757,58,,,1,26,,38758,58,,,1,66,,38759,58,,,1,26,,38760,58,,,1,66,,38761,58,,,1,26,,38762,58,,,1,26,,38763,58,,,1,66,,38764,58,,,1,26,,38765,58,,,1,63,,38766,58,,,1,25,,38767,58,,,1,65,,38768,58,,,1,25,,38769,58,,,1,25,,38770,58,,,1,65,,38771,58,,,1,25,,38772,58,,,1,65,,38773,58,,,1,25,,38774,58,,,1,25,,38775,58,,,1,66,,38776,58,,,1,19,,38777,58,,,1,60,,38778,58,,,1
2000,'4',710,,38780,58,,,1,42,,38781,58,,,1,85,,38782,58,,,1,87,,38783,58,,,1,31,,38784,58,,,1,66,,38785,58,,,1,25,,38786,58,,,1,66,,38787,58,,,1,27,,38788,58,,,1,66,,38789,58,,,1,26,,38790,58,,,1,70,,38791,58,,,1,26,,38792,58,,,1,26,,38793,58,,,1,66,,38794,58,,,1,26,,38795,58,,,1,66,,38796,58,,,1,26,,38797,58,,,1,66,,38798,58,,,1,26,,38799,58,,,1,26,,38800,58,,,1,66,,38801,58,,,1,26,,38802,58,,,1,63,,38803,58,,,1,25,,38804,58,,,1,65,,38805,58,,,1,25,,38806,58,,,1,25,,38807,58,,,1,65,,38808,58,,,1,25,,38809,58,,,1,65,,38810,58,,,1,25,,38811,58,,,1,25,,38812,58,,,1,66,,38813,58,,,1,19,,38814,58,,,1,60,,38815,58,,,1
10400,'3302',727,,41771,22,,,1,27,,41772,22,,,1,70,,41773,28,,,1,30,,41774,28,,,1,72,,41775,28,,,1,30,,41776,28,,,1,70,,41777,28,,,1,30,,41778,28,,,1,69,,41779,28,,,1,31,,41780,28,,,1,68,,41781,28,,,1,32,,41782,28,,,1,67,,41783,28,,,1,32,,41784,28,,,1,66,,41785,28,,,1,29,,41786,28,,,1,71,,41787,28,,,1,32,,41788,28,,,1,71,,41789,28,,,1,30,,41790,28,,,1,71,,41791,28,,,1,33,,41792,28,,,1,67,,41793,28,,,1,26,,41794,28,,,1
10400,'3903',1022,,41812,22,,,1,29,,41797,28,,,1,61,,41798,28,,,1,30,,41799,28,,,1,67,,41800,28,,,1,31,,41801,28,,,1,60,,41802,28,,,1,30,,41803,28,,,1,25,,41804,28,,,1,71,,41805,28,,,1,28,,41806,28,,,1,71,,41807,28,,,1,30,,41808,28,,,1,70,,41809,28,,,1,29,,41810,28,,,1,70,,41811,28,,,1,30,,41796,28,,,1,70,,41795,28,,,1
