901,'2',608,,36052,16,,,1,20,,36053,16,,,1,17,,36054,16,,,1,13,,36055,16,,,1,56,,36056,16,,,1,15,,36057,16,,,1,14,,36058,16,,,1,16,,36059,16,,,1,55,,36060,16,,,1,17,,36061,16,,,1,16,,36062,16,,,1,55,,36063,16,,,1,15,,36064,16,,,1,15,,36065,16,,,1,15,,36066,16,,,1,55,,36067,16,,,1,15,,36068,16,,,1,15,,36069,16,,,1,15,,36070,16,,,1,55,,36071,16,,,1,15,,36072,16,,,1,15,,36073,16,,,1,15,,36074,16,,,1,55,,36075,16,,,1,15,,36076,16,,,1,15,,36077,16,,,1,15,,36078,16,,,1,55,,36079,16,,,1,15,,36080,16,,,1,15,,36081,16,,,1,13,,36082,16,,,1,14,,36083,16,,,1,55,,36084,16,,,1,15,,36085,16,,,1,15,,36086,16,,,1,15,,36087,16,,,1,55,,36088,16,,,1,15,,36089,16,,,1,15,,36090,16,,,1,15,,36091,16,,,1,55,,36092,16,,,1,15,,36093,16,,,1,15,,36094,16,,,1,15,,36095,16,,,1,55,,36096,16,,,1,15,,36097,16,,,1,17,,36098,16,,,1,65,,36099,16,,,1,15,,36100,16,,,1,14,,36101,16,,,1,62,,36102,16,,,1,22,,36103,16,,,1,22,,36104,16,,,1,62,,36105,16,,,1,22,,36106,16,,,1,26,,36107,16,,,1,70,,36108,16,,,1,32,,36109,16,,,1,72,,36110,16,,,1,72,,36111,16,,,1,37,,36112,16,,,1,100,,36113,16,,,1
901,'3',612,,36119,16,,,1,30,,36158,16,,,1,70,,36120,16,,,1,30,,36157,16,,,1,70,,36121,16,,,1,35,,36122,16,,,1,72,,36123,16,,,1,86,,36124,16,,,1,25,,36125,16,,,1,25,,36126,16,,,1,62,,36127,16,,,1,25,,36128,16,,,1,65,,36129,16,,,1,29,,36130,16,,,1,21,,36131,16,,,1,65,,36132,16,,,1,28,,36133,16,,,1,62,,36134,16,,,1,24,,36135,16,,,1,65,,36136,16,,,1,25,,36137,16,,,1,25,,36138,16,,,1,65,,36139,16,,,1,25,,36140,16,,,1,65,,36141,16,,,1,25,,36142,16,,,1,25,,36143,16,,,1,85,,36145,16,,,1,65,,36146,16,,,1,38,,36147,16,,,1,75,,36148,16,,,1,35,,36149,16,,,1,76,,36150,16,,,1,75,,36151,16,,,1,35,,36152,16,,,1,75,,36153,16,,,1,35,,36154,16,,,1
901,'30',652,,36193,16,,,1,75,,36159,16,,,1,75,,36194,16,,,1,34,,36160,16,,,1,75,,36195,16,,,1,33,,36161,16,,,1,73,,36162,16,,,1,33,,36163,16,,,1,73,,36164,16,,,1,78,,36165,16,,,1,28,,36166,16,,,1,23,,36167,16,,,1,63,,36168,16,,,1,23,,36169,16,,,1,63,,36170,16,,,1,23,,36171,16,,,1,23,,36172,16,,,1,63,,36173,16,,,1,23,,36174,16,,,1,23,,36175,16,,,1,63,,36176,16,,,1,24,,36177,16,,,1,64,,36178,16,,,1,23,,36179,16,,,1,25,,36180,16,,,1,57,,36181,16,,,1,19,,36182,16,,,1,70,,36183,16,,,1,30,,36184,16,,,1,70,,36185,16,,,1,30,,36186,16,,,1,70,,36187,16,,,1,30,,36188,16,,,1,71,,36189,16,,,1,41,,36190,16,,,1,58,,36191,16,,,1
901,'4',652,,36230,16,,,1,75,,36196,16,,,1,75,,36231,16,,,1,34,,36197,16,,,1,75,,36232,16,,,1,33,,36198,16,,,1,73,,36199,16,,,1,33,,36200,16,,,1,73,,36201,16,,,1,78,,36202,16,,,1,28,,36203,16,,,1,23,,36204,16,,,1,63,,36205,16,,,1,23,,36206,16,,,1,63,,36207,16,,,1,23,,36208,16,,,1,23,,36209,16,,,1,63,,36210,16,,,1,23,,36211,16,,,1,23,,36212,16,,,1,63,,36213,16,,,1,24,,36214,16,,,1,64,,36215,16,,,1,23,,36216,16,,,1,25,,36217,16,,,1,57,,36218,16,,,1,19,,36219,16,,,1,70,,36220,16,,,1,30,,36221,16,,,1,70,,36222,16,,,1,30,,36223,16,,,1,70,,36224,16,,,1,30,,36225,16,,,1,71,,36226,16,,,1,41,,36227,16,,,1,58,,36228,16,,,1
2701,'2',551,,39699,8,,,1,92,,39628,9,,,1,65,,39629,8,,,1,13,,39630,9,,,1,13,,39631,8,,,1,13,,39632,8,,,1,53,,39633,9,,,1,13,,39634,9,,,1,8,,39635,9,,,1,13,,39636,9,,,1,13,,39637,9,,,1,12,,39638,9,,,1,54,,39639,9,,,1,13,,39640,9,,,1,13,,39641,9,,,1,13,,39642,9,,,1,53,,39643,9,,,1,13,,39644,9,,,1,13,,39645,9,,,1,13,,39646,9,,,1,13,,39647,9,,,1,53,,39648,9,,,1,13,,39649,9,,,1,13,,39650,9,,,1,13,,39651,9,,,1,52,,39652,9,,,1,12,,39653,9,,,1,12,,39654,9,,,1,12,,39655,9,,,1,12,,39656,9,,,1,52,,39657,9,,,1,12,,39658,9,,,1,12,,39659,9,,,1,12,,39660,9,,,1,12,,39661,9,,,1,52,,39662,9,,,1,14,,39663,9,,,1,13,,39664,9,,,1,13,,39665,9,,,1,13,,39666,9,,,1,53,,39667,9,,,1,13,,39668,9,,,1,9,,39669,8,,,1,12,,39670,9,,,1,12,,39671,9,,,1,51,,39672,9,,,1,11,,39673,9,,,1,11,,39674,8,,,1,11,,39675,9,,,1,11,,39676,9,,,1,11,,39677,9,,,1,51,,39678,9,,,1,11,,39679,9,,,1,11,,39680,9,,,1,11,,39681,9,,,1,7,,39682,9,,,1,54,,39683,9,,,1,9,,39684,9,,,1,13,,39685,9,,,1,11,,39686,9,,,1,11,,39687,9,,,1,57,,39688,9,,,1,17,,39689,9,,,1,17,,39690,9,,,1,17,,39691,9,,,1,57,,39692,9,,,1,17,,39693,9,,,1,17,,39694,9,,,1,62,,39695,9,,,1,27,,39696,9,,,1,67,,39697,9,,,1,27,,39698,9,,,1
2701,'3',855,,39700,8,,,1,83,,39710,9,,,1,71,,39701,9,,,1,104,,39711,9,,,1,33,,39702,9,,,1,72,,39719,9,,,1,32,,39712,9,,,1,72,,39703,9,,,1,32,,39720,9,,,1,71,,39713,9,,,1,34,,39704,9,,,1,72,,39721,9,,,1,70,,39714,9,,,1,34,,39705,9,,,1,72,,39722,9,,,1,30,,39715,9,,,1,75,,39706,9,,,1,45,,39716,9,,,1,85,,39707,9,,,1,85,,39717,9,,,1,84,,39708,9,,,1,40,,39718,9,,,1,80,,39709,9,,,1,80,,39723,9,,,1
2701,'30',838,,39724,8,,,1,85,,39725,9,,,1,85,,39731,9,,,1,45,,39726,9,,,1,85,,39732,9,,,1,85,,39727,9,,,1,88,,39733,9,,,1,32,,39734,9,,,1,72,,39728,9,,,1,32,,39736,9,,,1,72,,39735,9,,,1,32,,39729,9,,,1,72,,39737,9,,,1,32,,39739,9,,,1,70,,39730,9,,,1,77,,39738,9,,,1,45,,39740,9,,,1,85,,39741,9,,,1
2701,'4',838,,39742,8,,,1,85,,39743,9,,,1,85,,39749,9,,,1,45,,39744,9,,,1,85,,39750,9,,,1,85,,39745,9,,,1,88,,39751,9,,,1,32,,39752,9,,,1,72,,39746,9,,,1,32,,39754,9,,,1,72,,39753,9,,,1,32,,39747,9,,,1,72,,39755,9,,,1,32,,39757,9,,,1,70,,39748,9,,,1,77,,39756,9,,,1,45,,39758,9,,,1,85,,39759,9,,,1
3101,'2',619,,39979,20,,,1,34,,39980,20,,,1,60,,39981,20,,,1,20,,39982,20,,,1,20,,39983,20,,,1,60,,39984,20,,,1,20,,39985,20,,,1,20,,39986,20,,,1,53,,39987,20,,,1,25,,39988,20,,,1,20,,39989,20,,,1,70,,39990,20,,,1,30,,39991,20,,,1,70,,39992,20,,,1,30,,39993,20,,,1,70,,39994,20,,,1,30,,39995,20,,,1,70,,39996,20,,,1,26,,39997,20,,,1,70,,39998,20,,,1,25,,39999,20,,,1,60,,40000,20,,,1,20,,40001,20,,,1,20,,40002,20,,,1,61,,40003,20,,,1,20,,40004,20,,,1,20,,40005,20,,,1,60,,40006,20,,,1,20,,40007,20,,,1,20,,40008,20,,,1,59,,40009,20,,,1,20,,40010,20,,,1,18,,40011,20,,,1,70,,40012,20,,,1,30,,40013,20,,,1,70,,40014,20,,,1,30,,40015,20,,,1,70,,40016,20,,,1,30,,40017,20,,,1,70,,40018,20,,,1,30,,40019,20,,,1,70,,40020,20,,,1,30,,40021,20,,,1,70,,40022,20,,,1,25,,40023,20,,,1,22,,40024,20,,,1
3101,'3',724,,40025,20,,,1,25,,40026,20,,,1,65,,40027,20,,,1,25,,40028,20,,,1,65,,40029,20,,,1,25,,40030,20,,,1,25,,40031,20,,,1,64,,40032,20,,,1,25,,40033,20,,,1,65,,40034,20,,,1,25,,40035,20,,,1,25,,40036,20,,,1,67,,40037,20,,,1,27,,40038,20,,,1,67,,40039,20,,,1,27,,40040,20,,,1,66,,40041,20,,,1,27,,40042,20,,,1,67,,40043,20,,,1,27,,40044,20,,,1,67,,40045,20,,,1,27,,40046,20,,,1,25,,40047,20,,,1,67,,40048,20,,,1,27,,40049,20,,,1,66,,40050,20,,,1,25,,40051,20,,,1,65,,40052,20,,,1,25,,40053,20,,,1,25,,40054,20,,,1,65,,40055,20,,,1,25,,40056,20,,,1,65,,40057,20,,,1,26,,40058,20,,,1,25,,40059,20,,,1,65,,40060,20,,,1,25,,40061,20,,,1,65,,40062,20,,,1,25,,40063,20,,,1,65,,40064,20,,,1,25,,40065,20,,,1,25,,40066,20,,,1
3101,'30',729,,40078,20,,,1,25,,40067,20,,,1,65,,40068,20,,,1,25,,40069,20,,,1,65,,40070,20,,,1,25,,40071,20,,,1,25,,40072,20,,,1,65,,40073,20,,,1,25,,40074,20,,,1,65,,40075,20,,,1,25,,40076,20,,,1,65,,40077,20,,,1,25,,40079,20,,,1,25,,40080,20,,,1,65,,40081,20,,,1,25,,40082,20,,,1,65,,40083,20,,,1,25,,40084,20,,,1,25,,40085,20,,,1,65,,40086,20,,,1,25,,40087,20,,,1,65,,40088,20,,,1,25,,40089,20,,,1,65,,40090,20,,,1,25,,40091,20,,,1,25,,40092,20,,,1,65,,40093,20,,,1,25,,40094,20,,,1,65,,40095,20,,,1,25,,40096,20,,,1,25,,40097,20,,,1,67,,40098,20,,,1
3101,'4',729,,40110,20,,,1,25,,40099,20,,,1,65,,40100,20,,,1,25,,40101,20,,,1,65,,40102,20,,,1,25,,40103,20,,,1,25,,40104,20,,,1,65,,40105,20,,,1,25,,40106,20,,,1,65,,40107,20,,,1,25,,40108,20,,,1,65,,40109,20,,,1,25,,40111,20,,,1,25,,40112,20,,,1,65,,40113,20,,,1,25,,40114,20,,,1,65,,40115,20,,,1,25,,40116,20,,,1,25,,40117,20,,,1,65,,40118,20,,,1,25,,40119,20,,,1,65,,40120,20,,,1,25,,40121,20,,,1,65,,40122,20,,,1,25,,40123,20,,,1,25,,40124,20,,,1,65,,40125,20,,,1,25,,40126,20,,,1,65,,40127,20,,,1,25,,40128,20,,,1,25,,40129,20,,,1,67,,40130,20,,,1
12700,'3302',655,,42080,18,,,1,91,,42081,18,,,1,58,,42082,18,,,1,54,,42083,18,,,1,57,,42084,18,,,1,91,,42085,18,,,1,23,,42086,18,,,1,86,,42087,18,,,1,23,,42088,18,,,1,86,,42089,18,,,1,23,,42090,18,,,1,86,,42091,18,,,1,24,,42092,18,,,1,87,,42093,18,,,1,70,,42094,18,,,1,45,,42095,18,,,1,72,,42096,18,,,1,88,,42097,18,,,1,36,,42098,18,,,1,75,,42099,18,,,1,77,,42100,18,,,1,34,,42101,18,,,1,74,,42102,18,,,1,34,,42103,18,,,1,100,,42104,18,,,1,104,,42105,18,,,1,101,,42106,18,,,1
12700,'3602',617,,42107,18,,,1,93,,42108,18,,,1,16,,42109,18,,,1,96,,42110,18,,,1,18,,42111,18,,,1,102,,42112,18,,,1,110,,42113,18,,,1,149,,42114,18,,,1,109,,42115,18,,,1,104,,42116,18,,,1,15,,42117,18,,,1,30,,42118,18,,,1,70,,42119,18,,,1,15,,42120,18,,,1,71,,42121,18,,,1,32,,42122,18,,,1,56,,42123,18,,,1,32,,42124,18,,,1
12700,'3903',615,,42125,18,,,1,100,,42126,18,,,1,103,,42127,18,,,1,102,,42128,18,,,1,103,,42129,18,,,1,34,,42130,18,,,1,74,,42131,18,,,1,74,,42132,18,,,1,36,,42133,18,,,1,75,,42134,18,,,1,35,,42135,18,,,1,76,,42136,18,,,1,75,,42137,18,,,1,35,,42138,18,,,1,75,,42139,18,,,1,35,,42140,18,,,1,75,,42141,18,,,1,35,,42142,18,,,1,74,,42143,18,,,1,74,,42144,18,,,1,34,,42145,18,,,1,74,,42146,18,,,1,34,,42147,18,,,1,101,,42148,18,,,1,102,,42149,18,,,1,102,,42150,18,,,1
12700,'6404',705,,42151,8,,,1,102,,42152,18,,,1,103,,42153,18,,,1,34,,42154,18,,,1,74,,42155,18,,,1,34,,42156,18,,,1,74,,42157,18,,,1,74,,42158,18,,,1,35,,42159,18,,,1,74,,42160,18,,,1,34,,42161,18,,,1,74,,42162,18,,,1,34,,42163,18,,,1,74,,42164,18,,,1,34,,42165,18,,,1,74,,42166,18,,,1,73,,42167,18,,,1,28,,42168,18,,,1,77,,42169,18,,,1,101,,42170,18,,,1,101,,42171,18,,,1,101,,42172,18,,,1,101,,42173,18,,,1
