901,'2',609,,44696,17,,,1,20,,44697,17,,,1,17,,44698,17,,,1,13,,44699,17,,,1,56,,44700,17,,,1,15,,44701,17,,,1,14,,44702,17,,,1,56,,44703,17,,,1,15,,44704,17,,,1,17,,44705,17,,,1,16,,44706,17,,,1,55,,44707,17,,,1,15,,44708,17,,,1,15,,44709,17,,,1,15,,44710,17,,,1,55,,44711,17,,,1,15,,44712,17,,,1,15,,44713,17,,,1,15,,44714,17,,,1,55,,44715,17,,,1,15,,44716,17,,,1,15,,44717,17,,,1,15,,44718,17,,,1,55,,44719,17,,,1,15,,44720,17,,,1,15,,44721,17,,,1,15,,44722,17,,,1,55,,44723,17,,,1,15,,44724,17,,,1,15,,44725,17,,,1,13,,44726,17,,,1,54,,44727,17,,,1,15,,44728,17,,,1,15,,44729,17,,,1,15,,44730,17,,,1,55,,44731,17,,,1,15,,44732,17,,,1,15,,44733,17,,,1,15,,44734,17,,,1,55,,44735,17,,,1,15,,44736,17,,,1,15,,44737,17,,,1,15,,44738,17,,,1,55,,44739,17,,,1,15,,44740,17,,,1,15,,44741,17,,,1,17,,44742,17,,,1,65,,44743,17,,,1,15,,44744,17,,,1,14,,44745,17,,,1,62,,44746,17,,,1,22,,44747,17,,,1,22,,44748,17,,,1,62,,44749,17,,,1,22,,44750,17,,,1,26,,44751,17,,,1,70,,44752,17,,,1,32,,44753,17,,,1,72,,44754,17,,,1,72,,44755,17,,,1,37,,44756,17,,,1,100,,44757,17,,,1
901,'3',613,,44763,17,,,1,30,,44802,17,,,1,70,,44764,17,,,1,30,,44801,17,,,1,70,,44765,17,,,1,35,,44766,17,,,1,72,,44767,17,,,1,86,,44768,17,,,1,25,,44769,17,,,1,25,,44770,17,,,1,62,,44771,17,,,1,25,,44772,17,,,1,65,,44773,17,,,1,29,,44774,17,,,1,21,,44775,17,,,1,65,,44776,17,,,1,28,,44777,17,,,1,62,,44778,17,,,1,24,,44779,17,,,1,65,,44780,17,,,1,25,,44781,17,,,1,25,,44782,17,,,1,65,,44783,17,,,1,25,,44784,17,,,1,65,,44785,17,,,1,25,,44786,17,,,1,25,,44787,17,,,1,85,,44789,17,,,1,65,,44790,17,,,1,38,,44791,17,,,1,75,,44792,17,,,1,35,,44793,17,,,1,76,,44794,17,,,1,75,,44795,17,,,1,35,,44796,17,,,1,75,,44797,17,,,1,35,,44798,17,,,1
901,'30',653,,44837,17,,,1,75,,44803,17,,,1,75,,44838,17,,,1,34,,44804,17,,,1,75,,44839,17,,,1,33,,44805,17,,,1,73,,44806,17,,,1,33,,44807,17,,,1,73,,44808,17,,,1,78,,44809,17,,,1,28,,44810,17,,,1,23,,44811,17,,,1,63,,44812,17,,,1,23,,44813,17,,,1,63,,44814,17,,,1,23,,44815,17,,,1,23,,44816,17,,,1,63,,44817,17,,,1,23,,44818,17,,,1,23,,44819,17,,,1,63,,44820,17,,,1,24,,44821,17,,,1,64,,44822,17,,,1,23,,44823,17,,,1,25,,44824,17,,,1,57,,44825,17,,,1,19,,44826,17,,,1,70,,44827,17,,,1,30,,44828,17,,,1,70,,44829,17,,,1,30,,44830,17,,,1,70,,44831,17,,,1,30,,44832,17,,,1,71,,44833,17,,,1,41,,44834,17,,,1,58,,44835,17,,,1
901,'4',653,,44874,17,,,1,75,,44840,17,,,1,75,,44875,17,,,1,34,,44841,17,,,1,75,,44876,17,,,1,33,,44842,17,,,1,73,,44843,17,,,1,33,,44844,17,,,1,73,,44845,17,,,1,78,,44846,17,,,1,28,,44847,17,,,1,23,,44848,17,,,1,63,,44849,17,,,1,23,,44850,17,,,1,63,,44851,17,,,1,23,,44852,17,,,1,23,,44853,17,,,1,63,,44854,17,,,1,23,,44855,17,,,1,23,,44856,17,,,1,63,,44857,17,,,1,24,,44858,17,,,1,64,,44859,17,,,1,23,,44860,17,,,1,25,,44861,17,,,1,57,,44862,17,,,1,19,,44863,17,,,1,70,,44864,17,,,1,30,,44865,17,,,1,70,,44866,17,,,1,30,,44867,17,,,1,70,,44868,17,,,1,30,,44869,17,,,1,71,,44870,17,,,1,41,,44871,17,,,1,58,,44872,17,,,1
2701,'11802',755,,48307,10,,,1,877,,48308,10,,,1
2701,'2',552,,48380,9,,,1,92,,48309,10,,,1,65,,48310,9,,,1,13,,48311,10,,,1,13,,48312,9,,,1,13,,48313,9,,,1,53,,48314,10,,,1,13,,48315,10,,,1,8,,48316,10,,,1,13,,48317,10,,,1,13,,48318,10,,,1,52,,48319,10,,,1,14,,48320,10,,,1,13,,48321,10,,,1,13,,48322,10,,,1,13,,48323,10,,,1,53,,48324,10,,,1,13,,48325,10,,,1,13,,48326,10,,,1,13,,48327,10,,,1,13,,48328,10,,,1,53,,48329,10,,,1,13,,48330,10,,,1,13,,48331,10,,,1,13,,48332,10,,,1,52,,48333,10,,,1,12,,48334,10,,,1,12,,48335,10,,,1,12,,48336,10,,,1,12,,48337,10,,,1,52,,48338,10,,,1,12,,48339,10,,,1,12,,48340,10,,,1,12,,48341,10,,,1,12,,48342,10,,,1,52,,48343,10,,,1,14,,48344,10,,,1,13,,48345,10,,,1,13,,48346,10,,,1,13,,48347,10,,,1,53,,48348,10,,,1,13,,48349,10,,,1,9,,48350,9,,,1,12,,48351,10,,,1,12,,48352,10,,,1,51,,48353,10,,,1,11,,48354,10,,,1,11,,48355,9,,,1,11,,48356,10,,,1,11,,48357,10,,,1,51,,48358,10,,,1,11,,48359,10,,,1,11,,48360,10,,,1,11,,48361,10,,,1,11,,48362,10,,,1,7,,48363,10,,,1,54,,48364,10,,,1,9,,48365,10,,,1,13,,48366,10,,,1,11,,48367,10,,,1,11,,48368,10,,,1,57,,48369,10,,,1,17,,48370,10,,,1,17,,48371,10,,,1,17,,48372,10,,,1,57,,48373,10,,,1,17,,48374,10,,,1,17,,48375,10,,,1,62,,48376,10,,,1,27,,48377,10,,,1,67,,48378,10,,,1,27,,48379,10,,,1
2701,'3',856,,48381,9,,,1,83,,48391,10,,,1,71,,48382,10,,,1,104,,48392,10,,,1,33,,48383,10,,,1,72,,48400,10,,,1,32,,48393,10,,,1,72,,48384,10,,,1,32,,48401,10,,,1,71,,48394,10,,,1,74,,48385,10,,,1,32,,48402,10,,,1,70,,48395,10,,,1,34,,48386,10,,,1,72,,48403,10,,,1,30,,48396,10,,,1,75,,48387,10,,,1,45,,48397,10,,,1,85,,48388,10,,,1,85,,48398,10,,,1,84,,48389,10,,,1,40,,48399,10,,,1,80,,48390,10,,,1,80,,48404,10,,,1
2701,'30',839,,48405,9,,,1,85,,48406,10,,,1,85,,48412,10,,,1,45,,48407,10,,,1,85,,48413,10,,,1,85,,48408,10,,,1,88,,48414,10,,,1,32,,48415,10,,,1,72,,48409,10,,,1,32,,48417,10,,,1,72,,48416,10,,,1,32,,48410,10,,,1,72,,48418,10,,,1,32,,48420,10,,,1,70,,48411,10,,,1,77,,48419,10,,,1,45,,48421,10,,,1,85,,48422,10,,,1
2701,'4',839,,48423,9,,,1,85,,48424,10,,,1,85,,48430,10,,,1,45,,48425,10,,,1,85,,48431,10,,,1,85,,48426,10,,,1,88,,48432,10,,,1,32,,48433,10,,,1,72,,48427,10,,,1,32,,48435,10,,,1,72,,48434,10,,,1,32,,48428,10,,,1,72,,48436,10,,,1,32,,48438,10,,,1,70,,48429,10,,,1,77,,48437,10,,,1,45,,48439,10,,,1,85,,48440,10,,,1
3101,'11802',919,,48662,21,,,1,737,,48663,21,,,1
3101,'2',620,,48664,21,,,1,34,,48665,21,,,1,60,,48666,21,,,1,20,,48667,21,,,1,20,,48668,21,,,1,60,,48669,21,,,1,20,,48670,21,,,1,20,,48671,21,,,1,53,,48672,21,,,1,25,,48673,21,,,1,20,,48674,21,,,1,70,,48675,21,,,1,30,,48676,21,,,1,70,,48677,21,,,1,30,,48678,21,,,1,70,,48679,21,,,1,30,,48680,21,,,1,70,,48681,21,,,1,26,,48682,21,,,1,70,,48683,21,,,1,25,,48684,21,,,1,60,,48685,21,,,1,20,,48686,21,,,1,20,,48687,21,,,1,61,,48688,21,,,1,20,,48689,21,,,1,20,,48690,21,,,1,60,,48691,21,,,1,20,,48692,21,,,1,20,,48693,21,,,1,59,,48694,21,,,1,20,,48695,21,,,1,18,,48696,21,,,1,70,,48697,21,,,1,30,,48698,21,,,1,70,,48699,21,,,1,30,,48700,21,,,1,70,,48701,21,,,1,30,,48702,21,,,1,70,,48703,21,,,1,30,,48704,21,,,1,70,,48705,21,,,1,30,,48706,21,,,1,70,,48707,21,,,1,25,,48708,21,,,1,22,,48709,21,,,1
3101,'3',724,,48710,21,,,1,25,,48711,21,,,1,65,,48712,21,,,1,25,,48713,21,,,1,65,,48714,21,,,1,25,,48715,21,,,1,25,,48716,21,,,1,65,,48717,21,,,1,25,,48718,21,,,1,65,,48719,21,,,1,25,,48720,21,,,1,25,,48721,21,,,1,67,,48722,21,,,1,27,,48723,21,,,1,67,,48724,21,,,1,27,,48725,21,,,1,66,,48726,21,,,1,27,,48727,21,,,1,67,,48728,21,,,1,27,,48729,21,,,1,67,,48730,21,,,1,27,,48731,21,,,1,25,,48732,21,,,1,67,,48733,21,,,1,27,,48734,21,,,1,66,,48735,21,,,1,25,,48736,21,,,1,65,,48737,21,,,1,25,,48738,21,,,1,25,,48739,21,,,1,65,,48740,21,,,1,25,,48741,21,,,1,64,,48742,21,,,1,26,,48743,21,,,1,25,,48744,21,,,1,65,,48745,21,,,1,25,,48746,21,,,1,65,,48747,21,,,1,25,,48748,21,,,1,65,,48749,21,,,1,25,,48750,21,,,1,25,,48751,21,,,1
3101,'30',729,,48763,21,,,1,25,,48752,21,,,1,65,,48753,21,,,1,25,,48754,21,,,1,65,,48755,21,,,1,25,,48756,21,,,1,25,,48757,21,,,1,65,,48758,21,,,1,25,,48759,21,,,1,65,,48760,21,,,1,25,,48761,21,,,1,66,,48762,21,,,1,25,,48764,21,,,1,25,,48765,21,,,1,65,,48766,21,,,1,25,,48767,21,,,1,65,,48768,21,,,1,25,,48769,21,,,1,65,,48770,21,,,1,25,,48771,21,,,1,25,,48772,21,,,1,65,,48773,21,,,1,25,,48774,21,,,1,65,,48775,21,,,1,25,,48776,21,,,1,25,,48777,21,,,1,65,,48778,21,,,1,25,,48779,21,,,1,65,,48780,21,,,1,25,,48781,21,,,1,65,,48782,21,,,1,27,,48783,21,,,1
3101,'4',729,,48795,21,,,1,25,,48784,21,,,1,65,,48785,21,,,1,25,,48786,21,,,1,65,,48787,21,,,1,25,,48788,21,,,1,25,,48789,21,,,1,65,,48790,21,,,1,25,,48791,21,,,1,65,,48792,21,,,1,25,,48793,21,,,1,66,,48794,21,,,1,25,,48796,21,,,1,25,,48797,21,,,1,65,,48798,21,,,1,25,,48799,21,,,1,65,,48800,21,,,1,25,,48801,21,,,1,65,,48802,21,,,1,25,,48803,21,,,1,25,,48804,21,,,1,65,,48805,21,,,1,25,,48806,21,,,1,65,,48807,21,,,1,25,,48808,21,,,1,25,,48809,21,,,1,65,,48810,21,,,1,25,,48811,21,,,1,65,,48812,21,,,1,25,,48813,21,,,1,65,,48814,21,,,1,27,,48815,21,,,1
12700,'3302',656,,50785,19,,,1,91,,50786,19,,,1,58,,50787,19,,,1,54,,50788,19,,,1,57,,50789,19,,,1,91,,50790,19,,,1,23,,50791,19,,,1,86,,50792,19,,,1,23,,50793,19,,,1,86,,50794,19,,,1,23,,50795,19,,,1,86,,50796,19,,,1,24,,50797,19,,,1,87,,50798,19,,,1,70,,50799,19,,,1,85,,50800,19,,,1,32,,50801,19,,,1,88,,50802,19,,,1,36,,50803,19,,,1,75,,50804,19,,,1,77,,50805,19,,,1,34,,50806,19,,,1,74,,50807,19,,,1,34,,50808,19,,,1,100,,50809,19,,,1,104,,50810,19,,,1,101,,50811,19,,,1
12700,'3602',618,,50812,19,,,1,93,,50813,19,,,1,16,,50814,19,,,1,96,,50815,19,,,1,18,,50816,19,,,1,102,,50817,19,,,1,110,,50818,19,,,1,149,,50819,19,,,1,109,,50820,19,,,1,104,,50821,19,,,1,15,,50822,19,,,1,70,,50823,19,,,1,30,,50824,19,,,1,15,,50825,19,,,1,71,,50826,19,,,1,32,,50827,19,,,1,56,,50828,19,,,1,32,,50829,19,,,1
12700,'3903',616,,50830,19,,,1,100,,50831,19,,,1,103,,50832,19,,,1,102,,50833,19,,,1,103,,50834,19,,,1,34,,50835,19,,,1,74,,50836,19,,,1,74,,50837,19,,,1,36,,50838,19,,,1,75,,50839,19,,,1,35,,50840,19,,,1,76,,50841,19,,,1,75,,50842,19,,,1,35,,50843,19,,,1,75,,50844,19,,,1,35,,50845,19,,,1,75,,50846,19,,,1,35,,50847,19,,,1,74,,50848,19,,,1,74,,50849,19,,,1,34,,50850,19,,,1,74,,50851,19,,,1,34,,50852,19,,,1,101,,50853,19,,,1,102,,50854,19,,,1,102,,50855,19,,,1
12700,'6404',706,,50856,9,,,1,102,,50857,19,,,1,103,,50858,19,,,1,34,,50859,19,,,1,74,,50860,19,,,1,34,,50861,19,,,1,74,,50862,19,,,1,74,,50863,19,,,1,35,,50864,19,,,1,74,,50865,19,,,1,34,,50866,19,,,1,74,,50867,19,,,1,34,,50868,19,,,1,74,,50869,19,,,1,74,,50870,19,,,1,34,,50871,19,,,1,73,,50872,19,,,1,28,,50873,19,,,1,77,,50874,19,,,1,101,,50875,19,,,1,101,,50876,19,,,1,101,,50877,19,,,1,101,,50878,19,,,1
