1700,'11802',717,,46724,31,,,1,41,,46726,1,,,1,61,,46727,1,,,1,124,,46728,31,,,1,479,,46725,2,,,1
1700,'2',640,,46739,51,0,10 23 20,1,60,,46740,59,0,13 23 20,1,20,,46780,51,0,10 23 20,1,20,,46741,59,0,13 23 20,1,61,,46781,51,0,10 23 20,1,19,,46742,59,0,13 23 20,1,20,,46743,51,0,10 23 20,1,18,,46744,59,0,13 23 20,1,61,,46745,51,0,10 23 20,1,20,,46746,59,0,13 23 20,1,20,,46747,51,0,10 23 20,1,60,,46748,59,0,13 23 20,1,20,,46749,51,0,10 23 20,1,20,,46750,59,0,13 23 20,1,60,,46751,51,0,10 23 20,1,20,,46752,59,0,13 23 20,1,20,,46753,51,0,10 23 20,1,60,,46754,59,0,13 23 20,1,20,,46755,51,0,10 23 20,1,61,,46756,59,0,13 23 20,1,21,,46757,51,0,10 23 20,1,25,,46758,59,0,13 23 20,1,63,,46759,51,0,10 23 20,1,21,,46760,59,0,13 23 20,1,20,,46761,51,0,10 23 20,1,60,,46762,59,0,13 23 20,1,18,,46763,51,0,10 23 20,1,20,,46764,59,0,13 23 20,1,57,,46765,51,0,10 23 20,1,15,,46766,59,0,13 23 20,1,21,,46767,51,0,10 23 20,1,63,,46768,59,0,13 23 20,1,20,,46769,51,0,10 23 20,1,20,,46770,59,0,13 23 20,1,62,,46771,51,0,10 23 20,1,12,,46772,59,0,13 23 20,1,23,,46773,51,0,10 23 20,1,63,,46782,51,0,10 23 20,1,21,,46775,59,0,13 23 20,1,14,,46729,51,0,10 23 20,1,19,,46738,51,0,10 23 20,1,59,,46737,51,0,10 23 20,1,19,,46736,51,0,10 23 20,1,19,,46735,51,0,10 23 20,1,59,,46734,51,0,10 23 20,1,17,,46733,51,0,10 23 20,1,21,,46731,51,0,10 23 20,1,70,,46732,51,0,10 23 20,1,25,,46730,51,0,10 23 20,1,60,,46776,51,0,10 23 20,1,25,,46777,51,0,10 23 20,1,25,,46778,51,0,10 23 20,1,65,,46779,51,0,10 23 20,1,22,,46783,51,0,10 23 20,1,65,,46784,51,0,10 23 20,1
1700,'3',633,,46819,51,0,10 23 20,1,79,,46817,51,0,10 23 20,1,36,,46818,51,0,10 23 20,1,80,,46816,51,0,10 23 20,1,75,,46815,51,0,10 23 20,1,30,,46814,51,0,10 23 20,1,82,,46813,51,0,10 23 20,1,31,,46812,51,0,10 23 20,1,72,,46811,51,0,10 23 20,1,30,,46820,51,0,10 23 20,1,71,,46810,51,0,10 23 20,1,31,,46809,51,0,10 23 20,1,70,,46808,51,0,10 23 20,1,30,,46807,51,0,10 23 20,1,70,,46806,51,0,10 23 20,1,30,,46805,51,0,10 23 20,1,70,,46804,51,0,10 23 20,1,30,,46803,51,0,10 23 20,1,70,,46802,51,0,10 23 20,1,30,,46801,51,0,10 23 20,1,70,,46800,51,0,10 23 20,1,30,,46799,51,0,10 23 20,1,67,,46798,51,0,10 23 20,1,30,,46797,51,0,10 23 20,1,68,,46796,51,0,10 23 20,1,30,,46795,51,0,10 23 20,1,60,,46794,51,0,10 23 20,1,30,,46793,51,0,10 23 20,1,70,,46792,51,0,10 23 20,1,30,,46791,51,0,10 23 20,1,14,,46790,51,0,10 23 20,1,69,,46789,51,0,10 23 20,1,30,,46788,51,0,10 23 20,1,70,,46787,51,0,10 23 20,1,15,,46821,51,0,10 23 20,1,70,,46786,51,0,10 23 20,1,22,,46822,51,0,10 23 20,1,19,,46823,51,0,10 23 20,1,60,,46824,51,0,10 23 20,1
1700,'30',701,,46855,51,0,10 23 20,1,35,,46856,51,0,10 23 20,1,75,,46857,51,0,10 23 20,1,35,,46858,51,0,10 23 20,1,75,,46828,51,0,10 23 20,1,30,,46829,51,0,10 23 20,1,70,,46830,51,0,10 23 20,1,30,,46831,51,0,10 23 20,1,65,,46832,51,0,10 23 20,1,25,,46833,51,0,10 23 20,1,62,,46834,51,0,10 23 20,1,32,,46835,51,0,10 23 20,1,70,,46836,51,0,10 23 20,1,25,,46837,51,0,10 23 20,1,25,,46838,51,0,10 23 20,1,70,,46839,51,0,10 23 20,1,30,,46840,51,0,10 23 20,1,68,,46841,51,0,10 23 20,1,30,,46842,51,0,10 23 20,1,70,,46843,51,0,10 23 20,1,30,,46844,51,0,10 23 20,1,70,,46845,51,0,10 23 20,1,30,,46846,51,0,10 23 20,1,59,,46847,51,0,10 23 20,1,28,,46848,51,0,10 23 20,1,70,,46849,51,0,10 23 20,1,30,,46850,51,0,10 23 20,1,80,,46851,51,0,10 23 20,1,35,,46852,51,0,10 23 20,1,75,,46853,51,0,10 23 20,1,75,,46854,51,0,10 23 20,1,31,,46827,51,0,10 23 20,1,70,,46860,51,0,10 23 20,1,35,,46859,51,0,10 23 20,1
1700,'4',701,,46890,51,0,10 23 20,1,35,,46891,51,0,10 23 20,1,75,,46892,51,0,10 23 20,1,35,,46893,51,0,10 23 20,1,75,,46863,51,0,10 23 20,1,30,,46864,51,0,10 23 20,1,70,,46865,51,0,10 23 20,1,30,,46866,51,0,10 23 20,1,65,,46867,51,0,10 23 20,1,25,,46868,51,0,10 23 20,1,62,,46869,51,0,10 23 20,1,32,,46870,51,0,10 23 20,1,70,,46871,51,0,10 23 20,1,25,,46872,51,0,10 23 20,1,25,,46873,51,0,10 23 20,1,70,,46874,51,0,10 23 20,1,30,,46875,51,0,10 23 20,1,68,,46876,51,0,10 23 20,1,30,,46877,51,0,10 23 20,1,70,,46878,51,0,10 23 20,1,30,,46879,51,0,10 23 20,1,70,,46880,51,0,10 23 20,1,30,,46881,51,0,10 23 20,1,59,,46882,51,0,10 23 20,1,28,,46883,51,0,10 23 20,1,70,,46884,51,0,10 23 20,1,30,,46885,51,0,10 23 20,1,80,,46886,51,0,10 23 20,1,35,,46887,51,0,10 23 20,1,75,,46888,51,0,10 23 20,1,75,,46889,51,0,10 23 20,1,31,,46862,51,0,10 23 20,1,70,,46895,51,0,10 23 20,1,35,,46894,51,0,10 23 20,1
2000,'2',649,,47293,60,4,,1,56,,47296,60,4,,1,26,,47299,25,4,,1,9,,47294,60,4,,1,15,,47295,60,4,,1,55,,47297,60,4,,1,15,,47319,60,4,,1,15,,47320,60,4,,1,15,,47321,60,4,,1,55,,47322,60,4,,1,16,,47323,60,4,,1,16,,47324,60,4,,1,15,,47325,60,4,,1,55,,47326,60,4,,1,15,,47327,60,4,,1,15,,47328,60,4,,1,15,,47329,60,4,,1,55,,47330,60,4,,1,15,,47331,60,4,,1,10,,47332,60,4,,1,15,,47333,60,4,,1,55,,47334,60,4,,1,15,,47335,60,4,,1,15,,47336,60,4,,1,15,,47337,60,4,,1,55,,47338,60,4,,1,15,,47339,60,4,,1,15,,47340,60,4,,1,15,,47341,60,4,,1,56,,47342,60,4,,1,10,,47343,60,4,,1,15,,47344,60,4,,1,15,,47345,60,4,,1,55,,47346,60,4,,1,15,,47347,60,4,,1,15,,47348,60,4,,1,15,,47349,60,4,,1,55,,47350,60,4,,1,15,,47351,60,4,,1,15,,47352,60,4,,1,15,,47353,60,4,,1,55,,47354,60,4,,1,15,,47355,60,4,,1,15,,47356,60,4,,1,19,,47357,60,4,,1,61,,47298,60,4,,1,15,,47300,60,4,,1,16,,47301,60,4,,1,15,,47302,60,4,,1,52,,47311,60,4,,1,12,,47303,60,4,,1,15,,47304,60,4,,1,20,,47305,60,4,,1,72,,47306,60,4,,1,13,,47307,60,4,,1,67,,47308,60,4,,1,26,,47309,60,4,,1,18,,47312,60,4,,1,71,,47313,60,4,,1,26,,47314,60,4,,1,66,,47315,60,4,,1,26,,47292,60,4,,1,68,,47317,60,4,,1,25,,47318,60,4,,1,81,,47316,60,4,,1
2000,'3',612,,47362,2,4,,1,35,,47361,60,4,,1,66,,47364,60,4,,1,30,,47365,60,4,,1,81,,47366,60,4,,1,29,,47367,60,4,,1,66,,47368,60,4,,1,26,,47369,60,4,,1,66,,47370,60,4,,1,32,,47371,60,4,,1,64,,47372,60,4,,1,20,,47373,60,4,,1,20,,47374,60,4,,1,60,,47375,60,4,,1,20,,47376,60,4,,1,20,,47377,60,4,,1,63,,47378,60,4,,1,20,,47379,60,4,,1,20,,47380,60,4,,1,60,,47381,60,4,,1,20,,47382,60,4,,1,20,,47383,60,4,,1,59,,47384,60,4,,1,20,,47385,60,4,,1,20,,47386,60,4,,1,60,,47387,60,4,,1,20,,47388,60,4,,1,20,,47389,60,4,,1,60,,47390,60,4,,1,20,,47391,60,4,,1,20,,47392,60,4,,1,60,,47393,60,4,,1,14,,47394,60,4,,1,20,,47395,60,4,,1,63,,47396,60,4,,1,27,,47397,60,4,,1,67,,47398,60,4,,1,27,,47399,60,4,,1,27,,47400,60,4,,1,67,,47401,60,4,,1,27,,47402,60,4,,1,60,,47403,60,4,,1,27,,47404,60,4,,1,67,,47405,60,4,,1,27,,47406,60,4,,1,27,,47407,60,4,,1,61,,47408,60,4,,1,19,,47409,60,4,,1,81,,47363,60,4,,1
2000,'30',712,,47411,60,4,,1,42,,47412,60,4,,1,85,,47413,60,4,,1,87,,47414,60,4,,1,31,,47415,60,4,,1,66,,47416,60,4,,1,25,,47417,60,4,,1,66,,47418,60,4,,1,27,,47419,60,4,,1,66,,47420,60,4,,1,26,,47421,60,4,,1,70,,47422,60,4,,1,26,,47423,60,4,,1,26,,47424,60,4,,1,66,,47425,60,4,,1,26,,47426,60,4,,1,66,,47427,60,4,,1,26,,47428,60,4,,1,66,,47429,60,4,,1,26,,47430,60,4,,1,26,,47431,60,4,,1,66,,47432,60,4,,1,26,,47433,60,4,,1,63,,47434,60,4,,1,25,,47435,60,4,,1,65,,47436,60,4,,1,25,,47437,60,4,,1,25,,47438,60,4,,1,65,,47439,60,4,,1,25,,47440,60,4,,1,65,,47441,60,4,,1,25,,47442,60,4,,1,25,,47443,60,4,,1,66,,47444,60,4,,1,19,,47445,60,4,,1,60,,47446,60,4,,1
2000,'4',712,,47448,60,4,,1,42,,47449,60,4,,1,85,,47450,60,4,,1,87,,47451,60,4,,1,31,,47452,60,4,,1,66,,47453,60,4,,1,25,,47454,60,4,,1,66,,47455,60,4,,1,27,,47456,60,4,,1,66,,47457,60,4,,1,26,,47458,60,4,,1,70,,47459,60,4,,1,26,,47460,60,4,,1,26,,47461,60,4,,1,66,,47462,60,4,,1,26,,47463,60,4,,1,66,,47464,60,4,,1,26,,47465,60,4,,1,66,,47466,60,4,,1,26,,47467,60,4,,1,26,,47468,60,4,,1,66,,47469,60,4,,1,26,,47470,60,4,,1,63,,47471,60,4,,1,25,,47472,60,4,,1,65,,47473,60,4,,1,25,,47474,60,4,,1,25,,47475,60,4,,1,65,,47476,60,4,,1,25,,47477,60,4,,1,65,,47478,60,4,,1,25,,47479,60,4,,1,25,,47480,60,4,,1,66,,47481,60,4,,1,19,,47482,60,4,,1,60,,47483,60,4,,1
2001,'2',605,,47484,1,,,1,45,,47485,1,,,1,54,,47489,1,,,1,15,,47514,1,,,1,15,,47515,1,,,1,15,,47516,1,,,1,55,,47517,1,,,1,15,,47518,1,,,1,15,,47519,1,,,1,15,,47520,1,,,1,55,,47521,1,,,1,15,,47522,1,,,1,15,,47523,1,,,1,15,,47524,1,,,1,53,,47525,1,,,1,15,,47526,1,,,1,15,,47527,1,,,1,15,,47528,1,,,1,55,,47529,1,,,1,15,,47530,1,,,1,15,,47531,1,,,1,12,,47532,1,,,1,15,,47533,1,,,1,55,,47534,1,,,1,15,,47535,1,,,1,15,,47536,1,,,1,15,,47537,1,,,1,55,,47538,1,,,1,15,,47539,1,,,1,16,,47540,1,,,1,55,,47541,1,,,1,15,,47542,1,,,1,15,,47543,1,,,1,15,,47544,1,,,1,55,,47545,1,,,1,15,,47546,1,,,1,15,,47547,1,,,1,12,,47548,1,,,1,15,,47549,1,,,1,60,,47490,1,,,1,10,,47491,1,,,1,15,,47492,1,,,1,15,,47493,1,,,1,55,,47494,1,,,1,15,,47495,1,,,1,20,,47496,1,,,1,56,,47497,1,,,1,20,,47498,1,,,1,24,,47499,1,,,1,60,,47500,1,,,1,20,,47501,1,,,1,25,,47502,1,,,1,60,,47503,1,,,1,32,,47504,1,,,1,72,,47505,1,,,1,26,,47506,1,,,1,66,,47507,1,,,1,26,,47508,1,,,1,66,,47509,1,,,1,26,,47510,1,,,1,20,,47512,1,,,1,68,,47513,1,,,1,26,,47511,1,,,1
2001,'3',612,,47550,1,,,1,35,,47552,1,,,1,68,,47553,1,,,1,35,,47554,1,,,1,65,,47555,1,,,1,22,,47556,1,,,1,70,,47557,1,,,1,26,,47558,1,,,1,26,,47559,1,,,1,61,,47560,1,,,1,20,,47561,1,,,1,60,,47562,1,,,1,20,,47563,1,,,1,20,,47564,1,,,1,60,,47565,1,,,1,20,,47566,1,,,1,20,,47567,1,,,1,60,,47568,1,,,1,20,,47569,1,,,1,20,,47570,1,,,1,60,,47571,1,,,1,20,,47572,1,,,1,20,,47573,1,,,1,60,,47574,1,,,1,20,,47575,1,,,1,20,,47576,1,,,1,60,,47577,1,,,1,20,,47578,1,,,1,20,,47579,1,,,1,60,,47580,1,,,1,20,,47581,1,,,1,20,,47582,1,,,1,60,,47583,1,,,1,20,,47584,1,,,1,27,,47585,1,,,1,67,,47586,1,,,1,27,,47587,1,,,1,67,,47588,1,,,1,27,,47589,1,,,1,67,,47590,1,,,1,27,,47591,1,,,1,27,,47592,1,,,1,67,,47593,1,,,1,27,,47594,1,,,1,62,,47595,1,,,1,32,,47596,1,,,1,67,,47597,1,,,1,32,,47551,1,,,1
2001,'30',637,,47598,1,,,1,80,,47600,1,,,1,41,,47601,1,,,1,69,,47602,1,,,1,25,,47603,1,,,1,59,,47604,1,,,1,26,,47605,1,,,1,71,,47606,1,,,1,26,,47607,1,,,1,66,,47608,1,,,1,26,,47609,1,,,1,26,,47610,1,,,1,66,,47611,1,,,1,26,,47612,1,,,1,66,,47613,1,,,1,26,,47614,1,,,1,66,,47615,1,,,1,26,,47616,1,,,1,26,,47617,1,,,1,66,,47618,1,,,1,26,,47619,1,,,1,66,,47620,1,,,1,26,,47621,1,,,1,66,,47622,1,,,1,26,,47623,1,,,1,26,,47624,1,,,1,66,,47625,1,,,1,25,,47626,1,,,1,65,,47627,1,,,1,25,,47628,1,,,1,65,,47629,1,,,1,25,,47630,1,,,1,25,,47631,1,,,1,65,,47632,1,,,1,25,,47633,1,,,1,67,,47634,1,,,1,35,,47599,1,,,1
2001,'4',637,,47635,1,,,1,80,,47637,1,,,1,41,,47638,1,,,1,69,,47639,1,,,1,25,,47640,1,,,1,59,,47641,1,,,1,26,,47642,1,,,1,71,,47643,1,,,1,26,,47644,1,,,1,66,,47645,1,,,1,26,,47646,1,,,1,26,,47647,1,,,1,66,,47648,1,,,1,26,,47649,1,,,1,66,,47650,1,,,1,26,,47651,1,,,1,66,,47652,1,,,1,26,,47653,1,,,1,26,,47654,1,,,1,66,,47655,1,,,1,26,,47656,1,,,1,66,,47657,1,,,1,26,,47658,1,,,1,66,,47659,1,,,1,26,,47660,1,,,1,26,,47661,1,,,1,66,,47662,1,,,1,25,,47663,1,,,1,65,,47664,1,,,1,25,,47665,1,,,1,65,,47666,1,,,1,25,,47667,1,,,1,25,,47668,1,,,1,65,,47669,1,,,1,25,,47670,1,,,1,67,,47671,1,,,1,35,,47636,1,,,1
9100,'2',735,,49685,10,,,1,17,,49686,10,,,1,57,,49687,10,,,1,17,,49688,10,,,1,17,,49689,10,,,1,57,,49690,10,,,1,15,,49691,10,,,1,17,,49692,10,,,1,17,,49693,10,,,1,57,,49694,10,,,1,17,,49695,10,,,1,17,,49696,10,,,1,17,,49697,10,,,1,57,,49698,10,,,1,17,,49699,10,,,1,17,,49700,10,,,1,57,,49701,10,,,1,17,,49702,10,,,1,17,,49703,10,,,1,17,,49704,10,,,1,57,,49705,10,,,1,17,,49706,10,,,1,17,,49707,10,,,1,57,,49708,10,,,1,18,,49709,10,,,1,17,,49710,10,,,1,17,,49711,10,,,1,57,,49712,10,,,1,17,,49713,10,,,1,17,,49714,10,,,1,57,,49715,10,,,1,18,,49716,10,,,1,17,,49717,10,,,1,17,,49718,10,,,1,57,,49719,10,,,1,18,,49720,10,,,1,17,,49721,10,,,1,57,,49722,10,,,1,14,,49723,10,,,1,17,,49724,10,,,1,17,,49725,10,,,1,57,,49726,10,,,1,17,,49727,10,,,1,17,,49728,10,,,1,58,,49729,10,,,1
9100,'3',1137,,49730,10,,,1,67,,49731,10,,,1,26,,49732,10,,,1,26,,49733,10,,,1,66,,49734,10,,,1,26,,49735,10,,,1,66,,49736,10,,,1,26,,49737,10,,,1,66,,49738,10,,,1,26,,49739,10,,,1,26,,49740,10,,,1,66,,49741,10,,,1,26,,49742,10,,,1,66,,49743,10,,,1,26,,49744,10,,,1,66,,49745,10,,,1,26,,49746,10,,,1,66,,49747,10,,,1,26,,49748,10,,,1,26,,49749,10,,,1,66,,49750,10,,,1,26,,49751,10,,,1,66,,49752,10,,,1,26,,49753,10,,,1
9100,'4',1238,,49772,10,,,1,67,,49754,10,,,1,26,,49755,10,,,1,26,,49756,10,,,1,66,,49757,10,,,1,26,,49758,10,,,1,66,,49759,10,,,1,26,,49760,10,,,1,66,,49761,10,,,1,26,,49762,10,,,1,26,,49763,10,,,1,67,,49764,10,,,1,26,,49765,10,,,1,66,,49766,10,,,1,26,,49767,10,,,1,66,,49768,10,,,1,26,,49769,10,,,1,66,,49770,10,,,1,28,,49771,10,,,1
