1500,'2',605,,29586,9,0,13 28 3 8,0,22,,29587,9,0,13 28 3 8,0,19,,29591,9,0,10 29,0,55,,29588,9,0,13 28 3 8,0,16,,29592,9,0,10 29,0,11,,29589,9,0,13 28 3 8,0,16,,29593,9,0,10 29,0,56,,29590,9,0,13 28 3 8,0,16,,29594,9,0,10 29,0,16,,29595,9,0,13 28 3 8,0,15,,29612,9,0,10 29,0,55,,29596,9,0,13 28 3 8,0,15,,29613,9,0,10 29,0,15,,29597,9,0,13 28 3 8,0,15,,29614,9,0,10 29,0,55,,29598,9,0,13 28 3 8,0,15,,29615,9,0,10 29,0,15,,29599,9,0,13 28 3 8,0,15,,29616,9,0,10 29,0,55,,29600,9,0,13 28 3 8,0,15,,29617,9,0,10 29,0,15,,29601,9,0,13 28 3 8,0,15,,29618,9,0,10 29,0,55,,29602,9,0,13 28 3 8,0,15,,29619,9,0,10 29,0,15,,29603,9,0,13 28 3 8,0,15,,29620,9,0,10 29,0,55,,29604,9,0,13 28 3 8,0,15,,29621,9,0,10 29,0,15,,29605,9,0,13 28 3 8,0,14,,29622,9,0,10 29,0,54,,29606,9,0,13 28 3 8,0,15,,29623,9,0,10 29,0,15,,29607,9,0,13 28 3 8,0,10,,29624,9,0,10 29,0,15,,29608,9,0,13 28 3 8,0,55,,29625,9,0,10 29,0,14,,29609,9,0,13 28 3 8,0,17,,29626,9,0,10 29,0,15,,29610,9,0,13 28 3 8,0,57,,29627,9,0,10 29,0,17,,29611,9,0,13 28 3 8,0,17,,29628,9,0,10 29,0,55,,29629,9,0,13 28 3 8,0,17,,29630,9,0,10 29,0,13,,29648,9,0,26 3 21,0,4,,29631,9,0,13 28 3 8,0,20,,29633,9,0,10 29,0,54,,29634,9,0,13 28 3 8,0,2,,29649,9,0,26 3 21,0,24,,29635,9,0,10 29,0,20,,29636,9,0,13 28 3 8,0,60,,29637,9,0,10 29,0,25,,29638,9,0,13 28 3 8,0,70,,29639,9,0,10 29,0,30,,29640,9,0,13 28 3 8,0,13,,29650,9,0,26 3 21,0,56,,29641,9,0,10 29,0,30,,29642,9,0,13 28 3 8,0,70,,29643,9,0,10 29,0,30,,29644,9,0,13 28 3 8,0,70,,29645,9,0,10 29,0,30,,29646,9,0,13 28 3 8,0,70,,29647,9,0,10 29,0,30,,29632,9,0,13 28 3 8,0,15,,29651,9,0,26 3 21,0,71,,29652,9,0,26 3 21,0
1500,'3',607,,29653,9,0,10 29,0,27,,29654,9,0,13 28 3 8,0,70,,29655,9,0,10 29,0,30,,29656,9,0,13 28 3 8,0,22,,29658,9,0,10 29,0,71,,29657,9,0,13 28 3 8,0,29,,29659,9,0,10 29,0,71,,29660,9,0,13 28 3 8,0,29,,29661,9,0,10 29,0,59,,29673,9,0,13 28 3 8,0,16,,29662,9,0,10 29,0,19,,29674,9,0,13 28 3 8,0,61,,29663,9,0,10 29,0,19,,29675,9,0,13 28 3 8,0,20,,29664,9,0,10 29,0,60,,29676,9,0,13 28 3 8,0,20,,29665,9,0,10 29,0,20,,29677,9,0,13 28 3 8,0,60,,29666,9,0,10 29,0,20,,29678,9,0,13 28 3 8,0,20,,29667,9,0,10 29,0,60,,29679,9,0,13 28 3 8,0,20,,29668,9,0,10 29,0,20,,29680,9,0,13 28 3 8,0,60,,29669,9,0,10 29,0,20,,29681,9,0,13 28 3 8,0,20,,29670,9,0,10 29,0,60,,29682,9,0,13 28 3 8,0,20,,29671,9,0,10 29,0,20,,29683,9,0,13 28 3 8,0,58,,29672,9,0,13 28 3 8,0,22,,29684,9,0,10 29,0,16,,29698,9,0,26 3 21,0,55,,29690,9,0,13 28 3 8,0,29,,29685,9,0,10 29,0,71,,29691,9,0,13 28 3 8,0,29,,29686,9,0,10 29,0,71,,29692,9,0,13 28 3 8,0,29,,29687,9,0,10 29,0,28,,29693,9,0,13 28 3 8,0,70,,29688,9,0,10 29,0,25,,29694,9,0,13 28 3 8,0,65,,29689,9,0,10 29,0,30,,29695,9,0,13 28 3 8,0,66,,29697,9,0,10 29,0,30,,29701,9,0,10 29,0,59,,29699,9,0,26 3 21,0,33,,29696,9,0,10 29,0,90,,29700,9,0,26 3 21,0
1500,'30',607,,29739,9,0,10 29,0,28,,29702,9,0,13 28 3 8,0,65,,29738,9,0,10 29,0,27,,29737,9,0,13 28 3 8,0,25,,29703,9,0,10 29,0,74,,29704,9,0,13 28 3 8,0,27,,29705,9,0,10 29,0,62,,29706,9,0,13 28 3 8,0,22,,29707,9,0,10 29,0,70,,29708,9,0,13 28 3 8,0,30,,29709,9,0,10 29,0,65,,29710,9,0,13 28 3 8,0,27,,29711,9,0,10 29,0,28,,29712,9,0,13 28 3 8,0,70,,29713,9,0,10 29,0,30,,29714,9,0,13 28 3 8,0,70,,29715,9,0,10 29,0,30,,29716,9,0,13 28 3 8,0,70,,29717,9,0,10 29,0,30,,29718,9,0,13 28 3 8,0,70,,29719,9,0,10 29,0,30,,29720,9,0,13 28 3 8,0,70,,29721,9,0,10 29,0,73,,29722,9,0,13 28 3 8,0,30,,29723,9,0,10 29,0,70,,29724,9,0,13 28 3 8,0,25,,29725,9,0,10 29,0,30,,29726,9,0,13 28 3 8,0,65,,29727,9,0,10 29,0,30,,29728,9,0,13 28 3 8,0,70,,29729,9,0,10 29,0,25,,29730,9,0,13 28 3 8,0,70,,29731,9,0,10 29,0,27,,29732,9,0,13 28 3 8,0,70,,29733,9,0,10 29,0,24,,29734,9,0,13 28 3 8,0,23,,29735,9,0,26 3 21,0,70,,29736,9,0,26 3 21,0
1500,'4',607,,29777,9,0,10 29,0,28,,29740,9,0,13 28 3 8,0,65,,29776,9,0,10 29,0,27,,29775,9,0,13 28 3 8,0,25,,29741,9,0,10 29,0,74,,29742,9,0,13 28 3 8,0,27,,29743,9,0,10 29,0,62,,29744,9,0,13 28 3 8,0,22,,29745,9,0,10 29,0,70,,29746,9,0,13 28 3 8,0,30,,29747,9,0,10 29,0,65,,29748,9,0,13 28 3 8,0,27,,29749,9,0,10 29,0,28,,29750,9,0,13 28 3 8,0,70,,29751,9,0,10 29,0,30,,29752,9,0,13 28 3 8,0,70,,29753,9,0,10 29,0,30,,29754,9,0,13 28 3 8,0,70,,29755,9,0,10 29,0,30,,29756,9,0,13 28 3 8,0,70,,29757,9,0,10 29,0,30,,29758,9,0,13 28 3 8,0,70,,29759,9,0,10 29,0,73,,29760,9,0,13 28 3 8,0,30,,29761,9,0,10 29,0,70,,29762,9,0,13 28 3 8,0,25,,29763,9,0,10 29,0,30,,29764,9,0,13 28 3 8,0,65,,29765,9,0,10 29,0,30,,29766,9,0,13 28 3 8,0,70,,29767,9,0,10 29,0,25,,29768,9,0,13 28 3 8,0,70,,29769,9,0,10 29,0,27,,29770,9,0,13 28 3 8,0,70,,29771,9,0,10 29,0,24,,29772,9,0,13 28 3 8,0,23,,29773,9,0,26 3 21,0,70,,29774,9,0,26 3 21,0
2500,'2',613,,31510,6,,,0,22,,31511,6,,,0,68,,31512,6,,,0,26,,31513,6,,,0,26,,31514,6,,,0,60,,31515,6,,,0,20,,31516,6,,,0,20,,31517,6,,,0,60,,31518,6,,,0,20,,31519,6,,,0,20,,31520,6,,,0,60,,31521,6,,,0,20,,31522,6,,,0,20,,31523,6,,,0,60,,31524,6,,,0,20,,31525,6,,,0,20,,31526,6,,,0,60,,31527,6,,,0,20,,31528,6,,,0,20,,31529,6,,,0,60,,31530,6,,,0,20,,31531,6,,,0,20,,31532,6,,,0,60,,31533,6,,,0,20,,31534,6,,,0,20,,31535,6,,,0,60,,31536,6,,,0,20,,31537,6,,,0,20,,31538,6,,,0,62,,31539,6,,,0,21,,31540,6,,,0,21,,31541,6,,,0,61,,31542,6,,,0,21,,31543,6,,,0,61,,31544,6,,,0,19,,31545,6,,,0,20,,31546,6,,,0,60,,31547,6,,,0,20,,31548,6,,,0,20,,31549,6,,,0,60,,31550,6,,,0,20,,31551,6,,,0,14,,31552,6,,,0,20,,31553,6,,,0,60,,31554,6,,,0,25,,31555,6,,,0,65,,31556,6,,,0,25,,31557,6,,,0,25,,31558,6,,,0,65,,31559,6,,,0,25,,31560,6,,,0
2500,'3',629,,31561,6,,,0,23,,31592,6,,,0,64,,31562,6,,,0,25,,31593,6,,,0,65,,31563,6,,,0,24,,31564,6,,,0,27,,31565,6,,,0,66,,31566,6,,,0,29,,31567,6,,,0,65,,31568,6,,,0,30,,31569,6,,,0,67,,31570,6,,,0,30,,31571,6,,,0,65,,31572,6,,,0,25,,31573,6,,,0,70,,31574,6,,,0,25,,31575,6,,,0,30,,31576,6,,,0,65,,31577,6,,,0,30,,31578,6,,,0,70,,31579,6,,,0,30,,31580,6,,,0,70,,31581,6,,,0,30,,31582,6,,,0,70,,31583,6,,,0,30,,31584,6,,,0,70,,31585,6,,,0,30,,31586,6,,,0,70,,31587,6,,,0,28,,31594,6,,,0,67,,31588,6,,,0,28,,31595,6,,,0,66,,31589,6,,,0,25,,31596,6,,,0,65,,31590,6,,,0,25,,31597,6,,,0,25,,31591,6,,,0
2500,'30',852,,31606,6,,,0,63,,31613,6,,,0,30,,31614,6,,,0,70,,31615,6,,,0,30,,31616,6,,,0,70,,31617,6,,,0,30,,31618,6,,,0,70,,31619,6,,,0,30,,31620,6,,,0,70,,31621,6,,,0,30,,31622,6,,,0,70,,31623,6,,,0,30,,31607,6,,,0,70,,31605,6,,,0,27,,31609,6,,,0,67,,31604,6,,,0,27,,31608,6,,,0,67,,31603,6,,,0,22,,31610,6,,,0,27,,31602,6,,,0,67,,31611,6,,,0,24,,31612,6,,,0,70,,31601,6,,,0,28,,31624,6,,,0,70,,31600,6,,,0,33,,31625,6,,,0,70,,31599,6,,,0,30,,31626,6,,,0,66,,31598,6,,,0,30,,31627,6,,,0
2500,'4',852,,31636,6,,,0,63,,31643,6,,,0,30,,31644,6,,,0,70,,31645,6,,,0,30,,31646,6,,,0,70,,31647,6,,,0,30,,31648,6,,,0,70,,31649,6,,,0,30,,31650,6,,,0,70,,31651,6,,,0,30,,31652,6,,,0,70,,31653,6,,,0,30,,31637,6,,,0,70,,31635,6,,,0,27,,31639,6,,,0,67,,31634,6,,,0,27,,31638,6,,,0,67,,31633,6,,,0,22,,31640,6,,,0,27,,31632,6,,,0,67,,31641,6,,,0,24,,31642,6,,,0,70,,31631,6,,,0,28,,31654,6,,,0,70,,31630,6,,,0,33,,31655,6,,,0,70,,31629,6,,,0,30,,31656,6,,,0,66,,31628,6,,,0,30,,31657,6,,,0
2700,'2',605,,31810,6,,,0,30,,31811,6,,,0,70,,31807,6,,,0,16,,31808,6,,,0,16,,31819,6,,,0,14,,31852,6,,,0,57,,31812,6,,,0,16,,31836,6,,,0,17,,31828,6,,,0,16,,31844,6,,,0,56,,31820,6,,,0,16,,31851,6,,,0,15,,31813,6,,,0,57,,31837,6,,,0,17,,31829,6,,,0,16,,31845,6,,,0,15,,31821,6,,,0,56,,31850,6,,,0,15,,31814,6,,,0,17,,31838,6,,,0,17,,31830,6,,,0,56,,31846,6,,,0,15,,31822,6,,,0,16,,31853,6,,,0,15,,31815,6,,,0,56,,31839,6,,,0,17,,31831,6,,,0,17,,31847,6,,,0,55,,31823,6,,,0,11,,31854,6,,,0,15,,31816,6,,,0,16,,31840,6,,,0,60,,31832,6,,,0,17,,31848,6,,,0,15,,31824,6,,,0,13,,31855,6,,,0,11,,31817,6,,,0,52,,31809,6,,,0,14,,31841,6,,,0,20,,31833,6,,,0,58,,31849,6,,,0,14,,31825,6,,,0,13,,31856,6,,,0,15,,31818,6,,,0,12,,31858,6,,,0,61,,31842,6,,,0,20,,31834,6,,,0,66,,31826,6,,,0,13,,31857,6,,,0,20,,31859,6,,,0,20,,31843,6,,,0,61,,31835,6,,,0,26,,31827,6,,,0,13,,31864,6,,,0,58,,31860,6,,,0,30,,31861,6,,,0,70,,31862,6,,,0,30,,31863,6,,,0
2700,'3',854,,31865,6,,,0,73,,31867,6,,,0,84,,31876,6,,,0,42,,31868,6,,,0,74,,31886,6,,,0,30,,31877,6,,,0,74,,31869,6,,,0,72,,31866,6,,,0,32,,31878,6,,,0,72,,31870,6,,,0,32,,31885,6,,,0,70,,31879,6,,,0,34,,31871,6,,,0,72,,31887,6,,,0,30,,31880,6,,,0,74,,31872,6,,,0,32,,31888,6,,,0,60,,31881,6,,,0,45,,31873,6,,,0,85,,31882,6,,,0,85,,31874,6,,,0,85,,31883,6,,,0,40,,31875,6,,,0,80,,31884,6,,,0
2700,'30',835,,31889,6,,,0,85,,31896,6,,,0,85,,31890,6,,,0,45,,31897,6,,,0,85,,31891,6,,,0,85,,31898,6,,,0,32,,31900,6,,,0,62,,31892,6,,,0,42,,31899,6,,,0,72,,31901,6,,,0,72,,31893,6,,,0,32,,31902,6,,,0,72,,31904,6,,,0,32,,31894,6,,,0,72,,31903,6,,,0,92,,31895,6,,,0,45,,31906,6,,,0,85,,31905,6,,,0
2700,'4',835,,31907,6,,,0,85,,31914,6,,,0,85,,31908,6,,,0,45,,31915,6,,,0,85,,31909,6,,,0,85,,31916,6,,,0,32,,31918,6,,,0,62,,31910,6,,,0,42,,31917,6,,,0,72,,31919,6,,,0,72,,31911,6,,,0,32,,31920,6,,,0,72,,31922,6,,,0,32,,31912,6,,,0,72,,31921,6,,,0,92,,31913,6,,,0,45,,31924,6,,,0,85,,31923,6,,,0
