100,'2',604,,42269,1,0,13 9 15,1,26,,42270,1,0,10 16 17,1,17,,42271,1,0,13 9 15,1,53,,42276,1,0,10 16 17,1,15,,42272,1,0,13 9 15,1,15,,42277,1,0,10 16 17,1,15,,42273,1,0,13 9 15,1,55,,42278,1,0,10 16 17,1,15,,42274,1,0,13 9 15,1,15,,42279,1,0,10 16 17,1,5,,42298,1,0,5 3 26,1,16,,42275,1,0,13 9 15,1,58,,42284,1,0,10 16 17,1,20,,42291,1,0,13 9 15,1,15,,42285,1,0,10 16 17,1,60,,42292,1,0,13 9 15,1,20,,42286,1,0,10 16 17,1,20,,42293,1,0,13 9 15,1,60,,42287,1,0,10 16 17,1,20,,42294,1,0,13 9 15,1,19,,42288,1,0,10 16 17,1,58,,42295,1,0,13 9 15,1,20,,42289,1,0,10 16 17,1,20,,42296,1,0,13 9 15,1,60,,42290,1,0,10 16 17,1,20,,42297,1,0,13 9 15,1,21,,42299,1,0,10 16 17,1,12,,42303,1,0,13 9 15,1,51,,42300,1,0,10 16 17,1,15,,42304,1,0,13 9 15,1,15,,42301,1,0,10 16 17,1,15,,42305,1,0,13 9 15,1,55,,42302,1,0,10 16 17,1,15,,42306,1,0,13 9 15,1,15,,42307,1,0,10 16 17,1,16,,42311,1,0,13 9 15,1,56,,42308,1,0,10 16 17,1,16,,42312,1,0,13 9 15,1,16,,42309,1,0,10 16 17,1,16,,42313,1,0,13 9 15,1,56,,42310,1,0,10 16 17,1,16,,42314,1,0,13 9 15,1,9,,42323,1,0,5 3 26,1,20,,42315,1,0,10 16 17,1,60,,42319,1,0,13 9 15,1,25,,42316,1,0,10 16 17,1,65,,42320,1,0,13 9 15,1,25,,42317,1,0,10 16 17,1,25,,42321,1,0,13 9 15,1,65,,42318,1,0,10 16 17,1,20,,42324,1,0,13 9 15,1,68,,42327,1,0,10 16 17,1,30,,42325,1,0,13 9 15,1,70,,42328,1,0,10 16 17,1,30,,42326,1,0,13 9 15,1,70,,42329,1,0,10 16 17,1,26,,42330,1,0,13 9 15,1,66,,42331,1,0,5 3 26,1,21,,42332,1,0,5 3 26,1
100,'3',613,,42333,1,0,10 16 17,1,40,,42335,1,0,13 9 15,1,80,,42334,1,0,10 16 17,1,69,,42336,1,0,13 9 15,1,30,,42338,1,0,10 16 17,1,70,,42337,1,0,13 9 15,1,25,,42339,1,0,10 16 17,1,29,,42342,1,0,13 9 15,1,60,,42354,1,0,10 16 17,1,15,,42343,1,0,13 9 15,1,20,,42355,1,0,10 16 17,1,60,,42344,1,0,13 9 15,1,20,,42356,1,0,10 16 17,1,20,,42345,1,0,13 9 15,1,55,,42357,1,0,10 16 17,1,20,,42346,1,0,13 9 15,1,20,,42358,1,0,10 16 17,1,60,,42347,1,0,13 9 15,1,20,,42359,1,0,10 16 17,1,19,,42348,1,0,13 9 15,1,55,,42360,1,0,10 16 17,1,20,,42349,1,0,13 9 15,1,20,,42361,1,0,10 16 17,1,60,,42350,1,0,13 9 15,1,20,,42362,1,0,10 16 17,1,20,,42351,1,0,13 9 15,1,15,,42363,1,0,10 16 17,1,60,,42352,1,0,13 9 15,1,20,,42364,1,0,10 16 17,1,20,,42353,1,0,13 9 15,1,60,,42365,1,0,10 16 17,1,20,,42366,1,0,13 9 15,1,6,,42379,1,0,5 3 26,1,64,,42373,1,0,10 16 17,1,25,,42367,1,0,13 9 15,1,70,,42374,1,0,10 16 17,1,30,,42368,1,0,13 9 15,1,70,,42375,1,0,10 16 17,1,30,,42369,1,0,13 9 15,1,72,,42376,1,0,10 16 17,1,30,,42370,1,0,13 9 15,1,25,,42377,1,0,10 16 17,1,70,,42371,1,0,13 9 15,1,30,,42378,1,0,10 16 17,1,70,,42372,1,0,13 9 15,1,21,,42380,1,0,10 16 17,1,64,,42381,1,0,5 3 26,1
100,'30',835,,42383,1,0,10 16 17,1,67,,42386,1,0,13 9 15,1,27,,42384,1,0,10 16 17,1,72,,42387,1,0,13 9 15,1,32,,42385,1,0,10 16 17,1,72,,42388,1,0,13 9 15,1,32,,42390,1,0,10 16 17,1,65,,42391,1,0,13 9 15,1,25,,42398,1,0,10 16 17,1,25,,42392,1,0,13 9 15,1,65,,42399,1,0,10 16 17,1,25,,42393,1,0,13 9 15,1,65,,42400,1,0,10 16 17,1,25,,42394,1,0,13 9 15,1,25,,42401,1,0,10 16 17,1,65,,42395,1,0,13 9 15,1,25,,42402,1,0,10 16 17,1,65,,42396,1,0,13 9 15,1,20,,42403,1,0,10 16 17,1,26,,42397,1,0,13 9 15,1,60,,42404,1,0,10 16 17,1,30,,42406,1,0,13 9 15,1,70,,42411,1,0,10 16 17,1,30,,42407,1,0,13 9 15,1,70,,42412,1,0,10 16 17,1,30,,42408,1,0,13 9 15,1,70,,42413,1,0,10 16 17,1,30,,42409,1,0,13 9 15,1,70,,42414,1,0,10 16 17,1,30,,42410,1,0,13 9 15,1,66,,42415,1,0,10 16 17,1,27,,42416,1,0,13 9 15,1,72,,42417,1,0,5 3 26,1
100,'4',835,,42419,1,0,10 16 17,1,67,,42422,1,0,13 9 15,1,27,,42420,1,0,10 16 17,1,72,,42423,1,0,13 9 15,1,32,,42421,1,0,10 16 17,1,72,,42424,1,0,13 9 15,1,32,,42426,1,0,10 16 17,1,65,,42427,1,0,13 9 15,1,25,,42434,1,0,10 16 17,1,25,,42428,1,0,13 9 15,1,65,,42435,1,0,10 16 17,1,25,,42429,1,0,13 9 15,1,65,,42436,1,0,10 16 17,1,25,,42430,1,0,13 9 15,1,25,,42437,1,0,10 16 17,1,65,,42431,1,0,13 9 15,1,25,,42438,1,0,10 16 17,1,65,,42432,1,0,13 9 15,1,20,,42439,1,0,10 16 17,1,26,,42433,1,0,13 9 15,1,60,,42440,1,0,10 16 17,1,30,,42442,1,0,13 9 15,1,70,,42447,1,0,10 16 17,1,30,,42443,1,0,13 9 15,1,70,,42448,1,0,10 16 17,1,30,,42444,1,0,13 9 15,1,70,,42449,1,0,10 16 17,1,30,,42445,1,0,13 9 15,1,70,,42450,1,0,10 16 17,1,30,,42446,1,0,13 9 15,1,66,,42451,1,0,10 16 17,1,27,,42452,1,0,13 9 15,1,72,,42453,1,0,5 3 26,1
101,'2',604,,42466,6,4,,1,26,,42468,6,4,,1,13,,42455,49,4,,1,57,,42467,6,4,,1,5,,42456,50,4,,1,20,,42457,49,4,,1,15,,42462,50,4,,1,15,,42458,49,4,,1,55,,42463,50,4,,1,10,,42459,49,4,,1,15,,42464,50,4,,1,15,,42460,49,4,,1,53,,42465,50,4,,1,15,,42461,49,4,,1,20,,42469,50,4,,1,20,,42476,49,4,,1,60,,42470,50,4,,1,20,,42477,49,4,,1,20,,42471,50,4,,1,60,,42478,49,4,,1,15,,42472,50,4,,1,20,,42479,49,4,,1,61,,42473,50,4,,1,20,,42480,49,4,,1,20,,42474,50,4,,1,60,,42481,49,4,,1,20,,42475,50,4,,1,18,,42482,49,4,,1,53,,42507,6,4,,1,9,,42484,50,4,,1,17,,42488,49,4,,1,15,,42485,50,4,,1,55,,42489,49,4,,1,15,,42486,50,4,,1,15,,42490,49,4,,1,15,,42487,50,4,,1,55,,42491,49,4,,1,15,,42492,50,4,,1,16,,42496,49,4,,1,16,,42493,50,4,,1,56,,42497,49,4,,1,16,,42494,50,4,,1,16,,42498,49,4,,1,16,,42495,50,4,,1,55,,42499,49,4,,1,24,,42500,50,4,,1,25,,42504,49,4,,1,66,,42501,50,4,,1,24,,42505,49,4,,1,66,,42502,50,4,,1,24,,42506,49,4,,1,66,,42503,50,4,,1,29,,42509,49,4,,1,70,,42512,50,4,,1,30,,42510,49,4,,1,70,,42513,50,4,,1,30,,42511,49,4,,1,70,,42514,50,4,,1,21,,42516,49,4,,1
101,'3',613,,42526,6,4,,1,29,,42519,49,4,,1,80,,42521,50,4,,1,78,,42520,49,4,,1,25,,42522,50,4,,1,25,,42524,49,4,,1,70,,42523,50,4,,1,30,,42525,49,4,,1,66,,42568,6,4,,1,4,,42527,50,4,,1,20,,42539,49,4,,1,60,,42528,50,4,,1,20,,42540,49,4,,1,20,,42529,50,4,,1,15,,42541,49,4,,1,61,,42530,50,4,,1,19,,42542,49,4,,1,21,,42531,50,4,,1,59,,42543,49,4,,1,16,,42532,50,4,,1,19,,42544,49,4,,1,61,,42533,50,4,,1,20,,42545,49,4,,1,20,,42534,50,4,,1,60,,42546,49,4,,1,15,,42535,50,4,,1,20,,42547,49,4,,1,60,,42536,50,4,,1,20,,42548,49,4,,1,20,,42537,50,4,,1,60,,42549,49,4,,1,15,,42538,50,4,,1,20,,42550,49,4,,1,60,,42551,50,4,,1,22,,42552,49,4,,1,30,,42558,50,4,,1,70,,42553,49,4,,1,30,,42559,50,4,,1,70,,42554,49,4,,1,30,,42560,50,4,,1,67,,42555,49,4,,1,30,,42561,50,4,,1,70,,42556,49,4,,1,30,,42562,50,4,,1,65,,42557,49,4,,1,30,,42563,50,4,,1,67,,42565,49,4,,1
101,'30',835,,42576,6,4,,1,15,,42569,50,4,,1,72,,42573,49,4,,1,32,,42570,50,4,,1,72,,42574,49,4,,1,32,,42571,50,4,,1,72,,42575,49,4,,1,27,,42572,50,4,,1,65,,42577,49,4,,1,25,,42584,50,4,,1,60,,42578,49,4,,1,25,,42585,50,4,,1,25,,42579,49,4,,1,65,,42586,50,4,,1,25,,42580,49,4,,1,65,,42587,50,4,,1,25,,42581,49,4,,1,65,,42588,50,4,,1,25,,42582,49,4,,1,25,,42589,50,4,,1,64,,42583,49,4,,1,25,,42590,50,4,,1,65,,42591,49,4,,1,30,,42597,50,4,,1,70,,42592,49,4,,1,30,,42598,50,4,,1,70,,42593,49,4,,1,30,,42599,50,4,,1,70,,42594,49,4,,1,30,,42600,50,4,,1,69,,42595,49,4,,1,30,,42601,50,4,,1,78,,42596,49,4,,1
101,'4',835,,42612,6,4,,1,15,,42605,50,4,,1,72,,42609,49,4,,1,32,,42606,50,4,,1,72,,42610,49,4,,1,32,,42607,50,4,,1,72,,42611,49,4,,1,27,,42608,50,4,,1,65,,42613,49,4,,1,25,,42620,50,4,,1,60,,42614,49,4,,1,25,,42621,50,4,,1,25,,42615,49,4,,1,65,,42622,50,4,,1,25,,42616,49,4,,1,65,,42623,50,4,,1,25,,42617,49,4,,1,65,,42624,50,4,,1,25,,42618,49,4,,1,25,,42625,50,4,,1,64,,42619,49,4,,1,25,,42626,50,4,,1,65,,42627,49,4,,1,30,,42633,50,4,,1,70,,42628,49,4,,1,30,,42634,50,4,,1,70,,42629,49,4,,1,30,,42635,50,4,,1,70,,42630,49,4,,1,30,,42636,50,4,,1,69,,42631,49,4,,1,30,,42637,50,4,,1,78,,42632,49,4,,1
2701,'11802',811,,48307,23,,,1,838,,48308,23,,,1
2701,'2',608,,48380,22,,,1,92,,48309,23,,,1,25,,48310,22,,,1,13,,48311,23,,,1,13,,48312,22,,,1,53,,48313,22,,,1,13,,48314,23,,,1,13,,48315,23,,,1,8,,48316,23,,,1,13,,48317,23,,,1,53,,48318,23,,,1,12,,48319,23,,,1,14,,48320,23,,,1,13,,48321,23,,,1,13,,48322,23,,,1,53,,48323,23,,,1,13,,48324,23,,,1,13,,48325,23,,,1,13,,48326,23,,,1,53,,48327,23,,,1,13,,48328,23,,,1,13,,48329,23,,,1,13,,48330,23,,,1,13,,48331,23,,,1,53,,48332,23,,,1,13,,48333,23,,,1,12,,48334,23,,,1,12,,48335,23,,,1,12,,48336,23,,,1,52,,48337,23,,,1,12,,48338,23,,,1,12,,48339,23,,,1,12,,48340,23,,,1,12,,48341,23,,,1,52,,48342,23,,,1,12,,48343,23,,,1,14,,48344,23,,,1,13,,48345,23,,,1,13,,48346,23,,,1,53,,48347,23,,,1,13,,48348,23,,,1,13,,48349,23,,,1,9,,48350,22,,,1,12,,48351,23,,,1,52,,48352,23,,,1,11,,48353,23,,,1,11,,48354,23,,,1,11,,48355,22,,,1,11,,48356,23,,,1,51,,48357,23,,,1,11,,48358,23,,,1,11,,48359,23,,,1,11,,48360,23,,,1,11,,48361,23,,,1,51,,48362,23,,,1,7,,48363,23,,,1,13,,48364,23,,,1,9,,48365,23,,,1,13,,48366,23,,,1,11,,48367,23,,,1,51,,48368,23,,,1,17,,48369,23,,,1,17,,48370,23,,,1,17,,48371,23,,,1,57,,48372,23,,,1,17,,48373,23,,,1,17,,48374,23,,,1,57,,48375,23,,,1,20,,48376,23,,,1,27,,48377,23,,,1,67,,48378,23,,,1,27,,48379,23,,,1
2701,'3',909,,48381,22,,,1,43,,48391,23,,,1,72,,48382,23,,,1,104,,48392,23,,,1,74,,48383,23,,,1,32,,48400,23,,,1,72,,48393,23,,,1,32,,48384,23,,,1,72,,48401,23,,,1,31,,48394,23,,,1,74,,48385,23,,,1,32,,48402,23,,,1,70,,48395,23,,,1,34,,48386,23,,,1,72,,48403,23,,,1,30,,48396,23,,,1,75,,48387,23,,,1,85,,48397,23,,,1,45,,48388,23,,,1,85,,48398,23,,,1,82,,48389,23,,,1,80,,48399,23,,,1,40,,48390,23,,,1,80,,48404,23,,,1
2701,'30',854,,48405,22,,,1,85,,48406,23,,,1,85,,48412,23,,,1,85,,48407,23,,,1,45,,48413,23,,,1,85,,48408,23,,,1,88,,48414,23,,,1,32,,48415,23,,,1,72,,48409,23,,,1,72,,48417,23,,,1,32,,48416,23,,,1,72,,48410,23,,,1,32,,48418,23,,,1,72,,48420,23,,,1,29,,48411,23,,,1,77,,48419,23,,,1,85,,48421,23,,,1,45,,48422,23,,,1
2701,'4',854,,48423,22,,,1,85,,48424,23,,,1,85,,48430,23,,,1,85,,48425,23,,,1,45,,48431,23,,,1,85,,48426,23,,,1,88,,48432,23,,,1,32,,48433,23,,,1,72,,48427,23,,,1,72,,48435,23,,,1,32,,48434,23,,,1,72,,48428,23,,,1,32,,48436,23,,,1,72,,48438,23,,,1,29,,48429,23,,,1,77,,48437,23,,,1,85,,48439,23,,,1,45,,48440,23,,,1
