2500,'11802',1505,,47872,5,,,1
2500,'2',612,,47873,5,,,1,22,,47874,5,,,1,68,,47875,5,,,1,26,,47876,5,,,1,26,,47877,5,,,1,60,,47878,5,,,1,20,,47879,5,,,1,20,,47880,5,,,1,60,,47881,5,,,1,20,,47882,5,,,1,20,,47883,5,,,1,60,,47884,5,,,1,20,,47885,5,,,1,20,,47886,5,,,1,60,,47887,5,,,1,20,,47888,5,,,1,20,,47889,5,,,1,60,,47890,5,,,1,20,,47891,5,,,1,20,,47892,5,,,1,60,,47893,5,,,1,20,,47894,5,,,1,20,,47895,5,,,1,61,,47896,5,,,1,20,,47897,5,,,1,20,,47898,5,,,1,60,,47899,5,,,1,20,,47900,5,,,1,20,,47901,5,,,1,61,,47902,5,,,1,21,,47903,5,,,1,21,,47904,5,,,1,61,,47905,5,,,1,21,,47906,5,,,1,61,,47907,5,,,1,19,,47908,5,,,1,20,,47909,5,,,1,60,,47910,5,,,1,20,,47911,5,,,1,20,,47912,5,,,1,60,,47913,5,,,1,20,,47914,5,,,1,14,,47915,5,,,1,20,,47916,5,,,1,60,,47917,5,,,1,25,,47918,5,,,1,65,,47919,5,,,1,25,,47920,5,,,1,25,,47921,5,,,1,65,,47922,5,,,1,25,,47923,5,,,1
2500,'3',628,,47924,5,,,1,23,,47955,5,,,1,64,,47925,5,,,1,25,,47956,5,,,1,65,,47926,5,,,1,24,,47927,5,,,1,27,,47928,5,,,1,66,,47929,5,,,1,29,,47930,5,,,1,65,,47931,5,,,1,30,,47932,5,,,1,67,,47933,5,,,1,30,,47934,5,,,1,65,,47935,5,,,1,25,,47936,5,,,1,70,,47937,5,,,1,25,,47938,5,,,1,30,,47939,5,,,1,66,,47940,5,,,1,30,,47941,5,,,1,70,,47942,5,,,1,30,,47943,5,,,1,70,,47944,5,,,1,30,,47945,5,,,1,70,,47946,5,,,1,30,,47947,5,,,1,69,,47948,5,,,1,30,,47949,5,,,1,70,,47950,5,,,1,28,,47957,5,,,1,67,,47951,5,,,1,28,,47958,5,,,1,66,,47952,5,,,1,25,,47959,5,,,1,65,,47953,5,,,1,25,,47960,5,,,1,25,,47954,5,,,1
2500,'30',851,,47969,5,,,1,63,,47976,5,,,1,30,,47977,5,,,1,70,,47978,5,,,1,30,,47979,5,,,1,70,,47980,5,,,1,30,,47981,5,,,1,70,,47982,5,,,1,30,,47983,5,,,1,70,,47984,5,,,1,30,,47985,5,,,1,70,,47986,5,,,1,30,,47970,5,,,1,70,,47968,5,,,1,27,,47972,5,,,1,67,,47967,5,,,1,27,,47971,5,,,1,67,,47966,5,,,1,22,,47973,5,,,1,27,,47965,5,,,1,67,,47974,5,,,1,24,,47975,5,,,1,70,,47964,5,,,1,28,,47987,5,,,1,70,,47963,5,,,1,33,,47988,5,,,1,70,,47962,5,,,1,30,,47989,5,,,1,66,,47961,5,,,1,30,,47990,5,,,1
2500,'4',851,,47999,5,,,1,63,,48006,5,,,1,30,,48007,5,,,1,70,,48008,5,,,1,30,,48009,5,,,1,70,,48010,5,,,1,30,,48011,5,,,1,70,,48012,5,,,1,30,,48013,5,,,1,70,,48014,5,,,1,30,,48015,5,,,1,70,,48016,5,,,1,30,,48000,5,,,1,70,,47998,5,,,1,27,,48002,5,,,1,67,,47997,5,,,1,27,,48001,5,,,1,67,,47996,5,,,1,22,,48003,5,,,1,27,,47995,5,,,1,67,,48004,5,,,1,24,,48005,5,,,1,70,,47994,5,,,1,28,,48017,5,,,1,70,,47993,5,,,1,33,,48018,5,,,1,70,,47992,5,,,1,30,,48019,5,,,1,66,,47991,5,,,1,30,,48020,5,,,1
2700,'11802',747,,48173,5,,,1,90,,48174,5,,,1,879,,48175,5,,,1
2700,'2',557,,48246,5,,,1,73,,48176,5,,,1,72,,48177,5,,,1,13,,48178,5,,,1,13,,48179,5,,,1,13,,48180,5,,,1,13,,48181,5,,,1,53,,48182,5,,,1,13,,48183,5,,,1,13,,48184,5,,,1,13,,48185,5,,,1,11,,48186,5,,,1,53,,48187,5,,,1,11,,48188,5,,,1,15,,48189,5,,,1,13,,48190,5,,,1,53,,48191,5,,,1,13,,48192,5,,,1,13,,48193,5,,,1,13,,48194,5,,,1,13,,48195,5,,,1,53,,48196,5,,,1,13,,48197,5,,,1,13,,48198,5,,,1,12,,48199,5,,,1,12,,48200,5,,,1,52,,48201,5,,,1,12,,48202,5,,,1,12,,48203,5,,,1,12,,48204,5,,,1,12,,48205,5,,,1,52,,48206,5,,,1,12,,48207,5,,,1,12,,48208,5,,,1,11,,48209,5,,,1,13,,48210,5,,,1,53,,48211,5,,,1,13,,48212,5,,,1,13,,48213,5,,,1,13,,48214,5,,,1,53,,48215,5,,,1,13,,48216,5,,,1,12,,48217,5,,,1,12,,48218,5,,,1,9,,48219,5,,,1,11,,48220,5,,,1,51,,48221,5,,,1,11,,48222,5,,,1,11,,48223,5,,,1,11,,48224,5,,,1,11,,48225,5,,,1,51,,48226,5,,,1,11,,48227,5,,,1,11,,48228,5,,,1,11,,48229,5,,,1,13,,48230,5,,,1,54,,48231,5,,,1,13,,48232,5,,,1,14,,48233,5,,,1,13,,48234,5,,,1,57,,48235,5,,,1,17,,48236,5,,,1,17,,48237,5,,,1,17,,48238,5,,,1,57,,48239,5,,,1,17,,48240,5,,,1,21,,48241,5,,,1,70,,48242,5,,,1,27,,48243,5,,,1,67,,48244,5,,,1,30,,48245,5,,,1
2700,'3',853,,48247,5,,,1,73,,48249,5,,,1,85,,48258,5,,,1,42,,48250,5,,,1,74,,48268,5,,,1,30,,48259,5,,,1,74,,48251,5,,,1,72,,48248,5,,,1,32,,48260,5,,,1,72,,48252,5,,,1,32,,48267,5,,,1,70,,48261,5,,,1,34,,48253,5,,,1,72,,48269,5,,,1,30,,48262,5,,,1,74,,48254,5,,,1,32,,48270,5,,,1,59,,48263,5,,,1,45,,48255,5,,,1,85,,48264,5,,,1,85,,48256,5,,,1,85,,48265,5,,,1,40,,48257,5,,,1,80,,48266,5,,,1
2700,'30',834,,48271,5,,,1,85,,48278,5,,,1,85,,48272,5,,,1,45,,48279,5,,,1,85,,48273,5,,,1,85,,48280,5,,,1,32,,48282,5,,,1,62,,48274,5,,,1,42,,48281,5,,,1,72,,48283,5,,,1,32,,48275,5,,,1,72,,48284,5,,,1,72,,48286,5,,,1,32,,48276,5,,,1,72,,48285,5,,,1,52,,48277,5,,,1,85,,48288,5,,,1,85,,48287,5,,,1
2700,'4',834,,48289,5,,,1,85,,48296,5,,,1,85,,48290,5,,,1,45,,48297,5,,,1,85,,48291,5,,,1,85,,48298,5,,,1,32,,48300,5,,,1,62,,48292,5,,,1,42,,48299,5,,,1,72,,48301,5,,,1,32,,48293,5,,,1,72,,48302,5,,,1,72,,48304,5,,,1,32,,48294,5,,,1,72,,48303,5,,,1,52,,48295,5,,,1,85,,48306,5,,,1,85,,48305,5,,,1
