1600,'2',546,,37648,3,,,1,55,,37652,3,,,1,23,,37653,3,,,1,11,,37713,3,,,1,11,,37654,3,,,1,61,,37655,3,,,1,16,,37656,3,,,1,20,,37657,3,,,1,12,,37658,3,,,1,56,,37659,3,,,1,16,,37660,3,0,7 4 8,1,16,,37661,3,,,1,16,,37662,3,,,1,58,,37663,3,,,1,18,,37664,3,,,1,18,,37665,3,,,1,58,,37666,3,,,1,18,,37667,3,,,1,18,,37668,3,,,1,58,,37669,3,,,1,18,,37670,3,,,1,21,,37671,3,,,1,56,,37672,3,,,1,16,,37673,3,,,1,18,,37674,3,,,1,16,,37675,3,,,1,54,,37676,3,,,1,16,,37677,3,,,1,16,,37678,3,,,1,12,,37679,3,,,1,58,,37680,3,,,1,16,,37681,3,,,1,16,,37682,3,,,1,10,,37683,3,,,1,55,,37684,3,,,1,15,,37685,3,,,1,15,,37686,3,,,1,15,,37687,3,,,1,55,,37688,3,,,1,15,,37689,3,,,1,15,,37690,3,,,1,15,,37691,3,,,1,54,,37711,3,0,7 4 8,1,14,,37692,3,,,1,17,,37693,3,,,1,26,,37694,3,,,1,62,,37695,3,,,1,22,,37696,3,,,1,62,,37697,3,,,1,22,,37698,3,,,1,22,,37699,3,,,1,62,,37700,3,,,1,22,,37701,3,,,1,23,,37702,3,,,1,65,,37703,3,,,1,25,,37704,3,,,1,65,,37705,3,,,1,25,,37706,3,,,1,65,,37707,3,,,1,25,,37708,3,,,1,25,,37709,3,,,1,65,,37710,3,,,1,21,,37650,3,0,7 4 8,1,65,,37651,3,0,7 4 8,1
1600,'3',610,,37714,3,,,1,25,,37715,3,,,1,20,,37716,3,,,1,65,,37717,3,,,1,25,,37718,3,,,1,64,,37719,3,,,1,25,,37720,3,,,1,25,,37721,3,,,1,64,,37722,3,,,1,22,,37723,3,,,1,58,,37724,3,,,1,11,,37725,3,,,1,21,,37726,3,,,1,21,,37727,3,,,1,61,,37728,3,,,1,21,,37729,3,,,1,14,,37730,3,,,1,50,,37731,3,,,1,15,,37732,3,,,1,15,,37733,3,,,1,15,,37734,3,,,1,55,,37735,3,,,1,15,,37736,3,,,1,15,,37737,3,,,1,15,,37738,3,,,1,54,,37739,3,,,1,15,,37740,3,,,1,15,,37741,3,,,1,15,,37742,3,,,1,55,,37743,3,,,1,15,,37744,3,,,1,15,,37745,3,,,1,15,,37746,3,,,1,55,,37747,3,,,1,15,,37748,3,,,1,15,,37749,3,,,1,15,,37750,3,,,1,55,,37751,3,,,1,15,,37752,3,0,7 4 8,1,15,,37753,3,,,1,21,,37754,3,,,1,4,,37775,3,0,5 3 9,1,56,,37755,3,,,1,16,,37756,3,,,1,20,,37757,3,,,1,60,,37758,3,,,1,20,,37759,3,,,1,20,,37760,3,,,1,60,,37761,3,,,1,20,,37762,3,0,7 4 8,1,17,,37763,3,,,1,62,,37764,3,,,1,22,,37765,3,,,1,25,,37766,3,,,1,65,,37767,3,,,1,25,,37768,3,,,1,65,,37769,3,,,1,25,,37770,3,,,1,16,,37774,3,0,5 3 9,1,65,,37771,3,,,1,37,,37772,3,0,7 4 8,1,60,,37773,3,0,5 3 9,1
1600,'30',651,,37777,3,,,1,75,,37778,3,,,1,75,,37779,3,,,1,35,,37780,3,,,1,16,,37781,3,,,1,64,,37782,3,,,1,30,,37783,3,,,1,70,,37784,3,,,1,30,,37785,3,,,1,70,,37786,3,,,1,26,,37788,3,,,1,64,,37789,3,,,1,22,,37787,3,,,1,22,,37790,3,,,1,62,,37791,3,,,1,22,,37792,3,,,1,22,,37793,3,,,1,62,,37794,3,,,1,22,,37795,3,,,1,62,,37796,3,,,1,22,,37797,3,,,1,22,,37798,3,,,1,62,,37799,3,,,1,22,,37800,3,,,1,22,,37801,3,,,1,59,,37802,3,0,5 3 9,1,20,,37803,3,,,1,70,,37804,3,,,1,30,,37805,3,,,1,70,,37806,3,,,1,30,,37813,3,,,1,70,,37807,3,,,1,30,,37808,3,,,1,70,,37809,3,,,1,30,,37810,3,,,1,70,,37811,3,,,1,30,,37812,3,,,1,17,,37815,3,0,5 3 9,1,70,,37816,3,0,5 3 9,1
1600,'4',651,,37817,3,,,1,75,,37818,3,,,1,75,,37819,3,,,1,35,,37820,3,,,1,16,,37821,3,,,1,64,,37822,3,,,1,30,,37823,3,,,1,70,,37824,3,,,1,30,,37825,3,,,1,70,,37826,3,,,1,26,,37828,3,,,1,64,,37829,3,,,1,22,,37827,3,,,1,22,,37830,3,,,1,62,,37831,3,,,1,22,,37832,3,,,1,22,,37833,3,,,1,62,,37834,3,,,1,22,,37835,3,,,1,62,,37836,3,,,1,22,,37837,3,,,1,22,,37838,3,,,1,62,,37839,3,,,1,22,,37840,3,,,1,22,,37841,3,,,1,59,,37842,3,0,5 3 9,1,20,,37843,3,,,1,70,,37844,3,,,1,30,,37845,3,,,1,70,,37846,3,,,1,30,,37853,3,,,1,70,,37847,3,,,1,30,,37848,3,,,1,70,,37849,3,,,1,30,,37850,3,,,1,70,,37851,3,,,1,30,,37852,3,,,1,17,,37855,3,0,5 3 9,1,70,,37856,3,0,5 3 9,1
1900,'2',643,,38398,48,,,1,70,,38397,48,,,1,35,,38399,48,,,1,59,,38400,48,,,1,27,,38401,48,,,1,67,,38402,48,,,1,27,,38403,48,,,1,30,,38404,48,,,1,67,,38405,48,,,1,27,,38406,48,,,1,67,,38407,48,,,1,27,,38408,48,,,1,67,,38409,48,,,1,27,,38410,48,,,1,64,,38411,48,,,1,27,,38412,48,,,1,27,,38413,48,,,1,67,,38414,48,,,1,28,,38415,48,,,1,68,,38416,48,,,1,29,,38417,48,,,1,67,,38418,48,,,1,27,,38419,48,,,1,68,,38420,48,,,1,28,,38421,48,,,1,67,,38422,48,,,1,28,,38423,48,,,1,69,,38424,48,,,1,27,,38425,48,,,1,27,,38426,48,,,1,67,,38427,48,,,1,27,,38428,48,,,1,67,,38429,48,,,1,27,,38430,48,,,1,62,,38431,48,,,1,25,,38432,48,,,1,87,,38433,48,,,1,21,,38434,48,,,1,78,,38396,48,0,40 3 52,1
1900,'3',853,,38447,48,,,1,72,,38448,48,,,1,32,,38437,48,,,1,72,,38438,48,,,1,73,,38439,48,,,1,32,,38440,48,,,1,72,,38441,48,,,1,32,,38442,48,,,1,72,,38443,48,,,1,27,,38444,48,,,1,79,,38445,48,,,1,30,,38446,48,,,1,70,,38449,48,,,1,27,,38450,48,,,1,67,,38451,48,,,1,27,,38452,48,,,1,17,,38453,48,,,1,68,,38454,48,,,1,33,,38455,48,,,1,67,,38456,48,,,1,27,,38457,48,,,1,81,,38458,48,,,1,72,,38459,48,,,1,32,,38460,48,,,1,72,,38461,48,,,1,32,,38462,48,,,1,63,,38463,48,,,1,25,,38464,48,,,1
1900,'30',834,,38472,48,,,1,75,,38482,48,,,1,35,,38468,48,,,1,75,,38469,48,,,1,35,,38483,48,,,1,75,,38470,48,,,1,78,,38471,48,,,1,38,,38473,48,,,1,80,,38474,48,,,1,80,,38484,48,,,1,40,,38475,48,,,1,80,,38476,48,,,1,80,,38477,48,,,1,40,,38478,48,,,1,80,,38485,48,,,1,33,,38479,48,,,1,75,,38480,48,,,1,75,,38486,48,,,1,35,,38481,48,,,1,75,,38487,48,,,1
1900,'4',834,,38493,48,,,1,75,,38503,48,,,1,35,,38489,48,,,1,75,,38490,48,,,1,35,,38504,48,,,1,75,,38491,48,,,1,78,,38492,48,,,1,38,,38494,48,,,1,80,,38495,48,,,1,80,,38505,48,,,1,40,,38496,48,,,1,80,,38497,48,,,1,80,,38498,48,,,1,40,,38499,48,,,1,80,,38506,48,,,1,33,,38500,48,,,1,75,,38501,48,,,1,75,,38507,48,,,1,35,,38502,48,,,1,75,,38508,48,,,1
2501,'2',607,,39348,3,,,1,24,,39349,3,,,1,70,,39350,3,,,1,20,,39351,3,,,1,20,,39352,3,,,1,60,,39353,3,,,1,20,,39354,3,,,1,20,,39355,3,,,1,60,,39356,3,,,1,20,,39357,3,,,1,20,,39358,3,,,1,60,,39359,3,,,1,20,,39360,3,,,1,20,,39361,3,,,1,60,,39362,3,,,1,20,,39363,3,,,1,20,,39364,3,,,1,60,,39365,3,,,1,20,,39366,3,,,1,20,,39367,3,,,1,60,,39368,3,,,1,20,,39369,3,,,1,20,,39370,3,,,1,60,,39371,3,,,1,20,,39372,3,,,1,20,,39373,3,,,1,60,,39374,3,,,1,20,,39375,3,,,1,20,,39376,3,,,1,61,,39377,3,,,1,21,,39378,3,,,1,21,,39379,3,,,1,61,,39380,3,,,1,21,,39381,3,,,1,21,,39382,3,,,1,60,,39383,3,,,1,20,,39384,3,,,1,20,,39385,3,,,1,60,,39386,3,,,1,20,,39387,3,,,1,20,,39388,3,,,1,60,,39389,3,,,1,20,,39390,3,,,1,20,,39391,3,,,1,70,,39392,3,,,1,24,,39393,3,,,1,65,,39394,3,,,1,25,,39395,3,,,1,25,,39396,3,,,1,65,,39397,3,,,1,21,,39398,3,,,1
2501,'3',620,,39432,3,,,1,25,,39399,3,,,1,66,,39431,3,,,1,25,,39400,3,,,1,65,,39430,3,,,1,26,,39401,3,,,1,27,,39402,3,,,1,67,,39403,3,,,1,25,,39404,3,,,1,71,,39405,3,,,1,25,,39406,3,,,1,70,,39407,3,,,1,24,,39408,3,,,1,66,,39409,3,,,1,30,,39410,3,,,1,25,,39411,3,,,1,70,,39412,3,,,1,26,,39413,3,,,1,69,,39414,3,,,1,30,,39415,3,,,1,70,,39416,3,,,1,30,,39417,3,,,1,70,,39418,3,,,1,30,,39419,3,,,1,70,,39420,3,,,1,30,,39421,3,,,1,70,,39422,3,,,1,30,,39423,3,,,1,64,,39429,3,,,1,31,,39424,3,,,1,67,,39433,3,,,1,29,,39425,3,,,1,66,,39434,3,,,1,27,,39426,3,,,1,65,,39435,3,,,1,25,,39427,3,,,1,25,,39436,3,,,1,62,,39428,3,,,1
2501,'30',911,,39444,3,,,1,35,,39453,3,,,1,65,,39454,3,,,1,30,,39455,3,,,1,70,,39456,3,,,1,30,,39457,3,,,1,70,,39458,3,,,1,30,,39459,3,,,1,70,,39460,3,,,1,30,,39461,3,,,1,70,,39462,3,,,1,30,,39463,3,,,1,68,,39445,3,,,1,27,,39443,3,,,1,67,,39446,3,,,1,27,,39442,3,,,1,27,,39447,3,,,1,67,,39441,3,,,1,27,,39448,3,,,1,67,,39440,3,,,1,27,,39449,3,,,1,65,,39452,3,,,1,30,,39450,3,,,1,70,,39464,3,,,1,30,,39439,3,,,1,72,,39465,3,,,1,31,,39438,3,,,1,68,,39466,3,,,1,15,,39437,3,,,1,82,,39451,3,,,1
2501,'4',911,,39474,3,,,1,35,,39483,3,,,1,65,,39484,3,,,1,30,,39485,3,,,1,70,,39486,3,,,1,30,,39487,3,,,1,70,,39488,3,,,1,30,,39489,3,,,1,70,,39490,3,,,1,30,,39491,3,,,1,70,,39492,3,,,1,30,,39493,3,,,1,68,,39475,3,,,1,27,,39473,3,,,1,67,,39476,3,,,1,27,,39472,3,,,1,27,,39477,3,,,1,67,,39471,3,,,1,27,,39478,3,,,1,67,,39470,3,,,1,27,,39479,3,,,1,65,,39482,3,,,1,30,,39480,3,,,1,70,,39494,3,,,1,30,,39469,3,,,1,72,,39495,3,,,1,31,,39468,3,,,1,68,,39496,3,,,1,15,,39467,3,,,1,82,,39481,3,,,1
3400,'2',601,,40263,3,0,14,1,40,,40264,3,0,14,1,70,,40279,3,0,14,1,40,,40274,3,0,14,1,82,,40273,3,0,14,1,83,,40275,3,0,14,1,40,,40265,3,0,14,1,80,,40266,3,0,14,1,80,,40267,3,0,14,1,85,,40268,3,0,14,1,40,,40269,3,0,14,1,80,,40270,3,0,14,1,80,,40271,3,0,14,1,40,,40272,3,0,14,1,80,,40280,3,0,14,1,80,,40281,3,0,14,1,40,,40282,3,0,14,1,80,,40283,3,0,14,1,80,,40284,3,0,14,1,40,,40285,3,0,14,1,80,,40291,3,0,14,1,80,,40286,3,0,14,1,40,,40287,3,0,14,1,80,,40288,3,0,14,1,80,,40290,3,0,14,1,40,,40289,3,0,14,1,80,,40276,3,0,14,1,31,,40278,2,0,49 3 40 50 51,1,80,,40277,2,0,49 3 40 50 51,1
3400,'3',751,,40301,3,0,14,1,80,,40299,3,0,14,1,80,,40300,3,0,14,1,40,,40292,3,0,14,1,80,,40293,3,0,14,1,80,,40294,3,0,14,1,40,,40295,3,0,14,1,80,,40296,3,0,14,1,80,,40297,3,0,14,1,40,,40298,3,0,14,1,81,,40302,3,0,14,1,80,,40303,3,0,14,1,40,,40304,3,0,14,1,80,,40305,3,0,14,1,80,,40306,3,0,14,1,40,,40307,3,0,14,1,80,,40308,3,0,14,1,80,,40309,3,0,14,1,40,,40310,3,0,14,1,80,,40311,3,0,14,1,79,,40312,3,0,14,1,40,,40313,3,0,14,1,80,,40314,3,0,14,1
3400,'30',1001,,40315,3,0,14,1,40,,40316,3,0,14,1,80,,40317,3,0,14,1,81,,40318,3,0,14,1,40,,40319,3,0,14,1,80,,40320,3,0,14,1,79,,40321,3,0,14,1,40,,40322,3,0,14,1,80,,40323,3,0,14,1,80,,40324,3,0,14,1,40,,40325,3,0,14,1,80,,40326,3,0,14,1,80,,40327,3,0,14,1,40,,40328,3,0,14,1,80,,40329,3,0,14,1,80,,40330,3,0,14,1,40,,40331,3,0,14,1
3400,'4',1001,,40332,3,0,14,1,40,,40333,3,0,14,1,80,,40334,3,0,14,1,81,,40335,3,0,14,1,40,,40336,3,0,14,1,80,,40337,3,0,14,1,79,,40338,3,0,14,1,40,,40339,3,0,14,1,80,,40340,3,0,14,1,80,,40341,3,0,14,1,40,,40342,3,0,14,1,80,,40343,3,0,14,1,80,,40344,3,0,14,1,40,,40345,3,0,14,1,80,,40346,3,0,14,1,80,,40347,3,0,14,1,40,,40348,3,0,14,1
