401,'11802',728,,43532,50,0,13 40 41,1,82,,43531,50,0,13 40 41,1
401,'2',603,,43559,44,0,10 40 41,1,36,,43558,50,0,13 40 41,1,11,,43600,44,0,10 40 41,1,71,,43557,44,0,10 40 41,1,15,,43556,50,0,13 40 41,1,10,,43555,16,,,1,57,,43554,44,0,10 40 41,1,15,,43553,44,0,10 40 41,1,15,,43552,50,0,13 40 41,1,15,,43551,44,0,10 40 41,1,55,,43550,50,0,13 40 41,1,15,,43549,44,0,10 40 41,1,15,,43548,50,0,13 40 41,1,15,,43547,44,0,10 40 41,1,55,,43546,50,0,13 40 41,1,20,,43545,44,0,10 40 41,1,20,,43544,50,0,13 40 41,1,60,,43543,44,0,10 40 41,1,20,,43542,50,0,13 40 41,1,21,,43541,44,0,10 40 41,1,60,,43540,50,0,13 40 41,1,20,,43539,44,0,10 40 41,1,20,,43538,50,0,13 40 41,1,60,,43537,44,0,10 40 41,1,20,,43536,50,0,13 40 41,1,20,,43535,44,0,10 40 41,1,60,,43534,50,0,13 40 41,1,21,,43533,44,0,10 40 41,1,15,,43562,50,0,13 40 41,1,19,,43570,44,0,10 40 41,1,55,,43563,50,0,13 40 41,1,15,,43571,44,0,10 40 41,1,15,,43564,50,0,13 40 41,1,15,,43572,44,0,10 40 41,1,56,,43565,50,0,13 40 41,1,15,,43573,44,0,10 40 41,1,15,,43566,50,0,13 40 41,1,55,,43574,44,0,10 40 41,1,15,,43567,50,0,13 40 41,1,15,,43575,44,0,10 40 41,1,15,,43568,50,0,13 40 41,1,55,,43576,44,0,10 40 41,1,10,,43569,50,0,13 40 41,1,17,,43579,44,0,10 40 41,1,21,,43584,50,0,13 40 41,1,60,,43580,44,0,10 40 41,1,20,,43585,50,0,13 40 41,1,20,,43581,44,0,10 40 41,1,60,,43586,50,0,13 40 41,1,20,,43582,44,0,10 40 41,1,20,,43587,50,0,13 40 41,1,68,,43583,44,0,10 40 41,1,33,,43588,50,0,13 40 41,1,70,,43591,44,0,10 40 41,1,30,,43589,50,0,13 40 41,1,70,,43592,44,0,10 40 41,1,30,,43590,50,0,13 40 41,1,70,,43593,44,0,10 40 41,1,90,,43594,50,0,13 40 41,1
401,'3',638,,43601,44,0,10 40 41,1,70,,43602,50,0,13 40 41,1,20,,43609,44,0,10 40 41,1,30,,43603,50,0,13 40 41,1,71,,43610,44,0,10 40 41,1,30,,43604,50,0,13 40 41,1,70,,43611,44,0,10 40 41,1,30,,43605,50,0,13 40 41,1,72,,43612,44,0,10 40 41,1,70,,43606,50,0,13 40 41,1,30,,43613,44,0,10 40 41,1,70,,43607,50,0,13 40 41,1,30,,43614,44,0,10 40 41,1,70,,43608,50,0,13 40 41,1,26,,43615,44,0,10 40 41,1,27,,43621,50,0,13 40 41,1,66,,43616,44,0,10 40 41,1,25,,43622,50,0,13 40 41,1,65,,43617,44,0,10 40 41,1,25,,43623,50,0,13 40 41,1,65,,43618,44,0,10 40 41,1,25,,43624,50,0,13 40 41,1,25,,43619,44,0,10 40 41,1,65,,43625,50,0,13 40 41,1,25,,43620,44,0,10 40 41,1,65,,43633,50,0,13 40 41,1,24,,43629,44,0,10 40 41,1,25,,43634,50,0,13 40 41,1,65,,43630,44,0,10 40 41,1,25,,43635,50,0,13 40 41,1,65,,43631,44,0,10 40 41,1,25,,43636,50,0,13 40 41,1,25,,43632,44,0,10 40 41,1,64,,43637,50,0,13 40 41,1,17,,43638,44,0,10 40 41,1,70,,43642,50,0,13 40 41,1,30,,43639,44,0,10 40 41,1,70,,43643,50,0,13 40 41,1,30,,43640,44,0,10 40 41,1,70,,43644,50,0,13 40 41,1,28,,43641,44,0,10 40 41,1,72,,43627,50,0,13 40 41,1
401,'30',708,,43677,44,0,10 40 41,1,45,,43676,50,0,13 40 41,1,85,,43675,44,0,10 40 41,1,86,,43646,50,0,13 40 41,1,85,,43647,44,0,10 40 41,1,30,,43648,50,0,13 40 41,1,64,,43649,44,0,10 40 41,1,30,,43650,50,0,13 40 41,1,67,,43651,44,0,10 40 41,1,31,,43652,50,0,13 40 41,1,69,,43653,44,0,10 40 41,1,32,,43654,50,0,13 40 41,1,70,,43655,44,0,10 40 41,1,30,,43656,50,0,13 40 41,1,70,,43657,44,0,10 40 41,1,30,,43658,50,0,13 40 41,1,70,,43659,44,0,10 40 41,1,30,,43660,50,0,13 40 41,1,70,,43661,44,0,10 40 41,1,29,,43662,50,0,13 40 41,1,70,,43663,44,0,10 40 41,1,30,,43664,50,0,13 40 41,1,70,,43665,44,0,10 40 41,1,30,,43666,50,0,13 40 41,1,28,,43667,44,0,10 40 41,1,72,,43668,50,0,13 40 41,1,70,,43669,44,0,10 40 41,1,32,,43670,50,0,13 40 41,1,68,,43671,44,0,10 40 41,1,30,,43672,50,0,13 40 41,1,78,,43645,44,0,10 40 41,1
401,'4',708,,43710,44,0,10 40 41,1,45,,43709,50,0,13 40 41,1,85,,43708,44,0,10 40 41,1,86,,43679,50,0,13 40 41,1,85,,43680,44,0,10 40 41,1,30,,43681,50,0,13 40 41,1,64,,43682,44,0,10 40 41,1,30,,43683,50,0,13 40 41,1,67,,43684,44,0,10 40 41,1,31,,43685,50,0,13 40 41,1,69,,43686,44,0,10 40 41,1,32,,43687,50,0,13 40 41,1,70,,43688,44,0,10 40 41,1,30,,43689,50,0,13 40 41,1,70,,43690,44,0,10 40 41,1,30,,43691,50,0,13 40 41,1,70,,43692,44,0,10 40 41,1,30,,43693,50,0,13 40 41,1,70,,43694,44,0,10 40 41,1,29,,43695,50,0,13 40 41,1,70,,43696,44,0,10 40 41,1,30,,43697,50,0,13 40 41,1,70,,43698,44,0,10 40 41,1,30,,43699,50,0,13 40 41,1,28,,43700,44,0,10 40 41,1,72,,43701,50,0,13 40 41,1,70,,43702,44,0,10 40 41,1,32,,43703,50,0,13 40 41,1,68,,43704,44,0,10 40 41,1,30,,43705,50,0,13 40 41,1,78,,43678,44,0,10 40 41,1
1700,'11802',710,,46724,22,,,1,226,,46728,22,,,1
1700,'2',633,,46739,42,0,10 23 20,1,20,,46740,50,0,13 23 20,1,60,,46780,42,0,10 23 20,1,20,,46741,50,0,13 23 20,1,21,,46781,42,0,10 23 20,1,59,,46742,50,0,13 23 20,1,20,,46743,42,0,10 23 20,1,18,,46744,50,0,13 23 20,1,61,,46745,42,0,10 23 20,1,20,,46746,50,0,13 23 20,1,20,,46747,42,0,10 23 20,1,60,,46748,50,0,13 23 20,1,20,,46749,42,0,10 23 20,1,20,,46750,50,0,13 23 20,1,60,,46751,42,0,10 23 20,1,20,,46752,50,0,13 23 20,1,20,,46753,42,0,10 23 20,1,60,,46754,50,0,13 23 20,1,20,,46755,42,0,10 23 20,1,21,,46756,50,0,13 23 20,1,61,,46757,42,0,10 23 20,1,25,,46758,50,0,13 23 20,1,63,,46759,42,0,10 23 20,1,21,,46760,50,0,13 23 20,1,20,,46761,42,0,10 23 20,1,60,,46762,50,0,13 23 20,1,18,,46763,42,0,10 23 20,1,20,,46764,50,0,13 23 20,1,17,,46765,42,0,10 23 20,1,55,,46766,50,0,13 23 20,1,21,,46767,42,0,10 23 20,1,23,,46768,50,0,13 23 20,1,60,,46769,42,0,10 23 20,1,20,,46770,50,0,13 23 20,1,22,,46771,42,0,10 23 20,1,52,,46772,50,0,13 23 20,1,23,,46773,42,0,10 23 20,1,23,,46782,42,0,10 23 20,1,61,,46775,50,0,13 23 20,1,14,,46729,42,0,10 23 20,1,19,,46738,42,0,10 23 20,1,59,,46737,42,0,10 23 20,1,19,,46736,42,0,10 23 20,1,19,,46735,42,0,10 23 20,1,59,,46734,42,0,10 23 20,1,17,,46733,42,0,10 23 20,1,21,,46731,42,0,10 23 20,1,70,,46732,42,0,10 23 20,1,25,,46730,42,0,10 23 20,1,60,,46776,42,0,10 23 20,1,25,,46777,42,0,10 23 20,1,25,,46778,42,0,10 23 20,1,65,,46779,42,0,10 23 20,1,22,,46783,42,0,10 23 20,1,65,,46784,42,0,10 23 20,1
1700,'3',627,,46819,42,0,10 23 20,1,78,,46817,42,0,10 23 20,1,36,,46818,42,0,10 23 20,1,80,,46816,42,0,10 23 20,1,35,,46815,42,0,10 23 20,1,70,,46814,42,0,10 23 20,1,82,,46813,42,0,10 23 20,1,31,,46812,42,0,10 23 20,1,72,,46811,42,0,10 23 20,1,30,,46820,42,0,10 23 20,1,71,,46810,42,0,10 23 20,1,31,,46809,42,0,10 23 20,1,70,,46808,42,0,10 23 20,1,30,,46807,42,0,10 23 20,1,70,,46806,42,0,10 23 20,1,30,,46805,42,0,10 23 20,1,70,,46804,42,0,10 23 20,1,30,,46803,42,0,10 23 20,1,70,,46802,42,0,10 23 20,1,30,,46801,42,0,10 23 20,1,70,,46800,42,0,10 23 20,1,30,,46799,42,0,10 23 20,1,67,,46798,42,0,10 23 20,1,30,,46797,42,0,10 23 20,1,68,,46796,42,0,10 23 20,1,30,,46795,42,0,10 23 20,1,20,,46794,42,0,10 23 20,1,70,,46793,42,0,10 23 20,1,30,,46792,42,0,10 23 20,1,70,,46791,42,0,10 23 20,1,14,,46790,42,0,10 23 20,1,69,,46789,42,0,10 23 20,1,30,,46788,42,0,10 23 20,1,70,,46787,42,0,10 23 20,1,15,,46821,42,0,10 23 20,1,30,,46786,42,0,10 23 20,1,63,,46822,42,0,10 23 20,1,19,,46823,42,0,10 23 20,1,20,,46824,42,0,10 23 20,1
1700,'30',653,,46855,42,0,10 23 20,1,75,,46856,42,0,10 23 20,1,75,,46857,42,0,10 23 20,1,35,,46858,42,0,10 23 20,1,75,,46828,42,0,10 23 20,1,30,,46829,42,0,10 23 20,1,70,,46830,42,0,10 23 20,1,30,,46831,42,0,10 23 20,1,65,,46832,42,0,10 23 20,1,25,,46833,42,0,10 23 20,1,22,,46834,42,0,10 23 20,1,72,,46835,42,0,10 23 20,1,30,,46836,42,0,10 23 20,1,65,,46837,42,0,10 23 20,1,25,,46838,42,0,10 23 20,1,70,,46839,42,0,10 23 20,1,30,,46840,42,0,10 23 20,1,68,,46841,42,0,10 23 20,1,30,,46842,42,0,10 23 20,1,70,,46843,42,0,10 23 20,1,30,,46844,42,0,10 23 20,1,70,,46845,42,0,10 23 20,1,30,,46846,42,0,10 23 20,1,60,,46847,42,0,10 23 20,1,28,,46848,42,0,10 23 20,1,70,,46849,42,0,10 23 20,1,30,,46850,42,0,10 23 20,1,80,,46851,42,0,10 23 20,1,35,,46852,42,0,10 23 20,1,75,,46853,42,0,10 23 20,1,35,,46854,42,0,10 23 20,1,71,,46827,42,0,10 23 20,1,30,,46860,42,0,10 23 20,1,75,,46859,42,0,10 23 20,1
1700,'4',653,,46890,42,0,10 23 20,1,75,,46891,42,0,10 23 20,1,75,,46892,42,0,10 23 20,1,35,,46893,42,0,10 23 20,1,75,,46863,42,0,10 23 20,1,30,,46864,42,0,10 23 20,1,70,,46865,42,0,10 23 20,1,30,,46866,42,0,10 23 20,1,65,,46867,42,0,10 23 20,1,25,,46868,42,0,10 23 20,1,22,,46869,42,0,10 23 20,1,72,,46870,42,0,10 23 20,1,30,,46871,42,0,10 23 20,1,65,,46872,42,0,10 23 20,1,25,,46873,42,0,10 23 20,1,70,,46874,42,0,10 23 20,1,30,,46875,42,0,10 23 20,1,68,,46876,42,0,10 23 20,1,30,,46877,42,0,10 23 20,1,70,,46878,42,0,10 23 20,1,30,,46879,42,0,10 23 20,1,70,,46880,42,0,10 23 20,1,30,,46881,42,0,10 23 20,1,60,,46882,42,0,10 23 20,1,28,,46883,42,0,10 23 20,1,70,,46884,42,0,10 23 20,1,30,,46885,42,0,10 23 20,1,80,,46886,42,0,10 23 20,1,35,,46887,42,0,10 23 20,1,75,,46888,42,0,10 23 20,1,35,,46889,42,0,10 23 20,1,71,,46862,42,0,10 23 20,1,30,,46895,42,0,10 23 20,1,75,,46894,42,0,10 23 20,1
10400,'3302',722,,50469,15,,,1,27,,50470,15,,,1,70,,50471,21,,,1,30,,50472,21,,,1,72,,50473,21,,,1,30,,50474,21,,,1,70,,50475,21,,,1,30,,50476,21,,,1,69,,50477,21,,,1,31,,50478,21,,,1,68,,50479,21,,,1,32,,50480,21,,,1,67,,50481,21,,,1,32,,50482,21,,,1,66,,50483,21,,,1,29,,50484,21,,,1,71,,50485,21,,,1,32,,50486,21,,,1,71,,50487,21,,,1,30,,50488,21,,,1,71,,50489,21,,,1,33,,50490,21,,,1,67,,50491,21,,,1,26,,50492,21,,,1
10400,'3903',1017,,50510,15,,,1,29,,50495,21,,,1,61,,50496,21,,,1,30,,50497,21,,,1,67,,50498,21,,,1,31,,50499,21,,,1,20,,50500,21,,,1,70,,50501,21,,,1,25,,50502,21,,,1,71,,50503,21,,,1,28,,50504,21,,,1,71,,50505,21,,,1,30,,50506,21,,,1,70,,50507,21,,,1,29,,50508,21,,,1,70,,50509,21,,,1,30,,50494,21,,,1,70,,50493,21,,,1
