601,'2',619,,44069,5,,,1,36,,44071,5,,,1,75,,44072,5,,,1,25,,44073,5,,,1,65,,44074,5,,,1,25,,44075,5,,,1,69,,44077,5,,,1,25,,44078,5,,,1,70,,44079,5,,,1,30,,44080,5,,,1,65,,44081,5,,,1,30,,44082,5,,,1,68,,44083,5,,,1,30,,44084,5,,,1,70,,44085,5,,,1,25,,44086,5,,,1,31,,44087,5,,,1,70,,44088,5,,,1,30,,44089,5,,,1,70,,44090,5,,,1,29,,44091,5,,,1,65,,44092,5,,,1,30,,44093,5,,,1,70,,44094,5,,,1,30,,44095,5,,,1,65,,44096,5,,,1,25,,44097,5,,,1,65,,44098,5,,,1,25,,44099,5,,,1,21,,44100,5,,,1,65,,44101,5,,,1,27,,44102,5,,,1,65,,44103,5,,,1,25,,44104,5,,,1,65,,44105,5,,,1,25,,44106,5,,,1,25,,44107,5,,,1,65,,44108,5,,,1,26,,44109,5,,,1,67,,44110,5,,,1,43,,44111,5,,,1
601,'3',609,,44113,5,,,1,33,,44114,5,,,1,75,,44115,5,,,1,34,,44116,5,,,1,75,,44117,5,,,1,75,,44118,5,,,1,35,,44119,5,,,1,66,,44120,5,,,1,20,,44121,5,,,1,30,,44122,5,,,1,65,,44123,5,,,1,20,,44124,5,,,1,68,,44126,5,,,1,20,,44127,5,,,1,20,,44128,5,,,1,60,,44129,5,,,1,20,,44130,5,,,1,20,,44131,5,,,1,59,,44132,5,,,1,20,,44133,5,,,1,20,,44134,5,,,1,60,,44135,5,,,1,20,,44136,5,,,1,20,,44137,5,,,1,60,,44138,5,,,1,20,,44139,5,,,1,20,,44140,5,,,1,60,,44141,5,,,1,20,,44142,5,,,1,20,,44143,5,,,1,60,,44144,5,,,1,20,,44146,5,,,1,18,,44145,5,0,37 3 45,1,58,,44147,5,,,1,25,,44148,5,,,1,25,,44149,5,,,1,65,,44150,5,,,1,28,,44151,5,,,1,60,,44152,5,0,37 3 45,1,21,,44153,5,,,1,30,,44154,5,,,1,76,,44155,5,,,1,76,,44156,5,,,1,36,,44157,5,,,1,73,,44158,5,,,1,35,,44159,5,,,1
601,'30',906,,44160,5,,,1,33,,44161,5,,,1,75,,44162,5,,,1,35,,44163,5,,,1,78,,44164,5,,,1,79,,44165,5,,,1,25,,44166,5,,,1,25,,44167,5,,,1,65,,44168,5,,,1,25,,44169,5,,,1,65,,44170,5,,,1,25,,44171,5,,,1,65,,44172,5,,,1,25,,44173,5,,,1,25,,44174,5,,,1,65,,44175,5,,,1,25,,44176,5,,,1,69,,44177,5,,,1,25,,44178,5,,,1,13,,44179,5,0,37 3 45,1,64,,44180,5,,,1,32,,44181,5,,,1,75,,44182,5,,,1,35,,44183,5,,,1,75,,44184,5,,,1,75,,44185,5,,,1,35,,44186,5,,,1,75,,44187,5,,,1,35,,44189,5,,,1,73,,44188,5,0,37 3 45,1
601,'4',906,,44190,5,,,1,33,,44191,5,,,1,75,,44192,5,,,1,35,,44193,5,,,1,78,,44194,5,,,1,79,,44195,5,,,1,25,,44196,5,,,1,25,,44197,5,,,1,65,,44198,5,,,1,25,,44199,5,,,1,65,,44200,5,,,1,25,,44201,5,,,1,65,,44202,5,,,1,25,,44203,5,,,1,25,,44204,5,,,1,65,,44205,5,,,1,25,,44206,5,,,1,69,,44207,5,,,1,25,,44208,5,,,1,13,,44209,5,0,37 3 45,1,64,,44210,5,,,1,32,,44211,5,,,1,75,,44212,5,,,1,35,,44213,5,,,1,75,,44214,5,,,1,75,,44215,5,,,1,35,,44216,5,,,1,75,,44217,5,,,1,35,,44219,5,,,1,73,,44218,5,0,37 3 45,1
1300,'11802',828,,45507,13,,,1,727,,45508,13,,,1,170,,45509,13,,,1
1300,'2',619,,45511,13,0,10 18 19 20,1,18,,45512,13,,,1,14,,45513,13,0,10 18 19 20,1,54,,45514,13,,,1,10,,45515,13,0,10 18 19 20,1,15,,45516,13,,,1,15,,45517,13,0,10 18 19 20,1,55,,45518,13,,,1,15,,45519,13,0,10 18 19 20,1,15,,45520,13,,,1,15,,45521,13,0,10 18 19 20,1,55,,45522,13,,,1,15,,45523,13,0,10 18 19 20,1,15,,45524,13,,,1,15,,45525,13,0,10 18 19 20,1,10,,45526,13,,,1,55,,45527,13,0,10 18 19 20,1,15,,45528,13,,,1,15,,45529,13,0,10 18 19 20,1,15,,45530,13,,,1,55,,45531,13,0,10 18 19 20,1,15,,45532,13,,,1,15,,45533,13,0,10 18 19 20,1,10,,45534,13,,,1,55,,45535,13,0,10 18 19 20,1,15,,45536,13,,,1,15,,45537,13,0,10 18 19 20,1,15,,45538,13,,,1,55,,45539,13,0,10 18 19 20,1,15,,45540,13,,,1,15,,45541,13,0,10 18 19 20,1,15,,45542,13,,,1,54,,45543,13,0,10 18 19 20,1,15,,45544,13,,,1,15,,45545,13,0,10 18 19 20,1,15,,45546,13,,,1,55,,45547,13,0,10 18 19 20,1,15,,45548,13,,,1,15,,45549,13,0,10 18 19 20,1,15,,45550,13,,,1,53,,45551,13,0,10 18 19 20,1,15,,45552,13,,,1,15,,45553,13,0,10 18 19 20,1,15,,45554,13,,,1,55,,45555,13,0,10 18 19 20,1,15,,45556,13,,,1,15,,45557,13,0,10 18 19 20,1,15,,45558,13,,,1,57,,45559,13,0,10 18 19 20,1,20,,45564,13,,,1,20,,45560,13,0,10 18 19 20,1,60,,45565,13,,,1,20,,45561,13,0,10 18 19 20,1,20,,45566,13,,,1,60,,45562,13,0,10 18 19 20,1,20,,45567,13,,,1,20,,45563,13,,,1,71,,45568,13,0,10 18 19 20,1,25,,45571,13,,,1,65,,45569,13,0,10 18 19 20,1,27,,45572,13,,,1,73,,45570,13,0,10 18 19 20,1,30,,45573,13,,,1,67,,45575,13,0,10 18 19 20,1,47,,45574,13,,,1
1300,'3',619,,45580,13,0,10 18 19 20,1,38,,45581,13,,,1,75,,45582,13,0,10 18 19 20,1,73,,45583,13,,,1,11,,45587,13,0,10 18 19 20,1,16,,45584,13,,,1,16,,45588,13,0,10 18 19 20,1,56,,45585,13,,,1,16,,45589,13,,,1,16,,45586,13,0,10 18 19 20,1,16,,45590,13,,,1,55,,45591,13,0,10 18 19 20,1,15,,45596,13,,,1,15,,45592,13,0,10 18 19 20,1,15,,45597,13,,,1,55,,45593,13,0,10 18 19 20,1,15,,45598,13,,,1,15,,45594,13,0,10 18 19 20,1,15,,45599,13,,,1,55,,45595,13,,,1,15,,45600,13,0,10 18 19 20,1,15,,45609,13,,,1,15,,45601,13,0,10 18 19 20,1,55,,45610,13,,,1,15,,45602,13,0,10 18 19 20,1,15,,45611,13,,,1,15,,45603,13,0,10 18 19 20,1,55,,45612,13,,,1,15,,45604,13,0,10 18 19 20,1,15,,45613,13,,,1,15,,45605,13,0,10 18 19 20,1,55,,45614,13,,,1,15,,45606,13,0,10 18 19 20,1,15,,45615,13,,,1,15,,45607,13,0,10 18 19 20,1,55,,45616,13,,,1,15,,45608,13,0,10 18 19 20,1,10,,45617,13,,,1,15,,45620,13,0,10 18 19 20,1,55,,45618,13,,,1,15,,45621,13,0,10 18 19 20,1,15,,45619,13,,,1,15,,45622,13,,,1,53,,45623,13,0,10 18 19 20,1,15,,45647,13,,,1,15,,45627,13,,,1,15,,45624,13,0,10 18 19 20,1,60,,45628,13,,,1,15,,45625,13,0,10 18 19 20,1,20,,45629,13,,,1,60,,45626,13,0,10 18 19 20,1,20,,45630,13,,,1,20,,45634,13,,,1,71,,45631,13,0,10 18 19 20,1,25,,45635,13,,,1,65,,45632,13,0,10 18 19 20,1,30,,45636,13,,,1,70,,45633,13,0,10 18 19 20,1,19,,45637,13,,,1,20,,45638,13,0,10 18 19 20,1,72,,45640,13,,,1,37,,45639,13,0,10 18 19 20,1
1300,'30',647,,45670,13,,,1,83,,45672,13,0,10 18 19 20,1,75,,45671,13,,,1,35,,45673,13,0,10 18 19 20,1,75,,45658,13,,,1,30,,45669,13,0,10 18 19 20,1,55,,45657,13,,,1,30,,45668,13,0,10 18 19 20,1,70,,45656,13,,,1,30,,45667,13,0,10 18 19 20,1,24,,45655,13,,,1,71,,45666,13,0,10 18 19 20,1,30,,45654,13,,,1,70,,45665,13,0,10 18 19 20,1,30,,45653,13,,,1,70,,45664,13,0,10 18 19 20,1,30,,45652,13,,,1,70,,45663,13,0,10 18 19 20,1,30,,45651,13,,,1,70,,45662,13,0,10 18 19 20,1,30,,45650,13,,,1,70,,45661,13,0,10 18 19 20,1,25,,45649,13,,,1,70,,45660,13,0,10 18 19 20,1,31,,45648,13,,,1,66,,45674,13,0,10 18 19 20,1,20,,45677,13,,,1,70,,45675,13,0,10 18 19 20,1,30,,45678,13,,,1,70,,45676,13,0,10 18 19 20,1,30,,45679,13,0,10 18 19 20,1,71,,45680,13,,,1,42,,45659,13,0,10 18 19 20,1
1300,'4',647,,45703,13,,,1,83,,45705,13,0,10 18 19 20,1,75,,45704,13,,,1,35,,45706,13,0,10 18 19 20,1,75,,45691,13,,,1,30,,45702,13,0,10 18 19 20,1,55,,45690,13,,,1,30,,45701,13,0,10 18 19 20,1,70,,45689,13,,,1,30,,45700,13,0,10 18 19 20,1,24,,45688,13,,,1,71,,45699,13,0,10 18 19 20,1,30,,45687,13,,,1,70,,45698,13,0,10 18 19 20,1,30,,45686,13,,,1,70,,45697,13,0,10 18 19 20,1,30,,45685,13,,,1,70,,45696,13,0,10 18 19 20,1,30,,45684,13,,,1,70,,45695,13,0,10 18 19 20,1,30,,45683,13,,,1,70,,45694,13,0,10 18 19 20,1,25,,45682,13,,,1,70,,45693,13,0,10 18 19 20,1,31,,45681,13,,,1,66,,45707,13,0,10 18 19 20,1,20,,45710,13,,,1,70,,45708,13,0,10 18 19 20,1,30,,45711,13,,,1,70,,45709,13,0,10 18 19 20,1,30,,45712,13,0,10 18 19 20,1,71,,45713,13,,,1,42,,45692,13,0,10 18 19 20,1
10200,'11802',852,,50235,9,,,1,867,,50234,9,,,1
10200,'3302',635,,50295,9,,,1,65,,50294,9,,,1,25,,50293,9,,,1,20,,50292,9,,,1,70,,50291,9,,,1,23,,50236,9,,,1,10,,50237,9,,,1,59,,50238,9,,,1,21,,50239,9,,,1,10,,50240,9,,,1,20,,50241,9,,,1,60,,50242,9,,,1,5,,50243,9,,,1,18,,50244,9,,,1,62,,50245,9,,,1,11,,50246,9,,,1,11,,50247,9,,,1,21,,50248,9,,,1,11,,50249,9,,,1,51,,50250,9,,,1,22,,50251,9,,,1,11,,50252,9,,,1,11,,50253,9,,,1,62,,50254,9,,,1,11,,50255,9,,,1,11,,50256,9,,,1,22,,50257,9,,,1,51,,50258,9,,,1,13,,50259,9,,,1,25,,50260,9,,,1,12,,50261,9,,,1,52,,50262,9,,,1,22,,50263,9,,,1,14,,50264,9,,,1,12,,50265,9,,,1,64,,50266,9,,,1,12,,50267,9,,,1,12,,50268,9,,,1,64,,50269,9,,,1,15,,50270,9,,,1,12,,50271,9,,,1,16,,50273,9,,,1,51,,50272,9,,,1,13,,50274,9,,,1,30,,50275,9,,,1,55,,50276,9,,,1,30,,50277,9,,,1,15,,50278,9,,,1,70,,50279,9,,,1,17,,50280,9,,,1,68,,50281,9,,,1,20,,50282,9,,,1,20,,50283,9,,,1,60,,50284,9,,,1,20,,50285,9,,,1,20,,50286,9,,,1,60,,50287,9,,,1,20,,50288,9,,,1,17,,50290,9,,,1,60,,50289,9,,,1
10200,'3602',856,,50296,9,,,1,62,,50297,9,,,1,30,,50298,9,,,1,60,,50299,9,,,1,19,,50303,9,,,1,25,,50300,9,,,1,84,,50301,9,,,1,83,,50302,9,,,1,84,,50304,9,,,1,44,,50305,9,,,1,88,,50306,9,,,1,88,,50307,9,,,1,88,,50308,9,,,1,48,,50309,9,,,1,89,,50310,9,,,1,85,,50311,9,,,1,85,,50312,9,,,1,85,,50313,9,,,1,42,,50314,9,,,1
10200,'3903',1107,,50315,9,,,1,42,,50316,9,,,1,83,,50317,9,,,1,80,,50318,9,,,1,40,,50319,9,,,1,81,,50320,9,,,1,80,,50321,9,,,1,42,,50322,9,,,1,84,,50323,9,,,1,85,,50324,9,,,1,83,,50325,9,,,1,40,,50326,9,,,1,80,,50327,9,,,1,80,,50328,9,,,1,40,,50329,9,,,1,75,,50330,9,,,1,35,,50331,9,,,1,75,,50332,9,,,1,75,,50333,9,,,1
10200,'6404',1107,,50334,9,,,1,42,,50335,9,,,1,83,,50336,9,,,1,80,,50337,9,,,1,40,,50338,9,,,1,81,,50339,9,,,1,80,,50340,9,,,1,42,,50341,9,,,1,84,,50342,9,,,1,85,,50343,9,,,1,83,,50344,9,,,1,40,,50345,9,,,1,80,,50346,9,,,1,80,,50347,9,,,1,40,,50348,9,,,1,75,,50349,9,,,1,35,,50350,9,,,1
