101,'2',617,,42455,23,0,10 11 63,1,26,,42456,24,0,13 11 63,1,58,,42457,23,0,10 11 63,1,15,,42462,24,0,13 11 63,1,15,,42458,23,0,10 11 63,1,15,,42463,24,0,13 11 63,1,10,,42459,23,0,10 11 63,1,55,,42464,24,0,13 11 63,1,15,,42460,23,0,10 11 63,1,15,,42465,24,0,13 11 63,1,16,,42461,23,0,10 11 63,1,60,,42469,24,0,13 11 63,1,20,,42476,23,0,10 11 63,1,20,,42470,24,0,13 11 63,1,60,,42477,23,0,10 11 63,1,20,,42471,24,0,13 11 63,1,20,,42478,23,0,10 11 63,1,55,,42472,24,0,13 11 63,1,20,,42479,23,0,10 11 63,1,20,,42473,24,0,13 11 63,1,60,,42480,23,0,10 11 63,1,20,,42474,24,0,13 11 63,1,20,,42481,23,0,10 11 63,1,60,,42475,24,0,13 11 63,1,18,,42482,23,0,10 11 63,1,20,,42484,24,0,13 11 63,1,56,,42488,23,0,10 11 63,1,15,,42485,24,0,13 11 63,1,15,,42489,23,0,10 11 63,1,15,,42486,24,0,13 11 63,1,55,,42490,23,0,10 11 63,1,15,,42487,24,0,13 11 63,1,15,,42491,23,0,10 11 63,1,15,,42492,24,0,13 11 63,1,56,,42496,23,0,10 11 63,1,16,,42493,24,0,13 11 63,1,16,,42497,23,0,10 11 63,1,16,,42494,24,0,13 11 63,1,56,,42498,23,0,10 11 63,1,16,,42495,24,0,13 11 63,1,16,,42499,23,0,10 11 63,1,67,,42500,24,0,13 11 63,1,25,,42504,23,0,10 11 63,1,66,,42501,24,0,13 11 63,1,24,,42505,23,0,10 11 63,1,26,,42502,24,0,13 11 63,1,64,,42506,23,0,10 11 63,1,26,,42503,24,0,13 11 63,1,71,,42509,23,0,10 11 63,1,30,,42512,24,0,13 11 63,1,70,,42510,23,0,10 11 63,1,30,,42513,24,0,13 11 63,1,70,,42511,23,0,10 11 63,1,30,,42514,24,0,13 11 63,1,61,,42516,23,0,10 11 63,1
101,'3',624,,42519,23,0,10 11 63,1,80,,42521,24,0,13 11 63,1,38,,42520,23,0,10 11 63,1,65,,42522,24,0,13 11 63,1,25,,42524,23,0,10 11 63,1,70,,42523,24,0,13 11 63,1,30,,42525,23,0,10 11 63,1,69,,42527,24,0,13 11 63,1,20,,42539,23,0,10 11 63,1,20,,42528,24,0,13 11 63,1,60,,42540,23,0,10 11 63,1,20,,42529,24,0,13 11 63,1,15,,42541,23,0,10 11 63,1,20,,42530,24,0,13 11 63,1,60,,42542,23,0,10 11 63,1,20,,42531,24,0,13 11 63,1,20,,42543,23,0,10 11 63,1,55,,42532,24,0,13 11 63,1,20,,42544,23,0,10 11 63,1,20,,42533,24,0,13 11 63,1,61,,42545,23,0,10 11 63,1,20,,42534,24,0,13 11 63,1,20,,42546,23,0,10 11 63,1,55,,42535,24,0,13 11 63,1,20,,42547,23,0,10 11 63,1,20,,42536,24,0,13 11 63,1,60,,42548,23,0,10 11 63,1,20,,42537,24,0,13 11 63,1,20,,42549,23,0,10 11 63,1,55,,42538,24,0,13 11 63,1,20,,42550,23,0,10 11 63,1,20,,42551,24,0,13 11 63,1,60,,42552,23,0,10 11 63,1,30,,42558,24,0,13 11 63,1,70,,42553,23,0,10 11 63,1,30,,42559,24,0,13 11 63,1,70,,42554,23,0,10 11 63,1,30,,42560,24,0,13 11 63,1,70,,42555,23,0,10 11 63,1,30,,42561,24,0,13 11 63,1,70,,42556,23,0,10 11 63,1,30,,42562,24,0,13 11 63,1,25,,42557,23,0,10 11 63,1,70,,42563,24,0,13 11 63,1,27,,42565,23,0,10 11 63,1
101,'30',829,,42569,24,0,13 11 63,1,72,,42573,23,0,10 11 63,1,32,,42570,24,0,13 11 63,1,72,,42574,23,0,10 11 63,1,32,,42571,24,0,13 11 63,1,72,,42575,23,0,10 11 63,1,27,,42572,24,0,13 11 63,1,64,,42577,23,0,10 11 63,1,25,,42584,24,0,13 11 63,1,20,,42578,23,0,10 11 63,1,65,,42585,24,0,13 11 63,1,25,,42579,23,0,10 11 63,1,65,,42586,24,0,13 11 63,1,25,,42580,23,0,10 11 63,1,25,,42587,24,0,13 11 63,1,65,,42581,23,0,10 11 63,1,25,,42588,24,0,13 11 63,1,65,,42582,23,0,10 11 63,1,25,,42589,24,0,13 11 63,1,26,,42583,23,0,10 11 63,1,65,,42590,24,0,13 11 63,1,25,,42591,23,0,10 11 63,1,70,,42597,24,0,13 11 63,1,30,,42592,23,0,10 11 63,1,70,,42598,24,0,13 11 63,1,30,,42593,23,0,10 11 63,1,70,,42599,24,0,13 11 63,1,30,,42594,23,0,10 11 63,1,70,,42600,24,0,13 11 63,1,30,,42595,23,0,10 11 63,1,70,,42601,24,0,13 11 63,1,38,,42596,23,0,10 11 63,1
101,'4',829,,42605,24,0,13 11 63,1,72,,42609,23,0,10 11 63,1,32,,42606,24,0,13 11 63,1,72,,42610,23,0,10 11 63,1,32,,42607,24,0,13 11 63,1,72,,42611,23,0,10 11 63,1,27,,42608,24,0,13 11 63,1,64,,42613,23,0,10 11 63,1,25,,42620,24,0,13 11 63,1,20,,42614,23,0,10 11 63,1,65,,42621,24,0,13 11 63,1,25,,42615,23,0,10 11 63,1,65,,42622,24,0,13 11 63,1,25,,42616,23,0,10 11 63,1,25,,42623,24,0,13 11 63,1,65,,42617,23,0,10 11 63,1,25,,42624,24,0,13 11 63,1,65,,42618,23,0,10 11 63,1,25,,42625,24,0,13 11 63,1,26,,42619,23,0,10 11 63,1,65,,42626,24,0,13 11 63,1,25,,42627,23,0,10 11 63,1,70,,42633,24,0,13 11 63,1,30,,42628,23,0,10 11 63,1,70,,42634,24,0,13 11 63,1,30,,42629,23,0,10 11 63,1,70,,42635,24,0,13 11 63,1,30,,42630,23,0,10 11 63,1,70,,42636,24,0,13 11 63,1,30,,42631,23,0,10 11 63,1,70,,42637,24,0,13 11 63,1,38,,42632,23,0,10 11 63,1
1301,'11802',748,,45714,15,,,1,852,,45715,15,,,1,56,,45716,15,,,1
1301,'2',620,,45717,41,0,10 14 20,1,10,,45718,15,,,1,15,,45719,41,0,10 14 20,1,55,,45720,15,,,1,10,,45721,41,0,10 14 20,1,15,,45722,15,,,1,15,,45723,41,0,10 14 20,1,15,,45724,15,,,1,55,,45725,41,0,10 14 20,1,15,,45726,15,,,1,15,,45727,41,0,10 14 20,1,16,,45728,15,,,1,50,,45729,41,0,10 14 20,1,15,,45730,19,,,1,15,,45731,41,0,10 14 20,1,15,,45732,19,,,1,55,,45733,41,0,10 14 20,1,15,,45734,19,,,1,15,,45735,41,0,10 14 20,1,15,,45736,19,,,1,50,,45737,41,0,10 14 20,1,15,,45738,19,,,1,15,,45739,41,0,10 14 20,1,15,,45740,19,,,1,54,,45741,41,0,10 14 20,1,15,,45742,19,,,1,15,,45743,41,0,10 14 20,1,15,,45744,19,,,1,55,,45745,41,0,10 14 20,1,15,,45746,19,,,1,15,,45747,41,0,10 14 20,1,15,,45748,19,,,1,55,,45749,41,0,10 14 20,1,15,,45750,15,,,1,15,,45751,41,0,10 14 20,1,15,,45752,15,,,1,55,,45753,41,0,10 14 20,1,15,,45754,15,,,1,21,,45755,41,0,10 14 20,1,15,,45756,15,,,1,55,,45757,41,0,10 14 20,1,15,,45758,15,,,1,15,,45759,41,0,10 14 20,1,15,,45760,15,,,1,53,,45761,41,0,10 14 20,1,13,,45762,15,,,1,15,,45763,41,0,10 14 20,1,15,,45764,15,,,1,56,,45765,41,0,10 14 20,1,20,,45767,15,,,1,20,,45771,15,,,1,60,,45768,41,0,10 14 20,1,15,,45772,15,,,1,15,,45769,41,0,10 14 20,1,20,,45773,15,,,1,60,,45770,41,0,10 14 20,1,20,,45774,15,,,1,20,,45775,41,0,10 14 20,1,65,,45778,15,,,1,30,,45776,41,0,10 14 20,1,70,,45779,15,,,1,25,,45777,41,0,10 14 20,1,65,,45780,15,,,1,18,,45781,41,0,10 14 20,1,74,,45783,15,,,1,31,,45782,41,0,10 14 20,1,20,,45784,15,,,1
1301,'3',622,,45785,41,0,10 14 20,1,37,,45786,15,,,1,75,,45787,41,0,10 14 20,1,20,,45788,15,,,1,55,,45792,41,0,10 14 20,1,16,,45789,15,,,1,16,,45793,41,0,10 14 20,1,16,,45790,15,,,1,56,,45794,15,,,1,16,,45791,41,0,10 14 20,1,16,,45795,15,,,1,55,,45796,41,0,10 14 20,1,15,,45797,15,,,1,10,,45813,41,0,10 14 20,1,15,,45798,15,,,1,15,,45814,41,0,10 14 20,1,55,,45799,15,,,1,15,,45815,41,0,10 14 20,1,15,,45800,15,,,1,14,,45816,41,0,10 14 20,1,55,,45801,15,,,1,15,,45817,41,0,10 14 20,1,15,,45802,15,,,1,15,,45818,41,0,10 14 20,1,55,,45803,15,,,1,10,,45819,41,0,10 14 20,1,15,,45804,15,,,1,15,,45820,41,0,10 14 20,1,55,,45805,15,,,1,15,,45821,41,0,10 14 20,1,15,,45806,15,,,1,15,,45822,41,0,10 14 20,1,55,,45807,15,,,1,15,,45823,41,0,10 14 20,1,15,,45808,15,,,1,10,,45824,41,0,10 14 20,1,15,,45809,15,,,1,55,,45825,41,0,10 14 20,1,15,,45810,15,,,1,15,,45826,41,0,10 14 20,1,15,,45811,15,,,1,55,,45827,41,0,10 14 20,1,15,,45812,15,,,1,15,,45828,41,0,10 14 20,1,56,,45833,15,,,1,15,,45829,41,0,10 14 20,1,15,,45834,15,,,1,20,,45830,41,0,10 14 20,1,60,,45835,15,,,1,20,,45831,41,0,10 14 20,1,20,,45836,15,,,1,60,,45832,41,0,10 14 20,1,20,,45837,15,,,1,20,,45838,41,0,10 14 20,1,65,,45842,15,,,1,30,,45839,41,0,10 14 20,1,70,,45843,15,,,1,20,,45840,41,0,10 14 20,1,65,,45844,15,,,1,30,,45841,41,0,10 14 20,1,71,,45845,15,,,1,42,,45847,41,0,10 14 20,1,9,,45846,15,,,1
1301,'30',650,,45869,41,0,10 14 20,1,77,,45871,15,,,1,75,,45870,41,0,10 14 20,1,35,,45872,15,,,1,75,,45868,41,0,10 14 20,1,30,,45867,15,,,1,71,,45856,41,0,10 14 20,1,30,,45866,15,,,1,65,,45855,41,0,10 14 20,1,30,,45865,15,,,1,70,,45854,41,0,10 14 20,1,30,,45864,15,,,1,70,,45853,41,0,10 14 20,1,30,,45863,15,,,1,70,,45852,41,0,10 14 20,1,30,,45862,15,,,1,70,,45851,41,0,10 14 20,1,30,,45861,15,,,1,65,,45850,41,0,10 14 20,1,30,,45860,15,,,1,70,,45849,41,0,10 14 20,1,30,,45859,15,,,1,70,,45848,41,0,10 14 20,1,32,,45858,15,,,1,65,,45874,41,0,10 14 20,1,30,,45878,15,,,1,25,,45875,41,0,10 14 20,1,65,,45879,15,,,1,15,,45876,41,0,10 14 20,1,70,,45880,15,,,1,30,,45877,41,0,10 14 20,1,71,,45881,15,,,1,37,,45882,41,0,10 14 20,1,9,,45857,15,,,1
1301,'4',650,,45904,41,0,10 14 20,1,77,,45906,15,,,1,75,,45905,41,0,10 14 20,1,35,,45907,15,,,1,75,,45903,41,0,10 14 20,1,30,,45902,15,,,1,71,,45891,41,0,10 14 20,1,30,,45901,15,,,1,65,,45890,41,0,10 14 20,1,30,,45900,15,,,1,70,,45889,41,0,10 14 20,1,30,,45899,15,,,1,70,,45888,41,0,10 14 20,1,30,,45898,15,,,1,70,,45887,41,0,10 14 20,1,30,,45897,15,,,1,70,,45886,41,0,10 14 20,1,30,,45896,15,,,1,65,,45885,41,0,10 14 20,1,30,,45895,15,,,1,70,,45884,41,0,10 14 20,1,30,,45894,15,,,1,70,,45883,41,0,10 14 20,1,32,,45893,15,,,1,65,,45909,41,0,10 14 20,1,30,,45913,15,,,1,25,,45910,41,0,10 14 20,1,65,,45914,15,,,1,15,,45911,41,0,10 14 20,1,70,,45915,15,,,1,30,,45912,41,0,10 14 20,1,71,,45916,15,,,1,37,,45917,41,0,10 14 20,1,9,,45892,15,,,1
9001,'11802',915,,49574,5,0,37 3 65,1
9001,'2',638,,49575,5,,,1,18,,49576,5,,,1,58,,49577,5,,,1,10,,49578,5,,,1,20,,49579,5,,,1,15,,49580,5,,,1,55,,49581,5,,,1,15,,49582,5,,,1,15,,49583,5,,,1,15,,49584,5,,,1,54,,49585,5,,,1,15,,49586,5,,,1,15,,49587,5,,,1,15,,49588,5,,,1,55,,49589,5,,,1,15,,49590,5,,,1,15,,49591,5,,,1,15,,49592,5,,,1,55,,49593,5,,,1,15,,49594,5,,,1,15,,49595,5,,,1,15,,49596,5,,,1,56,,49597,5,,,1,15,,49598,5,,,1,15,,49599,5,,,1,15,,49600,5,,,1,55,,49601,5,,,1,15,,49602,5,,,1,15,,49603,5,,,1,15,,49604,5,,,1,55,,49605,5,,,1,15,,49606,5,,,1,15,,49607,5,,,1,15,,49608,5,,,1,54,,49609,5,,,1,14,,49610,5,,,1,14,,49611,5,,,1,59,,49612,5,,,1,9,,49613,5,,,1,16,,49614,5,,,1,15,,49615,5,,,1,15,,49616,5,,,1,55,,49617,5,,,1,15,,49618,5,,,1,13,,49629,5,0,37 3 65,1,17,,49619,5,,,1,58,,49620,5,0,37 3 65,1,19,,49621,5,,,1,20,,49622,5,,,1,74,,49623,5,,,1,27,,49624,5,,,1,67,,49625,5,,,1,27,,49626,5,,,1,65,,49627,5,,,1,23,,49628,5,0,37 3 65,1
9001,'3',826,,49648,5,,,1,30,,49649,5,,,1,70,,49650,5,,,1,30,,49651,5,,,1,60,,49652,5,,,1,25,,49647,5,,,1,65,,49646,5,,,1,25,,49645,5,,,1,25,,49644,5,,,1,64,,49643,5,,,1,25,,49642,5,,,1,65,,49641,5,,,1,25,,49640,5,,,1,65,,49639,5,,,1,26,,49638,5,,,1,25,,49637,5,,,1,65,,49636,5,,,1,25,,49635,5,,,1,65,,49634,5,,,1,25,,49633,5,,,1,25,,49632,5,,,1,65,,49631,5,,,1,25,,49630,5,,,1
9001,'4',955,,49654,5,,,1,60,,49655,5,,,1,20,,49656,5,,,1,20,,49657,5,,,1,60,,49658,5,,,1,20,,49659,5,,,1,20,,49660,5,,,1,56,,49679,5,,,1,16,,49661,5,,,1,16,,49662,5,,,1,16,,49663,5,,,1,56,,49664,5,,,1,16,,49665,5,,,1,16,,49666,5,,,1,56,,49667,5,,,1,16,,49668,5,,,1,16,,49669,5,,,1,16,,49670,5,,,1,56,,49671,5,,,1,16,,49672,5,,,1,16,,49673,5,,,1,16,,49674,5,,,1,56,,49675,5,,,1,16,,49676,5,,,1,16,,49677,5,,,1,16,,49678,5,,,1,57,,49680,5,,,1,21,,49681,5,,,1,21,,49682,5,,,1,65,,49683,5,,,1,18,,49653,5,,,1,65,,49684,5,,,1
