2700,'11802',824,,48173,38,4,,1,89,,48174,38,4,,1,889,,48175,38,4,,1
2700,'2',630,,48246,38,4,,1,73,,48176,38,4,,1,36,,48177,38,4,,1,13,,48178,38,4,,1,53,,48179,38,4,,1,13,,48180,38,4,,1,13,,48181,38,4,,1,13,,48182,38,4,,1,13,,48183,38,4,,1,53,,48184,38,4,,1,12,,48185,38,4,,1,13,,48186,38,4,,1,13,,48187,38,4,,1,53,,48188,38,4,,1,13,,48189,38,4,,1,13,,48190,38,4,,1,13,,48191,38,4,,1,13,,48192,38,4,,1,53,,48193,38,4,,1,13,,48194,38,4,,1,13,,48195,38,4,,1,13,,48196,38,4,,1,13,,48197,38,4,,1,53,,48198,38,4,,1,12,,48199,38,4,,1,12,,48200,38,4,,1,12,,48201,38,4,,1,12,,48202,38,4,,1,52,,48203,38,4,,1,12,,48204,38,4,,1,12,,48205,38,4,,1,12,,48206,38,4,,1,12,,48207,38,4,,1,52,,48208,38,4,,1,15,,48209,38,4,,1,13,,48210,38,4,,1,13,,48211,38,4,,1,53,,48212,38,4,,1,13,,48213,38,4,,1,13,,48214,38,4,,1,13,,48215,38,4,,1,13,,48216,38,4,,1,57,,48217,38,4,,1,15,,48218,38,4,,1,9,,48219,38,4,,1,11,,48220,38,4,,1,51,,48221,38,4,,1,11,,48222,38,4,,1,11,,48223,38,4,,1,11,,48224,38,4,,1,11,,48225,38,4,,1,11,,48226,38,4,,1,51,,48227,38,4,,1,7,,48228,38,4,,1,6,,48229,38,4,,1,13,,48230,38,4,,1,15,,48231,38,4,,1,53,,48232,38,4,,1,14,,48233,38,4,,1,13,,48234,38,4,,1,17,,48235,38,4,,1,57,,48236,38,4,,1,17,,48237,38,4,,1,17,,48238,38,4,,1,17,,48239,38,4,,1,56,,48240,38,4,,1,16,,48241,38,4,,1,27,,48242,38,4,,1,67,,48243,38,4,,1,27,,48244,38,4,,1,70,,48245,38,4,,1
2700,'3',930,,48247,38,4,,1,29,,48249,38,4,,1,98,,48258,38,4,,1,76,,48250,38,4,,1,72,,48268,38,4,,1,32,,48259,38,4,,1,72,,48251,38,4,,1,32,,48248,38,4,,1,72,,48260,38,4,,1,34,,48252,38,4,,1,72,,48267,38,4,,1,30,,48261,38,4,,1,74,,48253,38,4,,1,32,,48269,38,4,,1,70,,48262,38,4,,1,34,,48254,38,4,,1,72,,48270,38,4,,1,17,,48263,38,4,,1,85,,48255,38,4,,1,85,,48264,38,4,,1,85,,48256,38,4,,1,40,,48265,38,4,,1,80,,48257,38,4,,1,80,,48266,38,4,,1
2700,'30',912,,48271,38,4,,1,45,,48278,38,4,,1,85,,48272,38,4,,1,85,,48279,38,4,,1,85,,48273,38,4,,1,88,,48280,38,4,,1,32,,48282,38,4,,1,27,,48274,38,4,,1,77,,48281,38,4,,1,72,,48283,38,4,,1,32,,48275,38,4,,1,72,,48284,38,4,,1,32,,48286,38,4,,1,72,,48276,38,4,,1,36,,48285,38,4,,1,86,,48277,38,4,,1,85,,48288,38,4,,1,85,,48287,38,4,,1
2700,'4',912,,48289,38,4,,1,45,,48296,38,4,,1,85,,48290,38,4,,1,85,,48297,38,4,,1,85,,48291,38,4,,1,88,,48298,38,4,,1,32,,48300,38,4,,1,27,,48292,38,4,,1,77,,48299,38,4,,1,72,,48301,38,4,,1,32,,48293,38,4,,1,72,,48302,38,4,,1,32,,48304,38,4,,1,72,,48294,38,4,,1,36,,48303,38,4,,1,86,,48295,38,4,,1,85,,48306,38,4,,1,85,,48305,38,4,,1
2701,'11802',744,,48307,1,,,1,875,,48308,1,,,1
2701,'2',633,,48309,1,,,1,78,,48311,1,,,1,39,,48314,1,,,1,53,,48315,1,,,1,8,,48316,1,,,1,13,,48317,1,,,1,13,,48318,1,,,1,12,,48319,1,,,1,53,,48320,1,,,1,13,,48321,1,,,1,13,,48322,1,,,1,13,,48323,1,,,1,13,,48324,1,,,1,53,,48325,1,,,1,13,,48326,1,,,1,13,,48327,1,,,1,13,,48328,1,,,1,13,,48329,1,,,1,53,,48330,1,,,1,13,,48331,1,,,1,13,,48332,1,,,1,12,,48333,1,,,1,52,,48334,1,,,1,12,,48335,1,,,1,12,,48336,1,,,1,12,,48337,1,,,1,12,,48338,1,,,1,52,,48339,1,,,1,12,,48340,1,,,1,12,,48341,1,,,1,12,,48342,1,,,1,12,,48343,1,,,1,53,,48344,1,,,1,13,,48345,1,,,1,13,,48346,1,,,1,13,,48347,1,,,1,13,,48348,1,,,1,53,,48349,1,,,1,21,,48351,1,,,1,12,,48352,1,,,1,11,,48353,1,,,1,51,,48354,1,,,1,22,,48356,1,,,1,11,,48357,1,,,1,11,,48358,1,,,1,11,,48359,1,,,1,51,,48360,1,,,1,11,,48361,1,,,1,11,,48362,1,,,1,7,,48363,1,,,1,14,,48364,1,,,1,52,,48365,1,,,1,13,,48366,1,,,1,11,,48367,1,,,1,11,,48368,1,,,1,17,,48369,1,,,1,57,,48370,1,,,1,17,,48371,1,,,1,17,,48372,1,,,1,57,,48373,1,,,1,17,,48374,1,,,1,17,,48375,1,,,1,64,,48376,1,,,1,27,,48377,1,,,1,27,,48378,1,,,1,67,,48379,1,,,1
2701,'3',932,,48391,1,,,1,27,,48382,1,,,1,144,,48392,1,,,1,32,,48383,1,,,1,72,,48400,1,,,1,32,,48393,1,,,1,72,,48384,1,,,1,32,,48401,1,,,1,72,,48394,1,,,1,34,,48385,1,,,1,72,,48402,1,,,1,30,,48395,1,,,1,74,,48386,1,,,1,32,,48403,1,,,1,70,,48396,1,,,1,78,,48387,1,,,1,45,,48397,1,,,1,85,,48388,1,,,1,85,,48398,1,,,1,85,,48389,1,,,1,40,,48399,1,,,1,80,,48390,1,,,1,80,,48404,1,,,1
2701,'30',914,,48406,1,,,1,45,,48412,1,,,1,85,,48407,1,,,1,85,,48413,1,,,1,85,,48408,1,,,1,88,,48414,1,,,1,32,,48415,1,,,1,72,,48409,1,,,1,32,,48417,1,,,1,72,,48416,1,,,1,32,,48410,1,,,1,72,,48418,1,,,1,32,,48420,1,,,1,72,,48411,1,,,1,37,,48419,1,,,1,85,,48421,1,,,1,85,,48422,1,,,1
2701,'4',914,,48424,1,,,1,45,,48430,1,,,1,85,,48425,1,,,1,85,,48431,1,,,1,85,,48426,1,,,1,88,,48432,1,,,1,32,,48433,1,,,1,72,,48427,1,,,1,32,,48435,1,,,1,72,,48434,1,,,1,32,,48428,1,,,1,72,,48436,1,,,1,32,,48438,1,,,1,72,,48429,1,,,1,37,,48437,1,,,1,85,,48439,1,,,1,85,,48440,1,,,1
9100,'2',710,,49685,1,,,1,17,,49686,1,,,1,17,,49687,1,,,1,57,,49688,1,,,1,17,,49689,1,,,1,17,,49690,1,,,1,17,,49691,1,,,1,57,,49692,1,,,1,17,,49693,1,,,1,17,,49694,1,,,1,57,,49695,1,,,1,17,,49696,1,,,1,17,,49697,1,,,1,17,,49698,1,,,1,57,,49699,1,,,1,17,,49700,1,,,1,17,,49701,1,,,1,17,,49702,1,,,1,57,,49703,1,,,1,17,,49704,1,,,1,17,,49705,1,,,1,57,,49706,1,,,1,17,,49707,1,,,1,17,,49708,1,,,1,15,,49709,1,,,1,57,,49710,1,,,1,17,,49711,1,,,1,17,,49712,1,,,1,57,,49713,1,,,1,17,,49714,1,,,1,17,,49715,1,,,1,17,,49716,1,,,1,57,,49717,1,,,1,17,,49718,1,,,1,17,,49719,1,,,1,58,,49720,1,,,1,17,,49721,1,,,1,17,,49722,1,,,1,18,,49723,1,,,1,57,,49724,1,,,1,17,,49725,1,,,1,17,,49726,1,,,1,57,,49727,1,,,1,17,,49728,1,,,1,18,,49729,1,,,1
9100,'3',1113,,49730,1,,,1,27,,49731,1,,,1,66,,49732,1,,,1,26,,49733,1,,,1,26,,49734,1,,,1,66,,49735,1,,,1,26,,49736,1,,,1,66,,49737,1,,,1,26,,49738,1,,,1,66,,49739,1,,,1,26,,49740,1,,,1,66,,49741,1,,,1,26,,49742,1,,,1,26,,49743,1,,,1,66,,49744,1,,,1,26,,49745,1,,,1,66,,49746,1,,,1,26,,49747,1,,,1,66,,49748,1,,,1,26,,49749,1,,,1,26,,49750,1,,,1,66,,49751,1,,,1,26,,49752,1,,,1,66,,49753,1,,,1
9100,'4',1215,,49772,1,,,1,27,,49754,1,,,1,66,,49755,1,,,1,26,,49756,1,,,1,66,,49757,1,,,1,26,,49758,1,,,1,26,,49759,1,,,1,66,,49760,1,,,1,26,,49761,1,,,1,66,,49762,1,,,1,26,,49763,1,,,1,67,,49764,1,,,1,26,,49765,1,,,1,26,,49766,1,,,1,66,,49767,1,,,1,26,,49768,1,,,1,66,,49769,1,,,1,26,,49770,1,,,1,68,,49771,1,,,1
9101,'11802',832,,49773,13,4,,1
9101,'2',748,,49774,10,4,,1,57,,49775,13,4,,1,17,,49776,13,4,,1,17,,49777,13,4,,1,17,,49778,13,4,,1,57,,49779,13,4,,1,17,,49780,13,4,,1,17,,49781,13,4,,1,57,,49782,13,4,,1,17,,49783,13,4,,1,17,,49784,13,4,,1,17,,49785,13,4,,1,57,,49786,13,4,,1,17,,49787,13,4,,1,17,,49788,13,4,,1,57,,49789,13,4,,1,18,,49790,13,4,,1,17,,49791,13,4,,1,17,,49792,13,4,,1,57,,49793,13,4,,1,17,,49794,13,4,,1,17,,49795,13,4,,1,57,,49796,13,4,,1,18,,49797,13,4,,1,17,,49798,13,4,,1,17,,49799,13,4,,1,57,,49800,13,4,,1,17,,49801,13,4,,1,17,,49802,13,4,,1,57,,49803,13,4,,1,19,,49804,13,4,,1,17,,49805,13,4,,1,17,,49806,13,4,,1,58,,49807,13,4,,1,17,,49808,13,4,,1,17,,49809,13,4,,1,57,,49810,13,4,,1,12,,49811,13,4,,1,17,,49812,13,4,,1,17,,49813,13,4,,1,57,,49814,13,4,,1,17,,49815,13,4,,1,17,,49816,13,4,,1,17,,49817,13,4,,1,54,,49818,13,4,,1
9101,'3',1112,,49819,13,4,,1,24,,49820,13,4,,1,66,,49821,13,4,,1,26,,49822,13,4,,1,26,,49823,13,4,,1,66,,49824,13,4,,1,26,,49825,13,4,,1,66,,49826,13,4,,1,26,,49827,13,4,,1,66,,49828,13,4,,1,26,,49829,13,4,,1,26,,49830,13,4,,1,66,,49831,13,4,,1,26,,49832,13,4,,1,66,,49833,13,4,,1,26,,49834,13,4,,1,66,,49835,13,4,,1,26,,49836,13,4,,1,26,,49837,13,4,,1,66,,49838,13,4,,1,26,,49839,13,4,,1,66,,49840,13,4,,1,26,,49841,13,4,,1,70,,49842,13,4,,1
9101,'4',1211,,49861,13,4,,1,26,,49843,13,4,,1,66,,49844,13,4,,1,26,,49845,13,4,,1,26,,49846,13,4,,1,66,,49847,13,4,,1,26,,49848,13,4,,1,66,,49849,13,4,,1,26,,49850,13,4,,1,66,,49851,13,4,,1,26,,49852,13,4,,1,26,,49853,13,4,,1,66,,49854,13,4,,1,26,,49855,13,4,,1,66,,49856,13,4,,1,26,,49857,13,4,,1,67,,49858,13,4,,1,26,,49859,13,4,,1,69,,49860,13,4,,1
