101,'2',630,,26145,3,0,13 11 63,0,71,,26151,3,0,13 11 63,0,30,,26152,3,0,13 11 63,0,25,,26153,3,0,13 11 63,0,70,,26154,3,0,13 11 63,0,78,,26158,3,0,13 11 63,0,0,,26172,3,0,10 16 17 3 43,0,40,,26159,3,0,13 11 63,0,80,,26160,3,0,13 11 63,0,35,,26161,3,0,13 11 63,0,80,,26162,3,0,13 11 63,0,80,,26163,3,0,13 11 63,0,40,,26164,3,0,13 11 63,0,78,,26173,3,0,13 11 63,0,68,,26174,3,0,13 11 63,0,30,,26175,3,0,13 11 63,0,70,,26176,3,0,13 11 63,0,30,,26181,3,0,13 11 63,0,72,,26182,3,0,13 11 63,0,32,,26183,3,0,13 11 63,0,72,,26184,3,0,13 11 63,0,20,,26197,3,0,13 9 15 3 43,0,27,,26189,3,0,13 11 63,0,45,,26207,3,0,10 16 17 3 43,0,45,,26190,3,0,13 11 63,0,90,,26191,3,0,13 11 63,0,90,,26192,3,0,13 11 63,0,77,,26204,3,0,13 9 15 3 43,0,25,,26201,3,0,13 11 63,0,100,,26202,3,0,13 11 63,0,100,,26203,3,0,13 11 63,0,89,,26206,3,0,10 16 17 3 43,0
101,'3',652,,26210,3,0,13 11 63,0,103,,26211,3,0,13 11 63,0,95,,26212,3,0,13 11 63,0,99,,26216,3,0,13 11 63,0,80,,26217,3,0,13 11 63,0,80,,26218,3,0,13 11 63,0,35,,26219,3,0,13 11 63,0,80,,26220,3,0,13 11 63,0,35,,26221,3,0,13 11 63,0,80,,26222,3,0,13 11 63,0,81,,26223,3,0,13 11 63,0,35,,26224,3,0,13 11 63,0,80,,26225,3,0,13 11 63,0,80,,26226,3,0,13 11 63,0,35,,26227,3,0,13 11 63,0,80,,26240,3,0,13 11 63,0,29,,26253,3,0,13 9 15 3 43,0,61,,26247,3,0,13 11 63,0,100,,26248,3,0,13 11 63,0,100,,26249,3,0,13 11 63,0,101,,26250,3,0,13 11 63,0,100,,26251,3,0,13 11 63,0,95,,26252,3,0,13 11 63,0,88,,26255,3,0,13 9 15 3 43,0,22,,26256,3,0,10 16 17 3 43,0
101,'30',817,,26258,3,0,13 11 63,0,104,,26259,3,0,13 11 63,0,104,,26260,3,0,13 11 63,0,99,,26261,3,0,13 11 63,0,88,,26273,3,0,13 11 63,0,45,,26274,3,0,13 11 63,0,90,,26275,3,0,13 11 63,0,90,,26276,3,0,13 11 63,0,90,,26277,3,0,13 11 63,0,90,,26278,3,0,13 11 63,0,92,,26279,3,0,13 11 63,0,30,,26291,3,0,10 16 17 3 43,0,65,,26286,3,0,13 11 63,0,100,,26287,3,0,13 11 63,0,100,,26288,3,0,13 11 63,0,100,,26289,3,0,13 11 63,0,102,,26290,3,0,13 11 63,0,46,,26292,3,0,13 9 15 3 43,0,64,,26293,3,0,10 16 17 3 43,0
101,'4',817,,26294,3,0,13 11 63,0,104,,26295,3,0,13 11 63,0,104,,26296,3,0,13 11 63,0,99,,26297,3,0,13 11 63,0,88,,26309,3,0,13 11 63,0,45,,26310,3,0,13 11 63,0,90,,26311,3,0,13 11 63,0,90,,26312,3,0,13 11 63,0,90,,26313,3,0,13 11 63,0,90,,26314,3,0,13 11 63,0,92,,26315,3,0,13 11 63,0,30,,26327,3,0,10 16 17 3 43,0,65,,26322,3,0,13 11 63,0,100,,26323,3,0,13 11 63,0,100,,26324,3,0,13 11 63,0,100,,26325,3,0,13 11 63,0,102,,26326,3,0,13 11 63,0,46,,26328,3,0,13 9 15 3 43,0,64,,26329,3,0,10 16 17 3 43,0
1601,'2',550,,30185,2,,,0,57,,30190,2,,,0,18,,30191,2,,,0,18,,30192,2,,,0,59,,30193,2,,,0,9,,30194,2,,,0,16,,30195,2,,,0,16,,30196,2,,,0,16,,30197,2,,,0,56,,30198,2,,,0,16,,30199,2,,,0,16,,30200,2,,,0,58,,30201,2,,,0,22,,30202,2,,,0,18,,30203,2,,,0,58,,30204,2,,,0,18,,30205,2,,,0,18,,30206,2,,,0,18,,30207,2,,,0,58,,30208,2,,,0,18,,30209,2,,,0,17,,30210,2,,,0,56,,30211,2,,,0,10,,30212,2,,,0,16,,30213,2,,,0,16,,30214,2,,,0,56,,30215,2,,,0,16,,30216,2,,,0,16,,30217,2,,,0,14,,30218,2,,,0,6,,30219,2,,,0,55,,30220,2,,,0,15,,30221,2,,,0,15,,30222,2,,,0,15,,30223,2,,,0,55,,30224,2,,,0,15,,30225,2,,,0,15,,30226,2,,,0,15,,30227,2,,,0,55,,30228,2,,,0,15,,30229,2,,,0,15,,30230,2,,,0,15,,30231,2,,,0,55,,30232,2,,,0,15,,30233,2,,,0,15,,30235,2,0,5 3 6,0,62,,30234,2,,,0,19,,30236,2,,,0,23,,30237,2,,,0,62,,30238,2,,,0,22,,30239,2,,,0,22,,30240,2,,,0,62,,30241,2,,,0,22,,30242,2,,,0,24,,30243,2,,,0,58,,30244,2,0,5 3 6,0,19,,30245,2,,,0,65,,30246,2,,,0,25,,30247,2,,,0,25,,30248,2,,,0,65,,30249,2,,,0,25,,30250,2,,,0,63,,30251,2,,,0,23,,30188,2,,,0,25,,30189,2,0,5 3 6,0
1601,'3',619,,30252,2,,,0,25,,30253,2,,,0,65,,30254,2,,,0,25,,30255,2,,,0,24,,30256,2,,,0,65,,30257,2,,,0,25,,30258,2,,,0,65,,30259,2,,,0,25,,30260,2,,,0,20,,30261,2,,,0,61,,30262,2,,,0,21,,30263,2,,,0,16,,30264,2,,,0,61,,30265,2,,,0,21,,30266,2,,,0,15,,30267,2,,,0,55,,30268,2,,,0,15,,30269,2,,,0,15,,30270,2,,,0,10,,30271,2,,,0,55,,30272,2,,,0,15,,30273,2,,,0,15,,30274,2,,,0,15,,30275,2,,,0,55,,30276,2,,,0,15,,30277,2,,,0,15,,30278,2,,,0,15,,30279,2,,,0,55,,30280,2,,,0,15,,30281,2,,,0,15,,30282,2,,,0,15,,30283,2,,,0,55,,30284,2,,,0,15,,30285,2,,,0,15,,30286,2,,,0,15,,30287,2,,,0,55,,30288,2,,,0,15,,30289,2,,,0,15,,30290,2,,,0,20,,30291,2,,,0,60,,30292,2,,,0,20,,30293,2,,,0,20,,30294,2,,,0,60,,30295,2,,,0,20,,30296,2,,,0,20,,30297,2,,,0,60,,30298,2,,,0,20,,30299,2,,,0,22,,30300,2,,,0,66,,30301,2,,,0,25,,30302,2,,,0,65,,30303,2,,,0,25,,30304,2,,,0,65,,30305,2,,,0,21,,30306,2,,,0,25,,30307,2,,,0,69,,30308,2,,,0,30,,30309,2,,,0
1601,'30',654,,30314,2,,,0,75,,30315,2,,,0,75,,30316,2,,,0,35,,30317,2,,,0,69,,30318,2,,,0,25,,30319,2,,,0,70,,30320,2,,,0,30,,30321,2,,,0,70,,30322,2,,,0,30,,30323,2,,,0,69,,30324,2,,,0,22,,30326,2,,,0,23,,30327,2,,,0,62,,30325,2,,,0,22,,30328,2,,,0,22,,30329,2,,,0,62,,30330,2,,,0,22,,30331,2,,,0,22,,30332,2,,,0,62,,30333,2,,,0,22,,30334,2,,,0,62,,30335,2,,,0,22,,30336,2,,,0,21,,30337,2,,,0,70,,30338,2,,,0,30,,30339,2,,,0,70,,30340,2,,,0,30,,30341,2,,,0,70,,30342,2,,,0,30,,30343,2,,,0,70,,30344,2,,,0,30,,30345,2,,,0,70,,30346,2,,,0,31,,30347,2,,,0,70,,30348,2,,,0,30,,30349,2,,,0
1601,'4',654,,30353,2,,,0,75,,30354,2,,,0,75,,30355,2,,,0,35,,30356,2,,,0,69,,30357,2,,,0,25,,30358,2,,,0,70,,30359,2,,,0,30,,30360,2,,,0,70,,30361,2,,,0,30,,30362,2,,,0,69,,30363,2,,,0,22,,30365,2,,,0,23,,30366,2,,,0,62,,30364,2,,,0,22,,30367,2,,,0,22,,30368,2,,,0,62,,30369,2,,,0,22,,30370,2,,,0,22,,30371,2,,,0,62,,30372,2,,,0,22,,30373,2,,,0,62,,30374,2,,,0,22,,30375,2,,,0,21,,30376,2,,,0,70,,30377,2,,,0,30,,30378,2,,,0,70,,30379,2,,,0,30,,30380,2,,,0,70,,30381,2,,,0,30,,30382,2,,,0,70,,30383,2,,,0,30,,30384,2,,,0,70,,30385,2,,,0,31,,30386,2,,,0,70,,30387,2,,,0,30,,30388,2,,,0
2400,'2',609,,31332,11,,,0,22,,31333,11,,,0,70,,31334,11,,,0,32,,31335,11,,,0,70,,31336,11,,,0,30,,31337,11,,,0,70,,31338,11,,,0,29,,31339,11,,,0,70,,31340,11,,,0,30,,31341,11,,,0,70,,31342,11,,,0,30,,31343,11,,,0,70,,31344,11,,,0,30,,31345,11,,,0,70,,31346,11,,,0,30,,31347,11,,,0,70,,31348,11,,,0,30,,31349,11,,,0,70,,31350,11,,,0,30,,31351,11,,,0,70,,31357,11,,,0,34,,31354,11,,,0,73,,31355,11,,,0,33,,31356,11,,,0,74,,31358,11,,,0,33,,31359,11,,,0,72,,31360,11,,,0,30,,31361,11,,,0,70,,31362,11,,,0,30,,31363,11,0,42 20,0
2400,'3',616,,31381,2,,,0,32,,31380,11,,,0,80,,31379,11,,,0,80,,31365,11,,,0,40,,31372,11,,,0,80,,31366,11,,,0,80,,31373,11,,,0,40,,31367,11,,,0,77,,31374,11,,,0,83,,31368,11,,,0,39,,31375,11,,,0,85,,31369,11,,,0,86,,31376,11,,,0,84,,31370,11,,,0,46,,31377,11,,,0,84,,31371,11,,,0,86,,31378,11,,,0,84,,31382,11,,,0,40,,31383,11,,,0,84,,31384,11,,,0,80,,31385,11,,,0
2400,'30',659,,31403,2,,,0,70,,31402,11,,,0,80,,31401,11,,,0,40,,31400,11,,,0,80,,31399,11,,,0,80,,31387,11,,,0,40,,31393,11,,,0,80,,31388,11,,,0,80,,31394,11,,,0,39,,31389,11,,,0,81,,31395,11,,,0,79,,31390,11,,,0,41,,31396,11,,,0,79,,31391,11,,,0,81,,31397,11,,,0,39,,31392,11,,,0
2400,'4',659,,31421,2,,,0,70,,31420,11,,,0,80,,31419,11,,,0,40,,31418,11,,,0,80,,31417,11,,,0,80,,31405,11,,,0,40,,31411,11,,,0,80,,31406,11,,,0,80,,31412,11,,,0,39,,31407,11,,,0,81,,31413,11,,,0,79,,31408,11,,,0,41,,31414,11,,,0,79,,31409,11,,,0,81,,31415,11,,,0,39,,31410,11,,,0
