201,'11802',753,,42903,58,0,13 24 25,1,75,,42905,52,0,10 24 25,1,30,,42904,58,0,13 24 25,1,70,,42906,52,0,10 24 25,1
201,'2',647,,42908,52,0,10 24 25,1,55,,42944,58,0,13 24 25,1,15,,42909,52,0,10 24 25,1,15,,42945,58,0,13 24 25,1,15,,42910,52,0,10 24 25,1,55,,42946,58,0,13 24 25,1,15,,42911,52,0,10 24 25,1,15,,42947,58,0,13 24 25,1,15,,42912,52,0,10 24 25,1,55,,42948,58,0,13 24 25,1,15,,42913,52,0,10 24 25,1,15,,42949,58,0,13 24 25,1,15,,42914,52,0,10 24 25,1,55,,42950,58,0,13 24 25,1,15,,42915,52,0,10 24 25,1,15,,42951,58,0,13 24 25,1,15,,42916,52,0,10 24 25,1,55,,42952,58,0,13 24 25,1,15,,42917,52,0,10 24 25,1,15,,42953,58,0,13 24 25,1,15,,42918,52,0,10 24 25,1,55,,42954,58,0,13 24 25,1,15,,42919,52,0,10 24 25,1,15,,42955,58,0,13 24 25,1,15,,42920,52,0,10 24 25,1,55,,42956,58,0,13 24 25,1,15,,42921,52,0,10 24 25,1,15,,42957,58,0,13 24 25,1,15,,42922,52,0,10 24 25,1,55,,42958,58,0,13 24 25,1,14,,42923,52,0,10 24 25,1,15,,42959,58,0,13 24 25,1,15,,42924,52,0,10 24 25,1,55,,42960,58,0,13 24 25,1,15,,42925,52,0,10 24 25,1,15,,42961,58,0,13 24 25,1,15,,42926,52,0,10 24 25,1,55,,42962,58,0,13 24 25,1,19,,42927,52,0,10 24 25,1,15,,42963,58,0,13 24 25,1,15,,42928,52,0,10 24 25,1,55,,42964,58,0,13 24 25,1,20,,42929,52,0,10 24 25,1,18,,42965,58,0,13 24 25,1,16,,42930,52,0,10 24 25,1,54,,42966,58,0,13 24 25,1,4,,42931,52,0,10 24 25,1,11,,42967,58,0,13 24 25,1,17,,42932,52,0,10 24 25,1,55,,42968,58,0,13 24 25,1,15,,42933,52,0,10 24 25,1,10,,42969,58,0,13 24 25,1,15,,42934,52,0,10 24 25,1,15,,42970,58,0,13 24 25,1,67,,42971,58,0,13 24 25,1,13,,42936,52,0,10 24 25,1,12,,42972,58,0,13 24 25,1,54,,42937,52,0,10 24 25,1,16,,42973,58,0,13 24 25,1,23,,42974,58,0,13 24 25,1,18,,42939,52,0,10 24 25,1,64,,42975,58,0,13 24 25,1,16,,42940,52,0,10 24 25,1,18,,42976,58,0,13 24 25,1,55,,42941,52,0,10 24 25,1,21,,42977,58,0,13 24 25,1,15,,42942,52,0,10 24 25,1,60,,42978,58,0,13 24 25,1,23,,42943,52,0,10 24 25,1,77,,42979,58,0,13 24 25,1,19,,42980,52,0,10 24 25,1
201,'3',641,,42983,58,0,13 24 25,1,70,,42984,52,0,10 24 25,1,30,,42985,58,0,13 24 25,1,72,,42986,52,0,10 24 25,1,15,,42987,58,0,13 24 25,1,15,,42988,52,0,10 24 25,1,10,,42989,58,0,13 24 25,1,55,,42990,52,0,10 24 25,1,10,,42991,58,0,13 24 25,1,15,,42992,52,0,10 24 25,1,15,,42993,58,0,13 24 25,1,55,,42994,52,0,10 24 25,1,15,,42995,58,0,13 24 25,1,15,,42996,52,0,10 24 25,1,10,,43039,34,,,1,5,,42997,58,0,13 24 25,1,55,,43018,52,0,10 24 25,1,15,,42998,58,0,13 24 25,1,15,,43019,52,0,10 24 25,1,15,,42999,58,0,13 24 25,1,55,,43020,52,0,10 24 25,1,15,,43000,58,0,13 24 25,1,10,,43021,52,0,10 24 25,1,15,,43001,58,0,13 24 25,1,10,,43022,52,0,10 24 25,1,55,,43002,58,0,13 24 25,1,15,,43023,52,0,10 24 25,1,15,,43003,58,0,13 24 25,1,15,,43024,52,0,10 24 25,1,55,,43004,58,0,13 24 25,1,16,,43025,52,0,10 24 25,1,15,,43005,58,0,13 24 25,1,10,,43026,52,0,10 24 25,1,10,,43006,58,0,13 24 25,1,55,,43027,52,0,10 24 25,1,15,,43007,58,0,13 24 25,1,15,,43028,52,0,10 24 25,1,15,,43008,58,0,13 24 25,1,55,,43029,52,0,10 24 25,1,15,,43009,58,0,13 24 25,1,15,,43030,52,0,10 24 25,1,15,,43010,58,0,13 24 25,1,50,,43031,52,0,10 24 25,1,15,,43011,58,0,13 24 25,1,15,,43032,52,0,10 24 25,1,10,,43012,58,0,13 24 25,1,55,,43033,52,0,10 24 25,1,14,,43013,58,0,13 24 25,1,15,,43034,52,0,10 24 25,1,10,,43014,58,0,13 24 25,1,15,,43035,52,0,10 24 25,1,55,,43015,58,0,13 24 25,1,15,,43036,52,0,10 24 25,1,15,,43016,58,0,13 24 25,1,15,,43037,52,0,10 24 25,1,55,,43017,58,0,13 24 25,1,15,,43038,52,0,10 24 25,1,15,,43040,58,0,13 24 25,1,15,,43041,52,0,10 24 25,1,55,,43042,58,0,13 24 25,1,25,,43047,52,0,10 24 25,1,70,,43043,58,0,13 24 25,1,30,,43048,52,0,10 24 25,1,67,,43044,58,0,13 24 25,1,30,,43049,52,0,10 24 25,1,70,,43045,58,0,13 24 25,1,30,,43050,52,0,10 24 25,1,78,,43046,58,0,13 24 25,1
201,'30',641,,43059,34,,,1,72,,43058,58,0,13 24 25,1,30,,43060,52,0,10 24 25,1,70,,43062,58,0,13 24 25,1,30,,43061,52,0,10 24 25,1,75,,43063,58,0,13 24 25,1,30,,43064,52,0,10 24 25,1,65,,43068,58,0,13 24 25,1,25,,43065,52,0,10 24 25,1,65,,43069,58,0,13 24 25,1,25,,43066,52,0,10 24 25,1,15,,43094,42,,,1,10,,43070,58,0,13 24 25,1,66,,43067,52,0,10 24 25,1,15,,43071,58,0,13 24 25,1,15,,43083,52,0,10 24 25,1,55,,43072,58,0,13 24 25,1,15,,43084,52,0,10 24 25,1,15,,43073,58,0,13 24 25,1,15,,43085,52,0,10 24 25,1,55,,43074,58,0,13 24 25,1,15,,43086,52,0,10 24 25,1,15,,43075,58,0,13 24 25,1,15,,43087,52,0,10 24 25,1,55,,43076,58,0,13 24 25,1,15,,43088,52,0,10 24 25,1,15,,43077,58,0,13 24 25,1,15,,43089,52,0,10 24 25,1,55,,43078,58,0,13 24 25,1,15,,43090,52,0,10 24 25,1,15,,43079,58,0,13 24 25,1,15,,43091,52,0,10 24 25,1,55,,43080,58,0,13 24 25,1,15,,43092,52,0,10 24 25,1,15,,43081,58,0,13 24 25,1,15,,43093,52,0,10 24 25,1,55,,43082,58,0,13 24 25,1,14,,43095,52,0,10 24 25,1,35,,43101,58,0,13 24 25,1,55,,43096,52,0,10 24 25,1,25,,43102,58,0,13 24 25,1,25,,43097,52,0,10 24 25,1,65,,43103,58,0,13 24 25,1,25,,43098,52,0,10 24 25,1,65,,43104,58,0,13 24 25,1,25,,43099,52,0,10 24 25,1,65,,43105,58,0,13 24 25,1,25,,43100,52,0,10 24 25,1,25,,43106,58,0,13 24 25,1,60,,43057,52,0,10 24 25,1
201,'4',641,,43113,34,,,1,72,,43112,58,0,13 24 25,1,30,,43114,52,0,10 24 25,1,70,,43116,58,0,13 24 25,1,30,,43115,52,0,10 24 25,1,75,,43117,58,0,13 24 25,1,30,,43118,52,0,10 24 25,1,65,,43122,58,0,13 24 25,1,25,,43119,52,0,10 24 25,1,65,,43123,58,0,13 24 25,1,25,,43120,52,0,10 24 25,1,15,,43148,42,,,1,10,,43124,58,0,13 24 25,1,66,,43121,52,0,10 24 25,1,15,,43125,58,0,13 24 25,1,15,,43137,52,0,10 24 25,1,55,,43126,58,0,13 24 25,1,15,,43138,52,0,10 24 25,1,15,,43127,58,0,13 24 25,1,15,,43139,52,0,10 24 25,1,55,,43128,58,0,13 24 25,1,15,,43140,52,0,10 24 25,1,15,,43129,58,0,13 24 25,1,15,,43141,52,0,10 24 25,1,55,,43130,58,0,13 24 25,1,15,,43142,52,0,10 24 25,1,15,,43131,58,0,13 24 25,1,15,,43143,52,0,10 24 25,1,55,,43132,58,0,13 24 25,1,15,,43144,52,0,10 24 25,1,15,,43133,58,0,13 24 25,1,15,,43145,52,0,10 24 25,1,55,,43134,58,0,13 24 25,1,15,,43146,52,0,10 24 25,1,15,,43135,58,0,13 24 25,1,15,,43147,52,0,10 24 25,1,55,,43136,58,0,13 24 25,1,14,,43149,52,0,10 24 25,1,35,,43155,58,0,13 24 25,1,55,,43150,52,0,10 24 25,1,25,,43156,58,0,13 24 25,1,25,,43151,52,0,10 24 25,1,65,,43157,58,0,13 24 25,1,25,,43152,52,0,10 24 25,1,65,,43158,58,0,13 24 25,1,25,,43153,52,0,10 24 25,1,65,,43159,58,0,13 24 25,1,25,,43154,52,0,10 24 25,1,25,,43160,58,0,13 24 25,1,60,,43111,52,0,10 24 25,1
2700,'11802',808,,48173,25,,,1,50,,48174,25,,,1,882,,48175,25,,,1
2700,'2',615,,48246,25,,,1,33,,48176,25,,,1,75,,48177,25,,,1,13,,48178,25,,,1,13,,48179,25,,,1,53,,48180,25,,,1,13,,48181,25,,,1,13,,48182,25,,,1,13,,48183,25,,,1,13,,48184,25,,,1,53,,48185,25,,,1,13,,48186,25,,,1,13,,48187,25,,,1,13,,48188,25,,,1,13,,48189,25,,,1,53,,48190,25,,,1,13,,48191,25,,,1,13,,48192,25,,,1,13,,48193,25,,,1,53,,48194,25,,,1,13,,48195,25,,,1,13,,48196,25,,,1,13,,48197,25,,,1,13,,48198,25,,,1,52,,48199,25,,,1,12,,48200,25,,,1,12,,48201,25,,,1,12,,48202,25,,,1,12,,48203,25,,,1,52,,48204,25,,,1,12,,48205,25,,,1,12,,48206,25,,,1,12,,48207,25,,,1,12,,48208,25,,,1,52,,48209,25,,,1,13,,48210,25,,,1,13,,48211,25,,,1,13,,48212,25,,,1,53,,48213,25,,,1,13,,48214,25,,,1,13,,48215,25,,,1,13,,48216,25,,,1,12,,48217,25,,,1,52,,48218,25,,,1,9,,48219,25,,,1,11,,48220,25,,,1,11,,48221,25,,,1,11,,48222,25,,,1,11,,48223,25,,,1,51,,48224,25,,,1,11,,48225,25,,,1,11,,48226,25,,,1,11,,48227,25,,,1,11,,48228,25,,,1,51,,48229,25,,,1,13,,48230,25,,,1,15,,48231,25,,,1,13,,48232,25,,,1,14,,48233,25,,,1,53,,48234,25,,,1,17,,48235,25,,,1,17,,48236,25,,,1,57,,48237,25,,,1,17,,48238,25,,,1,17,,48239,25,,,1,17,,48240,25,,,1,57,,48241,25,,,1,27,,48242,25,,,1,67,,48243,25,,,1,27,,48244,25,,,1,70,,48245,25,,,1
2700,'3',910,,48247,25,,,1,33,,48249,25,,,1,88,,48258,25,,,1,82,,48250,25,,,1,33,,48268,25,,,1,71,,48259,25,,,1,33,,48251,25,,,1,72,,48248,25,,,1,32,,48260,25,,,1,73,,48252,25,,,1,32,,48267,25,,,1,70,,48261,25,,,1,74,,48253,25,,,1,32,,48269,25,,,1,70,,48262,25,,,1,34,,48254,25,,,1,72,,48270,25,,,1,18,,48263,25,,,1,85,,48255,25,,,1,45,,48264,25,,,1,85,,48256,25,,,1,83,,48265,25,,,1,80,,48257,25,,,1,40,,48266,25,,,1
2700,'30',854,,48271,25,,,1,85,,48278,25,,,1,85,,48272,25,,,1,85,,48279,25,,,1,45,,48273,25,,,1,85,,48280,25,,,1,72,,48282,25,,,1,22,,48274,25,,,1,82,,48281,25,,,1,32,,48283,25,,,1,72,,48275,25,,,1,32,,48284,25,,,1,72,,48286,25,,,1,32,,48276,25,,,1,71,,48285,25,,,1,92,,48277,25,,,1,85,,48288,25,,,1,45,,48287,25,,,1
2700,'4',854,,48289,25,,,1,85,,48296,25,,,1,85,,48290,25,,,1,85,,48297,25,,,1,45,,48291,25,,,1,85,,48298,25,,,1,72,,48300,25,,,1,22,,48292,25,,,1,82,,48299,25,,,1,32,,48301,25,,,1,72,,48293,25,,,1,32,,48302,25,,,1,72,,48304,25,,,1,32,,48294,25,,,1,71,,48303,25,,,1,92,,48295,25,,,1,85,,48306,25,,,1,45,,48305,25,,,1
10201,'11802',920,,50351,14,,,1,21,,50352,14,,,1,807,,50353,14,,,1
10201,'3302',618,,50413,14,,,1,22,,50412,14,,,1,65,,50411,14,,,1,25,,50410,14,,,1,25,,50409,14,,,1,60,,50363,14,,,1,10,,50362,14,,,1,20,,50361,14,,,1,61,,50360,14,,,1,10,,50359,14,,,1,19,,50358,14,,,1,21,,50357,14,,,1,50,,50356,14,,,1,20,,50355,14,,,1,20,,50354,14,,,1,6,,50364,14,,,1,57,,50365,14,,,1,22,,50366,14,,,1,11,,50367,14,,,1,11,,50368,14,,,1,62,,50369,14,,,1,11,,50370,14,,,1,11,,50371,14,,,1,22,,50372,14,,,1,51,,50373,14,,,1,11,,50374,14,,,1,22,,50375,14,,,1,11,,50376,14,,,1,51,,50377,14,,,1,21,,50378,14,,,1,11,,50379,14,,,1,13,,50380,14,,,1,65,,50381,14,,,1,12,,50382,14,,,1,12,,50383,14,,,1,64,,50384,14,,,1,13,,50385,14,,,1,12,,50386,14,,,1,24,,50387,14,,,1,52,,50388,14,,,1,12,,50389,14,,,1,24,,50390,14,,,1,12,,50391,14,,,1,52,,50392,14,,,1,28,,50393,14,,,1,12,,50394,14,,,1,70,,50395,14,,,1,15,,50396,14,,,1,30,,50397,14,,,1,55,,50398,14,,,1,30,,50399,14,,,1,14,,50400,14,,,1,67,,50401,14,,,1,20,,50402,14,,,1,60,,50403,14,,,1,20,,50404,14,,,1,20,,50405,14,,,1,60,,50406,14,,,1,20,,50407,14,,,1,20,,50408,14,,,1
10201,'3602',835,,50419,14,,,1,20,,50418,14,,,1,69,,50417,14,,,1,22,,50416,14,,,1,70,,50415,14,,,1,20,,50414,14,,,1,84,,50420,14,,,1,84,,50421,14,,,1,44,,50422,14,,,1,84,,50423,14,,,1,83,,50424,14,,,1,88,,50425,14,,,1,48,,50426,14,,,1,89,,50427,14,,,1,88,,50428,14,,,1,86,,50429,14,,,1,45,,50430,14,,,1,85,,50431,14,,,1,85,,50432,14,,,1
10201,'3903',1135,,50433,14,,,1,82,,50434,14,,,1,84,,50435,14,,,1,40,,50436,14,,,1,79,,50437,14,,,1,81,,50438,14,,,1,40,,50439,14,,,1,83,,50440,14,,,1,84,,50441,14,,,1,45,,50442,14,,,1,80,,50443,14,,,1,80,,50444,14,,,1,40,,50445,14,,,1,80,,50446,14,,,1,77,,50447,14,,,1,34,,50448,14,,,1,75,,50449,14,,,1,35,,50450,14,,,1,75,,50451,14,,,1
10201,'6404',1135,,50452,14,,,1,82,,50453,14,,,1,84,,50454,14,,,1,40,,50455,14,,,1,79,,50456,14,,,1,81,,50457,14,,,1,40,,50458,14,,,1,83,,50459,14,,,1,84,,50460,14,,,1,45,,50461,14,,,1,80,,50462,14,,,1,80,,50463,14,,,1,40,,50464,14,,,1,80,,50465,14,,,1,77,,50466,14,,,1,34,,50467,14,,,1,75,,50468,14,,,1
10600,'11802',833,,50550,15,,,1,86,,50551,15,,,1,689,,50552,15,,,1,93,,50553,15,,,1
10600,'3302',716,,50554,15,,,1,20,,50569,15,,,1,21,,50555,15,,,1,60,,50570,15,,,1,25,,50556,15,,,1,60,,50571,15,,,1,26,,50557,15,,,1,20,,50572,15,,,1,65,,50558,15,,,1,25,,50573,15,,,1,20,,50559,15,,,1,65,,50574,15,,,1,20,,50560,15,,,1,60,,50575,15,,,1,25,,50561,15,,,1,21,,50576,15,,,1,65,,50562,15,,,1,20,,50577,15,,,1,25,,50563,15,,,1,60,,50578,15,,,1,26,,50564,15,,,1,60,,50579,15,,,1,25,,50565,15,,,1,20,,50580,15,,,1,65,,50566,15,,,1,23,,50581,15,,,1,70,,50567,15,,,1,20,,50582,15,,,1,10,,50584,15,,,1,65,,50568,15,,,1,16,,50583,15,,,1,10,,50585,15,,,1,20,,50590,15,,,1,59,,50586,15,,,1,18,,50591,15,,,1,22,,50587,15,,,1,58,,50592,15,,,1,22,,50588,15,,,1,18,,50593,15,,,1,62,,50589,15,,,1,17,,50594,15,,,1,78,,50595,15,,,1,41,,50596,15,,,1,80,,50597,15,,,1,80,,50598,15,,,1
10600,'3602',726,,50599,15,,,1,20,,50614,15,,,1,61,,50600,15,,,1,20,,50615,15,,,1,25,,50601,15,,,1,60,,50616,15,,,1,26,,50602,15,,,1,20,,50617,15,,,1,65,,50603,15,,,1,25,,50618,15,,,1,60,,50604,15,,,1,25,,50619,15,,,1,20,,50605,15,,,1,60,,50620,15,,,1,26,,50606,15,,,1,20,,50621,15,,,1,65,,50607,15,,,1,20,,50622,15,,,1,65,,50608,15,,,1,20,,50623,15,,,1,26,,50609,15,,,1,60,,50624,15,,,1,25,,50610,15,,,1,60,,50625,15,,,1,28,,50611,15,,,1,25,,50626,15,,,1,65,,50612,15,,,1,35,,50627,15,,,1,60,,50613,15,,,1,26,,50628,15,,,1,20,,50629,15,,,1,58,,50630,15,,,1,20,,50631,15,,,1,21,,50632,15,,,1,58,,50633,15,,,1,22,,50634,15,,,1,18,,50635,15,,,1
10600,'3903',1115,,50636,15,,,1,41,,50637,15,,,1,86,,50638,15,,,1,80,,50639,15,,,1,80,,50640,15,,,1,41,,50641,15,,,1,85,,50642,15,,,1,85,,50643,15,,,1,93,,50644,15,,,1,50,,50645,15,,,1,80,,50646,15,,,1,80,,50647,15,,,1,40,,50648,15,,,1,80,,50649,15,,,1,79,,50650,15,,,1,39,,50651,15,,,1,80,,50652,15,,,1
10600,'6404',1115,,50653,15,,,1,41,,50654,15,,,1,86,,50655,15,,,1,80,,50656,15,,,1,80,,50657,15,,,1,41,,50658,15,,,1,85,,50659,15,,,1,85,,50660,15,,,1,93,,50661,15,,,1,50,,50662,15,,,1,80,,50663,15,,,1,80,,50664,15,,,1,40,,50665,15,,,1,80,,50666,15,,,1,79,,50667,15,,,1,39,,50668,15,,,1
12700,'3302',700,,50785,22,,,1,51,,50786,22,,,1,58,,50787,22,,,1,94,,50788,22,,,1,18,,50789,22,,,1,91,,50790,22,,,1,23,,50791,22,,,1,86,,50792,22,,,1,23,,50793,22,,,1,86,,50794,22,,,1,23,,50795,22,,,1,86,,50796,22,,,1,64,,50797,22,,,1,48,,50798,22,,,1,70,,50799,22,,,1,85,,50800,22,,,1,33,,50801,22,,,1,88,,50802,22,,,1,76,,50803,22,,,1,33,,50804,22,,,1,77,,50805,22,,,1,34,,50806,22,,,1,74,,50807,22,,,1,34,,50808,22,,,1,99,,50809,22,,,1,104,,50810,22,,,1,101,,50811,22,,,1
12700,'3602',622,,50812,22,,,1,93,,50813,22,,,1,16,,50814,22,,,1,96,,50815,22,,,1,18,,50816,22,,,1,103,,50817,22,,,1,110,,50818,22,,,1,149,,50819,22,,,1,109,,50820,22,,,1,105,,50821,22,,,1,15,,50822,22,,,1,70,,50823,22,,,1,30,,50824,22,,,1,15,,50825,22,,,1,72,,50826,22,,,1,32,,50827,22,,,1,56,,50828,22,,,1,32,,50829,22,,,1
12700,'3903',620,,50830,22,,,1,100,,50831,22,,,1,103,,50832,22,,,1,102,,50833,22,,,1,104,,50834,22,,,1,74,,50835,22,,,1,34,,50836,22,,,1,74,,50837,22,,,1,36,,50838,22,,,1,75,,50839,22,,,1,35,,50840,22,,,1,76,,50841,22,,,1,75,,50842,22,,,1,35,,50843,22,,,1,75,,50844,22,,,1,35,,50845,22,,,1,75,,50846,22,,,1,75,,50847,22,,,1,33,,50848,22,,,1,74,,50849,22,,,1,34,,50850,22,,,1,74,,50851,22,,,1,34,,50852,22,,,1,101,,50853,22,,,1,102,,50854,22,,,1,102,,50855,22,,,1
12700,'6404',710,,50856,12,,,1,102,,50857,22,,,1,103,,50858,22,,,1,34,,50859,22,,,1,74,,50860,22,,,1,34,,50861,22,,,1,74,,50862,22,,,1,74,,50863,22,,,1,35,,50864,22,,,1,74,,50865,22,,,1,34,,50866,22,,,1,74,,50867,22,,,1,34,,50868,22,,,1,74,,50869,22,,,1,74,,50870,22,,,1,34,,50871,22,,,1,73,,50872,22,,,1,28,,50873,22,,,1,77,,50874,22,,,1,101,,50875,22,,,1,101,,50876,22,,,1,101,,50877,22,,,1,101,,50878,22,,,1
