101,'2',602,,33839,4,,,1,26,,33841,4,,,1,13,,33828,47,0,10 11 63,1,17,,33840,4,,,1,44,,33829,48,0,13 11 63,1,20,,33830,47,0,10 11 63,1,15,,33835,48,0,13 11 63,1,15,,33831,47,0,10 11 63,1,55,,33836,48,0,13 11 63,1,10,,33832,47,0,10 11 63,1,15,,33837,48,0,13 11 63,1,15,,33833,47,0,10 11 63,1,54,,33838,48,0,13 11 63,1,15,,33834,47,0,10 11 63,1,20,,33842,48,0,13 11 63,1,20,,33849,47,0,10 11 63,1,60,,33843,48,0,13 11 63,1,20,,33850,47,0,10 11 63,1,20,,33844,48,0,13 11 63,1,60,,33851,47,0,10 11 63,1,15,,33845,48,0,13 11 63,1,20,,33852,47,0,10 11 63,1,61,,33846,48,0,13 11 63,1,20,,33853,47,0,10 11 63,1,20,,33847,48,0,13 11 63,1,60,,33854,47,0,10 11 63,1,20,,33848,48,0,13 11 63,1,18,,33855,47,0,10 11 63,1,53,,33880,4,,,1,8,,33857,48,0,13 11 63,1,17,,33861,47,0,10 11 63,1,15,,33858,48,0,13 11 63,1,15,,33862,47,0,10 11 63,1,55,,33859,48,0,13 11 63,1,15,,33863,47,0,10 11 63,1,15,,33860,48,0,13 11 63,1,15,,33864,47,0,10 11 63,1,55,,33865,48,0,13 11 63,1,16,,33869,47,0,10 11 63,1,16,,33866,48,0,13 11 63,1,56,,33870,47,0,10 11 63,1,16,,33867,48,0,13 11 63,1,16,,33871,47,0,10 11 63,1,16,,33868,48,0,13 11 63,1,56,,33872,47,0,10 11 63,1,24,,33873,48,0,13 11 63,1,25,,33877,47,0,10 11 63,1,66,,33874,48,0,13 11 63,1,24,,33878,47,0,10 11 63,1,66,,33875,48,0,13 11 63,1,24,,33879,47,0,10 11 63,1,66,,33876,48,0,13 11 63,1,29,,33882,47,0,10 11 63,1,30,,33885,48,0,13 11 63,1,70,,33883,47,0,10 11 63,1,30,,33886,48,0,13 11 63,1,70,,33884,47,0,10 11 63,1,30,,33887,48,0,13 11 63,1,61,,33889,47,0,10 11 63,1
101,'3',611,,33899,4,,,1,29,,33892,47,0,10 11 63,1,80,,33894,48,0,13 11 63,1,38,,33893,47,0,10 11 63,1,65,,33895,48,0,13 11 63,1,25,,33897,47,0,10 11 63,1,70,,33896,48,0,13 11 63,1,30,,33898,47,0,10 11 63,1,66,,33941,4,,,1,4,,33900,48,0,13 11 63,1,20,,33912,47,0,10 11 63,1,20,,33901,48,0,13 11 63,1,60,,33913,47,0,10 11 63,1,20,,33902,48,0,13 11 63,1,15,,33914,47,0,10 11 63,1,61,,33903,48,0,13 11 63,1,19,,33915,47,0,10 11 63,1,21,,33904,48,0,13 11 63,1,59,,33916,47,0,10 11 63,1,16,,33905,48,0,13 11 63,1,19,,33917,47,0,10 11 63,1,61,,33906,48,0,13 11 63,1,20,,33918,47,0,10 11 63,1,20,,33907,48,0,13 11 63,1,60,,33919,47,0,10 11 63,1,15,,33908,48,0,13 11 63,1,20,,33920,47,0,10 11 63,1,60,,33909,48,0,13 11 63,1,20,,33921,47,0,10 11 63,1,20,,33910,48,0,13 11 63,1,60,,33922,47,0,10 11 63,1,15,,33911,48,0,13 11 63,1,20,,33923,47,0,10 11 63,1,20,,33924,48,0,13 11 63,1,62,,33925,47,0,10 11 63,1,30,,33931,48,0,13 11 63,1,70,,33926,47,0,10 11 63,1,30,,33932,48,0,13 11 63,1,70,,33927,47,0,10 11 63,1,30,,33933,48,0,13 11 63,1,67,,33928,47,0,10 11 63,1,30,,33934,48,0,13 11 63,1,70,,33929,47,0,10 11 63,1,30,,33935,48,0,13 11 63,1,65,,33930,47,0,10 11 63,1,30,,33936,48,0,13 11 63,1,67,,33938,47,0,10 11 63,1
101,'30',833,,33949,4,,,1,15,,33942,48,0,13 11 63,1,72,,33946,47,0,10 11 63,1,32,,33943,48,0,13 11 63,1,72,,33947,47,0,10 11 63,1,32,,33944,48,0,13 11 63,1,72,,33948,47,0,10 11 63,1,27,,33945,48,0,13 11 63,1,65,,33950,47,0,10 11 63,1,25,,33957,48,0,13 11 63,1,60,,33951,47,0,10 11 63,1,25,,33958,48,0,13 11 63,1,25,,33952,47,0,10 11 63,1,65,,33959,48,0,13 11 63,1,25,,33953,47,0,10 11 63,1,65,,33960,48,0,13 11 63,1,25,,33954,47,0,10 11 63,1,65,,33961,48,0,13 11 63,1,25,,33955,47,0,10 11 63,1,25,,33962,48,0,13 11 63,1,64,,33956,47,0,10 11 63,1,25,,33963,48,0,13 11 63,1,65,,33964,47,0,10 11 63,1,30,,33970,48,0,13 11 63,1,70,,33965,47,0,10 11 63,1,30,,33971,48,0,13 11 63,1,70,,33966,47,0,10 11 63,1,30,,33972,48,0,13 11 63,1,70,,33967,47,0,10 11 63,1,30,,33973,48,0,13 11 63,1,69,,33968,47,0,10 11 63,1,30,,33974,48,0,13 11 63,1,78,,33969,47,0,10 11 63,1
101,'4',833,,33985,4,,,1,15,,33978,48,0,13 11 63,1,72,,33982,47,0,10 11 63,1,32,,33979,48,0,13 11 63,1,72,,33983,47,0,10 11 63,1,32,,33980,48,0,13 11 63,1,72,,33984,47,0,10 11 63,1,27,,33981,48,0,13 11 63,1,65,,33986,47,0,10 11 63,1,25,,33993,48,0,13 11 63,1,60,,33987,47,0,10 11 63,1,25,,33994,48,0,13 11 63,1,25,,33988,47,0,10 11 63,1,65,,33995,48,0,13 11 63,1,25,,33989,47,0,10 11 63,1,65,,33996,48,0,13 11 63,1,25,,33990,47,0,10 11 63,1,65,,33997,48,0,13 11 63,1,25,,33991,47,0,10 11 63,1,25,,33998,48,0,13 11 63,1,64,,33992,47,0,10 11 63,1,25,,33999,48,0,13 11 63,1,65,,34000,47,0,10 11 63,1,30,,34006,48,0,13 11 63,1,70,,34001,47,0,10 11 63,1,30,,34007,48,0,13 11 63,1,70,,34002,47,0,10 11 63,1,30,,34008,48,0,13 11 63,1,70,,34003,47,0,10 11 63,1,30,,34009,48,0,13 11 63,1,69,,34004,47,0,10 11 63,1,30,,34010,48,0,13 11 63,1,78,,34005,47,0,10 11 63,1
1601,'2',535,,37857,12,,,1,13,,37859,12,,,1,59,,37858,29,,,1,19,,37862,29,,,1,18,,37863,29,,,1,58,,37864,29,,,1,22,,37865,29,,,1,9,,37866,29,,,1,16,,37867,29,,,1,56,,37868,29,,,1,16,,37869,29,,,1,16,,37870,29,,,1,16,,37871,29,,,1,55,,37872,29,,,1,18,,37873,29,,,1,22,,37874,29,,,1,58,,37875,29,,,1,18,,37876,29,,,1,18,,37877,29,,,1,58,,37878,29,,,1,18,,37879,29,,,1,18,,37880,29,,,1,18,,37881,29,,,1,58,,37882,29,,,1,16,,37883,29,,,1,10,,37884,29,,,1,16,,37885,29,,,1,56,,37886,29,,,1,16,,37887,29,,,1,16,,37888,29,,,1,16,,37889,29,,,1,57,,37890,29,,,1,6,,37891,29,,,1,15,,37892,29,,,1,15,,37893,29,,,1,55,,37894,29,,,1,15,,37895,29,,,1,15,,37896,29,,,1,15,,37897,29,,,1,55,,37898,29,,,1,17,,37899,29,,,1,15,,37900,29,,,1,15,,37901,29,,,1,55,,37902,29,,,1,15,,37903,29,,,1,15,,37904,29,,,1,15,,37905,29,,,1,70,,37906,29,,,1,19,,37908,29,,,1,63,,37909,29,,,1,22,,37910,29,,,1,22,,37911,29,,,1,62,,37912,29,,,1,22,,37913,29,,,1,22,,37914,29,,,1,63,,37915,29,,,1,37,,37917,29,,,1,65,,37918,29,,,1,25,,37919,29,,,1,65,,37920,29,,,1,25,,37921,29,,,1,65,,37922,29,,,1,23,,37923,29,,,1,23,,37860,29,,,1
1601,'3',558,,37982,12,,,1,65,,37983,12,,,1,12,,37924,29,,,1,65,,37925,29,,,1,25,,37926,29,,,1,25,,37927,29,,,1,65,,37928,29,,,1,25,,37929,29,,,1,65,,37930,29,,,1,25,,37931,29,,,1,19,,37984,12,,,1,6,,37932,29,,,1,63,,37933,29,,,1,21,,37934,29,,,1,61,,37935,29,,,1,16,,37936,29,,,1,18,,37985,12,,,1,3,,37937,29,,,1,21,,37938,29,,,1,55,,37939,29,,,1,15,,37940,29,,,1,15,,37941,29,,,1,15,,37942,29,,,1,50,,37943,29,,,1,15,,37944,29,,,1,15,,37945,29,,,1,15,,37946,29,,,1,56,,37947,29,,,1,15,,37948,29,,,1,15,,37949,29,,,1,15,,37950,29,,,1,55,,37951,29,,,1,15,,37952,29,,,1,15,,37953,29,,,1,15,,37954,29,,,1,55,,37955,29,,,1,15,,37956,29,,,1,15,,37957,29,,,1,15,,37958,29,,,1,55,,37959,29,,,1,15,,37960,29,,,1,15,,37961,29,,,1,15,,37962,29,,,1,57,,37963,29,,,1,20,,37964,29,,,1,20,,37965,29,,,1,60,,37966,29,,,1,20,,37967,29,,,1,20,,37968,29,,,1,60,,37969,29,,,1,20,,37970,29,,,1,20,,37971,29,,,1,61,,37972,29,,,1,26,,37973,29,,,1,65,,37974,29,,,1,25,,37975,29,,,1,25,,37976,29,,,1,65,,37977,29,,,1,21,,37978,29,,,1,65,,37979,29,,,1,29,,37980,29,,,1,70,,37981,29,,,1
1601,'30',638,,38022,12,,,1,73,,37986,29,,,1,35,,37987,29,,,1,75,,37988,29,,,1,20,,38023,12,,,1,15,,37989,29,,,1,72,,37990,29,,,1,25,,37991,29,,,1,70,,37992,29,,,1,30,,37993,29,,,1,70,,37994,29,,,1,30,,37995,29,,,1,52,,38024,12,,,1,18,,37996,29,,,1,22,,37998,29,,,1,63,,37999,29,,,1,22,,37997,29,,,1,22,,38000,29,,,1,62,,38001,29,,,1,22,,38002,29,,,1,22,,38003,29,,,1,62,,38004,29,,,1,22,,38005,29,,,1,62,,38006,29,,,1,22,,38007,29,,,1,22,,38008,29,,,1,59,,38009,29,,,1,30,,38010,29,,,1,70,,38011,29,,,1,30,,38012,29,,,1,70,,38013,29,,,1,30,,38014,29,,,1,70,,38015,29,,,1,30,,38016,29,,,1,70,,38017,29,,,1,30,,38018,29,,,1,70,,38019,29,,,1,30,,38020,29,,,1,70,,38021,29,,,1
1601,'4',638,,38061,12,,,1,73,,38025,29,,,1,35,,38026,29,,,1,75,,38027,29,,,1,20,,38062,12,,,1,15,,38028,29,,,1,72,,38029,29,,,1,25,,38030,29,,,1,70,,38031,29,,,1,30,,38032,29,,,1,70,,38033,29,,,1,30,,38034,29,,,1,52,,38063,12,,,1,18,,38035,29,,,1,22,,38037,29,,,1,63,,38038,29,,,1,22,,38036,29,,,1,22,,38039,29,,,1,62,,38040,29,,,1,22,,38041,29,,,1,22,,38042,29,,,1,62,,38043,29,,,1,22,,38044,29,,,1,62,,38045,29,,,1,22,,38046,29,,,1,22,,38047,29,,,1,59,,38048,29,,,1,30,,38049,29,,,1,70,,38050,29,,,1,30,,38051,29,,,1,70,,38052,29,,,1,30,,38053,29,,,1,70,,38054,29,,,1,30,,38055,29,,,1,70,,38056,29,,,1,30,,38057,29,,,1,70,,38058,29,,,1,30,,38059,29,,,1,70,,38060,29,,,1
2701,'2',606,,39699,20,,,1,52,,39628,21,,,1,65,,39629,20,,,1,13,,39630,21,,,1,13,,39631,20,,,1,53,,39632,20,,,1,13,,39633,21,,,1,13,,39634,21,,,1,8,,39635,21,,,1,13,,39636,21,,,1,53,,39637,21,,,1,12,,39638,21,,,1,14,,39639,21,,,1,13,,39640,21,,,1,13,,39641,21,,,1,53,,39642,21,,,1,13,,39643,21,,,1,13,,39644,21,,,1,13,,39645,21,,,1,13,,39646,21,,,1,53,,39647,21,,,1,13,,39648,21,,,1,13,,39649,21,,,1,13,,39650,21,,,1,53,,39651,21,,,1,13,,39652,21,,,1,12,,39653,21,,,1,12,,39654,21,,,1,12,,39655,21,,,1,52,,39656,21,,,1,12,,39657,21,,,1,12,,39658,21,,,1,12,,39659,21,,,1,12,,39660,21,,,1,52,,39661,21,,,1,12,,39662,21,,,1,14,,39663,21,,,1,13,,39664,21,,,1,13,,39665,21,,,1,53,,39666,21,,,1,13,,39667,21,,,1,13,,39668,21,,,1,9,,39669,20,,,1,12,,39670,21,,,1,52,,39671,21,,,1,11,,39672,21,,,1,11,,39673,21,,,1,11,,39674,20,,,1,11,,39675,21,,,1,51,,39676,21,,,1,11,,39677,21,,,1,11,,39678,21,,,1,11,,39679,21,,,1,11,,39680,21,,,1,11,,39681,21,,,1,47,,39682,21,,,1,13,,39683,21,,,1,9,,39684,21,,,1,13,,39685,21,,,1,11,,39686,21,,,1,51,,39687,21,,,1,17,,39688,21,,,1,17,,39689,21,,,1,17,,39690,21,,,1,57,,39691,21,,,1,17,,39692,21,,,1,17,,39693,21,,,1,57,,39694,21,,,1,20,,39695,21,,,1,27,,39696,21,,,1,67,,39697,21,,,1,27,,39698,21,,,1
2701,'3',908,,39700,20,,,1,43,,39710,21,,,1,72,,39701,21,,,1,104,,39711,21,,,1,74,,39702,21,,,1,32,,39719,21,,,1,72,,39712,21,,,1,32,,39703,21,,,1,72,,39720,21,,,1,31,,39713,21,,,1,74,,39704,21,,,1,32,,39721,21,,,1,70,,39714,21,,,1,34,,39705,21,,,1,72,,39722,21,,,1,30,,39715,21,,,1,75,,39706,21,,,1,85,,39716,21,,,1,45,,39707,21,,,1,85,,39717,21,,,1,82,,39708,21,,,1,80,,39718,21,,,1,40,,39709,21,,,1,80,,39723,21,,,1
2701,'30',853,,39724,20,,,1,85,,39725,21,,,1,85,,39731,21,,,1,85,,39726,21,,,1,45,,39732,21,,,1,85,,39727,21,,,1,88,,39733,21,,,1,32,,39734,21,,,1,72,,39728,21,,,1,72,,39736,21,,,1,32,,39735,21,,,1,72,,39729,21,,,1,32,,39737,21,,,1,72,,39739,21,,,1,29,,39730,21,,,1,77,,39738,21,,,1,85,,39740,21,,,1,45,,39741,21,,,1
2701,'4',853,,39742,20,,,1,85,,39743,21,,,1,85,,39749,21,,,1,85,,39744,21,,,1,45,,39750,21,,,1,85,,39745,21,,,1,88,,39751,21,,,1,32,,39752,21,,,1,72,,39746,21,,,1,72,,39754,21,,,1,32,,39753,21,,,1,72,,39747,21,,,1,32,,39755,21,,,1,72,,39757,21,,,1,29,,39748,21,,,1,77,,39756,21,,,1,85,,39758,21,,,1,45,,39759,21,,,1
9200,'2',729,,41171,8,,,1,22,,41172,8,,,1,62,,41173,8,,,1,22,,41174,8,,,1,22,,41175,8,,,1,62,,41176,8,,,1,398,,41177,8,,,1,32,,41178,8,,,1,73,,41179,8,,,1,28,,41180,8,,,1,65,,41181,8,,,1,25,,41182,8,,,1,65,,41183,8,,,1,26,,41184,8,,,1,25,,41185,8,,,1,65,,41186,8,,,1,25,,41187,8,,,1,67,,41188,8,,,1,31,,41189,8,,,1,81,,41190,8,,,1
