400,'2',612,,27059,1,0,13 18 19 20,0,38,,27058,1,0,10 18 19 20,0,55,,27057,1,0,13 18 19 20,0,15,,27056,1,0,10 18 19 20,0,15,,27055,1,0,13 18 19 20,0,15,,27054,1,0,10 18 19 20,0,55,,27053,1,0,13 18 19 20,0,15,,27052,1,0,10 18 19 20,0,15,,27051,1,0,13 18 19 20,0,21,,27050,1,0,10 18 19 20,0,60,,27049,1,0,13 18 19 20,0,20,,27048,1,0,10 18 19 20,0,20,,27047,1,0,13 18 19 20,0,60,,27046,1,0,10 18 19 20,0,20,,27045,1,0,13 18 19 20,0,20,,27044,1,0,10 18 19 20,0,60,,27043,1,0,13 18 19 20,0,20,,27042,1,0,10 18 19 20,0,20,,27041,1,0,13 18 19 20,0,60,,27040,1,0,10 18 19 20,0,20,,27039,1,0,13 18 19 20,0,20,,27038,1,0,10 18 19 20,0,60,,27037,1,0,13 18 19 20,0,17,,27036,1,0,10 18 19 20,0,14,,27061,1,0,13 18 19 20,0,10,,27062,1,0,10 18 19 20,0,55,,27070,1,0,13 18 19 20,0,15,,27063,1,0,10 18 19 20,0,15,,27071,1,0,13 18 19 20,0,15,,27064,1,0,10 18 19 20,0,55,,27072,1,0,13 18 19 20,0,15,,27065,1,0,10 18 19 20,0,14,,27073,1,0,13 18 19 20,0,13,,27066,1,0,10 18 19 20,0,54,,27074,1,0,13 18 19 20,0,10,,27067,1,0,10 18 19 20,0,15,,27075,1,0,13 18 19 20,0,15,,27068,1,0,10 18 19 20,0,10,,27076,1,0,13 18 19 20,0,55,,27069,1,0,10 18 19 20,0,10,,27077,1,0,13 18 19 20,0,23,,27078,1,0,10 18 19 20,0,62,,27079,1,0,13 18 19 20,0,15,,27083,1,0,10 18 19 20,0,20,,27080,1,0,13 18 19 20,0,60,,27084,1,0,10 18 19 20,0,20,,27081,1,0,13 18 19 20,0,20,,27085,1,0,10 18 19 20,0,60,,27082,1,0,13 18 19 20,0,17,,27086,1,0,10 18 19 20,0,15,,27087,1,0,13 18 19 20,0,67,,27090,1,0,10 18 19 20,0,30,,27088,1,0,13 18 19 20,0,70,,27091,1,0,10 18 19 20,0,30,,27089,1,0,13 18 19 20,0,72,,27092,1,0,10 18 19 20,0,40,,27093,1,0,13 18 19 20,0,99,,27094,1,0,13 18 19 20,0
400,'3',601,,27096,1,0,13 18 19 20,0,13,,27095,1,0,10 18 19 20,0,32,,27098,1,0,13 18 19 20,0,70,,27105,1,0,10 18 19 20,0,30,,27099,1,0,13 18 19 20,0,68,,27106,1,0,10 18 19 20,0,30,,27100,1,0,13 18 19 20,0,70,,27107,1,0,10 18 19 20,0,30,,27101,1,0,13 18 19 20,0,68,,27108,1,0,10 18 19 20,0,30,,27102,1,0,13 18 19 20,0,70,,27109,1,0,10 18 19 20,0,30,,27103,1,0,13 18 19 20,0,67,,27110,1,0,10 18 19 20,0,29,,27104,1,0,13 18 19 20,0,63,,27111,1,0,10 18 19 20,0,20,,27116,1,0,13 18 19 20,0,25,,27112,1,0,10 18 19 20,0,64,,27117,1,0,13 18 19 20,0,25,,27113,1,0,10 18 19 20,0,65,,27118,1,0,13 18 19 20,0,25,,27114,1,0,10 18 19 20,0,25,,27119,1,0,13 18 19 20,0,65,,27115,1,0,10 18 19 20,0,25,,27120,1,0,13 18 19 20,0,65,,27127,1,0,10 18 19 20,0,25,,27123,1,0,13 18 19 20,0,25,,27128,1,0,10 18 19 20,0,65,,27124,1,0,13 18 19 20,0,25,,27129,1,0,10 18 19 20,0,65,,27125,1,0,13 18 19 20,0,25,,27130,1,0,10 18 19 20,0,65,,27126,1,0,13 18 19 20,0,25,,27131,1,0,10 18 19 20,0,23,,27132,1,0,13 18 19 20,0,70,,27135,1,0,10 18 19 20,0,35,,27133,1,0,13 18 19 20,0,70,,27136,1,0,10 18 19 20,0,30,,27134,1,0,13 18 19 20,0,70,,27137,1,0,10 18 19 20,0,27,,27121,1,0,13 18 19 20,0,94,,27122,1,0,10 18 19 20,0
400,'30',644,,27168,1,0,13 18 19 20,0,82,,27169,1,0,10 18 19 20,0,80,,27170,1,0,13 18 19 20,0,43,,27140,1,0,10 18 19 20,0,74,,27141,1,0,13 18 19 20,0,25,,27142,1,0,10 18 19 20,0,70,,27143,1,0,13 18 19 20,0,30,,27144,1,0,10 18 19 20,0,70,,27145,1,0,13 18 19 20,0,30,,27146,1,0,10 18 19 20,0,66,,27147,1,0,13 18 19 20,0,30,,27148,1,0,10 18 19 20,0,70,,27149,1,0,13 18 19 20,0,30,,27150,1,0,10 18 19 20,0,70,,27151,1,0,13 18 19 20,0,30,,27152,1,0,10 18 19 20,0,70,,27153,1,0,13 18 19 20,0,30,,27154,1,0,10 18 19 20,0,70,,27155,1,0,13 18 19 20,0,30,,27156,1,0,10 18 19 20,0,70,,27157,1,0,13 18 19 20,0,30,,27158,1,0,10 18 19 20,0,72,,27159,1,0,13 18 19 20,0,30,,27160,1,0,10 18 19 20,0,70,,27161,1,0,13 18 19 20,0,30,,27162,1,0,10 18 19 20,0,70,,27163,1,0,13 18 19 20,0,30,,27164,1,0,10 18 19 20,0,70,,27165,1,0,13 18 19 20,0,30,,27166,1,0,10 18 19 20,0,66,,27167,1,0,13 18 19 20,0,29,,27138,1,0,10 18 19 20,0
400,'4',644,,27201,1,0,13 18 19 20,0,82,,27202,1,0,10 18 19 20,0,80,,27203,1,0,13 18 19 20,0,43,,27173,1,0,10 18 19 20,0,74,,27174,1,0,13 18 19 20,0,25,,27175,1,0,10 18 19 20,0,70,,27176,1,0,13 18 19 20,0,30,,27177,1,0,10 18 19 20,0,70,,27178,1,0,13 18 19 20,0,30,,27179,1,0,10 18 19 20,0,66,,27180,1,0,13 18 19 20,0,30,,27181,1,0,10 18 19 20,0,70,,27182,1,0,13 18 19 20,0,30,,27183,1,0,10 18 19 20,0,70,,27184,1,0,13 18 19 20,0,30,,27185,1,0,10 18 19 20,0,70,,27186,1,0,13 18 19 20,0,30,,27187,1,0,10 18 19 20,0,70,,27188,1,0,13 18 19 20,0,30,,27189,1,0,10 18 19 20,0,70,,27190,1,0,13 18 19 20,0,30,,27191,1,0,10 18 19 20,0,72,,27192,1,0,13 18 19 20,0,30,,27193,1,0,10 18 19 20,0,70,,27194,1,0,13 18 19 20,0,30,,27195,1,0,10 18 19 20,0,70,,27196,1,0,13 18 19 20,0,30,,27197,1,0,10 18 19 20,0,70,,27198,1,0,13 18 19 20,0,30,,27199,1,0,10 18 19 20,0,66,,27200,1,0,13 18 19 20,0,29,,27171,1,0,10 18 19 20,0
401,'2',608,,27230,53,4,,0,36,,27229,59,4,,0,61,,27231,2,4,,0,15,,27233,2,4,,0,6,,27228,53,4,,0,15,,27227,59,4,,0,10,,27226,25,4,,0,57,,27225,53,4,,0,15,,27224,53,4,,0,15,,27223,59,4,,0,15,,27222,53,4,,0,55,,27221,59,4,,0,15,,27220,53,4,,0,15,,27219,59,4,,0,15,,27218,53,4,,0,55,,27217,59,4,,0,20,,27216,53,4,,0,20,,27215,59,4,,0,60,,27214,53,4,,0,20,,27213,59,4,,0,21,,27212,53,4,,0,61,,27211,59,4,,0,20,,27210,53,4,,0,20,,27209,59,4,,0,60,,27208,53,4,,0,20,,27207,59,4,,0,17,,27232,2,4,,0,3,,27206,53,4,,0,60,,27205,59,4,,0,17,,27249,2,4,,0,4,,27204,53,4,,0,15,,27234,59,4,,0,59,,27242,53,4,,0,15,,27235,59,4,,0,15,,27243,53,4,,0,15,,27236,59,4,,0,55,,27244,53,4,,0,13,,27250,2,4,,0,3,,27237,59,4,,0,15,,27245,53,4,,0,15,,27238,59,4,,0,55,,27246,53,4,,0,15,,27239,59,4,,0,15,,27247,53,4,,0,15,,27240,59,4,,0,55,,27248,53,4,,0,9,,27241,59,4,,0,17,,27251,53,4,,0,21,,27256,59,4,,0,60,,27252,53,4,,0,20,,27257,59,4,,0,20,,27253,53,4,,0,60,,27258,59,4,,0,20,,27254,53,4,,0,20,,27259,59,4,,0,68,,27255,53,4,,0,33,,27260,59,4,,0,70,,27263,53,4,,0,30,,27261,59,4,,0,70,,27264,53,4,,0,30,,27262,59,4,,0,70,,27265,53,4,,0,90,,27266,59,4,,0
401,'3',643,,27272,53,4,,0,70,,27273,59,4,,0,20,,27280,53,4,,0,70,,27274,59,4,,0,32,,27281,53,4,,0,70,,27275,59,4,,0,30,,27282,53,4,,0,70,,27276,59,4,,0,32,,27283,53,4,,0,70,,27277,59,4,,0,30,,27284,53,4,,0,70,,27278,59,4,,0,30,,27285,53,4,,0,64,,27297,2,4,,0,6,,27279,59,4,,0,26,,27286,53,4,,0,67,,27292,59,4,,0,26,,27287,53,4,,0,25,,27293,59,4,,0,65,,27288,53,4,,0,25,,27294,59,4,,0,65,,27289,53,4,,0,25,,27295,59,4,,0,25,,27290,53,4,,0,65,,27296,59,4,,0,25,,27291,53,4,,0,65,,27304,59,4,,0,25,,27300,53,4,,0,65,,27305,59,4,,0,25,,27301,53,4,,0,25,,27306,59,4,,0,65,,27302,53,4,,0,25,,27307,59,4,,0,65,,27303,53,4,,0,23,,27308,59,4,,0,17,,27309,53,4,,0,70,,27313,59,4,,0,30,,27310,53,4,,0,70,,27314,59,4,,0,30,,27311,53,4,,0,70,,27315,59,4,,0,28,,27312,53,4,,0,72,,27298,59,4,,0
401,'30',713,,27348,53,4,,0,45,,27347,59,4,,0,85,,27346,53,4,,0,87,,27317,59,4,,0,85,,27318,53,4,,0,30,,27319,59,4,,0,64,,27320,53,4,,0,30,,27321,59,4,,0,67,,27322,53,4,,0,31,,27323,59,4,,0,69,,27324,53,4,,0,32,,27325,59,4,,0,70,,27326,53,4,,0,30,,27327,59,4,,0,70,,27328,53,4,,0,30,,27329,59,4,,0,70,,27330,53,4,,0,30,,27331,59,4,,0,70,,27332,53,4,,0,29,,27333,59,4,,0,70,,27334,53,4,,0,30,,27335,59,4,,0,70,,27336,53,4,,0,30,,27337,59,4,,0,68,,27338,53,4,,0,32,,27339,59,4,,0,70,,27340,53,4,,0,32,,27341,59,4,,0,68,,27342,53,4,,0,29,,27343,59,4,,0,78,,27316,53,4,,0
401,'4',713,,27381,53,4,,0,45,,27380,59,4,,0,85,,27379,53,4,,0,87,,27350,59,4,,0,85,,27351,53,4,,0,30,,27352,59,4,,0,64,,27353,53,4,,0,30,,27354,59,4,,0,67,,27355,53,4,,0,31,,27356,59,4,,0,69,,27357,53,4,,0,32,,27358,59,4,,0,70,,27359,53,4,,0,30,,27360,59,4,,0,70,,27361,53,4,,0,30,,27362,59,4,,0,70,,27363,53,4,,0,30,,27364,59,4,,0,70,,27365,53,4,,0,29,,27366,59,4,,0,70,,27367,53,4,,0,30,,27368,59,4,,0,70,,27369,53,4,,0,30,,27370,59,4,,0,68,,27371,53,4,,0,32,,27372,59,4,,0,70,,27373,53,4,,0,32,,27374,59,4,,0,68,,27375,53,4,,0,29,,27376,59,4,,0,78,,27349,53,4,,0
1701,'2',617,,30572,14,0,13 33,0,18,,30613,14,0,10 31,0,16,,30573,14,0,13 33,0,59,,30574,14,0,10 31,0,20,,30575,14,0,13 33,0,20,,30576,14,0,10 31,0,60,,30577,14,0,13 33,0,20,,30578,14,0,10 31,0,20,,30579,14,0,13 33,0,60,,30580,14,0,10 31,0,20,,30581,14,0,13 33,0,20,,30582,14,0,10 31,0,60,,30583,14,0,13 33,0,20,,30584,14,0,10 31,0,19,,30585,14,0,13 33,0,60,,30586,14,0,10 31,0,19,,30587,14,0,13 33,0,20,,30588,14,0,10 31,0,61,,30589,14,0,13 33,0,20,,30590,14,0,10 31,0,21,,30591,14,0,13 33,0,60,,30592,14,0,10 31,0,20,,30593,14,0,13 33,0,21,,30594,14,0,10 31,0,61,,30595,14,0,13 33,0,16,,30596,14,0,10 31,0,20,,30597,14,0,13 33,0,60,,30598,14,0,10 31,0,20,,30599,14,0,13 33,0,20,,30600,14,0,10 31,0,60,,30601,14,0,13 33,0,20,,30602,14,0,10 31,0,15,,30603,14,0,13 33,0,15,,30604,14,0,10 31,0,60,,30605,14,0,13 33,0,18,,30606,14,0,10 31,0,64,,30607,14,0,13 33,0,19,,30568,14,0,10 31,0,19,,30567,14,0,10 31,0,19,,30566,14,0,10 31,0,59,,30565,14,0,10 31,0,19,,30564,14,0,10 31,0,19,,30563,14,0,10 31,0,59,,30562,14,0,10 31,0,25,,30561,14,0,10 31,0,68,,30559,14,0,10 31,0,30,,30560,14,0,10 31,0,20,,30608,14,0,10 31,0,65,,30609,14,0,10 31,0,25,,30610,14,0,10 31,0,65,,30611,14,0,10 31,0,22,,30612,14,0,10 31,0,25,,30569,14,0,10 31,0,90,,30615,14,0,10 31,0
1701,'3',605,,30650,14,0,10 31,0,35,,30649,14,0,10 31,0,74,,30648,14,0,10 31,0,35,,30616,14,0,10 31,0,75,,30647,14,0,10 31,0,35,,30646,14,0,10 31,0,70,,30645,14,0,10 31,0,27,,30652,14,0,10 31,0,69,,30644,14,0,10 31,0,30,,30643,14,0,10 31,0,70,,30642,14,0,10 31,0,30,,30641,14,0,10 31,0,70,,30640,14,0,10 31,0,30,,30639,14,0,10 31,0,70,,30638,14,0,10 31,0,30,,30637,14,0,10 31,0,70,,30636,14,0,10 31,0,30,,30635,14,0,10 31,0,70,,30634,14,0,10 31,0,30,,30633,14,0,10 31,0,70,,30632,14,0,10 31,0,30,,30631,14,0,10 31,0,70,,30630,14,0,10 31,0,33,,30629,14,0,10 31,0,70,,30628,14,0,10 31,0,20,,30627,14,0,10 31,0,70,,30626,14,0,10 31,0,30,,30625,14,0,10 31,0,70,,30624,14,0,10 31,0,20,,30623,14,0,10 31,0,71,,30622,14,0,10 31,0,30,,30621,14,0,10 31,0,70,,30620,14,0,10 31,0,15,,30653,14,0,10 31,0,30,,30619,14,0,10 31,0,65,,30618,14,0,10 31,0,20,,30617,14,0,10 31,0,20,,30654,14,0,10 31,0,70,,30655,14,0,10 31,0
1701,'30',622,,30686,14,0,10 31,0,35,,30687,14,0,10 31,0,75,,30688,14,0,10 31,0,75,,30689,14,0,10 31,0,32,,30658,14,0,10 31,0,70,,30659,14,0,10 31,0,30,,30660,14,0,10 31,0,15,,30661,14,0,10 31,0,65,,30662,14,0,10 31,0,30,,30663,14,0,10 31,0,70,,30664,14,0,10 31,0,28,,30665,14,0,10 31,0,64,,30666,14,0,10 31,0,25,,30667,14,0,10 31,0,70,,30668,14,0,10 31,0,30,,30669,14,0,10 31,0,65,,30670,14,0,10 31,0,28,,30671,14,0,10 31,0,30,,30672,14,0,10 31,0,70,,30673,14,0,10 31,0,30,,30674,14,0,10 31,0,70,,30675,14,0,10 31,0,25,,30676,14,0,10 31,0,70,,30677,14,0,10 31,0,30,,30678,14,0,10 31,0,70,,30679,14,0,10 31,0,80,,30680,14,0,10 31,0,35,,30681,14,0,10 31,0,70,,30682,14,0,10 31,0,40,,30683,14,0,10 31,0,75,,30684,14,0,10 31,0,30,,30685,14,0,10 31,0,75,,30656,14,0,10 31,0,30,,30657,14,0,10 31,0
1701,'4',622,,30720,14,0,10 31,0,35,,30721,14,0,10 31,0,75,,30722,14,0,10 31,0,75,,30723,14,0,10 31,0,32,,30692,14,0,10 31,0,70,,30693,14,0,10 31,0,30,,30694,14,0,10 31,0,15,,30695,14,0,10 31,0,65,,30696,14,0,10 31,0,30,,30697,14,0,10 31,0,70,,30698,14,0,10 31,0,28,,30699,14,0,10 31,0,64,,30700,14,0,10 31,0,25,,30701,14,0,10 31,0,70,,30702,14,0,10 31,0,30,,30703,14,0,10 31,0,65,,30704,14,0,10 31,0,28,,30705,14,0,10 31,0,30,,30706,14,0,10 31,0,70,,30707,14,0,10 31,0,30,,30708,14,0,10 31,0,70,,30709,14,0,10 31,0,25,,30710,14,0,10 31,0,70,,30711,14,0,10 31,0,30,,30712,14,0,10 31,0,70,,30713,14,0,10 31,0,80,,30714,14,0,10 31,0,35,,30715,14,0,10 31,0,70,,30716,14,0,10 31,0,40,,30717,14,0,10 31,0,75,,30718,14,0,10 31,0,30,,30719,14,0,10 31,0,75,,30690,14,0,10 31,0,30,,30691,14,0,10 31,0
