2500,'2',629,,31510,29,4,,0,22,,31511,29,4,,0,68,,31512,29,4,,0,28,,31513,29,4,,0,66,,31514,29,4,,0,20,,31515,29,4,,0,20,,31516,29,4,,0,60,,31517,29,4,,0,20,,31518,29,4,,0,20,,31519,29,4,,0,60,,31520,29,4,,0,20,,31521,29,4,,0,20,,31522,29,4,,0,60,,31523,29,4,,0,20,,31524,29,4,,0,20,,31525,29,4,,0,60,,31526,29,4,,0,20,,31527,29,4,,0,20,,31528,29,4,,0,60,,31529,29,4,,0,20,,31530,29,4,,0,20,,31531,29,4,,0,60,,31532,29,4,,0,25,,31533,29,4,,0,20,,31534,29,4,,0,60,,31535,29,4,,0,20,,31536,29,4,,0,20,,31537,29,4,,0,60,,31538,29,4,,0,22,,31539,29,4,,0,61,,31540,29,4,,0,21,,31541,29,4,,0,21,,31542,29,4,,0,61,,31543,29,4,,0,21,,31544,29,4,,0,14,,31545,29,4,,0,20,,31546,29,4,,0,60,,31547,29,4,,0,20,,31548,29,4,,0,20,,31549,29,4,,0,60,,31550,29,4,,0,20,,31551,29,4,,0,14,,31552,29,4,,0,60,,31553,29,4,,0,19,,31554,29,4,,0,25,,31555,29,4,,0,65,,31556,29,4,,0,25,,31557,29,4,,0,65,,31558,29,4,,0,25,,31559,29,4,,0,65,,31560,29,4,,0
2500,'3',645,,31561,29,4,,0,63,,31592,29,4,,0,24,,31562,29,4,,0,25,,31593,29,4,,0,66,,31563,29,4,,0,24,,31564,29,4,,0,67,,31565,29,4,,0,26,,31566,29,4,,0,70,,31567,29,4,,0,23,,31568,29,4,,0,70,,31569,29,4,,0,27,,31570,29,4,,0,70,,31571,29,4,,0,28,,31572,29,4,,0,25,,31573,29,4,,0,70,,31574,29,4,,0,25,,31575,29,4,,0,70,,31576,29,4,,0,27,,31577,29,4,,0,70,,31578,29,4,,0,30,,31579,29,4,,0,70,,31580,29,4,,0,30,,31581,29,4,,0,70,,31582,29,4,,0,30,,31583,29,4,,0,69,,31584,29,4,,0,28,,31585,29,4,,0,70,,31586,29,4,,0,30,,31587,29,4,,0,68,,31594,29,4,,0,27,,31588,29,4,,0,68,,31595,29,4,,0,25,,31589,29,4,,0,25,,31596,29,4,,0,65,,31590,29,4,,0,25,,31597,29,4,,0,65,,31591,29,4,,0
2500,'30',907,,31606,29,4,,0,25,,31613,29,4,,0,70,,31614,29,4,,0,30,,31615,29,4,,0,70,,31616,29,4,,0,30,,31617,29,4,,0,70,,31618,29,4,,0,30,,31619,29,4,,0,70,,31620,29,4,,0,30,,31621,29,4,,0,70,,31622,29,4,,0,30,,31623,29,4,,0,70,,31607,29,4,,0,30,,31605,29,4,,0,27,,31609,29,4,,0,67,,31604,29,4,,0,27,,31608,29,4,,0,67,,31603,29,4,,0,22,,31610,29,4,,0,67,,31602,29,4,,0,27,,31611,29,4,,0,64,,31612,29,4,,0,30,,31601,29,4,,0,28,,31624,29,4,,0,70,,31600,29,4,,0,73,,31625,29,4,,0,30,,31599,29,4,,0,70,,31626,29,4,,0,25,,31598,29,4,,0,30,,31627,29,4,,0
2500,'4',907,,31636,29,4,,0,25,,31643,29,4,,0,70,,31644,29,4,,0,30,,31645,29,4,,0,70,,31646,29,4,,0,30,,31647,29,4,,0,70,,31648,29,4,,0,30,,31649,29,4,,0,70,,31650,29,4,,0,30,,31651,29,4,,0,70,,31652,29,4,,0,30,,31653,29,4,,0,70,,31637,29,4,,0,30,,31635,29,4,,0,27,,31639,29,4,,0,67,,31634,29,4,,0,27,,31638,29,4,,0,67,,31633,29,4,,0,22,,31640,29,4,,0,67,,31632,29,4,,0,27,,31641,29,4,,0,64,,31642,29,4,,0,30,,31631,29,4,,0,28,,31654,29,4,,0,70,,31630,29,4,,0,73,,31655,29,4,,0,30,,31629,29,4,,0,70,,31656,29,4,,0,25,,31628,29,4,,0,30,,31657,29,4,,0
2501,'2',606,,31658,1,,,0,24,,31659,1,,,0,70,,31660,1,,,0,20,,31661,1,,,0,20,,31662,1,,,0,60,,31663,1,,,0,20,,31664,1,,,0,20,,31665,1,,,0,60,,31666,1,,,0,20,,31667,1,,,0,20,,31668,1,,,0,60,,31669,1,,,0,20,,31670,1,,,0,20,,31671,1,,,0,60,,31672,1,,,0,20,,31673,1,,,0,20,,31674,1,,,0,60,,31675,1,,,0,20,,31676,1,,,0,20,,31677,1,,,0,60,,31678,1,,,0,20,,31679,1,,,0,20,,31680,1,,,0,60,,31681,1,,,0,20,,31682,1,,,0,20,,31683,1,,,0,60,,31684,1,,,0,20,,31685,1,,,0,20,,31686,1,,,0,61,,31687,1,,,0,21,,31688,1,,,0,21,,31689,1,,,0,61,,31690,1,,,0,21,,31691,1,,,0,21,,31692,1,,,0,60,,31693,1,,,0,20,,31694,1,,,0,20,,31695,1,,,0,60,,31696,1,,,0,20,,31697,1,,,0,20,,31698,1,,,0,60,,31699,1,,,0,20,,31700,1,,,0,20,,31701,1,,,0,70,,31702,1,,,0,24,,31703,1,,,0,65,,31704,1,,,0,25,,31705,1,,,0,25,,31706,1,,,0,65,,31707,1,,,0,21,,31708,1,,,0
2501,'3',620,,31742,1,,,0,25,,31709,1,,,0,66,,31741,1,,,0,25,,31710,1,,,0,65,,31740,1,,,0,26,,31711,1,,,0,27,,31712,1,,,0,67,,31713,1,,,0,25,,31714,1,,,0,70,,31715,1,,,0,25,,31716,1,,,0,70,,31717,1,,,0,24,,31718,1,,,0,66,,31719,1,,,0,30,,31720,1,,,0,25,,31721,1,,,0,70,,31722,1,,,0,26,,31723,1,,,0,69,,31724,1,,,0,30,,31725,1,,,0,70,,31726,1,,,0,30,,31727,1,,,0,70,,31728,1,,,0,30,,31729,1,,,0,70,,31730,1,,,0,30,,31731,1,,,0,70,,31732,1,,,0,30,,31733,1,,,0,64,,31739,1,,,0,31,,31734,1,,,0,67,,31743,1,,,0,29,,31735,1,,,0,67,,31744,1,,,0,27,,31736,1,,,0,65,,31745,1,,,0,25,,31737,1,,,0,25,,31746,1,,,0,62,,31738,1,,,0
2501,'30',910,,31754,1,,,0,35,,31763,1,,,0,65,,31764,1,,,0,30,,31765,1,,,0,70,,31766,1,,,0,30,,31767,1,,,0,70,,31768,1,,,0,30,,31769,1,,,0,70,,31770,1,,,0,30,,31771,1,,,0,70,,31772,1,,,0,30,,31773,1,,,0,68,,31755,1,,,0,27,,31753,1,,,0,67,,31756,1,,,0,27,,31752,1,,,0,27,,31757,1,,,0,67,,31751,1,,,0,27,,31758,1,,,0,67,,31750,1,,,0,27,,31759,1,,,0,65,,31762,1,,,0,30,,31760,1,,,0,70,,31774,1,,,0,30,,31749,1,,,0,72,,31775,1,,,0,31,,31748,1,,,0,69,,31776,1,,,0,15,,31747,1,,,0,82,,31761,1,,,0
2501,'4',910,,31784,1,,,0,35,,31793,1,,,0,65,,31794,1,,,0,30,,31795,1,,,0,70,,31796,1,,,0,30,,31797,1,,,0,70,,31798,1,,,0,30,,31799,1,,,0,70,,31800,1,,,0,30,,31801,1,,,0,70,,31802,1,,,0,30,,31803,1,,,0,68,,31785,1,,,0,27,,31783,1,,,0,67,,31786,1,,,0,27,,31782,1,,,0,27,,31787,1,,,0,67,,31781,1,,,0,27,,31788,1,,,0,67,,31780,1,,,0,27,,31789,1,,,0,65,,31792,1,,,0,30,,31790,1,,,0,70,,31804,1,,,0,30,,31779,1,,,0,72,,31805,1,,,0,31,,31778,1,,,0,69,,31806,1,,,0,15,,31777,1,,,0,82,,31791,1,,,0
3400,'2',600,,32420,1,0,14,0,40,,32421,1,0,14,0,70,,32436,1,0,14,0,40,,32431,1,0,14,0,82,,32430,1,0,14,0,83,,32432,1,0,14,0,40,,32422,1,0,14,0,80,,32423,1,0,14,0,80,,32424,1,0,14,0,85,,32425,1,0,14,0,40,,32426,1,0,14,0,80,,32427,1,0,14,0,80,,32428,1,0,14,0,40,,32429,1,0,14,0,80,,32437,1,0,14,0,80,,32438,1,0,14,0,40,,32439,1,0,14,0,80,,32440,1,0,14,0,80,,32441,1,0,14,0,40,,32442,1,0,14,0,80,,32448,1,0,14,0,80,,32443,1,0,14,0,40,,32444,1,0,14,0,80,,32445,1,0,14,0,80,,32447,1,0,14,0,40,,32446,1,0,14,0,80,,32433,1,0,14,0,31,,32435,1,0,49 3 40 50 51,0,80,,32434,1,0,49 3 40 50 51,0
3400,'3',750,,32458,1,0,14,0,80,,32456,1,0,14,0,80,,32457,1,0,14,0,40,,32449,1,0,14,0,80,,32450,1,0,14,0,80,,32451,1,0,14,0,40,,32452,1,0,14,0,80,,32453,1,0,14,0,80,,32454,1,0,14,0,40,,32455,1,0,14,0,80,,32459,1,0,14,0,80,,32460,1,0,14,0,40,,32461,1,0,14,0,80,,32462,1,0,14,0,80,,32463,1,0,14,0,40,,32464,1,0,14,0,80,,32465,1,0,14,0,80,,32466,1,0,14,0,40,,32467,1,0,14,0,80,,32468,1,0,14,0,80,,32469,1,0,14,0,40,,32470,1,0,14,0,80,,32471,1,0,14,0
3400,'30',1000,,32472,1,0,14,0,40,,32473,1,0,14,0,80,,32474,1,0,14,0,80,,32475,1,0,14,0,40,,32476,1,0,14,0,80,,32477,1,0,14,0,80,,32478,1,0,14,0,40,,32479,1,0,14,0,80,,32480,1,0,14,0,80,,32481,1,0,14,0,40,,32482,1,0,14,0,80,,32483,1,0,14,0,80,,32484,1,0,14,0,40,,32485,1,0,14,0,80,,32486,1,0,14,0,80,,32487,1,0,14,0,40,,32488,1,0,14,0
3400,'4',1000,,32489,1,0,14,0,40,,32490,1,0,14,0,80,,32491,1,0,14,0,80,,32492,1,0,14,0,40,,32493,1,0,14,0,80,,32494,1,0,14,0,80,,32495,1,0,14,0,40,,32496,1,0,14,0,80,,32497,1,0,14,0,80,,32498,1,0,14,0,40,,32499,1,0,14,0,80,,32500,1,0,14,0,80,,32501,1,0,14,0,40,,32502,1,0,14,0,80,,32503,1,0,14,0,80,,32504,1,0,14,0,40,,32505,1,0,14,0
3401,'2',625,,32520,56,4,,0,83,,32523,56,4,,0,34,,32506,56,4,,0,86,,32507,56,4,,0,82,,32509,56,4,,0,42,,32508,56,4,,0,81,,32510,56,4,,0,80,,32511,56,4,,0,45,,32512,56,4,,0,80,,32513,56,4,,0,80,,32514,56,4,,0,40,,32515,56,4,,0,78,,32516,56,4,,0,82,,32517,56,4,,0,40,,32518,56,4,,0,80,,32519,56,4,,0,79,,32524,56,4,,0,40,,32525,56,4,,0,80,,32526,56,4,,0,74,,32527,56,4,,0,42,,32528,56,4,,0,80,,32529,56,4,,0,80,,32533,56,4,,0,36,,32530,56,4,,0,82,,32531,56,4,,0,80,,32521,56,4,,0,40,,32522,56,4,,0,80,,32532,56,4,,0
3401,'3',853,,32534,56,4,,0,76,,32544,56,4,,0,81,,32543,56,4,,0,40,,32535,56,4,,0,85,,32536,56,4,,0,85,,32537,56,4,,0,81,,32538,56,4,,0,40,,32539,56,4,,0,80,,32540,56,4,,0,80,,32541,56,4,,0,40,,32542,56,4,,0,80,,32545,56,4,,0,80,,32546,56,4,,0,40,,32547,56,4,,0,78,,32548,56,4,,0,40,,32549,56,4,,0,80,,32550,56,4,,0,79,,32551,56,4,,0,40,,32552,56,4,,0,79,,32553,56,4,,0,80,,32554,56,4,,0,40,,32555,56,4,,0,80,,32556,56,4,,0
3401,'30',1150,,32557,56,4,,0,80,,32558,56,4,,0,80,,32559,56,4,,0,40,,32560,56,4,,0,80,,32561,56,4,,0,80,,32562,56,4,,0,40,,32563,56,4,,0,80,,32564,56,4,,0,78,,32565,56,4,,0,40,,32566,56,4,,0,80,,32567,56,4,,0,80,,32568,56,4,,0,40,,32569,56,4,,0,80,,32570,56,4,,0,80,,32571,56,4,,0
3401,'4',1150,,32572,56,4,,0,80,,32573,56,4,,0,80,,32574,56,4,,0,40,,32575,56,4,,0,80,,32576,56,4,,0,80,,32577,56,4,,0,40,,32578,56,4,,0,80,,32579,56,4,,0,78,,32580,56,4,,0,40,,32581,56,4,,0,80,,32582,56,4,,0,80,,32583,56,4,,0,40,,32584,56,4,,0,80,,32585,56,4,,0,80,,32586,56,4,,0
