1001,'11802',616,,45058,14,,,1,141,,45057,41,,,1,649,,45059,14,,,1,141,,45060,41,,,1,185,,45061,41,,,1
1001,'2',605,,45108,14,,,1,20,,45109,14,,,1,31,,45063,90,,,1,59,,45110,90,,,1,16,,45062,90,,,1,13,,45111,90,,,1,56,,45067,90,,,1,18,,45066,90,,,1,16,,45065,90,,,1,15,,45064,90,,,1,72,,45072,90,,,1,79,,45070,90,,,1,23,,45069,90,,,1,35,,45068,90,,,1,70,,45075,90,,,1,20,,45077,90,,,1,71,,45076,90,,,1,30,,45074,90,,,1,75,,45080,90,,,1,23,,45079,90,,,1,54,,45120,14,,,1,14,,45078,90,,,1,14,,45119,14,,,1,13,,45118,41,,,1,15,,45082,90,,,1,58,,45081,90,,,1,22,,45083,90,,,1,21,,45112,90,,,1,57,,45084,90,,,1,15,,45113,90,,,1,15,,45085,90,,,1,56,,45114,90,,,1,18,,45086,90,,,1,19,,45087,90,,,1,18,,45115,90,,,1,59,,45088,90,,,1,17,,45089,90,,,1,25,,45093,90,,,1,67,,45091,90,,,1,34,,45092,90,,,1,77,,45096,90,,,1,78,,45098,90,,,1,38,,45099,90,,,1,73,,45100,90,,,1,17,,45117,90,,,1,75,,45101,90,,,1,35,,45102,90,,,1,65,,45103,90,,,1,18,,45104,90,,,1,70,,45105,90,,,1,31,,45106,90,,,1
1001,'3',632,,45123,14,,,1,75,,45124,14,,,1,27,,45122,90,,,1,70,,45121,90,,,1,18,,45157,14,,,1,19,,45125,90,,,1,70,,45126,90,,,1,30,,45127,90,,,1,68,,45128,90,,,1,33,,45129,90,,,1,70,,45130,90,,,1,25,,45131,90,,,1,70,,45132,90,,,1,31,,45133,90,,,1,70,,45134,90,,,1,30,,45135,90,,,1,70,,45136,90,,,1,30,,45137,90,,,1,15,,45138,90,,,1,70,,45139,90,,,1,30,,45140,90,,,1,70,,45141,90,,,1,30,,45142,90,,,1,70,,45143,90,,,1,30,,45144,90,,,1,68,,45145,90,,,1,29,,45146,90,,,1,70,,45147,90,,,1,30,,45148,90,,,1,70,,45149,90,,,1,25,,45150,90,,,1,64,,45151,90,,,1,29,,45152,90,,,1,65,,45153,90,,,1,30,,45154,90,,,1,25,,45155,90,,,1,70,,45159,90,,,1,30,,45160,90,,,1,64,,45161,90,,,1,85,,45162,90,,,1
1001,'30',649,,45197,14,,,1,62,,45171,14,,,1,33,,45198,14,,,1,57,,45163,90,,,1,33,,45200,90,,,1,22,,45164,90,,,1,69,,45199,90,,,1,21,,45165,90,,,1,60,,45166,90,,,1,30,,45167,90,,,1,65,,45168,90,,,1,30,,45169,90,,,1,70,,45170,90,,,1,36,,45172,90,,,1,70,,45173,90,,,1,25,,45174,90,,,1,70,,45175,90,,,1,30,,45176,90,,,1,70,,45177,90,,,1,30,,45178,90,,,1,70,,45179,90,,,1,30,,45180,90,,,1,70,,45181,90,,,1,33,,45182,90,,,1,65,,45183,90,,,1,30,,45184,90,,,1,28,,45195,90,,,1,69,,45185,90,,,1,25,,45188,90,,,1,70,,45189,90,,,1,30,,45190,90,,,1,70,,45191,90,,,1,35,,45192,90,,,1,64,,45193,90,,,1,13,,45194,90,,,1,25,,45196,90,,,1
1001,'4',649,,45235,14,,,1,62,,45209,14,,,1,33,,45236,14,,,1,57,,45201,90,,,1,33,,45238,90,,,1,22,,45202,90,,,1,69,,45237,90,,,1,21,,45203,90,,,1,60,,45204,90,,,1,30,,45205,90,,,1,65,,45206,90,,,1,30,,45207,90,,,1,70,,45208,90,,,1,36,,45210,90,,,1,70,,45211,90,,,1,25,,45212,90,,,1,70,,45213,90,,,1,30,,45214,90,,,1,70,,45215,90,,,1,30,,45216,90,,,1,70,,45217,90,,,1,30,,45218,90,,,1,70,,45219,90,,,1,33,,45220,90,,,1,65,,45221,90,,,1,30,,45222,90,,,1,28,,45233,90,,,1,69,,45223,90,,,1,25,,45226,90,,,1,70,,45227,90,,,1,30,,45228,90,,,1,70,,45229,90,,,1,35,,45230,90,,,1,64,,45231,90,,,1,13,,45232,90,,,1,25,,45234,90,,,1
2500,'11802',1509,,47872,10,,,1
2500,'2',615,,47873,10,,,1,22,,47874,10,,,1,68,,47875,10,,,1,27,,47876,10,,,1,26,,47877,10,,,1,60,,47878,10,,,1,20,,47879,10,,,1,20,,47880,10,,,1,60,,47881,10,,,1,20,,47882,10,,,1,20,,47883,10,,,1,60,,47884,10,,,1,20,,47885,10,,,1,20,,47886,10,,,1,60,,47887,10,,,1,20,,47888,10,,,1,20,,47889,10,,,1,60,,47890,10,,,1,20,,47891,10,,,1,20,,47892,10,,,1,60,,47893,10,,,1,20,,47894,10,,,1,20,,47895,10,,,1,61,,47896,10,,,1,20,,47897,10,,,1,20,,47898,10,,,1,60,,47899,10,,,1,20,,47900,10,,,1,20,,47901,10,,,1,62,,47902,10,,,1,21,,47903,10,,,1,61,,47904,10,,,1,21,,47905,10,,,1,21,,47906,10,,,1,61,,47907,10,,,1,18,,47908,10,,,1,20,,47909,10,,,1,60,,47910,10,,,1,20,,47911,10,,,1,20,,47912,10,,,1,60,,47913,10,,,1,20,,47914,10,,,1,14,,47915,10,,,1,20,,47916,10,,,1,59,,47917,10,,,1,25,,47918,10,,,1,65,,47919,10,,,1,25,,47920,10,,,1,25,,47921,10,,,1,65,,47922,10,,,1,25,,47923,10,,,1
2500,'3',631,,47924,10,,,1,23,,47955,10,,,1,64,,47925,10,,,1,25,,47956,10,,,1,65,,47926,10,,,1,24,,47927,10,,,1,27,,47928,10,,,1,66,,47929,10,,,1,29,,47930,10,,,1,65,,47931,10,,,1,30,,47932,10,,,1,67,,47933,10,,,1,30,,47934,10,,,1,66,,47935,10,,,1,25,,47936,10,,,1,70,,47937,10,,,1,25,,47938,10,,,1,70,,47939,10,,,1,26,,47940,10,,,1,30,,47941,10,,,1,70,,47942,10,,,1,30,,47943,10,,,1,70,,47944,10,,,1,30,,47945,10,,,1,70,,47946,10,,,1,30,,47947,10,,,1,69,,47948,10,,,1,30,,47949,10,,,1,70,,47950,10,,,1,28,,47957,10,,,1,67,,47951,10,,,1,28,,47958,10,,,1,65,,47952,10,,,1,25,,47959,10,,,1,65,,47953,10,,,1,25,,47960,10,,,1,25,,47954,10,,,1
2500,'30',854,,47969,10,,,1,63,,47976,10,,,1,30,,47977,10,,,1,70,,47978,10,,,1,30,,47979,10,,,1,70,,47980,10,,,1,30,,47981,10,,,1,70,,47982,10,,,1,30,,47983,10,,,1,70,,47984,10,,,1,30,,47985,10,,,1,70,,47986,10,,,1,30,,47970,10,,,1,70,,47968,10,,,1,27,,47972,10,,,1,67,,47967,10,,,1,27,,47971,10,,,1,67,,47966,10,,,1,22,,47973,10,,,1,27,,47965,10,,,1,67,,47974,10,,,1,24,,47975,10,,,1,70,,47964,10,,,1,28,,47987,10,,,1,70,,47963,10,,,1,33,,47988,10,,,1,70,,47962,10,,,1,30,,47989,10,,,1,66,,47961,10,,,1,30,,47990,10,,,1
2500,'4',854,,47999,10,,,1,63,,48006,10,,,1,30,,48007,10,,,1,70,,48008,10,,,1,30,,48009,10,,,1,70,,48010,10,,,1,30,,48011,10,,,1,70,,48012,10,,,1,30,,48013,10,,,1,70,,48014,10,,,1,30,,48015,10,,,1,70,,48016,10,,,1,30,,48000,10,,,1,70,,47998,10,,,1,27,,48002,10,,,1,67,,47997,10,,,1,27,,48001,10,,,1,67,,47996,10,,,1,22,,48003,10,,,1,27,,47995,10,,,1,67,,48004,10,,,1,24,,48005,10,,,1,70,,47994,10,,,1,28,,48017,10,,,1,70,,47993,10,,,1,33,,48018,10,,,1,70,,47992,10,,,1,30,,48019,10,,,1,66,,47991,10,,,1,30,,48020,10,,,1
