1000,'2',621,,44882,61,,,1,15,,44883,61,,,1,15,,44884,76,,,1,55,,44885,61,,,1,15,,44893,76,,,1,15,,44894,61,,,1,20,,44892,76,,,1,55,,44895,61,,,1,20,,44886,76,,,1,19,,44932,76,,,1,57,,44887,76,,,1,14,,44933,76,,,1,15,,44891,76,,,1,18,,44890,76,,,1,69,,44888,76,,,1,30,,44899,76,,,1,70,,44898,76,,,1,30,,44897,76,,,1,71,,44896,76,,,1,32,,44903,76,,,1,52,,44904,61,,,1,28,,44902,76,,,1,13,,44936,61,,,1,57,,44901,76,,,1,19,,44900,76,,,1,12,,44937,61,,,1,21,,44906,76,,,1,63,,44905,76,,,1,18,,44934,76,,,1,16,,44907,76,,,1,55,,44935,76,,,1,19,,44908,76,,,1,18,,44915,76,,,1,12,,44909,76,,,1,58,,44910,76,,,1,17,,44911,76,,,1,17,,44912,76,,,1,56,,44913,76,,,1,15,,44938,76,,,1,12,,44914,76,,,1,73,,44916,76,,,1,12,,44917,76,,,1,33,,44918,76,,,1,73,,44919,76,,,1,30,,44920,76,,,1,70,,44921,76,,,1,75,,44922,76,,,1,23,,44923,76,,,1,78,,44924,76,,,1,33,,44925,76,,,1,70,,44926,76,,,1,35,,44927,76,,,1,75,,44928,76,,,1,30,,44929,76,,,1
1000,'3',628,,44944,61,,,1,75,,44941,61,,,1,35,,44942,76,,,1,76,,44943,76,,,1,37,,44945,76,,,1,70,,44946,76,,,1,15,,44947,76,,,1,71,,44948,76,,,1,32,,44949,76,,,1,70,,44950,76,,,1,30,,44951,76,,,1,71,,44952,76,,,1,41,,44953,76,,,1,70,,44954,76,,,1,30,,44955,76,,,1,70,,44956,76,,,1,31,,44957,76,,,1,70,,44958,76,,,1,30,,44959,76,,,1,65,,44960,76,,,1,12,,44961,76,,,1,30,,44962,76,,,1,70,,44963,76,,,1,30,,44964,76,,,1,66,,44965,76,,,1,28,,44966,76,,,1,65,,44967,76,,,1,30,,44968,76,,,1,70,,44969,76,,,1,30,,44970,76,,,1,69,,44971,76,,,1,30,,44975,76,,,1,64,,44976,76,,,1,25,,44977,76,,,1,65,,44978,76,,,1,25,,44979,76,,,1,30,,44980,76,,,1,61,,44981,76,,,1,87,,44982,76,,,1
1000,'30',722,,44983,61,,,1,37,,45019,76,,,1,60,,44984,76,,,1,36,,45018,76,,,1,60,,44985,76,,,1,30,,44986,76,,,1,70,,44987,76,,,1,30,,44988,76,,,1,65,,44989,76,,,1,25,,44990,76,,,1,65,,44991,76,,,1,28,,44992,76,,,1,31,,44993,76,,,1,70,,44994,76,,,1,30,,44995,76,,,1,70,,44996,76,,,1,30,,44997,76,,,1,70,,44998,76,,,1,30,,44999,76,,,1,70,,45000,76,,,1,30,,45001,76,,,1,69,,45002,76,,,1,29,,45005,76,,,1,70,,45006,76,,,1,30,,45007,76,,,1,70,,45008,76,,,1,30,,45009,76,,,1,66,,45010,76,,,1,30,,45011,76,,,1,70,,45012,76,,,1,26,,45013,76,,,1,70,,45014,76,,,1,32,,45015,76,,,1,70,,45016,76,,,1
1000,'4',722,,45020,61,,,1,37,,45056,76,,,1,60,,45021,76,,,1,36,,45055,76,,,1,60,,45022,76,,,1,30,,45023,76,,,1,70,,45024,76,,,1,30,,45025,76,,,1,65,,45026,76,,,1,25,,45027,76,,,1,65,,45028,76,,,1,28,,45029,76,,,1,31,,45030,76,,,1,70,,45031,76,,,1,30,,45032,76,,,1,70,,45033,76,,,1,30,,45034,76,,,1,70,,45035,76,,,1,30,,45036,76,,,1,70,,45037,76,,,1,30,,45038,76,,,1,69,,45039,76,,,1,29,,45042,76,,,1,70,,45043,76,,,1,30,,45044,76,,,1,70,,45045,76,,,1,30,,45046,76,,,1,66,,45047,76,,,1,30,,45048,76,,,1,70,,45049,76,,,1,26,,45050,76,,,1,70,,45051,76,,,1,32,,45052,76,,,1,70,,45053,76,,,1
2701,'11802',747,,48307,4,,,1,876,,48308,4,,,1
2701,'2',544,,48380,3,,,1,92,,48309,4,,,1,65,,48310,3,,,1,13,,48311,4,,,1,13,,48312,3,,,1,13,,48313,3,,,1,13,,48314,4,,,1,53,,48315,4,,,1,8,,48316,4,,,1,13,,48317,4,,,1,13,,48318,4,,,1,12,,48319,4,,,1,54,,48320,4,,,1,13,,48321,4,,,1,13,,48322,4,,,1,13,,48323,4,,,1,13,,48324,4,,,1,53,,48325,4,,,1,13,,48326,4,,,1,13,,48327,4,,,1,13,,48328,4,,,1,53,,48329,4,,,1,13,,48330,4,,,1,13,,48331,4,,,1,13,,48332,4,,,1,12,,48333,4,,,1,52,,48334,4,,,1,12,,48335,4,,,1,12,,48336,4,,,1,12,,48337,4,,,1,12,,48338,4,,,1,52,,48339,4,,,1,12,,48340,4,,,1,12,,48341,4,,,1,12,,48342,4,,,1,12,,48343,4,,,1,53,,48344,4,,,1,13,,48345,4,,,1,13,,48346,4,,,1,13,,48347,4,,,1,13,,48348,4,,,1,53,,48349,4,,,1,9,,48350,3,,,1,12,,48351,4,,,1,12,,48352,4,,,1,11,,48353,4,,,1,51,,48354,4,,,1,11,,48355,3,,,1,11,,48356,4,,,1,11,,48357,4,,,1,11,,48358,4,,,1,51,,48359,4,,,1,11,,48360,4,,,1,11,,48361,4,,,1,11,,48362,4,,,1,7,,48363,4,,,1,14,,48364,4,,,1,51,,48365,4,,,1,13,,48366,4,,,1,11,,48367,4,,,1,11,,48368,4,,,1,17,,48369,4,,,1,57,,48370,4,,,1,17,,48371,4,,,1,17,,48372,4,,,1,57,,48373,4,,,1,17,,48374,4,,,1,17,,48375,4,,,1,64,,48376,4,,,1,27,,48377,4,,,1,27,,48378,4,,,1,67,,48379,4,,,1
2701,'3',851,,48381,3,,,1,83,,48391,4,,,1,70,,48382,4,,,1,104,,48392,4,,,1,33,,48383,4,,,1,72,,48400,4,,,1,32,,48393,4,,,1,72,,48384,4,,,1,32,,48401,4,,,1,71,,48394,4,,,1,34,,48385,4,,,1,72,,48402,4,,,1,30,,48395,4,,,1,74,,48386,4,,,1,72,,48403,4,,,1,30,,48396,4,,,1,76,,48387,4,,,1,45,,48397,4,,,1,85,,48388,4,,,1,85,,48398,4,,,1,84,,48389,4,,,1,40,,48399,4,,,1,80,,48390,4,,,1,80,,48404,4,,,1
2701,'30',833,,48405,3,,,1,85,,48406,4,,,1,85,,48412,4,,,1,45,,48407,4,,,1,85,,48413,4,,,1,85,,48408,4,,,1,88,,48414,4,,,1,32,,48415,4,,,1,72,,48409,4,,,1,32,,48417,4,,,1,72,,48416,4,,,1,32,,48410,4,,,1,72,,48418,4,,,1,32,,48420,4,,,1,71,,48411,4,,,1,37,,48419,4,,,1,85,,48421,4,,,1,85,,48422,4,,,1
2701,'4',833,,48423,3,,,1,85,,48424,4,,,1,85,,48430,4,,,1,45,,48425,4,,,1,85,,48431,4,,,1,85,,48426,4,,,1,88,,48432,4,,,1,32,,48433,4,,,1,72,,48427,4,,,1,32,,48435,4,,,1,72,,48434,4,,,1,32,,48428,4,,,1,72,,48436,4,,,1,32,,48438,4,,,1,71,,48429,4,,,1,37,,48437,4,,,1,85,,48439,4,,,1,85,,48440,4,,,1
12700,'3302',650,,50785,13,,,1,90,,50786,13,,,1,18,,50787,13,,,1,94,,50788,13,,,1,57,,50789,13,,,1,91,,50790,13,,,1,23,,50791,13,,,1,86,,50792,13,,,1,23,,50793,13,,,1,87,,50794,13,,,1,23,,50795,13,,,1,86,,50796,13,,,1,24,,50797,13,,,1,85,,50798,13,,,1,70,,50799,13,,,1,45,,50800,13,,,1,71,,50801,13,,,1,88,,50802,13,,,1,36,,50803,13,,,1,78,,50804,13,,,1,77,,50805,13,,,1,34,,50806,13,,,1,74,,50807,13,,,1,34,,50808,13,,,1,100,,50809,13,,,1,104,,50810,13,,,1,101,,50811,13,,,1
12700,'3602',612,,50812,13,,,1,92,,50813,13,,,1,16,,50814,13,,,1,96,,50815,13,,,1,18,,50816,13,,,1,102,,50817,13,,,1,110,,50818,13,,,1,109,,50819,13,,,1,150,,50820,13,,,1,102,,50821,13,,,1,15,,50822,13,,,1,30,,50823,13,,,1,70,,50824,13,,,1,15,,50825,13,,,1,70,,50826,13,,,1,32,,50827,13,,,1,16,,50828,13,,,1,72,,50829,13,,,1
12700,'3903',610,,50830,13,,,1,100,,50831,13,,,1,103,,50832,13,,,1,102,,50833,13,,,1,103,,50834,13,,,1,34,,50835,13,,,1,74,,50836,13,,,1,74,,50837,13,,,1,34,,50838,13,,,1,75,,50839,13,,,1,35,,50840,13,,,1,76,,50841,13,,,1,35,,50842,13,,,1,75,,50843,13,,,1,75,,50844,13,,,1,35,,50845,13,,,1,75,,50846,13,,,1,35,,50847,13,,,1,76,,50848,13,,,1,74,,50849,13,,,1,34,,50850,13,,,1,74,,50851,13,,,1,34,,50852,13,,,1,101,,50853,13,,,1,102,,50854,13,,,1,102,,50855,13,,,1
12700,'6404',700,,50856,3,,,1,102,,50857,13,,,1,103,,50858,13,,,1,34,,50859,13,,,1,74,,50860,13,,,1,34,,50861,13,,,1,74,,50862,13,,,1,34,,50863,13,,,1,74,,50864,13,,,1,74,,50865,13,,,1,34,,50866,13,,,1,74,,50867,13,,,1,34,,50868,13,,,1,74,,50869,13,,,1,34,,50870,13,,,1,74,,50871,13,,,1,74,,50872,13,,,1,28,,50873,13,,,1,77,,50874,13,,,1,101,,50875,13,,,1,101,,50876,13,,,1,101,,50877,13,,,1,101,,50878,13,,,1
