401,'11802',727,,43532,49,0,13 40 41,1,82,,43531,49,0,13 40 41,1
401,'2',602,,43559,43,0,10 40 41,1,36,,43558,49,0,13 40 41,1,11,,43600,43,0,10 40 41,1,71,,43557,43,0,10 40 41,1,15,,43556,49,0,13 40 41,1,10,,43555,15,,,1,57,,43554,43,0,10 40 41,1,15,,43553,43,0,10 40 41,1,15,,43552,49,0,13 40 41,1,15,,43551,43,0,10 40 41,1,55,,43550,49,0,13 40 41,1,15,,43549,43,0,10 40 41,1,15,,43548,49,0,13 40 41,1,15,,43547,43,0,10 40 41,1,55,,43546,49,0,13 40 41,1,20,,43545,43,0,10 40 41,1,20,,43544,49,0,13 40 41,1,60,,43543,43,0,10 40 41,1,20,,43542,49,0,13 40 41,1,21,,43541,43,0,10 40 41,1,60,,43540,49,0,13 40 41,1,20,,43539,43,0,10 40 41,1,20,,43538,49,0,13 40 41,1,60,,43537,43,0,10 40 41,1,20,,43536,49,0,13 40 41,1,20,,43535,43,0,10 40 41,1,60,,43534,49,0,13 40 41,1,21,,43533,43,0,10 40 41,1,15,,43562,49,0,13 40 41,1,19,,43570,43,0,10 40 41,1,55,,43563,49,0,13 40 41,1,15,,43571,43,0,10 40 41,1,15,,43564,49,0,13 40 41,1,15,,43572,43,0,10 40 41,1,56,,43565,49,0,13 40 41,1,15,,43573,43,0,10 40 41,1,15,,43566,49,0,13 40 41,1,15,,43574,43,0,10 40 41,1,55,,43567,49,0,13 40 41,1,15,,43575,43,0,10 40 41,1,15,,43568,49,0,13 40 41,1,15,,43576,43,0,10 40 41,1,50,,43569,49,0,13 40 41,1,17,,43579,43,0,10 40 41,1,21,,43584,49,0,13 40 41,1,60,,43580,43,0,10 40 41,1,20,,43585,49,0,13 40 41,1,20,,43581,43,0,10 40 41,1,60,,43586,49,0,13 40 41,1,20,,43582,43,0,10 40 41,1,20,,43587,49,0,13 40 41,1,68,,43583,43,0,10 40 41,1,33,,43588,49,0,13 40 41,1,70,,43591,43,0,10 40 41,1,30,,43589,49,0,13 40 41,1,70,,43592,43,0,10 40 41,1,30,,43590,49,0,13 40 41,1,70,,43593,43,0,10 40 41,1,90,,43594,49,0,13 40 41,1
401,'3',637,,43601,43,0,10 40 41,1,70,,43602,49,0,13 40 41,1,20,,43609,43,0,10 40 41,1,30,,43603,49,0,13 40 41,1,71,,43610,43,0,10 40 41,1,30,,43604,49,0,13 40 41,1,70,,43611,43,0,10 40 41,1,30,,43605,49,0,13 40 41,1,72,,43612,43,0,10 40 41,1,70,,43606,49,0,13 40 41,1,30,,43613,43,0,10 40 41,1,70,,43607,49,0,13 40 41,1,30,,43614,43,0,10 40 41,1,70,,43608,49,0,13 40 41,1,26,,43615,43,0,10 40 41,1,27,,43621,49,0,13 40 41,1,66,,43616,43,0,10 40 41,1,25,,43622,49,0,13 40 41,1,65,,43617,43,0,10 40 41,1,25,,43623,49,0,13 40 41,1,25,,43618,43,0,10 40 41,1,65,,43624,49,0,13 40 41,1,25,,43619,43,0,10 40 41,1,65,,43625,49,0,13 40 41,1,25,,43620,43,0,10 40 41,1,65,,43633,49,0,13 40 41,1,25,,43629,43,0,10 40 41,1,25,,43634,49,0,13 40 41,1,65,,43630,43,0,10 40 41,1,25,,43635,49,0,13 40 41,1,65,,43631,43,0,10 40 41,1,25,,43636,49,0,13 40 41,1,25,,43632,43,0,10 40 41,1,63,,43637,49,0,13 40 41,1,17,,43638,43,0,10 40 41,1,70,,43642,49,0,13 40 41,1,30,,43639,43,0,10 40 41,1,70,,43643,49,0,13 40 41,1,30,,43640,43,0,10 40 41,1,70,,43644,49,0,13 40 41,1,28,,43641,43,0,10 40 41,1,72,,43627,49,0,13 40 41,1
401,'30',707,,43677,43,0,10 40 41,1,45,,43676,49,0,13 40 41,1,85,,43675,43,0,10 40 41,1,86,,43646,49,0,13 40 41,1,85,,43647,43,0,10 40 41,1,30,,43648,49,0,13 40 41,1,64,,43649,43,0,10 40 41,1,30,,43650,49,0,13 40 41,1,27,,43651,43,0,10 40 41,1,71,,43652,49,0,13 40 41,1,29,,43653,43,0,10 40 41,1,72,,43654,49,0,13 40 41,1,70,,43655,43,0,10 40 41,1,30,,43656,49,0,13 40 41,1,70,,43657,43,0,10 40 41,1,30,,43658,49,0,13 40 41,1,70,,43659,43,0,10 40 41,1,30,,43660,49,0,13 40 41,1,70,,43661,43,0,10 40 41,1,29,,43662,49,0,13 40 41,1,70,,43663,43,0,10 40 41,1,30,,43664,49,0,13 40 41,1,70,,43665,43,0,10 40 41,1,30,,43666,49,0,13 40 41,1,28,,43667,43,0,10 40 41,1,72,,43668,49,0,13 40 41,1,70,,43669,43,0,10 40 41,1,32,,43670,49,0,13 40 41,1,68,,43671,43,0,10 40 41,1,30,,43672,49,0,13 40 41,1,78,,43645,43,0,10 40 41,1
401,'4',707,,43710,43,0,10 40 41,1,45,,43709,49,0,13 40 41,1,85,,43708,43,0,10 40 41,1,86,,43679,49,0,13 40 41,1,85,,43680,43,0,10 40 41,1,30,,43681,49,0,13 40 41,1,64,,43682,43,0,10 40 41,1,30,,43683,49,0,13 40 41,1,27,,43684,43,0,10 40 41,1,71,,43685,49,0,13 40 41,1,29,,43686,43,0,10 40 41,1,72,,43687,49,0,13 40 41,1,70,,43688,43,0,10 40 41,1,30,,43689,49,0,13 40 41,1,70,,43690,43,0,10 40 41,1,30,,43691,49,0,13 40 41,1,70,,43692,43,0,10 40 41,1,30,,43693,49,0,13 40 41,1,70,,43694,43,0,10 40 41,1,29,,43695,49,0,13 40 41,1,70,,43696,43,0,10 40 41,1,30,,43697,49,0,13 40 41,1,70,,43698,43,0,10 40 41,1,30,,43699,49,0,13 40 41,1,28,,43700,43,0,10 40 41,1,72,,43701,49,0,13 40 41,1,70,,43702,43,0,10 40 41,1,32,,43703,49,0,13 40 41,1,68,,43704,43,0,10 40 41,1,30,,43705,49,0,13 40 41,1,78,,43678,43,0,10 40 41,1
1700,'11802',710,,46724,21,,,1,226,,46728,21,,,1
1700,'2',633,,46739,41,0,10 23 20,1,20,,46740,49,0,13 23 20,1,60,,46780,41,0,10 23 20,1,20,,46741,49,0,13 23 20,1,21,,46781,41,0,10 23 20,1,59,,46742,49,0,13 23 20,1,20,,46743,41,0,10 23 20,1,18,,46744,49,0,13 23 20,1,61,,46745,41,0,10 23 20,1,20,,46746,49,0,13 23 20,1,20,,46747,41,0,10 23 20,1,60,,46748,49,0,13 23 20,1,20,,46749,41,0,10 23 20,1,20,,46750,49,0,13 23 20,1,60,,46751,41,0,10 23 20,1,20,,46752,49,0,13 23 20,1,20,,46753,41,0,10 23 20,1,59,,46754,49,0,13 23 20,1,20,,46755,41,0,10 23 20,1,21,,46756,49,0,13 23 20,1,61,,46757,41,0,10 23 20,1,25,,46758,49,0,13 23 20,1,63,,46759,41,0,10 23 20,1,21,,46760,49,0,13 23 20,1,20,,46761,41,0,10 23 20,1,60,,46762,49,0,13 23 20,1,18,,46763,41,0,10 23 20,1,20,,46764,49,0,13 23 20,1,17,,46765,41,0,10 23 20,1,55,,46766,49,0,13 23 20,1,21,,46767,41,0,10 23 20,1,23,,46768,49,0,13 23 20,1,60,,46769,41,0,10 23 20,1,20,,46770,49,0,13 23 20,1,22,,46771,41,0,10 23 20,1,53,,46772,49,0,13 23 20,1,23,,46773,41,0,10 23 20,1,23,,46782,41,0,10 23 20,1,61,,46775,49,0,13 23 20,1,14,,46729,41,0,10 23 20,1,19,,46738,41,0,10 23 20,1,59,,46737,41,0,10 23 20,1,19,,46736,41,0,10 23 20,1,19,,46735,41,0,10 23 20,1,59,,46734,41,0,10 23 20,1,17,,46733,41,0,10 23 20,1,21,,46731,41,0,10 23 20,1,70,,46732,41,0,10 23 20,1,25,,46730,41,0,10 23 20,1,60,,46776,41,0,10 23 20,1,25,,46777,41,0,10 23 20,1,25,,46778,41,0,10 23 20,1,65,,46779,41,0,10 23 20,1,22,,46783,41,0,10 23 20,1,65,,46784,41,0,10 23 20,1
1700,'3',626,,46819,41,0,10 23 20,1,79,,46817,41,0,10 23 20,1,36,,46818,41,0,10 23 20,1,80,,46816,41,0,10 23 20,1,35,,46815,41,0,10 23 20,1,70,,46814,41,0,10 23 20,1,82,,46813,41,0,10 23 20,1,31,,46812,41,0,10 23 20,1,72,,46811,41,0,10 23 20,1,30,,46820,41,0,10 23 20,1,70,,46810,41,0,10 23 20,1,31,,46809,41,0,10 23 20,1,70,,46808,41,0,10 23 20,1,30,,46807,41,0,10 23 20,1,70,,46806,41,0,10 23 20,1,30,,46805,41,0,10 23 20,1,70,,46804,41,0,10 23 20,1,30,,46803,41,0,10 23 20,1,70,,46802,41,0,10 23 20,1,30,,46801,41,0,10 23 20,1,70,,46800,41,0,10 23 20,1,30,,46799,41,0,10 23 20,1,68,,46798,41,0,10 23 20,1,30,,46797,41,0,10 23 20,1,68,,46796,41,0,10 23 20,1,30,,46795,41,0,10 23 20,1,20,,46794,41,0,10 23 20,1,70,,46793,41,0,10 23 20,1,30,,46792,41,0,10 23 20,1,70,,46791,41,0,10 23 20,1,14,,46790,41,0,10 23 20,1,69,,46789,41,0,10 23 20,1,30,,46788,41,0,10 23 20,1,70,,46787,41,0,10 23 20,1,15,,46821,41,0,10 23 20,1,30,,46786,41,0,10 23 20,1,63,,46822,41,0,10 23 20,1,19,,46823,41,0,10 23 20,1,20,,46824,41,0,10 23 20,1
1700,'30',653,,46855,41,0,10 23 20,1,75,,46856,41,0,10 23 20,1,75,,46857,41,0,10 23 20,1,35,,46858,41,0,10 23 20,1,75,,46828,41,0,10 23 20,1,30,,46829,41,0,10 23 20,1,70,,46830,41,0,10 23 20,1,30,,46831,41,0,10 23 20,1,65,,46832,41,0,10 23 20,1,25,,46833,41,0,10 23 20,1,22,,46834,41,0,10 23 20,1,72,,46835,41,0,10 23 20,1,30,,46836,41,0,10 23 20,1,65,,46837,41,0,10 23 20,1,25,,46838,41,0,10 23 20,1,70,,46839,41,0,10 23 20,1,30,,46840,41,0,10 23 20,1,68,,46841,41,0,10 23 20,1,30,,46842,41,0,10 23 20,1,70,,46843,41,0,10 23 20,1,30,,46844,41,0,10 23 20,1,70,,46845,41,0,10 23 20,1,30,,46846,41,0,10 23 20,1,60,,46847,41,0,10 23 20,1,28,,46848,41,0,10 23 20,1,70,,46849,41,0,10 23 20,1,30,,46850,41,0,10 23 20,1,80,,46851,41,0,10 23 20,1,35,,46852,41,0,10 23 20,1,75,,46853,41,0,10 23 20,1,35,,46854,41,0,10 23 20,1,71,,46827,41,0,10 23 20,1,30,,46860,41,0,10 23 20,1,75,,46859,41,0,10 23 20,1
1700,'4',653,,46890,41,0,10 23 20,1,75,,46891,41,0,10 23 20,1,75,,46892,41,0,10 23 20,1,35,,46893,41,0,10 23 20,1,75,,46863,41,0,10 23 20,1,30,,46864,41,0,10 23 20,1,70,,46865,41,0,10 23 20,1,30,,46866,41,0,10 23 20,1,65,,46867,41,0,10 23 20,1,25,,46868,41,0,10 23 20,1,22,,46869,41,0,10 23 20,1,72,,46870,41,0,10 23 20,1,30,,46871,41,0,10 23 20,1,65,,46872,41,0,10 23 20,1,25,,46873,41,0,10 23 20,1,70,,46874,41,0,10 23 20,1,30,,46875,41,0,10 23 20,1,68,,46876,41,0,10 23 20,1,30,,46877,41,0,10 23 20,1,70,,46878,41,0,10 23 20,1,30,,46879,41,0,10 23 20,1,70,,46880,41,0,10 23 20,1,30,,46881,41,0,10 23 20,1,60,,46882,41,0,10 23 20,1,28,,46883,41,0,10 23 20,1,70,,46884,41,0,10 23 20,1,30,,46885,41,0,10 23 20,1,80,,46886,41,0,10 23 20,1,35,,46887,41,0,10 23 20,1,75,,46888,41,0,10 23 20,1,35,,46889,41,0,10 23 20,1,71,,46862,41,0,10 23 20,1,30,,46895,41,0,10 23 20,1,75,,46894,41,0,10 23 20,1
9100,'2',726,,49685,8,,,1,17,,49686,8,,,1,57,,49687,8,,,1,17,,49688,8,,,1,17,,49689,8,,,1,17,,49690,8,,,1,56,,49691,8,,,1,17,,49692,8,,,1,17,,49693,8,,,1,17,,49694,8,,,1,57,,49695,8,,,1,17,,49696,8,,,1,17,,49697,8,,,1,57,,49698,8,,,1,17,,49699,8,,,1,17,,49700,8,,,1,17,,49701,8,,,1,57,,49702,8,,,1,17,,49703,8,,,1,17,,49704,8,,,1,57,,49705,8,,,1,17,,49706,8,,,1,17,,49707,8,,,1,17,,49708,8,,,1,57,,49709,8,,,1,17,,49710,8,,,1,17,,49711,8,,,1,57,,49712,8,,,1,17,,49713,8,,,1,17,,49714,8,,,1,17,,49715,8,,,1,58,,49716,8,,,1,17,,49717,8,,,1,17,,49718,8,,,1,57,,49719,8,,,1,18,,49720,8,,,1,17,,49721,8,,,1,17,,49722,8,,,1,55,,49723,8,,,1,17,,49724,8,,,1,17,,49725,8,,,1,57,,49726,8,,,1,17,,49727,8,,,1,17,,49728,8,,,1,18,,49729,8,,,1
9100,'3',1129,,49730,8,,,1,27,,49731,8,,,1,66,,49732,8,,,1,26,,49733,8,,,1,66,,49734,8,,,1,26,,49735,8,,,1,66,,49736,8,,,1,26,,49737,8,,,1,26,,49738,8,,,1,66,,49739,8,,,1,26,,49740,8,,,1,66,,49741,8,,,1,26,,49742,8,,,1,66,,49743,8,,,1,26,,49744,8,,,1,66,,49745,8,,,1,26,,49746,8,,,1,26,,49747,8,,,1,66,,49748,8,,,1,26,,49749,8,,,1,66,,49750,8,,,1,26,,49751,8,,,1,66,,49752,8,,,1,26,,49753,8,,,1
9100,'4',1230,,49772,8,,,1,27,,49754,8,,,1,66,,49755,8,,,1,26,,49756,8,,,1,66,,49757,8,,,1,26,,49758,8,,,1,66,,49759,8,,,1,26,,49760,8,,,1,26,,49761,8,,,1,66,,49762,8,,,1,26,,49763,8,,,1,67,,49764,8,,,1,26,,49765,8,,,1,66,,49766,8,,,1,26,,49767,8,,,1,66,,49768,8,,,1,26,,49769,8,,,1,26,,49770,8,,,1,68,,49771,8,,,1
10400,'3302',722,,50469,14,,,1,27,,50470,14,,,1,69,,50471,20,,,1,30,,50472,20,,,1,72,,50473,20,,,1,30,,50474,20,,,1,70,,50475,20,,,1,30,,50476,20,,,1,69,,50477,20,,,1,31,,50478,20,,,1,68,,50479,20,,,1,32,,50480,20,,,1,67,,50481,20,,,1,32,,50482,20,,,1,66,,50483,20,,,1,29,,50484,20,,,1,71,,50485,20,,,1,32,,50486,20,,,1,71,,50487,20,,,1,30,,50488,20,,,1,71,,50489,20,,,1,33,,50490,20,,,1,68,,50491,20,,,1,26,,50492,20,,,1
10400,'3903',1017,,50510,14,,,1,29,,50495,20,,,1,61,,50496,20,,,1,30,,50497,20,,,1,67,,50498,20,,,1,30,,50499,20,,,1,20,,50500,20,,,1,70,,50501,20,,,1,25,,50502,20,,,1,71,,50503,20,,,1,28,,50504,20,,,1,71,,50505,20,,,1,30,,50506,20,,,1,70,,50507,20,,,1,29,,50508,20,,,1,70,,50509,20,,,1,30,,50494,20,,,1,70,,50493,20,,,1
