1601,'2',543,,30187,21,,,0,13,,30186,21,,,0,59,,30185,38,,,0,21,,30190,38,,,0,18,,30191,38,,,0,58,,30192,38,,,0,24,,30193,38,,,0,9,,30194,38,,,0,56,,30195,38,,,0,16,,30196,38,,,0,16,,30197,38,,,0,16,,30198,38,,,0,56,,30199,38,,,0,14,,30200,38,,,0,18,,30201,38,,,0,22,,30202,38,,,0,58,,30203,38,,,0,18,,30204,38,,,0,18,,30205,38,,,0,58,,30206,38,,,0,18,,30207,38,,,0,18,,30208,38,,,0,58,,30209,38,,,0,19,,30210,38,,,0,16,,30211,38,,,0,10,,30212,38,,,0,56,,30213,38,,,0,16,,30214,38,,,0,16,,30215,38,,,0,16,,30216,38,,,0,56,,30217,38,,,0,18,,30218,38,,,0,6,,30219,38,,,0,15,,30220,38,,,0,55,,30221,38,,,0,15,,30222,38,,,0,15,,30223,38,,,0,15,,30224,38,,,0,55,,30225,38,,,0,15,,30226,38,,,0,18,,30227,38,,,0,15,,30228,38,,,0,55,,30229,38,,,0,15,,30230,38,,,0,15,,30231,38,,,0,15,,30232,38,,,0,55,,30233,38,,,0,28,,30234,38,,,0,19,,30236,38,,,0,63,,30237,38,,,0,22,,30238,38,,,0,62,,30239,38,,,0,22,,30240,38,,,0,22,,30241,38,,,0,62,,30242,38,,,0,20,,30243,38,,,0,77,,30245,38,,,0,25,,30246,38,,,0,25,,30247,38,,,0,65,,30248,38,,,0,25,,30249,38,,,0,65,,30250,38,,,0,23,,30251,38,,,0,23,,30188,38,,,0
1601,'3',607,,30310,21,,,0,25,,30311,21,,,0,12,,30252,38,,,0,65,,30253,38,,,0,25,,30254,38,,,0,25,,30255,38,,,0,65,,30256,38,,,0,25,,30257,38,,,0,65,,30258,38,,,0,25,,30259,38,,,0,20,,30312,21,,,0,46,,30260,38,,,0,24,,30261,38,,,0,21,,30262,38,,,0,61,,30263,38,,,0,16,,30264,38,,,0,18,,30313,21,,,0,3,,30265,38,,,0,61,,30266,38,,,0,15,,30267,38,,,0,15,,30268,38,,,0,15,,30269,38,,,0,55,,30270,38,,,0,10,,30271,38,,,0,15,,30272,38,,,0,15,,30273,38,,,0,55,,30274,38,,,0,16,,30275,38,,,0,15,,30276,38,,,0,15,,30277,38,,,0,55,,30278,38,,,0,15,,30279,38,,,0,15,,30280,38,,,0,15,,30281,38,,,0,55,,30282,38,,,0,15,,30283,38,,,0,15,,30284,38,,,0,15,,30285,38,,,0,55,,30286,38,,,0,15,,30287,38,,,0,15,,30288,38,,,0,15,,30289,38,,,0,54,,30290,38,,,0,16,,30291,38,,,0,20,,30292,38,,,0,60,,30293,38,,,0,20,,30294,38,,,0,20,,30295,38,,,0,60,,30296,38,,,0,20,,30297,38,,,0,20,,30298,38,,,0,60,,30299,38,,,0,20,,30300,38,,,0,26,,30301,38,,,0,65,,30302,38,,,0,25,,30303,38,,,0,65,,30304,38,,,0,25,,30305,38,,,0,21,,30306,38,,,0,63,,30307,38,,,0,29,,30308,38,,,0,70,,30309,38,,,0
1601,'30',646,,30350,21,,,0,73,,30314,38,,,0,35,,30315,38,,,0,75,,30316,38,,,0,20,,30351,21,,,0,55,,30317,38,,,0,33,,30318,38,,,0,65,,30319,38,,,0,30,,30320,38,,,0,70,,30321,38,,,0,30,,30322,38,,,0,70,,30323,38,,,0,11,,30352,21,,,0,21,,30324,38,,,0,22,,30326,38,,,0,63,,30327,38,,,0,22,,30325,38,,,0,62,,30328,38,,,0,22,,30329,38,,,0,22,,30330,38,,,0,62,,30331,38,,,0,22,,30332,38,,,0,22,,30333,38,,,0,62,,30334,38,,,0,22,,30335,38,,,0,22,,30336,38,,,0,57,,30337,38,,,0,30,,30338,38,,,0,70,,30339,38,,,0,30,,30340,38,,,0,70,,30341,38,,,0,30,,30342,38,,,0,70,,30343,38,,,0,30,,30344,38,,,0,70,,30345,38,,,0,30,,30346,38,,,0,69,,30347,38,,,0,30,,30348,38,,,0,70,,30349,38,,,0
1601,'4',646,,30389,21,,,0,73,,30353,38,,,0,35,,30354,38,,,0,75,,30355,38,,,0,20,,30390,21,,,0,55,,30356,38,,,0,33,,30357,38,,,0,65,,30358,38,,,0,30,,30359,38,,,0,70,,30360,38,,,0,30,,30361,38,,,0,70,,30362,38,,,0,11,,30391,21,,,0,21,,30363,38,,,0,22,,30365,38,,,0,63,,30366,38,,,0,22,,30364,38,,,0,62,,30367,38,,,0,22,,30368,38,,,0,22,,30369,38,,,0,62,,30370,38,,,0,22,,30371,38,,,0,22,,30372,38,,,0,62,,30373,38,,,0,22,,30374,38,,,0,22,,30375,38,,,0,57,,30376,38,,,0,30,,30377,38,,,0,70,,30378,38,,,0,30,,30379,38,,,0,70,,30380,38,,,0,30,,30381,38,,,0,70,,30382,38,,,0,30,,30383,38,,,0,70,,30384,38,,,0,30,,30385,38,,,0,69,,30386,38,,,0,30,,30387,38,,,0,70,,30388,38,,,0
1901,'2',612,,30839,18,,,0,33,,30840,18,,,0,67,,30841,18,,,0,30,,30842,18,,,0,75,,30843,18,,,0,19,,30844,18,,,0,67,,30845,18,,,0,26,,30846,18,,,0,27,,30847,18,,,0,69,,30848,18,,,0,27,,30849,18,,,0,67,,30850,18,,,0,27,,30851,18,,,0,67,,30852,18,,,0,27,,30853,18,,,0,67,,30854,18,,,0,25,,30855,18,,,0,27,,30856,18,,,0,67,,30857,18,,,0,27,,30858,18,,,0,70,,30859,18,,,0,28,,30860,18,,,0,69,,30861,18,,,0,28,,30862,18,,,0,68,,30863,18,,,0,28,,30864,18,,,0,68,,30865,18,,,0,26,,30866,18,,,0,67,,30867,18,,,0,27,,30868,18,,,0,27,,30869,18,,,0,67,,30870,18,,,0,27,,30871,18,,,0,66,,30872,18,,,0,27,,30873,18,,,0,67,,30874,18,,,0,27,,30875,18,,,0,61,,30876,18,,,0,45,,30877,18,,,0
1901,'3',756,,30878,2,,,0,59,,30880,18,,,0,36,,30881,18,,,0,69,,30882,18,,,0,32,,30883,18,,,0,72,,30884,18,,,0,32,,30885,18,,,0,74,,30886,18,,,0,72,,30887,18,,,0,32,,30888,18,,,0,72,,30889,18,,,0,32,,30890,18,,,0,67,,30891,18,,,0,22,,30892,18,,,0,20,,30893,18,,,0,69,,30894,18,,,0,32,,30895,18,,,0,67,,30896,18,,,0,27,,30897,18,,,0,67,,30898,18,,,0,11,,30899,18,0,9 3 37,0,28,,30900,18,,,0,74,,30901,18,,,0,29,,30902,18,,,0,68,,30903,18,,,0,36,,30904,18,,,0,72,,30905,18,,,0,75,,30906,18,,,0,29,,30907,18,0,9 3 37,0,72,,30908,18,0,9 3 37,0,22,,30879,18,0,9 3 37,0
1901,'30',828,,30930,18,,,0,74,,30910,18,,,0,35,,30924,18,,,0,75,,30911,18,,,0,35,,30912,18,,,0,75,,30913,18,,,0,35,,30928,18,,,0,81,,30914,18,,,0,80,,30915,18,,,0,40,,30916,18,,,0,80,,30917,18,,,0,80,,30925,18,,,0,40,,30918,18,,,0,80,,30919,18,,,0,76,,30929,18,,,0,35,,30920,18,,,0,76,,30921,18,,,0,75,,30926,18,,,0,35,,30927,18,0,9 3 37,0
1901,'4',828,,30951,18,,,0,74,,30931,18,,,0,35,,30945,18,,,0,75,,30932,18,,,0,35,,30933,18,,,0,75,,30934,18,,,0,35,,30949,18,,,0,81,,30935,18,,,0,80,,30936,18,,,0,40,,30937,18,,,0,80,,30938,18,,,0,80,,30946,18,,,0,40,,30939,18,,,0,80,,30940,18,,,0,76,,30950,18,,,0,35,,30941,18,,,0,76,,30942,18,,,0,75,,30947,18,,,0,35,,30948,18,0,9 3 37,0
2500,'2',627,,31510,26,,,0,22,,31511,26,,,0,68,,31512,26,,,0,27,,31513,26,,,0,66,,31514,26,,,0,20,,31515,26,,,0,20,,31516,26,,,0,60,,31517,26,,,0,20,,31518,26,,,0,20,,31519,26,,,0,60,,31520,26,,,0,20,,31521,26,,,0,20,,31522,26,,,0,60,,31523,26,,,0,20,,31524,26,,,0,20,,31525,26,,,0,60,,31526,26,,,0,20,,31527,26,,,0,20,,31528,26,,,0,60,,31529,26,,,0,20,,31530,26,,,0,20,,31531,26,,,0,60,,31532,26,,,0,25,,31533,26,,,0,20,,31534,26,,,0,60,,31535,26,,,0,20,,31536,26,,,0,20,,31537,26,,,0,60,,31538,26,,,0,22,,31539,26,,,0,21,,31540,26,,,0,61,,31541,26,,,0,21,,31542,26,,,0,61,,31543,26,,,0,21,,31544,26,,,0,14,,31545,26,,,0,20,,31546,26,,,0,60,,31547,26,,,0,20,,31548,26,,,0,20,,31549,26,,,0,60,,31550,26,,,0,20,,31551,26,,,0,14,,31552,26,,,0,60,,31553,26,,,0,19,,31554,26,,,0,25,,31555,26,,,0,65,,31556,26,,,0,25,,31557,26,,,0,65,,31558,26,,,0,25,,31559,26,,,0,25,,31560,26,,,0
2500,'3',642,,31561,26,,,0,63,,31592,26,,,0,24,,31562,26,,,0,25,,31593,26,,,0,66,,31563,26,,,0,24,,31564,26,,,0,67,,31565,26,,,0,26,,31566,26,,,0,70,,31567,26,,,0,23,,31568,26,,,0,70,,31569,26,,,0,27,,31570,26,,,0,30,,31571,26,,,0,68,,31572,26,,,0,25,,31573,26,,,0,70,,31574,26,,,0,25,,31575,26,,,0,70,,31576,26,,,0,26,,31577,26,,,0,70,,31578,26,,,0,30,,31579,26,,,0,70,,31580,26,,,0,30,,31581,26,,,0,70,,31582,26,,,0,30,,31583,26,,,0,70,,31584,26,,,0,28,,31585,26,,,0,70,,31586,26,,,0,30,,31587,26,,,0,68,,31594,26,,,0,27,,31588,26,,,0,68,,31595,26,,,0,25,,31589,26,,,0,25,,31596,26,,,0,65,,31590,26,,,0,25,,31597,26,,,0,65,,31591,26,,,0
2500,'30',904,,31606,26,,,0,25,,31613,26,,,0,30,,31614,26,,,0,70,,31615,26,,,0,30,,31616,26,,,0,70,,31617,26,,,0,30,,31618,26,,,0,70,,31619,26,,,0,30,,31620,26,,,0,70,,31621,26,,,0,30,,31622,26,,,0,70,,31623,26,,,0,30,,31607,26,,,0,70,,31605,26,,,0,27,,31609,26,,,0,67,,31604,26,,,0,27,,31608,26,,,0,67,,31603,26,,,0,22,,31610,26,,,0,67,,31602,26,,,0,27,,31611,26,,,0,24,,31612,26,,,0,70,,31601,26,,,0,28,,31624,26,,,0,70,,31600,26,,,0,33,,31625,26,,,0,70,,31599,26,,,0,30,,31626,26,,,0,65,,31598,26,,,0,30,,31627,26,,,0
2500,'4',904,,31636,26,,,0,25,,31643,26,,,0,30,,31644,26,,,0,70,,31645,26,,,0,30,,31646,26,,,0,70,,31647,26,,,0,30,,31648,26,,,0,70,,31649,26,,,0,30,,31650,26,,,0,70,,31651,26,,,0,30,,31652,26,,,0,70,,31653,26,,,0,30,,31637,26,,,0,70,,31635,26,,,0,27,,31639,26,,,0,67,,31634,26,,,0,27,,31638,26,,,0,67,,31633,26,,,0,22,,31640,26,,,0,67,,31632,26,,,0,27,,31641,26,,,0,24,,31642,26,,,0,70,,31631,26,,,0,28,,31654,26,,,0,70,,31630,26,,,0,33,,31655,26,,,0,70,,31629,26,,,0,30,,31656,26,,,0,65,,31628,26,,,0,30,,31657,26,,,0
3401,'2',622,,32520,53,0,14,0,82,,32523,53,0,14,0,36,,32506,53,0,14,0,84,,32507,53,0,14,0,82,,32509,53,0,14,0,43,,32508,53,0,14,0,81,,32510,53,0,14,0,80,,32511,53,0,14,0,45,,32512,53,0,14,0,80,,32513,53,0,14,0,80,,32514,53,0,14,0,40,,32515,53,0,14,0,78,,32516,53,0,14,0,82,,32517,53,0,14,0,40,,32518,53,0,14,0,80,,32519,53,0,14,0,78,,32524,53,0,14,0,40,,32525,53,0,14,0,80,,32526,53,0,14,0,75,,32527,53,0,14,0,42,,32528,53,0,14,0,80,,32529,53,0,14,0,80,,32533,53,0,14,0,37,,32530,53,0,14,0,82,,32531,53,0,14,0,80,,32521,53,0,14,0,40,,32522,53,0,14,0,80,,32532,53,0,14,0
3401,'3',849,,32534,53,0,14,0,76,,32544,53,0,14,0,81,,32543,53,0,14,0,40,,32535,53,0,14,0,85,,32536,53,0,14,0,85,,32537,53,0,14,0,41,,32538,53,0,14,0,80,,32539,53,0,14,0,80,,32540,53,0,14,0,40,,32541,53,0,14,0,80,,32542,53,0,14,0,80,,32545,53,0,14,0,40,,32546,53,0,14,0,80,,32547,53,0,14,0,78,,32548,53,0,14,0,40,,32549,53,0,14,0,80,,32550,53,0,14,0,79,,32551,53,0,14,0,40,,32552,53,0,14,0,79,,32553,53,0,14,0,80,,32554,53,0,14,0,40,,32555,53,0,14,0,80,,32556,53,0,14,0
3401,'30',1146,,32557,53,0,14,0,80,,32558,53,0,14,0,80,,32559,53,0,14,0,40,,32560,53,0,14,0,80,,32561,53,0,14,0,80,,32562,53,0,14,0,40,,32563,53,0,14,0,80,,32564,53,0,14,0,78,,32565,53,0,14,0,40,,32566,53,0,14,0,80,,32567,53,0,14,0,80,,32568,53,0,14,0,40,,32569,53,0,14,0,80,,32570,53,0,14,0,80,,32571,53,0,14,0
3401,'4',1146,,32572,53,0,14,0,80,,32573,53,0,14,0,80,,32574,53,0,14,0,40,,32575,53,0,14,0,80,,32576,53,0,14,0,80,,32577,53,0,14,0,40,,32578,53,0,14,0,80,,32579,53,0,14,0,78,,32580,53,0,14,0,40,,32581,53,0,14,0,80,,32582,53,0,14,0,80,,32583,53,0,14,0,40,,32584,53,0,14,0,80,,32585,53,0,14,0,80,,32586,53,0,14,0
