1000,'11802',628,,44877,4,0,18 19 20,1,181,,44878,4,0,18 19 20,1,611,,44879,4,0,18 19 20,1,185,,44880,4,0,18 19 20,1,142,,44881,4,0,21 3 32,1
1000,'2',542,,44884,4,,,1,70,,44893,4,,,1,30,,44892,4,,,1,68,,44886,4,,,1,16,,44932,4,,,1,17,,44887,4,,,1,14,,44933,4,,,1,55,,44891,4,,,1,18,,44890,4,,,1,17,,44889,4,0,21 3 32,1,60,,44888,4,,,1,30,,44899,4,,,1,70,,44898,4,,,1,30,,44897,4,,,1,70,,44896,4,,,1,30,,44903,4,,,1,69,,44902,4,,,1,30,,44901,4,,,1,65,,44900,4,,,1,35,,44906,4,,,1,18,,44905,4,,,1,60,,44934,4,,,1,15,,44907,4,,,1,15,,44935,4,,,1,15,,44908,4,,,1,59,,44915,4,,,1,11,,44909,4,,,1,15,,44910,4,,,1,15,,44911,4,,,1,55,,44912,4,,,1,15,,44913,4,,,1,15,,44938,4,,,1,15,,44914,4,,,1,58,,44939,4,0,18 19 20,1,15,,44916,4,,,1,25,,44917,4,,,1,74,,44918,4,,,1,14,,44940,4,0,21 3 32,1,62,,44919,4,,,1,31,,44920,4,,,1,74,,44921,4,,,1,30,,44922,4,,,1,78,,44923,4,,,1,38,,44924,4,,,1,73,,44925,4,,,1,70,,44926,4,,,1,35,,44927,4,,,1,75,,44928,4,,,1,30,,44929,4,,,1,71,,44930,4,0,21 3 32,1,31,,44931,4,0,21 3 32,1
1000,'3',639,,44942,4,,,1,75,,44943,4,,,1,32,,44945,4,,,1,68,,44946,4,,,1,15,,44947,4,,,1,30,,44948,4,,,1,69,,44949,4,,,1,28,,44950,4,,,1,70,,44951,4,,,1,30,,44952,4,,,1,70,,44953,4,,,1,28,,44954,4,,,1,70,,44955,4,,,1,30,,44956,4,,,1,69,,44957,4,,,1,31,,44958,4,,,1,70,,44959,4,,,1,25,,44960,4,,,1,60,,44961,4,,,1,30,,44962,4,,,1,70,,44963,4,,,1,30,,44964,4,,,1,70,,44965,4,,,1,32,,44966,4,,,1,68,,44967,4,,,1,30,,44968,4,,,1,70,,44969,4,,,1,30,,44970,4,,,1,70,,44971,4,,,1,30,,44975,4,,,1,65,,44976,4,,,1,25,,44977,4,,,1,25,,44978,4,,,1,65,,44979,4,,,1,30,,44980,4,,,1,70,,44981,4,,,1,16,,44974,4,0,21 3 32,1,77,,44982,4,,,1,16,,44972,4,0,18 19 20,1,85,,44973,4,0,21 3 32,1
1000,'30',658,,45019,4,,,1,60,,44984,4,,,1,35,,45018,4,,,1,60,,44985,4,,,1,28,,44986,4,,,1,68,,44987,4,,,1,30,,44988,4,,,1,65,,44989,4,,,1,25,,44990,4,,,1,25,,44991,4,,,1,65,,44992,4,,,1,29,,44993,4,,,1,68,,44994,4,,,1,30,,44995,4,,,1,70,,44996,4,,,1,30,,44997,4,,,1,70,,44998,4,,,1,30,,44999,4,,,1,70,,45000,4,,,1,30,,45001,4,,,1,70,,45002,4,,,1,31,,45005,4,,,1,73,,45006,4,,,1,30,,45007,4,,,1,70,,45008,4,,,1,30,,45009,4,,,1,66,,45010,4,,,1,30,,45011,4,,,1,70,,45012,4,,,1,30,,45013,4,,,1,70,,45014,4,,,1,32,,45015,4,,,1,74,,45016,4,,,1,5,,45017,4,0,21 3 32,1,13,,45004,4,0,21 3 32,1,65,,45003,4,0,21 3 32,1
1000,'4',658,,45056,4,,,1,60,,45021,4,,,1,35,,45055,4,,,1,60,,45022,4,,,1,28,,45023,4,,,1,68,,45024,4,,,1,30,,45025,4,,,1,65,,45026,4,,,1,25,,45027,4,,,1,25,,45028,4,,,1,65,,45029,4,,,1,29,,45030,4,,,1,68,,45031,4,,,1,30,,45032,4,,,1,70,,45033,4,,,1,30,,45034,4,,,1,70,,45035,4,,,1,30,,45036,4,,,1,70,,45037,4,,,1,30,,45038,4,,,1,70,,45039,4,,,1,31,,45042,4,,,1,73,,45043,4,,,1,30,,45044,4,,,1,70,,45045,4,,,1,30,,45046,4,,,1,66,,45047,4,,,1,30,,45048,4,,,1,70,,45049,4,,,1,30,,45050,4,,,1,70,,45051,4,,,1,32,,45052,4,,,1,74,,45053,4,,,1,5,,45054,4,0,21 3 32,1,13,,45041,4,0,21 3 32,1,65,,45040,4,0,21 3 32,1
2701,'11802',818,,48307,30,,,1,838,,48308,30,,,1
2701,'2',615,,48380,29,,,1,92,,48309,30,,,1,25,,48310,29,,,1,13,,48311,30,,,1,13,,48312,29,,,1,53,,48313,29,,,1,13,,48314,30,,,1,13,,48315,30,,,1,8,,48316,30,,,1,13,,48317,30,,,1,54,,48318,30,,,1,12,,48319,30,,,1,14,,48320,30,,,1,13,,48321,30,,,1,53,,48322,30,,,1,13,,48323,30,,,1,13,,48324,30,,,1,13,,48325,30,,,1,13,,48326,30,,,1,53,,48327,30,,,1,13,,48328,30,,,1,13,,48329,30,,,1,13,,48330,30,,,1,53,,48331,30,,,1,12,,48332,30,,,1,13,,48333,30,,,1,12,,48334,30,,,1,12,,48335,30,,,1,52,,48336,30,,,1,12,,48337,30,,,1,12,,48338,30,,,1,12,,48339,30,,,1,12,,48340,30,,,1,52,,48341,30,,,1,12,,48342,30,,,1,12,,48343,30,,,1,14,,48344,30,,,1,13,,48345,30,,,1,53,,48346,30,,,1,13,,48347,30,,,1,13,,48348,30,,,1,13,,48349,30,,,1,9,,48350,29,,,1,52,,48351,30,,,1,12,,48352,30,,,1,11,,48353,30,,,1,11,,48354,30,,,1,11,,48355,29,,,1,51,,48356,30,,,1,11,,48357,30,,,1,11,,48358,30,,,1,11,,48359,30,,,1,11,,48360,30,,,1,11,,48361,30,,,1,51,,48362,30,,,1,7,,48363,30,,,1,13,,48364,30,,,1,9,,48365,30,,,1,13,,48366,30,,,1,51,,48367,30,,,1,11,,48368,30,,,1,17,,48369,30,,,1,17,,48370,30,,,1,57,,48371,30,,,1,17,,48372,30,,,1,17,,48373,30,,,1,17,,48374,30,,,1,55,,48375,30,,,1,20,,48376,30,,,1,27,,48377,30,,,1,67,,48378,30,,,1,27,,48379,30,,,1
2701,'3',914,,48381,29,,,1,43,,48391,30,,,1,73,,48382,30,,,1,104,,48392,30,,,1,73,,48383,30,,,1,32,,48400,30,,,1,72,,48393,30,,,1,32,,48384,30,,,1,72,,48401,30,,,1,31,,48394,30,,,1,74,,48385,30,,,1,32,,48402,30,,,1,70,,48395,30,,,1,34,,48386,30,,,1,72,,48403,30,,,1,30,,48396,30,,,1,75,,48387,30,,,1,85,,48397,30,,,1,85,,48388,30,,,1,45,,48398,30,,,1,81,,48389,30,,,1,80,,48399,30,,,1,40,,48390,30,,,1,80,,48404,30,,,1
2701,'30',859,,48405,29,,,1,85,,48406,30,,,1,85,,48412,30,,,1,85,,48407,30,,,1,45,,48413,30,,,1,86,,48408,30,,,1,88,,48414,30,,,1,72,,48415,30,,,1,32,,48409,30,,,1,72,,48417,30,,,1,32,,48416,30,,,1,72,,48410,30,,,1,32,,48418,30,,,1,72,,48420,30,,,1,28,,48411,30,,,1,77,,48419,30,,,1,85,,48421,30,,,1,45,,48422,30,,,1
2701,'4',859,,48423,29,,,1,85,,48424,30,,,1,85,,48430,30,,,1,85,,48425,30,,,1,45,,48431,30,,,1,86,,48426,30,,,1,88,,48432,30,,,1,72,,48433,30,,,1,32,,48427,30,,,1,72,,48435,30,,,1,32,,48434,30,,,1,72,,48428,30,,,1,32,,48436,30,,,1,72,,48438,30,,,1,28,,48429,30,,,1,77,,48437,30,,,1,85,,48439,30,,,1,45,,48440,30,,,1
