1000,'2',540,,28543,1,,,0,70,,28552,1,,,0,16,,28600,1,0,18 19 20,0,14,,28551,1,,,0,5,,28601,1,0,18 19 20,0,63,,28545,1,,,0,16,,28591,1,,,0,17,,28546,1,,,0,14,,28592,1,,,0,52,,28602,1,0,18 19 20,0,3,,28550,1,,,0,16,,28603,1,0,18 19 20,0,2,,28549,1,,,0,16,,28548,1,0,21 3 32,0,61,,28547,1,,,0,30,,28558,1,,,0,70,,28557,1,,,0,30,,28556,1,,,0,70,,28555,1,,,0,30,,28562,1,,,0,69,,28561,1,,,0,30,,28560,1,,,0,25,,28559,1,,,0,75,,28565,1,,,0,18,,28564,1,,,0,60,,28593,1,,,0,6,,28604,1,0,18 19 20,0,9,,28566,1,,,0,6,,28605,1,0,18 19 20,0,9,,28594,1,,,0,15,,28567,1,,,0,59,,28574,1,,,0,11,,28568,1,,,0,15,,28569,1,,,0,15,,28570,1,,,0,46,,28606,1,0,18 19 20,0,9,,28571,1,,,0,5,,28607,1,0,18 19 20,0,10,,28572,1,,,0,15,,28597,1,,,0,15,,28573,1,,,0,58,,28598,1,0,18 19 20,0,15,,28575,1,,,0,14,,28608,1,0,21 3 32,0,11,,28576,1,,,0,3,,28609,1,0,21 3 32,0,71,,28577,1,,,0,13,,28599,1,0,21 3 32,0,63,,28578,1,,,0,31,,28579,1,,,0,74,,28580,1,,,0,30,,28581,1,,,0,78,,28582,1,,,0,38,,28583,1,,,0,73,,28584,1,,,0,30,,28585,1,,,0,75,,28586,1,,,0,75,,28587,1,,,0,30,,28588,1,,,0,70,,28589,1,0,21 3 32,0,31,,28590,1,0,21 3 32,0
1000,'3',637,,28611,1,,,0,75,,28612,1,,,0,32,,28614,1,,,0,68,,28615,1,,,0,15,,28616,1,,,0,30,,28617,1,,,0,69,,28618,1,,,0,28,,28619,1,,,0,70,,28620,1,,,0,30,,28621,1,,,0,70,,28622,1,,,0,28,,28623,1,,,0,70,,28624,1,,,0,30,,28625,1,,,0,69,,28626,1,,,0,31,,28627,1,,,0,70,,28628,1,,,0,25,,28629,1,,,0,60,,28630,1,,,0,30,,28631,1,,,0,70,,28632,1,,,0,30,,28633,1,,,0,70,,28634,1,,,0,32,,28635,1,,,0,68,,28636,1,,,0,30,,28637,1,,,0,70,,28638,1,,,0,30,,28639,1,,,0,70,,28640,1,,,0,30,,28644,1,,,0,65,,28645,1,,,0,25,,28646,1,,,0,25,,28647,1,,,0,65,,28648,1,,,0,30,,28649,1,,,0,70,,28650,1,,,0,16,,28643,1,0,21 3 32,0,78,,28651,1,,,0,16,,28641,1,0,18 19 20,0,85,,28642,1,0,21 3 32,0
1000,'30',656,,28688,1,,,0,60,,28653,1,,,0,35,,28687,1,,,0,60,,28654,1,,,0,28,,28655,1,,,0,68,,28656,1,,,0,30,,28657,1,,,0,65,,28658,1,,,0,25,,28659,1,,,0,25,,28660,1,,,0,65,,28661,1,,,0,29,,28662,1,,,0,68,,28663,1,,,0,30,,28664,1,,,0,70,,28665,1,,,0,30,,28666,1,,,0,70,,28667,1,,,0,30,,28668,1,,,0,70,,28669,1,,,0,30,,28670,1,,,0,70,,28671,1,,,0,31,,28674,1,,,0,73,,28675,1,,,0,30,,28676,1,,,0,70,,28677,1,,,0,30,,28678,1,,,0,66,,28679,1,,,0,30,,28680,1,,,0,70,,28681,1,,,0,30,,28682,1,,,0,70,,28683,1,,,0,33,,28684,1,,,0,74,,28685,1,,,0,5,,28686,1,0,21 3 32,0,13,,28673,1,0,21 3 32,0,65,,28672,1,0,21 3 32,0
1000,'4',656,,28725,1,,,0,60,,28690,1,,,0,35,,28724,1,,,0,60,,28691,1,,,0,28,,28692,1,,,0,68,,28693,1,,,0,30,,28694,1,,,0,65,,28695,1,,,0,25,,28696,1,,,0,25,,28697,1,,,0,65,,28698,1,,,0,29,,28699,1,,,0,68,,28700,1,,,0,30,,28701,1,,,0,70,,28702,1,,,0,30,,28703,1,,,0,70,,28704,1,,,0,30,,28705,1,,,0,70,,28706,1,,,0,30,,28707,1,,,0,70,,28708,1,,,0,31,,28711,1,,,0,73,,28712,1,,,0,30,,28713,1,,,0,70,,28714,1,,,0,30,,28715,1,,,0,66,,28716,1,,,0,30,,28717,1,,,0,70,,28718,1,,,0,30,,28719,1,,,0,70,,28720,1,,,0,33,,28721,1,,,0,74,,28722,1,,,0,5,,28723,1,0,21 3 32,0,13,,28710,1,0,21 3 32,0,65,,28709,1,0,21 3 32,0
1001,'2',610,,28772,19,4,,0,11,,28786,19,4,,0,9,,28773,19,4,,0,5,,28785,19,4,,0,66,,28727,95,4,,0,19,,28774,95,4,,0,16,,28726,95,4,,0,13,,28775,95,4,,0,53,,28787,46,4,,0,3,,28731,95,4,,0,16,,28788,46,4,,0,2,,28730,95,4,,0,16,,28729,95,4,,0,15,,28728,95,4,,0,72,,28736,95,4,,0,79,,28734,95,4,,0,23,,28733,95,4,,0,75,,28732,95,4,,0,30,,28739,95,4,,0,20,,28741,95,4,,0,71,,28740,95,4,,0,30,,28738,95,4,,0,75,,28744,95,4,,0,23,,28743,95,4,,0,54,,28784,19,4,,0,5,,28789,19,4,,0,9,,28742,95,4,,0,6,,28790,19,4,,0,8,,28783,19,4,,0,13,,28782,46,4,,0,55,,28746,95,4,,0,18,,28745,95,4,,0,22,,28747,95,4,,0,11,,28792,46,4,,0,50,,28776,95,4,,0,5,,28791,46,4,,0,12,,28748,95,4,,0,15,,28777,95,4,,0,15,,28749,95,4,,0,56,,28778,95,4,,0,18,,28750,95,4,,0,15,,28793,46,4,,0,4,,28751,95,4,,0,9,,28794,46,4,,0,49,,28779,95,4,,0,19,,28752,95,4,,0,17,,28753,95,4,,0,65,,28757,95,4,,0,27,,28755,95,4,,0,74,,28756,95,4,,0,37,,28760,95,4,,0,78,,28762,95,4,,0,38,,28763,95,4,,0,73,,28764,95,4,,0,17,,28781,95,4,,0,75,,28765,95,4,,0,35,,28766,95,4,,0,65,,28767,95,4,,0,18,,28768,95,4,,0,70,,28769,95,4,,0,31,,28770,95,4,,0
1001,'3',637,,28797,19,4,,0,75,,28798,19,4,,0,27,,28796,95,4,,0,70,,28795,95,4,,0,18,,28831,19,4,,0,19,,28799,95,4,,0,70,,28800,95,4,,0,30,,28801,95,4,,0,68,,28802,95,4,,0,33,,28803,95,4,,0,70,,28804,95,4,,0,25,,28805,95,4,,0,70,,28806,95,4,,0,31,,28807,95,4,,0,70,,28808,95,4,,0,30,,28809,95,4,,0,70,,28810,95,4,,0,30,,28811,95,4,,0,15,,28812,95,4,,0,70,,28813,95,4,,0,30,,28814,95,4,,0,70,,28815,95,4,,0,30,,28816,95,4,,0,70,,28817,95,4,,0,30,,28818,95,4,,0,68,,28819,95,4,,0,29,,28820,95,4,,0,70,,28821,95,4,,0,30,,28822,95,4,,0,70,,28823,95,4,,0,25,,28824,95,4,,0,64,,28825,95,4,,0,29,,28826,95,4,,0,65,,28827,95,4,,0,30,,28828,95,4,,0,65,,28829,95,4,,0,30,,28833,95,4,,0,70,,28834,95,4,,0,24,,28835,95,4,,0,85,,28836,95,4,,0
1001,'30',654,,28871,19,4,,0,62,,28845,19,4,,0,33,,28872,19,4,,0,57,,28837,95,4,,0,33,,28874,95,4,,0,62,,28838,95,4,,0,29,,28873,95,4,,0,21,,28839,95,4,,0,60,,28840,95,4,,0,30,,28841,95,4,,0,65,,28842,95,4,,0,30,,28843,95,4,,0,70,,28844,95,4,,0,36,,28846,95,4,,0,70,,28847,95,4,,0,25,,28848,95,4,,0,70,,28849,95,4,,0,30,,28850,95,4,,0,70,,28851,95,4,,0,30,,28852,95,4,,0,70,,28853,95,4,,0,30,,28854,95,4,,0,70,,28855,95,4,,0,33,,28856,95,4,,0,65,,28857,95,4,,0,30,,28858,95,4,,0,68,,28869,95,4,,0,29,,28859,95,4,,0,25,,28862,95,4,,0,70,,28863,95,4,,0,30,,28864,95,4,,0,70,,28865,95,4,,0,75,,28866,95,4,,0,24,,28867,95,4,,0,13,,28868,95,4,,0,65,,28870,95,4,,0
1001,'4',654,,28909,19,4,,0,62,,28883,19,4,,0,33,,28910,19,4,,0,57,,28875,95,4,,0,33,,28912,95,4,,0,62,,28876,95,4,,0,29,,28911,95,4,,0,21,,28877,95,4,,0,60,,28878,95,4,,0,30,,28879,95,4,,0,65,,28880,95,4,,0,30,,28881,95,4,,0,70,,28882,95,4,,0,36,,28884,95,4,,0,70,,28885,95,4,,0,25,,28886,95,4,,0,70,,28887,95,4,,0,30,,28888,95,4,,0,70,,28889,95,4,,0,30,,28890,95,4,,0,70,,28891,95,4,,0,30,,28892,95,4,,0,70,,28893,95,4,,0,33,,28894,95,4,,0,65,,28895,95,4,,0,30,,28896,95,4,,0,68,,28907,95,4,,0,29,,28897,95,4,,0,25,,28900,95,4,,0,70,,28901,95,4,,0,30,,28902,95,4,,0,70,,28903,95,4,,0,75,,28904,95,4,,0,24,,28905,95,4,,0,13,,28906,95,4,,0,65,,28908,95,4,,0
2701,'2',711,,31934,27,,,0,13,,31926,26,,,0,18,,31927,27,,,0,13,,31925,26,,,0,60,,31944,27,,,0,16,,31961,27,,,0,16,,31935,27,,,0,55,,31969,27,,,0,16,,31928,27,,,0,16,,31953,27,,,0,17,,31945,27,,,0,56,,31962,27,,,0,15,,31936,27,,,0,16,,31968,27,,,0,15,,31929,27,,,0,57,,31954,27,,,0,17,,31946,27,,,0,16,,31963,27,,,0,15,,31937,27,,,0,56,,31970,27,,,0,15,,31930,27,,,0,17,,31955,27,,,0,57,,31947,27,,,0,17,,31964,27,,,0,15,,31938,27,,,0,16,,31971,27,,,0,55,,31931,27,,,0,16,,31956,27,,,0,20,,31948,27,,,0,17,,31965,27,,,0,55,,31939,27,,,0,13,,31972,27,,,0,15,,31932,27,,,0,16,,31957,27,,,0,60,,31949,27,,,0,18,,31966,27,,,0,14,,31940,27,,,0,53,,31973,27,,,0,15,,31933,27,,,0,13,,31977,27,,,0,19,,31958,27,,,0,60,,31950,27,,,0,18,,31967,27,,,0,9,,31941,27,,,0,13,,31974,27,,,0,60,,31976,27,,,0,20,,31959,27,,,0,21,,31951,27,,,0,66,,31942,27,,,0,13,,31975,27,,,0,20,,31978,27,,,0,60,,31960,27,,,0,17,,31952,27,,,0,26,,31943,27,,,0,67,,31979,27,,,0,30,,31980,27,,,0
2701,'3',912,,31981,26,,,0,43,,31991,27,,,0,73,,31982,27,,,0,104,,31992,27,,,0,73,,31983,27,,,0,32,,32000,27,,,0,72,,31993,27,,,0,32,,31984,27,,,0,72,,32001,27,,,0,31,,31994,27,,,0,74,,31985,27,,,0,32,,32002,27,,,0,70,,31995,27,,,0,34,,31986,27,,,0,72,,32003,27,,,0,30,,31996,27,,,0,75,,31987,27,,,0,85,,31997,27,,,0,85,,31988,27,,,0,45,,31998,27,,,0,81,,31989,27,,,0,80,,31999,27,,,0,40,,31990,27,,,0,80,,32004,27,,,0
2701,'30',857,,32005,26,,,0,85,,32006,27,,,0,85,,32012,27,,,0,85,,32007,27,,,0,45,,32013,27,,,0,86,,32008,27,,,0,88,,32014,27,,,0,72,,32015,27,,,0,32,,32009,27,,,0,72,,32017,27,,,0,32,,32016,27,,,0,72,,32010,27,,,0,32,,32018,27,,,0,72,,32020,27,,,0,28,,32011,27,,,0,77,,32019,27,,,0,85,,32021,27,,,0,45,,32022,27,,,0
2701,'4',857,,32023,26,,,0,85,,32024,27,,,0,85,,32030,27,,,0,85,,32025,27,,,0,45,,32031,27,,,0,86,,32026,27,,,0,88,,32032,27,,,0,72,,32033,27,,,0,32,,32027,27,,,0,72,,32035,27,,,0,32,,32034,27,,,0,72,,32028,27,,,0,32,,32036,27,,,0,72,,32038,27,,,0,28,,32029,27,,,0,77,,32037,27,,,0,85,,32039,27,,,0,45,,32040,27,,,0
