400,'11802',1505,,43357,22,0,13 18 19 20,1,248,,43358,22,0,10 18 19 20,1
400,'2',624,,43385,22,0,13 18 19 20,1,81,,43384,22,0,10 18 19 20,1,15,,43383,22,0,13 18 19 20,1,15,,43382,22,0,10 18 19 20,1,15,,43381,22,0,13 18 19 20,1,55,,43380,22,0,10 18 19 20,1,15,,43379,22,0,13 18 19 20,1,15,,43378,22,0,10 18 19 20,1,15,,43377,22,0,13 18 19 20,1,60,,43376,22,0,10 18 19 20,1,20,,43375,22,0,13 18 19 20,1,20,,43374,22,0,10 18 19 20,1,60,,43373,22,0,13 18 19 20,1,20,,43372,22,0,10 18 19 20,1,20,,43371,22,0,13 18 19 20,1,60,,43370,22,0,10 18 19 20,1,20,,43369,22,0,13 18 19 20,1,20,,43368,22,0,10 18 19 20,1,60,,43367,22,0,13 18 19 20,1,20,,43366,22,0,10 18 19 20,1,20,,43365,22,0,13 18 19 20,1,60,,43364,22,0,10 18 19 20,1,20,,43363,22,0,13 18 19 20,1,17,,43362,22,0,10 18 19 20,1,55,,43387,22,0,13 18 19 20,1,10,,43388,22,0,10 18 19 20,1,15,,43396,22,0,13 18 19 20,1,15,,43389,22,0,10 18 19 20,1,15,,43397,22,0,13 18 19 20,1,55,,43390,22,0,10 18 19 20,1,15,,43398,22,0,13 18 19 20,1,15,,43391,22,0,10 18 19 20,1,14,,43399,22,0,13 18 19 20,1,55,,43392,22,0,10 18 19 20,1,15,,43400,22,0,13 18 19 20,1,10,,43393,22,0,10 18 19 20,1,15,,43401,22,0,13 18 19 20,1,55,,43394,22,0,10 18 19 20,1,10,,43402,22,0,13 18 19 20,1,15,,43395,22,0,10 18 19 20,1,10,,43403,22,0,13 18 19 20,1,61,,43404,22,0,10 18 19 20,1,20,,43405,22,0,13 18 19 20,1,15,,43409,22,0,10 18 19 20,1,20,,43406,22,0,13 18 19 20,1,60,,43410,22,0,10 18 19 20,1,20,,43407,22,0,13 18 19 20,1,20,,43411,22,0,10 18 19 20,1,60,,43408,22,0,13 18 19 20,1,17,,43412,22,0,10 18 19 20,1,15,,43413,22,0,13 18 19 20,1,65,,43416,22,0,10 18 19 20,1,30,,43414,22,0,13 18 19 20,1,70,,43417,22,0,10 18 19 20,1,30,,43415,22,0,13 18 19 20,1,70,,43418,22,0,10 18 19 20,1,40,,43419,22,0,13 18 19 20,1,99,,43420,22,0,13 18 19 20,1
400,'3',611,,43423,22,0,13 18 19 20,1,13,,43422,22,0,10 18 19 20,1,32,,43425,22,0,13 18 19 20,1,70,,43432,22,0,10 18 19 20,1,30,,43426,22,0,13 18 19 20,1,69,,43433,22,0,10 18 19 20,1,30,,43427,22,0,13 18 19 20,1,70,,43434,22,0,10 18 19 20,1,30,,43428,22,0,13 18 19 20,1,70,,43435,22,0,10 18 19 20,1,30,,43429,22,0,13 18 19 20,1,70,,43436,22,0,10 18 19 20,1,30,,43430,22,0,13 18 19 20,1,67,,43437,22,0,10 18 19 20,1,29,,43431,22,0,13 18 19 20,1,63,,43438,22,0,10 18 19 20,1,20,,43443,22,0,13 18 19 20,1,25,,43439,22,0,10 18 19 20,1,65,,43444,22,0,13 18 19 20,1,25,,43440,22,0,10 18 19 20,1,65,,43445,22,0,13 18 19 20,1,25,,43441,22,0,10 18 19 20,1,65,,43446,22,0,13 18 19 20,1,25,,43442,22,0,10 18 19 20,1,25,,43447,22,0,13 18 19 20,1,65,,43454,22,0,10 18 19 20,1,25,,43450,22,0,13 18 19 20,1,65,,43455,22,0,10 18 19 20,1,25,,43451,22,0,13 18 19 20,1,25,,43456,22,0,10 18 19 20,1,65,,43452,22,0,13 18 19 20,1,25,,43457,22,0,10 18 19 20,1,65,,43453,22,0,13 18 19 20,1,25,,43458,22,0,10 18 19 20,1,61,,43459,22,0,13 18 19 20,1,30,,43462,22,0,10 18 19 20,1,75,,43460,22,0,13 18 19 20,1,30,,43463,22,0,10 18 19 20,1,70,,43461,22,0,13 18 19 20,1,30,,43464,22,0,10 18 19 20,1,66,,43448,22,0,13 18 19 20,1,54,,43449,22,0,10 18 19 20,1
400,'30',654,,43495,22,0,13 18 19 20,1,82,,43496,22,0,10 18 19 20,1,80,,43497,22,0,13 18 19 20,1,84,,43467,22,0,10 18 19 20,1,35,,43468,22,0,13 18 19 20,1,65,,43469,22,0,10 18 19 20,1,30,,43470,22,0,13 18 19 20,1,70,,43471,22,0,10 18 19 20,1,30,,43472,22,0,13 18 19 20,1,70,,43473,22,0,10 18 19 20,1,26,,43474,22,0,13 18 19 20,1,30,,43475,22,0,10 18 19 20,1,70,,43476,22,0,13 18 19 20,1,30,,43477,22,0,10 18 19 20,1,70,,43478,22,0,13 18 19 20,1,30,,43479,22,0,10 18 19 20,1,70,,43480,22,0,13 18 19 20,1,30,,43481,22,0,10 18 19 20,1,70,,43482,22,0,13 18 19 20,1,30,,43483,22,0,10 18 19 20,1,70,,43484,22,0,13 18 19 20,1,30,,43485,22,0,10 18 19 20,1,72,,43486,22,0,13 18 19 20,1,30,,43487,22,0,10 18 19 20,1,70,,43488,22,0,13 18 19 20,1,30,,43489,22,0,10 18 19 20,1,70,,43490,22,0,13 18 19 20,1,30,,43491,22,0,10 18 19 20,1,70,,43492,22,0,13 18 19 20,1,30,,43493,22,0,10 18 19 20,1,66,,43494,22,0,13 18 19 20,1,29,,43465,22,0,10 18 19 20,1
400,'4',654,,43528,22,0,13 18 19 20,1,82,,43529,22,0,10 18 19 20,1,80,,43530,22,0,13 18 19 20,1,84,,43500,22,0,10 18 19 20,1,35,,43501,22,0,13 18 19 20,1,65,,43502,22,0,10 18 19 20,1,30,,43503,22,0,13 18 19 20,1,70,,43504,22,0,10 18 19 20,1,30,,43505,22,0,13 18 19 20,1,70,,43506,22,0,10 18 19 20,1,26,,43507,22,0,13 18 19 20,1,30,,43508,22,0,10 18 19 20,1,70,,43509,22,0,13 18 19 20,1,30,,43510,22,0,10 18 19 20,1,70,,43511,22,0,13 18 19 20,1,30,,43512,22,0,10 18 19 20,1,70,,43513,22,0,13 18 19 20,1,30,,43514,22,0,10 18 19 20,1,70,,43515,22,0,13 18 19 20,1,30,,43516,22,0,10 18 19 20,1,70,,43517,22,0,13 18 19 20,1,30,,43518,22,0,10 18 19 20,1,72,,43519,22,0,13 18 19 20,1,30,,43520,22,0,10 18 19 20,1,70,,43521,22,0,13 18 19 20,1,30,,43522,22,0,10 18 19 20,1,70,,43523,22,0,13 18 19 20,1,30,,43524,22,0,10 18 19 20,1,70,,43525,22,0,13 18 19 20,1,30,,43526,22,0,10 18 19 20,1,66,,43527,22,0,13 18 19 20,1,29,,43498,22,0,10 18 19 20,1
601,'2',623,,44069,11,,,1,77,,44071,11,,,1,35,,44072,11,,,1,65,,44073,11,,,1,25,,44074,11,,,1,25,,44075,11,,,1,69,,44077,11,,,1,25,,44078,11,,,1,70,,44079,11,,,1,30,,44080,11,,,1,65,,44081,11,,,1,30,,44082,11,,,1,69,,44083,11,,,1,30,,44084,11,,,1,70,,44085,11,,,1,25,,44086,11,,,1,70,,44087,11,,,1,30,,44088,11,,,1,70,,44089,11,,,1,30,,44090,11,,,1,70,,44091,11,,,1,25,,44092,11,,,1,30,,44093,11,,,1,70,,44094,11,,,1,30,,44095,11,,,1,65,,44096,11,,,1,25,,44097,11,,,1,65,,44098,11,,,1,25,,44099,11,,,1,21,,44100,11,,,1,65,,44101,11,,,1,26,,44102,11,,,1,65,,44103,11,,,1,25,,44104,11,,,1,65,,44105,11,,,1,25,,44106,11,,,1,25,,44107,11,,,1,65,,44108,11,,,1,26,,44109,11,,,1,67,,44110,11,,,1,43,,44111,11,,,1
601,'3',613,,44113,11,,,1,33,,44114,11,,,1,75,,44115,11,,,1,35,,44116,11,,,1,75,,44117,11,,,1,75,,44118,11,,,1,35,,44119,11,,,1,65,,44120,11,,,1,20,,44121,11,,,1,30,,44122,11,,,1,65,,44123,11,,,1,20,,44124,11,,,1,69,,44126,11,,,1,20,,44127,11,,,1,20,,44128,11,,,1,60,,44129,11,,,1,20,,44130,11,,,1,20,,44131,11,,,1,59,,44132,11,,,1,20,,44133,11,,,1,20,,44134,11,,,1,60,,44135,11,,,1,20,,44136,11,,,1,20,,44137,11,,,1,60,,44138,11,,,1,20,,44139,11,,,1,20,,44140,11,,,1,60,,44141,11,,,1,20,,44142,11,,,1,20,,44143,11,,,1,60,,44144,11,,,1,20,,44146,11,,,1,17,,44145,11,0,37 3 45,1,59,,44147,11,,,1,25,,44148,11,,,1,25,,44149,11,,,1,65,,44150,11,,,1,28,,44151,11,,,1,59,,44152,11,0,37 3 45,1,22,,44153,11,,,1,30,,44154,11,,,1,76,,44155,11,,,1,76,,44156,11,,,1,36,,44157,11,,,1,73,,44158,11,,,1,35,,44159,11,,,1
601,'30',911,,44160,11,,,1,33,,44161,11,,,1,75,,44162,11,,,1,35,,44163,11,,,1,78,,44164,11,,,1,78,,44165,11,,,1,25,,44166,11,,,1,65,,44167,11,,,1,25,,44168,11,,,1,25,,44169,11,,,1,65,,44170,11,,,1,25,,44171,11,,,1,65,,44172,11,,,1,25,,44173,11,,,1,25,,44174,11,,,1,65,,44175,11,,,1,25,,44176,11,,,1,70,,44177,11,,,1,25,,44178,11,,,1,13,,44179,11,0,37 3 45,1,64,,44180,11,,,1,32,,44181,11,,,1,75,,44182,11,,,1,35,,44183,11,,,1,75,,44184,11,,,1,75,,44185,11,,,1,35,,44186,11,,,1,74,,44187,11,,,1,35,,44189,11,,,1,73,,44188,11,0,37 3 45,1
601,'4',911,,44190,11,,,1,33,,44191,11,,,1,75,,44192,11,,,1,35,,44193,11,,,1,78,,44194,11,,,1,78,,44195,11,,,1,25,,44196,11,,,1,65,,44197,11,,,1,25,,44198,11,,,1,25,,44199,11,,,1,65,,44200,11,,,1,25,,44201,11,,,1,65,,44202,11,,,1,25,,44203,11,,,1,25,,44204,11,,,1,65,,44205,11,,,1,25,,44206,11,,,1,70,,44207,11,,,1,25,,44208,11,,,1,13,,44209,11,0,37 3 45,1,64,,44210,11,,,1,32,,44211,11,,,1,75,,44212,11,,,1,35,,44213,11,,,1,75,,44214,11,,,1,75,,44215,11,,,1,35,,44216,11,,,1,74,,44217,11,,,1,35,,44219,11,,,1,73,,44218,11,0,37 3 45,1
1300,'11802',833,,45507,19,,,1,768,,45508,19,,,1,131,,45509,19,,,1
1300,'2',623,,45511,19,0,10 18 19 20,1,18,,45512,19,,,1,14,,45513,19,0,10 18 19 20,1,55,,45514,19,,,1,10,,45515,19,0,10 18 19 20,1,15,,45516,19,,,1,15,,45517,19,0,10 18 19 20,1,55,,45518,19,,,1,15,,45519,19,0,10 18 19 20,1,15,,45520,19,,,1,15,,45521,19,0,10 18 19 20,1,55,,45522,19,,,1,15,,45523,19,0,10 18 19 20,1,15,,45524,19,,,1,15,,45525,19,0,10 18 19 20,1,50,,45526,19,,,1,15,,45527,19,0,10 18 19 20,1,15,,45528,19,,,1,15,,45529,19,0,10 18 19 20,1,55,,45530,19,,,1,15,,45531,19,0,10 18 19 20,1,15,,45532,19,,,1,15,,45533,19,0,10 18 19 20,1,10,,45534,19,,,1,55,,45535,19,0,10 18 19 20,1,15,,45536,19,,,1,15,,45537,19,0,10 18 19 20,1,15,,45538,19,,,1,55,,45539,19,0,10 18 19 20,1,15,,45540,19,,,1,15,,45541,19,0,10 18 19 20,1,15,,45542,19,,,1,55,,45543,19,0,10 18 19 20,1,15,,45544,19,,,1,15,,45545,19,0,10 18 19 20,1,15,,45546,19,,,1,55,,45547,19,0,10 18 19 20,1,15,,45548,19,,,1,15,,45549,19,0,10 18 19 20,1,15,,45550,19,,,1,54,,45551,19,0,10 18 19 20,1,15,,45552,19,,,1,15,,45553,19,0,10 18 19 20,1,15,,45554,19,,,1,55,,45555,19,0,10 18 19 20,1,15,,45556,19,,,1,15,,45557,19,0,10 18 19 20,1,15,,45558,19,,,1,56,,45559,19,0,10 18 19 20,1,20,,45564,19,,,1,20,,45560,19,0,10 18 19 20,1,60,,45565,19,,,1,20,,45561,19,0,10 18 19 20,1,20,,45566,19,,,1,60,,45562,19,0,10 18 19 20,1,20,,45567,19,,,1,20,,45563,19,,,1,70,,45568,19,0,10 18 19 20,1,25,,45571,19,,,1,65,,45569,19,0,10 18 19 20,1,27,,45572,19,,,1,73,,45570,19,0,10 18 19 20,1,30,,45573,19,,,1,66,,45575,19,0,10 18 19 20,1,47,,45574,19,,,1
1300,'3',623,,45580,19,0,10 18 19 20,1,78,,45581,19,,,1,35,,45582,19,0,10 18 19 20,1,74,,45583,19,,,1,11,,45587,19,0,10 18 19 20,1,16,,45584,19,,,1,16,,45588,19,0,10 18 19 20,1,56,,45585,19,,,1,16,,45589,19,,,1,16,,45586,19,0,10 18 19 20,1,16,,45590,19,,,1,55,,45591,19,0,10 18 19 20,1,15,,45596,19,,,1,15,,45592,19,0,10 18 19 20,1,15,,45597,19,,,1,55,,45593,19,0,10 18 19 20,1,15,,45598,19,,,1,15,,45594,19,0,10 18 19 20,1,15,,45599,19,,,1,55,,45595,19,,,1,15,,45600,19,0,10 18 19 20,1,15,,45609,19,,,1,15,,45601,19,0,10 18 19 20,1,55,,45610,19,,,1,15,,45602,19,0,10 18 19 20,1,15,,45611,19,,,1,15,,45603,19,0,10 18 19 20,1,55,,45612,19,,,1,15,,45604,19,0,10 18 19 20,1,15,,45613,19,,,1,15,,45605,19,0,10 18 19 20,1,55,,45614,19,,,1,15,,45606,19,0,10 18 19 20,1,15,,45615,19,,,1,15,,45607,19,0,10 18 19 20,1,55,,45616,19,,,1,15,,45608,19,0,10 18 19 20,1,10,,45617,19,,,1,15,,45620,19,0,10 18 19 20,1,55,,45618,19,,,1,15,,45621,19,0,10 18 19 20,1,15,,45619,19,,,1,15,,45622,19,,,1,54,,45623,19,0,10 18 19 20,1,15,,45647,19,,,1,15,,45627,19,,,1,15,,45624,19,0,10 18 19 20,1,60,,45628,19,,,1,15,,45625,19,0,10 18 19 20,1,20,,45629,19,,,1,60,,45626,19,0,10 18 19 20,1,20,,45630,19,,,1,20,,45634,19,,,1,70,,45631,19,0,10 18 19 20,1,25,,45635,19,,,1,65,,45632,19,0,10 18 19 20,1,30,,45636,19,,,1,70,,45633,19,0,10 18 19 20,1,19,,45637,19,,,1,20,,45638,19,0,10 18 19 20,1,71,,45640,19,,,1,37,,45639,19,0,10 18 19 20,1
1300,'30',652,,45670,19,,,1,83,,45672,19,0,10 18 19 20,1,75,,45671,19,,,1,35,,45673,19,0,10 18 19 20,1,75,,45658,19,,,1,30,,45669,19,0,10 18 19 20,1,55,,45657,19,,,1,30,,45668,19,0,10 18 19 20,1,70,,45656,19,,,1,30,,45667,19,0,10 18 19 20,1,24,,45655,19,,,1,72,,45666,19,0,10 18 19 20,1,70,,45654,19,,,1,30,,45665,19,0,10 18 19 20,1,70,,45653,19,,,1,30,,45664,19,0,10 18 19 20,1,70,,45652,19,,,1,30,,45663,19,0,10 18 19 20,1,70,,45651,19,,,1,30,,45662,19,0,10 18 19 20,1,70,,45650,19,,,1,30,,45661,19,0,10 18 19 20,1,25,,45649,19,,,1,70,,45660,19,0,10 18 19 20,1,31,,45648,19,,,1,65,,45674,19,0,10 18 19 20,1,20,,45677,19,,,1,70,,45675,19,0,10 18 19 20,1,30,,45678,19,,,1,70,,45676,19,0,10 18 19 20,1,30,,45679,19,0,10 18 19 20,1,71,,45680,19,,,1,41,,45659,19,0,10 18 19 20,1
1300,'4',652,,45703,19,,,1,83,,45705,19,0,10 18 19 20,1,75,,45704,19,,,1,35,,45706,19,0,10 18 19 20,1,75,,45691,19,,,1,30,,45702,19,0,10 18 19 20,1,55,,45690,19,,,1,30,,45701,19,0,10 18 19 20,1,70,,45689,19,,,1,30,,45700,19,0,10 18 19 20,1,24,,45688,19,,,1,72,,45699,19,0,10 18 19 20,1,70,,45687,19,,,1,30,,45698,19,0,10 18 19 20,1,70,,45686,19,,,1,30,,45697,19,0,10 18 19 20,1,70,,45685,19,,,1,30,,45696,19,0,10 18 19 20,1,70,,45684,19,,,1,30,,45695,19,0,10 18 19 20,1,70,,45683,19,,,1,30,,45694,19,0,10 18 19 20,1,25,,45682,19,,,1,70,,45693,19,0,10 18 19 20,1,31,,45681,19,,,1,65,,45707,19,0,10 18 19 20,1,20,,45710,19,,,1,70,,45708,19,0,10 18 19 20,1,30,,45711,19,,,1,70,,45709,19,0,10 18 19 20,1,30,,45712,19,0,10 18 19 20,1,71,,45713,19,,,1,41,,45692,19,0,10 18 19 20,1
1500,'2',623,,45918,31,0,13 28 3 8,1,22,,45919,31,0,13 28 3 8,1,60,,45923,31,0,10 29,1,15,,45920,31,0,13 28 3 8,1,16,,45924,31,0,10 29,1,11,,45921,31,0,13 28 3 8,1,56,,45925,31,0,10 29,1,16,,45922,31,0,13 28 3 8,1,16,,45926,31,0,10 29,1,16,,45927,31,0,13 28 3 8,1,55,,45944,31,0,10 29,1,15,,45928,31,0,13 28 3 8,1,15,,45945,31,0,10 29,1,15,,45929,31,0,13 28 3 8,1,55,,45946,31,0,10 29,1,15,,45930,31,0,13 28 3 8,1,15,,45947,31,0,10 29,1,15,,45931,31,0,13 28 3 8,1,55,,45948,31,0,10 29,1,15,,45932,31,0,13 28 3 8,1,15,,45949,31,0,10 29,1,15,,45933,31,0,13 28 3 8,1,55,,45950,31,0,10 29,1,15,,45934,31,0,13 28 3 8,1,15,,45951,31,0,10 29,1,15,,45935,31,0,13 28 3 8,1,55,,45952,31,0,10 29,1,15,,45936,31,0,13 28 3 8,1,15,,45953,31,0,10 29,1,15,,45937,31,0,13 28 3 8,1,54,,45954,31,0,10 29,1,15,,45938,31,0,13 28 3 8,1,15,,45955,31,0,10 29,1,15,,45939,31,0,13 28 3 8,1,50,,45956,31,0,10 29,1,15,,45940,31,0,13 28 3 8,1,15,,45957,31,0,10 29,1,14,,45941,31,0,13 28 3 8,1,58,,45958,31,0,10 29,1,15,,45942,31,0,13 28 3 8,1,17,,45959,31,0,10 29,1,17,,45943,31,0,13 28 3 8,1,57,,45960,31,0,10 29,1,15,,45961,31,0,13 28 3 8,1,17,,45962,31,0,10 29,1,16,,45963,31,0,13 28 3 8,1,59,,45965,31,0,10 29,1,14,,45966,31,0,13 28 3 8,1,26,,45967,31,0,10 29,1,60,,45968,31,0,13 28 3 8,1,20,,45969,31,0,10 29,1,65,,45970,31,0,13 28 3 8,1,30,,45971,31,0,10 29,1,70,,45972,31,0,13 28 3 8,1,27,,45973,31,0,10 29,1,30,,45974,31,0,13 28 3 8,1,70,,45975,31,0,10 29,1,30,,45976,31,0,13 28 3 8,1,70,,45977,31,0,10 29,1,30,,45978,31,0,13 28 3 8,1,68,,45979,31,0,10 29,1,30,,45964,31,0,13 28 3 8,1
1500,'3',623,,45985,31,0,10 29,1,27,,45986,31,0,13 28 3 8,1,70,,45987,31,0,10 29,1,30,,45988,31,0,13 28 3 8,1,64,,45990,31,0,10 29,1,31,,45989,31,0,13 28 3 8,1,69,,45991,31,0,10 29,1,31,,45992,31,0,13 28 3 8,1,70,,45993,31,0,10 29,1,19,,46005,31,0,13 28 3 8,1,16,,45994,31,0,10 29,1,59,,46006,31,0,13 28 3 8,1,21,,45995,31,0,10 29,1,19,,46007,31,0,13 28 3 8,1,60,,45996,31,0,10 29,1,20,,46008,31,0,13 28 3 8,1,20,,45997,31,0,10 29,1,60,,46009,31,0,13 28 3 8,1,20,,45998,31,0,10 29,1,20,,46010,31,0,13 28 3 8,1,60,,45999,31,0,10 29,1,20,,46011,31,0,13 28 3 8,1,20,,46000,31,0,10 29,1,60,,46012,31,0,13 28 3 8,1,20,,46001,31,0,10 29,1,20,,46013,31,0,13 28 3 8,1,60,,46002,31,0,10 29,1,20,,46014,31,0,13 28 3 8,1,20,,46003,31,0,10 29,1,60,,46015,31,0,13 28 3 8,1,18,,46004,31,0,13 28 3 8,1,22,,46016,31,0,10 29,1,71,,46022,31,0,13 28 3 8,1,29,,46017,31,0,10 29,1,71,,46023,31,0,13 28 3 8,1,29,,46018,31,0,10 29,1,71,,46024,31,0,13 28 3 8,1,29,,46019,31,0,10 29,1,66,,46025,31,0,13 28 3 8,1,30,,46020,31,0,10 29,1,65,,46026,31,0,13 28 3 8,1,25,,46021,31,0,10 29,1,70,,46027,31,0,13 28 3 8,1,26,,46029,31,0,10 29,1,70,,46033,31,0,10 29,1,52,,46028,31,0,10 29,1
1500,'30',626,,46071,31,0,10 29,1,28,,46034,31,0,13 28 3 8,1,65,,46070,31,0,10 29,1,27,,46069,31,0,13 28 3 8,1,65,,46035,31,0,10 29,1,34,,46036,31,0,13 28 3 8,1,67,,46037,31,0,10 29,1,22,,46038,31,0,13 28 3 8,1,22,,46039,31,0,10 29,1,70,,46040,31,0,13 28 3 8,1,30,,46041,31,0,10 29,1,65,,46042,31,0,13 28 3 8,1,27,,46043,31,0,10 29,1,69,,46044,31,0,13 28 3 8,1,30,,46045,31,0,10 29,1,70,,46046,31,0,13 28 3 8,1,30,,46047,31,0,10 29,1,70,,46048,31,0,13 28 3 8,1,30,,46049,31,0,10 29,1,70,,46050,31,0,13 28 3 8,1,30,,46051,31,0,10 29,1,70,,46052,31,0,13 28 3 8,1,30,,46053,31,0,10 29,1,71,,46054,31,0,13 28 3 8,1,30,,46055,31,0,10 29,1,70,,46056,31,0,13 28 3 8,1,25,,46057,31,0,10 29,1,70,,46058,31,0,13 28 3 8,1,25,,46059,31,0,10 29,1,70,,46060,31,0,13 28 3 8,1,30,,46061,31,0,10 29,1,65,,46062,31,0,13 28 3 8,1,30,,46063,31,0,10 29,1,67,,46064,31,0,13 28 3 8,1,29,,46065,31,0,10 29,1,24,,46066,31,0,13 28 3 8,1
1500,'4',626,,46109,31,0,10 29,1,28,,46072,31,0,13 28 3 8,1,65,,46108,31,0,10 29,1,27,,46107,31,0,13 28 3 8,1,65,,46073,31,0,10 29,1,34,,46074,31,0,13 28 3 8,1,67,,46075,31,0,10 29,1,22,,46076,31,0,13 28 3 8,1,22,,46077,31,0,10 29,1,70,,46078,31,0,13 28 3 8,1,30,,46079,31,0,10 29,1,65,,46080,31,0,13 28 3 8,1,27,,46081,31,0,10 29,1,69,,46082,31,0,13 28 3 8,1,30,,46083,31,0,10 29,1,70,,46084,31,0,13 28 3 8,1,30,,46085,31,0,10 29,1,70,,46086,31,0,13 28 3 8,1,30,,46087,31,0,10 29,1,70,,46088,31,0,13 28 3 8,1,30,,46089,31,0,10 29,1,70,,46090,31,0,13 28 3 8,1,30,,46091,31,0,10 29,1,71,,46092,31,0,13 28 3 8,1,30,,46093,31,0,10 29,1,70,,46094,31,0,13 28 3 8,1,25,,46095,31,0,10 29,1,70,,46096,31,0,13 28 3 8,1,25,,46097,31,0,10 29,1,70,,46098,31,0,13 28 3 8,1,30,,46099,31,0,10 29,1,65,,46100,31,0,13 28 3 8,1,30,,46101,31,0,10 29,1,67,,46102,31,0,13 28 3 8,1,29,,46103,31,0,10 29,1,24,,46104,31,0,13 28 3 8,1
10200,'11802',858,,50235,15,,,1,867,,50234,15,,,1
10200,'3302',641,,50295,15,,,1,65,,50294,15,,,1,25,,50293,15,,,1,20,,50292,15,,,1,70,,50291,15,,,1,23,,50236,15,,,1,10,,50237,15,,,1,59,,50238,15,,,1,21,,50239,15,,,1,10,,50240,15,,,1,60,,50241,15,,,1,20,,50242,15,,,1,5,,50243,15,,,1,18,,50244,15,,,1,62,,50245,15,,,1,11,,50246,15,,,1,11,,50247,15,,,1,21,,50248,15,,,1,51,,50249,15,,,1,11,,50250,15,,,1,22,,50251,15,,,1,11,,50252,15,,,1,11,,50253,15,,,1,62,,50254,15,,,1,11,,50255,15,,,1,11,,50256,15,,,1,62,,50257,15,,,1,11,,50258,15,,,1,13,,50259,15,,,1,25,,50260,15,,,1,52,,50261,15,,,1,12,,50262,15,,,1,22,,50263,15,,,1,14,,50264,15,,,1,52,,50265,15,,,1,24,,50266,15,,,1,12,,50267,15,,,1,12,,50268,15,,,1,64,,50269,15,,,1,15,,50270,15,,,1,12,,50271,15,,,1,15,,50273,15,,,1,52,,50272,15,,,1,13,,50274,15,,,1,30,,50275,15,,,1,55,,50276,15,,,1,30,,50277,15,,,1,15,,50278,15,,,1,70,,50279,15,,,1,17,,50280,15,,,1,67,,50281,15,,,1,20,,50282,15,,,1,20,,50283,15,,,1,60,,50284,15,,,1,20,,50285,15,,,1,20,,50286,15,,,1,60,,50287,15,,,1,20,,50288,15,,,1,16,,50290,15,,,1,60,,50289,15,,,1
10200,'3602',902,,50296,15,,,1,22,,50297,15,,,1,30,,50298,15,,,1,60,,50299,15,,,1,18,,50303,15,,,1,26,,50300,15,,,1,84,,50301,15,,,1,83,,50302,15,,,1,84,,50304,15,,,1,44,,50305,15,,,1,88,,50306,15,,,1,88,,50307,15,,,1,88,,50308,15,,,1,88,,50309,15,,,1,49,,50310,15,,,1,85,,50311,15,,,1,85,,50312,15,,,1,85,,50313,15,,,1,40,,50314,15,,,1
10200,'3903',1113,,50315,15,,,1,42,,50316,15,,,1,83,,50317,15,,,1,80,,50318,15,,,1,40,,50319,15,,,1,81,,50320,15,,,1,80,,50321,15,,,1,82,,50322,15,,,1,44,,50323,15,,,1,85,,50324,15,,,1,83,,50325,15,,,1,40,,50326,15,,,1,80,,50327,15,,,1,80,,50328,15,,,1,40,,50329,15,,,1,74,,50330,15,,,1,75,,50331,15,,,1,35,,50332,15,,,1,75,,50333,15,,,1
10200,'6404',1113,,50334,15,,,1,42,,50335,15,,,1,83,,50336,15,,,1,80,,50337,15,,,1,40,,50338,15,,,1,81,,50339,15,,,1,80,,50340,15,,,1,82,,50341,15,,,1,44,,50342,15,,,1,85,,50343,15,,,1,83,,50344,15,,,1,40,,50345,15,,,1,80,,50346,15,,,1,80,,50347,15,,,1,40,,50348,15,,,1,74,,50349,15,,,1,75,,50350,15,,,1
10401,'3302',745,,50511,22,,,1,70,,50512,22,,,1,32,,50513,22,,,1,71,,50514,22,,,1,30,,50515,22,,,1,70,,50516,22,,,1,29,,50517,22,,,1,71,,50518,22,,,1,28,,50519,22,,,1,73,,50520,22,,,1,27,,50521,22,,,1,72,,50522,22,,,1,24,,50523,22,,,1,69,,50524,22,,,1,30,,50525,22,,,1,72,,50526,22,,,1,29,,50527,22,,,1,70,,50528,22,,,1,31,,50529,22,,,1,73,,50530,22,,,1,31,,50531,22,,,1,68,,50532,22,,,1
10401,'3903',1017,,50549,22,,,1,21,,50535,22,,,1,70,,50536,22,,,1,27,,50537,22,,,1,71,,50538,22,,,1,20,,50539,22,,,1,30,,50540,22,,,1,65,,50541,22,,,1,29,,50542,22,,,1,68,,50543,22,,,1,31,,50544,22,,,1,70,,50545,22,,,1,30,,50546,22,,,1,69,,50547,22,,,1,30,,50548,22,,,1,70,,50534,22,,,1,30,,50533,22,,,1
