1700,'2',640,,30402,51,0,10 23 20,0,60,,30403,59,0,13 23 20,0,20,,30443,51,0,10 23 20,0,20,,30404,59,0,13 23 20,0,61,,30444,51,0,10 23 20,0,19,,30405,59,0,13 23 20,0,20,,30406,51,0,10 23 20,0,18,,30407,59,0,13 23 20,0,61,,30408,51,0,10 23 20,0,20,,30409,59,0,13 23 20,0,20,,30410,51,0,10 23 20,0,60,,30411,59,0,13 23 20,0,20,,30412,51,0,10 23 20,0,20,,30413,59,0,13 23 20,0,60,,30414,51,0,10 23 20,0,20,,30415,59,0,13 23 20,0,20,,30416,51,0,10 23 20,0,60,,30417,59,0,13 23 20,0,20,,30418,51,0,10 23 20,0,61,,30419,59,0,13 23 20,0,21,,30420,51,0,10 23 20,0,25,,30421,59,0,13 23 20,0,63,,30422,51,0,10 23 20,0,21,,30423,59,0,13 23 20,0,20,,30424,51,0,10 23 20,0,60,,30425,59,0,13 23 20,0,18,,30426,51,0,10 23 20,0,20,,30427,59,0,13 23 20,0,57,,30428,51,0,10 23 20,0,15,,30429,59,0,13 23 20,0,21,,30430,51,0,10 23 20,0,63,,30431,59,0,13 23 20,0,20,,30432,51,0,10 23 20,0,20,,30433,59,0,13 23 20,0,62,,30434,51,0,10 23 20,0,12,,30435,59,0,13 23 20,0,23,,30436,51,0,10 23 20,0,63,,30445,51,0,10 23 20,0,21,,30438,59,0,13 23 20,0,14,,30392,51,0,10 23 20,0,19,,30401,51,0,10 23 20,0,59,,30400,51,0,10 23 20,0,19,,30399,51,0,10 23 20,0,19,,30398,51,0,10 23 20,0,59,,30397,51,0,10 23 20,0,17,,30396,51,0,10 23 20,0,21,,30394,51,0,10 23 20,0,70,,30395,51,0,10 23 20,0,25,,30393,51,0,10 23 20,0,60,,30439,51,0,10 23 20,0,25,,30440,51,0,10 23 20,0,25,,30441,51,0,10 23 20,0,65,,30442,51,0,10 23 20,0,22,,30446,51,0,10 23 20,0,65,,30447,51,0,10 23 20,0
1700,'3',633,,30482,51,0,10 23 20,0,79,,30480,51,0,10 23 20,0,36,,30481,51,0,10 23 20,0,80,,30479,51,0,10 23 20,0,75,,30478,51,0,10 23 20,0,30,,30477,51,0,10 23 20,0,82,,30476,51,0,10 23 20,0,31,,30475,51,0,10 23 20,0,72,,30474,51,0,10 23 20,0,30,,30483,51,0,10 23 20,0,71,,30473,51,0,10 23 20,0,31,,30472,51,0,10 23 20,0,70,,30471,51,0,10 23 20,0,30,,30470,51,0,10 23 20,0,70,,30469,51,0,10 23 20,0,30,,30468,51,0,10 23 20,0,70,,30467,51,0,10 23 20,0,30,,30466,51,0,10 23 20,0,70,,30465,51,0,10 23 20,0,30,,30464,51,0,10 23 20,0,70,,30463,51,0,10 23 20,0,30,,30462,51,0,10 23 20,0,67,,30461,51,0,10 23 20,0,30,,30460,51,0,10 23 20,0,68,,30459,51,0,10 23 20,0,30,,30458,51,0,10 23 20,0,60,,30457,51,0,10 23 20,0,30,,30456,51,0,10 23 20,0,70,,30455,51,0,10 23 20,0,30,,30454,51,0,10 23 20,0,14,,30453,51,0,10 23 20,0,69,,30452,51,0,10 23 20,0,30,,30451,51,0,10 23 20,0,70,,30450,51,0,10 23 20,0,15,,30484,51,0,10 23 20,0,70,,30449,51,0,10 23 20,0,22,,30485,51,0,10 23 20,0,19,,30486,51,0,10 23 20,0,60,,30487,51,0,10 23 20,0
1700,'30',701,,30518,51,0,10 23 20,0,35,,30519,51,0,10 23 20,0,75,,30520,51,0,10 23 20,0,35,,30521,51,0,10 23 20,0,75,,30491,51,0,10 23 20,0,30,,30492,51,0,10 23 20,0,70,,30493,51,0,10 23 20,0,30,,30494,51,0,10 23 20,0,65,,30495,51,0,10 23 20,0,25,,30496,51,0,10 23 20,0,62,,30497,51,0,10 23 20,0,32,,30498,51,0,10 23 20,0,70,,30499,51,0,10 23 20,0,25,,30500,51,0,10 23 20,0,25,,30501,51,0,10 23 20,0,70,,30502,51,0,10 23 20,0,30,,30503,51,0,10 23 20,0,68,,30504,51,0,10 23 20,0,30,,30505,51,0,10 23 20,0,70,,30506,51,0,10 23 20,0,30,,30507,51,0,10 23 20,0,70,,30508,51,0,10 23 20,0,30,,30509,51,0,10 23 20,0,59,,30510,51,0,10 23 20,0,28,,30511,51,0,10 23 20,0,70,,30512,51,0,10 23 20,0,30,,30513,51,0,10 23 20,0,80,,30514,51,0,10 23 20,0,35,,30515,51,0,10 23 20,0,75,,30516,51,0,10 23 20,0,75,,30517,51,0,10 23 20,0,31,,30490,51,0,10 23 20,0,70,,30523,51,0,10 23 20,0,35,,30522,51,0,10 23 20,0
1700,'4',701,,30553,51,0,10 23 20,0,35,,30554,51,0,10 23 20,0,75,,30555,51,0,10 23 20,0,35,,30556,51,0,10 23 20,0,75,,30526,51,0,10 23 20,0,30,,30527,51,0,10 23 20,0,70,,30528,51,0,10 23 20,0,30,,30529,51,0,10 23 20,0,65,,30530,51,0,10 23 20,0,25,,30531,51,0,10 23 20,0,62,,30532,51,0,10 23 20,0,32,,30533,51,0,10 23 20,0,70,,30534,51,0,10 23 20,0,25,,30535,51,0,10 23 20,0,25,,30536,51,0,10 23 20,0,70,,30537,51,0,10 23 20,0,30,,30538,51,0,10 23 20,0,68,,30539,51,0,10 23 20,0,30,,30540,51,0,10 23 20,0,70,,30541,51,0,10 23 20,0,30,,30542,51,0,10 23 20,0,70,,30543,51,0,10 23 20,0,30,,30544,51,0,10 23 20,0,59,,30545,51,0,10 23 20,0,28,,30546,51,0,10 23 20,0,70,,30547,51,0,10 23 20,0,30,,30548,51,0,10 23 20,0,80,,30549,51,0,10 23 20,0,35,,30550,51,0,10 23 20,0,75,,30551,51,0,10 23 20,0,75,,30552,51,0,10 23 20,0,31,,30525,51,0,10 23 20,0,70,,30558,51,0,10 23 20,0,35,,30557,51,0,10 23 20,0
2000,'2',649,,30953,60,4,,0,56,,30956,60,4,,0,26,,30959,25,4,,0,9,,30954,60,4,,0,15,,30955,60,4,,0,55,,30957,60,4,,0,15,,30979,60,4,,0,15,,30980,60,4,,0,15,,30981,60,4,,0,55,,30982,60,4,,0,16,,30983,60,4,,0,16,,30984,60,4,,0,15,,30985,60,4,,0,55,,30986,60,4,,0,15,,30987,60,4,,0,15,,30988,60,4,,0,15,,30989,60,4,,0,55,,30990,60,4,,0,15,,30991,60,4,,0,10,,30992,60,4,,0,15,,30993,60,4,,0,55,,30994,60,4,,0,15,,30995,60,4,,0,15,,30996,60,4,,0,15,,30997,60,4,,0,55,,30998,60,4,,0,15,,30999,60,4,,0,15,,31000,60,4,,0,15,,31001,60,4,,0,56,,31002,60,4,,0,10,,31003,60,4,,0,15,,31004,60,4,,0,15,,31005,60,4,,0,55,,31006,60,4,,0,15,,31007,60,4,,0,15,,31008,60,4,,0,15,,31009,60,4,,0,55,,31010,60,4,,0,15,,31011,60,4,,0,15,,31012,60,4,,0,15,,31013,60,4,,0,55,,31014,60,4,,0,15,,31015,60,4,,0,15,,31016,60,4,,0,19,,31017,60,4,,0,61,,30958,60,4,,0,15,,30960,60,4,,0,16,,30961,60,4,,0,15,,30962,60,4,,0,52,,30971,60,4,,0,12,,30963,60,4,,0,15,,30964,60,4,,0,20,,30965,60,4,,0,72,,30966,60,4,,0,13,,30967,60,4,,0,67,,30968,60,4,,0,26,,30969,60,4,,0,18,,30972,60,4,,0,71,,30973,60,4,,0,26,,30974,60,4,,0,66,,30975,60,4,,0,26,,30952,60,4,,0,68,,30977,60,4,,0,25,,30978,60,4,,0,81,,30976,60,4,,0
2000,'3',612,,31022,2,4,,0,35,,31021,60,4,,0,66,,31024,60,4,,0,30,,31025,60,4,,0,81,,31026,60,4,,0,29,,31027,60,4,,0,66,,31028,60,4,,0,26,,31029,60,4,,0,66,,31030,60,4,,0,32,,31031,60,4,,0,64,,31032,60,4,,0,20,,31033,60,4,,0,20,,31034,60,4,,0,60,,31035,60,4,,0,20,,31036,60,4,,0,20,,31037,60,4,,0,63,,31038,60,4,,0,20,,31039,60,4,,0,20,,31040,60,4,,0,60,,31041,60,4,,0,20,,31042,60,4,,0,20,,31043,60,4,,0,59,,31044,60,4,,0,20,,31045,60,4,,0,20,,31046,60,4,,0,60,,31047,60,4,,0,20,,31048,60,4,,0,20,,31049,60,4,,0,60,,31050,60,4,,0,20,,31051,60,4,,0,20,,31052,60,4,,0,60,,31053,60,4,,0,14,,31054,60,4,,0,20,,31055,60,4,,0,63,,31056,60,4,,0,27,,31057,60,4,,0,67,,31058,60,4,,0,27,,31059,60,4,,0,27,,31060,60,4,,0,67,,31061,60,4,,0,27,,31062,60,4,,0,60,,31063,60,4,,0,27,,31064,60,4,,0,67,,31065,60,4,,0,27,,31066,60,4,,0,27,,31067,60,4,,0,61,,31068,60,4,,0,19,,31069,60,4,,0,81,,31023,60,4,,0
2000,'30',712,,31071,60,4,,0,42,,31072,60,4,,0,85,,31073,60,4,,0,87,,31074,60,4,,0,31,,31075,60,4,,0,66,,31076,60,4,,0,25,,31077,60,4,,0,66,,31078,60,4,,0,27,,31079,60,4,,0,66,,31080,60,4,,0,26,,31081,60,4,,0,70,,31082,60,4,,0,26,,31083,60,4,,0,26,,31084,60,4,,0,66,,31085,60,4,,0,26,,31086,60,4,,0,66,,31087,60,4,,0,26,,31088,60,4,,0,66,,31089,60,4,,0,26,,31090,60,4,,0,26,,31091,60,4,,0,66,,31092,60,4,,0,26,,31093,60,4,,0,63,,31094,60,4,,0,25,,31095,60,4,,0,65,,31096,60,4,,0,25,,31097,60,4,,0,25,,31098,60,4,,0,65,,31099,60,4,,0,25,,31100,60,4,,0,65,,31101,60,4,,0,25,,31102,60,4,,0,25,,31103,60,4,,0,66,,31104,60,4,,0,19,,31105,60,4,,0,60,,31106,60,4,,0
2000,'4',712,,31108,60,4,,0,42,,31109,60,4,,0,85,,31110,60,4,,0,87,,31111,60,4,,0,31,,31112,60,4,,0,66,,31113,60,4,,0,25,,31114,60,4,,0,66,,31115,60,4,,0,27,,31116,60,4,,0,66,,31117,60,4,,0,26,,31118,60,4,,0,70,,31119,60,4,,0,26,,31120,60,4,,0,26,,31121,60,4,,0,66,,31122,60,4,,0,26,,31123,60,4,,0,66,,31124,60,4,,0,26,,31125,60,4,,0,66,,31126,60,4,,0,26,,31127,60,4,,0,26,,31128,60,4,,0,66,,31129,60,4,,0,26,,31130,60,4,,0,63,,31131,60,4,,0,25,,31132,60,4,,0,65,,31133,60,4,,0,25,,31134,60,4,,0,25,,31135,60,4,,0,65,,31136,60,4,,0,25,,31137,60,4,,0,65,,31138,60,4,,0,25,,31139,60,4,,0,25,,31140,60,4,,0,66,,31141,60,4,,0,19,,31142,60,4,,0,60,,31143,60,4,,0
2001,'2',605,,31144,1,,,0,45,,31145,1,,,0,54,,31149,1,,,0,15,,31174,1,,,0,15,,31175,1,,,0,15,,31176,1,,,0,55,,31177,1,,,0,15,,31178,1,,,0,15,,31179,1,,,0,15,,31180,1,,,0,55,,31181,1,,,0,15,,31182,1,,,0,15,,31183,1,,,0,15,,31184,1,,,0,53,,31185,1,,,0,15,,31186,1,,,0,15,,31187,1,,,0,15,,31188,1,,,0,55,,31189,1,,,0,15,,31190,1,,,0,15,,31191,1,,,0,12,,31192,1,,,0,15,,31193,1,,,0,55,,31194,1,,,0,15,,31195,1,,,0,15,,31196,1,,,0,15,,31197,1,,,0,55,,31198,1,,,0,15,,31199,1,,,0,16,,31200,1,,,0,55,,31201,1,,,0,15,,31202,1,,,0,15,,31203,1,,,0,15,,31204,1,,,0,55,,31205,1,,,0,15,,31206,1,,,0,15,,31207,1,,,0,12,,31208,1,,,0,15,,31209,1,,,0,60,,31150,1,,,0,10,,31151,1,,,0,15,,31152,1,,,0,15,,31153,1,,,0,55,,31154,1,,,0,15,,31155,1,,,0,20,,31156,1,,,0,56,,31157,1,,,0,20,,31158,1,,,0,24,,31159,1,,,0,60,,31160,1,,,0,20,,31161,1,,,0,25,,31162,1,,,0,60,,31163,1,,,0,32,,31164,1,,,0,72,,31165,1,,,0,26,,31166,1,,,0,66,,31167,1,,,0,26,,31168,1,,,0,66,,31169,1,,,0,26,,31170,1,,,0,20,,31172,1,,,0,68,,31173,1,,,0,26,,31171,1,,,0
2001,'3',612,,31210,1,,,0,35,,31212,1,,,0,68,,31213,1,,,0,35,,31214,1,,,0,65,,31215,1,,,0,22,,31216,1,,,0,70,,31217,1,,,0,26,,31218,1,,,0,26,,31219,1,,,0,61,,31220,1,,,0,20,,31221,1,,,0,60,,31222,1,,,0,20,,31223,1,,,0,20,,31224,1,,,0,60,,31225,1,,,0,20,,31226,1,,,0,20,,31227,1,,,0,60,,31228,1,,,0,20,,31229,1,,,0,20,,31230,1,,,0,60,,31231,1,,,0,20,,31232,1,,,0,20,,31233,1,,,0,60,,31234,1,,,0,20,,31235,1,,,0,20,,31236,1,,,0,60,,31237,1,,,0,20,,31238,1,,,0,20,,31239,1,,,0,60,,31240,1,,,0,20,,31241,1,,,0,20,,31242,1,,,0,60,,31243,1,,,0,20,,31244,1,,,0,27,,31245,1,,,0,67,,31246,1,,,0,27,,31247,1,,,0,67,,31248,1,,,0,27,,31249,1,,,0,67,,31250,1,,,0,27,,31251,1,,,0,27,,31252,1,,,0,67,,31253,1,,,0,27,,31254,1,,,0,62,,31255,1,,,0,32,,31256,1,,,0,67,,31257,1,,,0,32,,31211,1,,,0
2001,'30',637,,31258,1,,,0,80,,31260,1,,,0,41,,31261,1,,,0,69,,31262,1,,,0,25,,31263,1,,,0,59,,31264,1,,,0,26,,31265,1,,,0,71,,31266,1,,,0,26,,31267,1,,,0,66,,31268,1,,,0,26,,31269,1,,,0,26,,31270,1,,,0,66,,31271,1,,,0,26,,31272,1,,,0,66,,31273,1,,,0,26,,31274,1,,,0,66,,31275,1,,,0,26,,31276,1,,,0,26,,31277,1,,,0,66,,31278,1,,,0,26,,31279,1,,,0,66,,31280,1,,,0,26,,31281,1,,,0,66,,31282,1,,,0,26,,31283,1,,,0,26,,31284,1,,,0,66,,31285,1,,,0,25,,31286,1,,,0,65,,31287,1,,,0,25,,31288,1,,,0,65,,31289,1,,,0,25,,31290,1,,,0,25,,31291,1,,,0,65,,31292,1,,,0,25,,31293,1,,,0,67,,31294,1,,,0,35,,31259,1,,,0
2001,'4',637,,31295,1,,,0,80,,31297,1,,,0,41,,31298,1,,,0,69,,31299,1,,,0,25,,31300,1,,,0,59,,31301,1,,,0,26,,31302,1,,,0,71,,31303,1,,,0,26,,31304,1,,,0,66,,31305,1,,,0,26,,31306,1,,,0,26,,31307,1,,,0,66,,31308,1,,,0,26,,31309,1,,,0,66,,31310,1,,,0,26,,31311,1,,,0,66,,31312,1,,,0,26,,31313,1,,,0,26,,31314,1,,,0,66,,31315,1,,,0,26,,31316,1,,,0,66,,31317,1,,,0,26,,31318,1,,,0,66,,31319,1,,,0,26,,31320,1,,,0,26,,31321,1,,,0,66,,31322,1,,,0,25,,31323,1,,,0,65,,31324,1,,,0,25,,31325,1,,,0,65,,31326,1,,,0,25,,31327,1,,,0,25,,31328,1,,,0,65,,31329,1,,,0,25,,31330,1,,,0,67,,31331,1,,,0,35,,31296,1,,,0
9100,'2',735,,33128,10,4,,0,15,,33129,10,4,,0,55,,33130,10,4,,0,10,,33131,10,4,,0,15,,33132,10,4,,0,15,,33133,10,4,,0,57,,33134,10,4,,0,16,,33135,10,4,,0,17,,33136,10,4,,0,17,,33137,10,4,,0,57,,33138,10,4,,0,17,,33139,10,4,,0,17,,33140,10,4,,0,57,,33141,10,4,,0,17,,33142,10,4,,0,17,,33143,10,4,,0,17,,33144,10,4,,0,57,,33145,10,4,,0,19,,33146,10,4,,0,18,,33147,10,4,,0,58,,33148,10,4,,0,18,,33149,10,4,,0,18,,33150,10,4,,0,18,,33151,10,4,,0,58,,33152,10,4,,0,16,,33153,10,4,,0,16,,33154,10,4,,0,55,,33155,10,4,,0,15,,33156,10,4,,0,15,,33157,10,4,,0,15,,33158,10,4,,0,55,,33159,10,4,,0,15,,33160,10,4,,0,15,,33161,10,4,,0,15,,33162,10,4,,0,55,,33163,10,4,,0,15,,33164,10,4,,0,15,,33165,10,4,,0,15,,33166,10,4,,0,55,,33167,10,4,,0,10,,33168,10,4,,0,16,,33169,10,4,,0,13,,33170,10,4,,0,16,,33171,10,4,,0,56,,33172,10,4,,0,16,,33173,10,4,,0,16,,33174,10,4,,0,56,,33175,10,4,,0
9100,'3',1134,,33199,10,4,,0,25,,33198,10,4,,0,66,,33197,10,4,,0,26,,33196,10,4,,0,65,,33195,10,4,,0,25,,33194,10,4,,0,65,,33193,10,4,,0,26,,33192,10,4,,0,25,,33191,10,4,,0,65,,33190,10,4,,0,25,,33189,10,4,,0,65,,33188,10,4,,0,25,,33187,10,4,,0,65,,33186,10,4,,0,25,,33185,10,4,,0,25,,33184,10,4,,0,65,,33183,10,4,,0,24,,33182,10,4,,0,65,,33181,10,4,,0,25,,33180,10,4,,0,25,,33179,10,4,,0,65,,33178,10,4,,0,25,,33177,10,4,,0,63,,33176,10,4,,0,21,,33200,10,4,,0
9100,'4',1234,,33220,10,4,,0,25,,33219,10,4,,0,65,,33218,10,4,,0,25,,33217,10,4,,0,65,,33216,10,4,,0,25,,33215,10,4,,0,65,,33214,10,4,,0,25,,33213,10,4,,0,25,,33212,10,4,,0,65,,33211,10,4,,0,25,,33210,10,4,,0,65,,33209,10,4,,0,25,,33208,10,4,,0,25,,33207,10,4,,0,64,,33206,10,4,,0,25,,33205,10,4,,0,65,,33204,10,4,,0,25,,33203,10,4,,0,65,,33202,10,4,,0,22,,33201,10,4,,0
9101,'2',726,,33226,1,,,0,15,,33221,1,,,0,15,,33222,1,,,0,55,,33223,1,,,0,15,,33224,1,,,0,10,,33225,1,,,0,15,,33227,1,,,0,57,,33228,1,,,0,17,,33229,1,,,0,17,,33230,1,,,0,17,,33231,1,,,0,57,,33232,1,,,0,17,,33233,1,,,0,17,,33234,1,,,0,57,,33235,1,,,0,17,,33236,1,,,0,17,,33237,1,,,0,17,,33238,1,,,0,58,,33239,1,,,0,18,,33240,1,,,0,18,,33241,1,,,0,58,,33242,1,,,0,18,,33243,1,,,0,18,,33244,1,,,0,13,,33245,1,,,0,50,,33246,1,,,0,15,,33247,1,,,0,15,,33248,1,,,0,15,,33249,1,,,0,55,,33250,1,,,0,15,,33251,1,,,0,15,,33252,1,,,0,14,,33253,1,,,0,55,,33254,1,,,0,15,,33255,1,,,0,15,,33256,1,,,0,15,,33257,1,,,0,55,,33258,1,,,0,15,,33259,1,,,0,15,,33260,1,,,0,19,,33261,1,,,0,57,,33262,1,,,0,16,,33263,1,,,0,16,,33264,1,,,0,56,,33265,1,,,0,16,,33266,1,,,0,16,,33267,1,,,0,16,,33268,1,,,0
9101,'3',1050,,33292,1,,,0,65,,33291,1,,,0,25,,33290,1,,,0,65,,33289,1,,,0,25,,33288,1,,,0,25,,33287,1,,,0,65,,33286,1,,,0,25,,33285,1,,,0,65,,33284,1,,,0,25,,33283,1,,,0,65,,33282,1,,,0,25,,33281,1,,,0,25,,33280,1,,,0,65,,33279,1,,,0,25,,33278,1,,,0,65,,33277,1,,,0,25,,33276,1,,,0,25,,33275,1,,,0,65,,33274,1,,,0,25,,33273,1,,,0,65,,33272,1,,,0,25,,33271,1,,,0,65,,33270,1,,,0,25,,33269,1,,,0,25,,33293,1,,,0
9101,'4',1150,,33313,1,,,0,65,,33312,1,,,0,25,,33311,1,,,0,65,,33310,1,,,0,25,,33309,1,,,0,25,,33308,1,,,0,65,,33307,1,,,0,25,,33306,1,,,0,65,,33305,1,,,0,25,,33304,1,,,0,65,,33303,1,,,0,25,,33302,1,,,0,25,,33301,1,,,0,65,,33300,1,,,0,25,,33299,1,,,0,65,,33298,1,,,0,25,,33297,1,,,0,25,,33296,1,,,0,65,,33295,1,,,0,25,,33294,1,,,0
