2500,'2',608,,31510,1,,,0,22,,31511,1,,,0,28,,31512,1,,,0,66,,31513,1,,,0,26,,31514,1,,,0,60,,31515,1,,,0,20,,31516,1,,,0,20,,31517,1,,,0,60,,31518,1,,,0,20,,31519,1,,,0,20,,31520,1,,,0,60,,31521,1,,,0,20,,31522,1,,,0,20,,31523,1,,,0,60,,31524,1,,,0,20,,31525,1,,,0,20,,31526,1,,,0,60,,31527,1,,,0,20,,31528,1,,,0,20,,31529,1,,,0,60,,31530,1,,,0,20,,31531,1,,,0,20,,31532,1,,,0,60,,31533,1,,,0,20,,31534,1,,,0,20,,31535,1,,,0,60,,31536,1,,,0,20,,31537,1,,,0,20,,31538,1,,,0,61,,31539,1,,,0,21,,31540,1,,,0,21,,31541,1,,,0,61,,31542,1,,,0,21,,31543,1,,,0,21,,31544,1,,,0,60,,31545,1,,,0,20,,31546,1,,,0,20,,31547,1,,,0,60,,31548,1,,,0,20,,31549,1,,,0,20,,31550,1,,,0,60,,31551,1,,,0,14,,31552,1,,,0,20,,31553,1,,,0,60,,31554,1,,,0,25,,31555,1,,,0,65,,31556,1,,,0,25,,31557,1,,,0,25,,31558,1,,,0,65,,31559,1,,,0,25,,31560,1,,,0
2500,'3',624,,31561,1,,,0,23,,31592,1,,,0,64,,31562,1,,,0,25,,31593,1,,,0,65,,31563,1,,,0,24,,31564,1,,,0,27,,31565,1,,,0,66,,31566,1,,,0,29,,31567,1,,,0,65,,31568,1,,,0,30,,31569,1,,,0,67,,31570,1,,,0,30,,31571,1,,,0,65,,31572,1,,,0,25,,31573,1,,,0,30,,31574,1,,,0,65,,31575,1,,,0,30,,31576,1,,,0,65,,31577,1,,,0,30,,31578,1,,,0,70,,31579,1,,,0,30,,31580,1,,,0,70,,31581,1,,,0,30,,31582,1,,,0,70,,31583,1,,,0,30,,31584,1,,,0,70,,31585,1,,,0,30,,31586,1,,,0,70,,31587,1,,,0,28,,31594,1,,,0,67,,31588,1,,,0,28,,31595,1,,,0,67,,31589,1,,,0,25,,31596,1,,,0,25,,31590,1,,,0,65,,31597,1,,,0,25,,31591,1,,,0
2500,'30',847,,31606,1,,,0,63,,31613,1,,,0,30,,31614,1,,,0,70,,31615,1,,,0,30,,31616,1,,,0,70,,31617,1,,,0,30,,31618,1,,,0,70,,31619,1,,,0,30,,31620,1,,,0,70,,31621,1,,,0,30,,31622,1,,,0,70,,31623,1,,,0,30,,31607,1,,,0,70,,31605,1,,,0,27,,31609,1,,,0,67,,31604,1,,,0,27,,31608,1,,,0,27,,31603,1,,,0,62,,31610,1,,,0,27,,31602,1,,,0,67,,31611,1,,,0,24,,31612,1,,,0,70,,31601,1,,,0,28,,31624,1,,,0,70,,31600,1,,,0,33,,31625,1,,,0,70,,31599,1,,,0,30,,31626,1,,,0,67,,31598,1,,,0,30,,31627,1,,,0
2500,'4',847,,31636,1,,,0,63,,31643,1,,,0,30,,31644,1,,,0,70,,31645,1,,,0,30,,31646,1,,,0,70,,31647,1,,,0,30,,31648,1,,,0,70,,31649,1,,,0,30,,31650,1,,,0,70,,31651,1,,,0,30,,31652,1,,,0,70,,31653,1,,,0,30,,31637,1,,,0,70,,31635,1,,,0,27,,31639,1,,,0,67,,31634,1,,,0,27,,31638,1,,,0,27,,31633,1,,,0,62,,31640,1,,,0,27,,31632,1,,,0,67,,31641,1,,,0,24,,31642,1,,,0,70,,31631,1,,,0,28,,31654,1,,,0,70,,31630,1,,,0,33,,31655,1,,,0,70,,31629,1,,,0,30,,31656,1,,,0,67,,31628,1,,,0,30,,31657,1,,,0
2501,'2',624,,31658,30,4,,0,24,,31659,30,4,,0,75,,31660,30,4,,0,20,,31661,30,4,,0,60,,31662,30,4,,0,20,,31663,30,4,,0,20,,31664,30,4,,0,60,,31665,30,4,,0,19,,31666,30,4,,0,20,,31667,30,4,,0,60,,31668,30,4,,0,20,,31669,30,4,,0,20,,31670,30,4,,0,60,,31671,30,4,,0,20,,31672,30,4,,0,20,,31673,30,4,,0,60,,31674,30,4,,0,20,,31675,30,4,,0,20,,31676,30,4,,0,60,,31677,30,4,,0,20,,31678,30,4,,0,20,,31679,30,4,,0,60,,31680,30,4,,0,25,,31681,30,4,,0,20,,31682,30,4,,0,60,,31683,30,4,,0,20,,31684,30,4,,0,20,,31685,30,4,,0,60,,31686,30,4,,0,22,,31687,30,4,,0,21,,31688,30,4,,0,61,,31689,30,4,,0,21,,31690,30,4,,0,21,,31691,30,4,,0,61,,31692,30,4,,0,13,,31693,30,4,,0,20,,31694,30,4,,0,60,,31695,30,4,,0,20,,31696,30,4,,0,20,,31697,30,4,,0,60,,31698,30,4,,0,20,,31699,30,4,,0,20,,31700,30,4,,0,60,,31701,30,4,,0,27,,31702,30,4,,0,24,,31703,30,4,,0,65,,31704,30,4,,0,25,,31705,30,4,,0,65,,31706,30,4,,0,25,,31707,30,4,,0,21,,31708,30,4,,0
2501,'3',636,,31742,30,4,,0,65,,31709,30,4,,0,26,,31741,30,4,,0,25,,31710,30,4,,0,66,,31740,30,4,,0,26,,31711,30,4,,0,67,,31712,30,4,,0,27,,31713,30,4,,0,65,,31714,30,4,,0,32,,31715,30,4,,0,65,,31716,30,4,,0,30,,31717,30,4,,0,24,,31718,30,4,,0,69,,31719,30,4,,0,30,,31720,30,4,,0,65,,31721,30,4,,0,30,,31722,30,4,,0,66,,31723,30,4,,0,29,,31724,30,4,,0,70,,31725,30,4,,0,30,,31726,30,4,,0,70,,31727,30,4,,0,30,,31728,30,4,,0,70,,31729,30,4,,0,30,,31730,30,4,,0,70,,31731,30,4,,0,30,,31732,30,4,,0,70,,31733,30,4,,0,24,,31739,30,4,,0,71,,31734,30,4,,0,27,,31743,30,4,,0,68,,31735,30,4,,0,23,,31744,30,4,,0,27,,31736,30,4,,0,65,,31745,30,4,,0,25,,31737,30,4,,0,65,,31746,30,4,,0,22,,31738,30,4,,0
2501,'30',931,,31754,30,4,,0,71,,31763,30,4,,0,30,,31764,30,4,,0,70,,31765,30,4,,0,30,,31766,30,4,,0,70,,31767,30,4,,0,30,,31768,30,4,,0,70,,31769,30,4,,0,30,,31770,30,4,,0,70,,31771,30,4,,0,30,,31772,30,4,,0,70,,31773,30,4,,0,28,,31755,30,4,,0,27,,31753,30,4,,0,67,,31756,30,4,,0,27,,31752,30,4,,0,64,,31757,30,4,,0,27,,31751,30,4,,0,67,,31758,30,4,,0,27,,31750,30,4,,0,67,,31759,30,4,,0,25,,31762,30,4,,0,30,,31760,30,4,,0,70,,31774,30,4,,0,30,,31749,30,4,,0,72,,31775,30,4,,0,70,,31748,30,4,,0,28,,31776,30,4,,0,15,,31747,30,4,,0,82,,31761,30,4,,0
2501,'4',931,,31784,30,4,,0,71,,31793,30,4,,0,30,,31794,30,4,,0,70,,31795,30,4,,0,30,,31796,30,4,,0,70,,31797,30,4,,0,30,,31798,30,4,,0,70,,31799,30,4,,0,30,,31800,30,4,,0,70,,31801,30,4,,0,30,,31802,30,4,,0,70,,31803,30,4,,0,28,,31785,30,4,,0,27,,31783,30,4,,0,67,,31786,30,4,,0,27,,31782,30,4,,0,64,,31787,30,4,,0,27,,31781,30,4,,0,67,,31788,30,4,,0,27,,31780,30,4,,0,67,,31789,30,4,,0,25,,31792,30,4,,0,30,,31790,30,4,,0,70,,31804,30,4,,0,30,,31779,30,4,,0,72,,31805,30,4,,0,70,,31778,30,4,,0,28,,31806,30,4,,0,15,,31777,30,4,,0,82,,31791,30,4,,0
2700,'2',600,,31810,1,,,0,30,,31811,1,,,0,70,,31807,1,,,0,16,,31808,1,,,0,16,,31819,1,,,0,14,,31852,1,,,0,57,,31812,1,,,0,16,,31836,1,,,0,17,,31828,1,,,0,16,,31844,1,,,0,56,,31820,1,,,0,16,,31851,1,,,0,15,,31813,1,,,0,17,,31837,1,,,0,57,,31829,1,,,0,16,,31845,1,,,0,15,,31821,1,,,0,56,,31850,1,,,0,15,,31814,1,,,0,17,,31838,1,,,0,17,,31830,1,,,0,56,,31846,1,,,0,15,,31822,1,,,0,16,,31853,1,,,0,15,,31815,1,,,0,56,,31839,1,,,0,17,,31831,1,,,0,17,,31847,1,,,0,15,,31823,1,,,0,51,,31854,1,,,0,15,,31816,1,,,0,16,,31840,1,,,0,20,,31832,1,,,0,57,,31848,1,,,0,15,,31824,1,,,0,13,,31855,1,,,0,11,,31817,1,,,0,51,,31809,1,,,0,14,,31841,1,,,0,20,,31833,1,,,0,18,,31849,1,,,0,54,,31825,1,,,0,13,,31856,1,,,0,15,,31818,1,,,0,13,,31858,1,,,0,61,,31842,1,,,0,20,,31834,1,,,0,26,,31826,1,,,0,53,,31857,1,,,0,20,,31859,1,,,0,20,,31843,1,,,0,61,,31835,1,,,0,26,,31827,1,,,0,13,,31864,1,,,0,58,,31860,1,,,0,30,,31861,1,,,0,70,,31862,1,,,0,30,,31863,1,,,0
2700,'3',850,,31865,1,,,0,73,,31867,1,,,0,83,,31876,1,,,0,42,,31868,1,,,0,74,,31886,1,,,0,30,,31877,1,,,0,74,,31869,1,,,0,32,,31866,1,,,0,72,,31878,1,,,0,72,,31870,1,,,0,32,,31885,1,,,0,70,,31879,1,,,0,34,,31871,1,,,0,72,,31887,1,,,0,30,,31880,1,,,0,74,,31872,1,,,0,32,,31888,1,,,0,60,,31881,1,,,0,45,,31873,1,,,0,85,,31882,1,,,0,85,,31874,1,,,0,85,,31883,1,,,0,40,,31875,1,,,0,80,,31884,1,,,0
2700,'30',830,,31889,1,,,0,85,,31896,1,,,0,85,,31890,1,,,0,45,,31897,1,,,0,85,,31891,1,,,0,85,,31898,1,,,0,32,,31900,1,,,0,62,,31892,1,,,0,42,,31899,1,,,0,72,,31901,1,,,0,32,,31893,1,,,0,72,,31902,1,,,0,32,,31904,1,,,0,72,,31894,1,,,0,72,,31903,1,,,0,52,,31895,1,,,0,85,,31906,1,,,0,85,,31905,1,,,0
2700,'4',830,,31907,1,,,0,85,,31914,1,,,0,85,,31908,1,,,0,45,,31915,1,,,0,85,,31909,1,,,0,85,,31916,1,,,0,32,,31918,1,,,0,62,,31910,1,,,0,42,,31917,1,,,0,72,,31919,1,,,0,32,,31911,1,,,0,72,,31920,1,,,0,32,,31922,1,,,0,72,,31912,1,,,0,72,,31921,1,,,0,52,,31913,1,,,0,85,,31924,1,,,0,85,,31923,1,,,0
2701,'2',722,,31934,39,4,,0,14,,31926,38,4,,0,17,,31927,39,4,,0,56,,31925,38,4,,0,17,,31944,39,4,,0,16,,31961,39,4,,0,16,,31935,39,4,,0,56,,31969,39,4,,0,15,,31928,39,4,,0,17,,31953,39,4,,0,57,,31945,39,4,,0,16,,31962,39,4,,0,15,,31936,39,4,,0,16,,31968,39,4,,0,55,,31929,39,4,,0,17,,31954,39,4,,0,17,,31946,39,4,,0,16,,31963,39,4,,0,55,,31937,39,4,,0,16,,31970,39,4,,0,15,,31930,39,4,,0,16,,31955,39,4,,0,57,,31947,39,4,,0,17,,31964,39,4,,0,15,,31938,39,4,,0,56,,31971,39,4,,0,15,,31931,39,4,,0,16,,31956,39,4,,0,20,,31948,39,4,,0,57,,31965,39,4,,0,15,,31939,39,4,,0,13,,31972,39,4,,0,15,,31932,39,4,,0,56,,31957,39,4,,0,20,,31949,39,4,,0,18,,31966,39,4,,0,54,,31940,39,4,,0,13,,31973,39,4,,0,15,,31933,39,4,,0,13,,31977,39,4,,0,59,,31958,39,4,,0,20,,31950,39,4,,0,18,,31967,39,4,,0,8,,31941,39,4,,0,53,,31974,39,4,,0,20,,31976,39,4,,0,20,,31959,39,4,,0,61,,31951,39,4,,0,26,,31942,39,4,,0,13,,31975,39,4,,0,60,,31978,39,4,,0,20,,31960,39,4,,0,17,,31952,39,4,,0,66,,31943,39,4,,0,27,,31979,39,4,,0,70,,31980,39,4,,0
2701,'3',923,,31981,38,4,,0,83,,31991,39,4,,0,32,,31982,39,4,,0,104,,31992,39,4,,0,74,,31983,39,4,,0,32,,32000,39,4,,0,72,,31993,39,4,,0,32,,31984,39,4,,0,72,,32001,39,4,,0,30,,31994,39,4,,0,74,,31985,39,4,,0,72,,32002,39,4,,0,30,,31995,39,4,,0,74,,31986,39,4,,0,32,,32003,39,4,,0,70,,31996,39,4,,0,35,,31987,39,4,,0,85,,31997,39,4,,0,85,,31988,39,4,,0,45,,31998,39,4,,0,80,,31989,39,4,,0,80,,31999,39,4,,0,40,,31990,39,4,,0,80,,32004,39,4,,0
2701,'30',907,,32005,38,4,,0,45,,32006,39,4,,0,85,,32012,39,4,,0,85,,32007,39,4,,0,85,,32013,39,4,,0,46,,32008,39,4,,0,88,,32014,39,4,,0,72,,32015,39,4,,0,32,,32009,39,4,,0,72,,32017,39,4,,0,32,,32016,39,4,,0,72,,32010,39,4,,0,32,,32018,39,4,,0,72,,32020,39,4,,0,28,,32011,39,4,,0,77,,32019,39,4,,0,85,,32021,39,4,,0,85,,32022,39,4,,0
2701,'4',907,,32023,38,4,,0,45,,32024,39,4,,0,85,,32030,39,4,,0,85,,32025,39,4,,0,85,,32031,39,4,,0,46,,32026,39,4,,0,88,,32032,39,4,,0,72,,32033,39,4,,0,32,,32027,39,4,,0,72,,32035,39,4,,0,32,,32034,39,4,,0,72,,32028,39,4,,0,32,,32036,39,4,,0,72,,32038,39,4,,0,28,,32029,39,4,,0,77,,32037,39,4,,0,85,,32039,39,4,,0,85,,32040,39,4,,0
