200,'11802',735,,42643,15,0,10 22 27,1,99,,42644,1,0,10 22 27,1,679,,42641,42,0,13 30,1,291,46,42642,54,0,10 23 20,1
200,'2',557,,42647,1,0,13 30,1,67,,42649,15,0,10 22 27,1,3,,42645,26,0,13 30,1,27,,42648,15,0,10 22 27,1,2,4,42650,42,0,13 30,1,64,9,42686,54,0,10 23 20,1,6,4,42651,42,0,13 30,1,24,9,42687,54,0,10 23 20,1,2,,42652,42,0,13 30,1,68,9,42688,54,0,10 23 20,1,2,,42653,42,0,13 30,1,28,9,42689,54,0,10 23 20,1,2,,42654,42,0,13 30,1,69,10,42690,54,0,10 23 20,1,1,,42655,42,0,13 30,1,29,10,42691,54,0,10 23 20,1,1,,42656,42,0,13 30,1,69,10,42692,54,0,10 23 20,1,1,,42657,42,0,13 30,1,29,10,42693,54,0,10 23 20,1,1,,42658,42,0,13 30,1,69,10,42694,54,0,10 23 20,1,1,,42659,42,0,13 30,1,29,10,42695,54,0,10 23 20,1,1,,42660,42,0,13 30,1,71,,42661,42,0,13 30,1,27,9,42697,54,0,10 23 20,1,3,,42662,42,0,13 30,1,67,9,42698,54,0,10 23 20,1,3,,42663,42,0,13 30,1,27,9,42699,54,0,10 23 20,1,3,,42664,42,0,13 30,1,66,6,42700,54,0,10 23 20,1,4,,42665,42,0,13 30,1,26,6,42701,54,0,10 23 20,1,4,,42666,42,0,13 30,1,64,6,42702,54,0,10 23 20,1,3,,42667,42,0,13 30,1,26,6,42703,54,0,10 23 20,1,4,,42668,42,0,13 30,1,70,6,42704,54,0,10 23 20,1,7,,42669,42,0,13 30,1,27,6,42705,54,0,10 23 20,1,3,,42670,42,0,13 30,1,67,6,42706,54,0,10 23 20,1,3,,42671,42,0,13 30,1,25,6,42707,54,0,10 23 20,1,7,,42672,42,0,13 30,1,63,6,42708,54,0,10 23 20,1,2,,42673,42,0,13 30,1,24,4,42709,54,0,10 23 20,1,6,,42674,42,0,13 30,1,61,4,42710,54,0,10 23 20,1,6,,42675,42,0,13 30,1,24,4,42711,54,0,10 23 20,1,6,,42676,42,0,13 30,1,64,4,42712,54,0,10 23 20,1,6,,42677,42,0,13 30,1,24,4,42713,54,0,10 23 20,1,1,,42678,42,0,13 30,1,69,4,42714,54,0,10 23 20,1,13,9,42679,42,0,13 30,1,26,8,42715,54,0,10 23 20,1,5,,42680,42,0,13 30,1,75,8,42716,54,0,10 23 20,1,5,,42681,42,0,13 30,1,72,5,42717,54,0,10 23 20,1,11,,42682,42,0,13 30,1,28,,42683,42,0,13 30,1,5,12,42718,54,0,10 23 20,1,60,,42719,54,0,10 23 20,1,10,,42684,42,0,13 30,1,25,,42720,54,0,10 23 20,1,55,,42685,42,0,13 30,1
200,'3',628,,42724,15,0,10 22 27,1,20,,42725,42,0,13 30,1,79,5,42726,54,0,10 23 20,1,21,,42728,42,0,13 30,1,6,,42727,15,0,10 22 27,1,65,,42729,15,0,10 22 27,1,1,,42730,42,0,13 30,1,24,5,42731,54,0,10 23 20,1,6,,42732,42,0,13 30,1,64,5,42733,54,0,10 23 20,1,6,,42734,42,0,13 30,1,21,2,42735,54,0,10 23 20,1,9,,42736,42,0,13 30,1,61,6,42737,54,0,10 23 20,1,6,,42738,42,0,13 30,1,24,5,42739,54,0,10 23 20,1,6,,42740,42,0,13 30,1,64,5,42741,54,0,10 23 20,1,6,,42742,42,0,13 30,1,20,6,42743,54,0,10 23 20,1,5,,42744,42,0,13 30,1,60,46,42745,54,0,10 23 20,1,5,,42746,42,0,13 30,1,25,5,42747,54,0,10 23 20,1,6,,42748,42,0,13 30,1,64,45,42749,54,0,10 23 20,1,6,,42750,42,0,13 30,1,24,10,42761,54,0,10 23 20,1,1,,42751,42,0,13 30,1,24,10,42762,54,0,10 23 20,1,1,,42752,42,0,13 30,1,64,6,42763,54,0,10 23 20,1,5,,42753,42,0,13 30,1,25,7,42764,54,0,10 23 20,1,5,,42754,42,0,13 30,1,65,7,42765,54,0,10 23 20,1,5,,42755,42,0,13 30,1,25,,42756,42,0,13 30,1,65,,42757,42,0,13 30,1,30,,42758,42,0,13 30,1,65,7,42769,54,0,10 23 20,1,5,,42759,42,0,13 30,1,28,10,42770,54,0,10 23 20,1,2,,42760,42,0,13 30,1,63,5,42771,54,0,10 23 20,1,6,,42772,42,0,13 30,1,24,4,42773,54,0,10 23 20,1,6,,42779,42,0,13 30,1,64,4,42774,54,0,10 23 20,1,6,,42780,42,0,13 30,1,24,4,42775,54,0,10 23 20,1,6,,42781,42,0,13 30,1,64,4,42776,54,0,10 23 20,1,6,,42782,42,0,13 30,1,30,,42783,42,0,13 30,1,5,15,42777,54,0,10 23 20,1,56,,42778,54,0,10 23 20,1,7,,42785,42,0,13 30,1,37,2,42788,54,0,10 23 20,1,62,,42786,42,0,13 30,1,37,,42789,54,0,10 23 20,1,62,,42787,42,0,13 30,1,39,3,42722,54,0,10 23 20,1,60,,42723,42,0,13 30,1,89,52,42792,54,0,10 23 20,1,16,,42793,42,0,13 30,1
200,'30',615,,42798,1,0,13 30,1,42,,42799,15,0,10 22 27,1,68,4,42797,42,0,13 30,1,31,3,42800,54,0,10 23 20,1,73,8,42802,42,0,13 30,1,72,48,42801,54,0,10 23 20,1,25,6,42803,42,0,13 30,1,25,2,42804,54,0,10 23 20,1,65,6,42808,42,0,13 30,1,25,2,42805,54,0,10 23 20,1,63,4,42809,42,0,13 30,1,27,2,42806,54,0,10 23 20,1,9,,42835,1,0,13 30,1,60,45,42810,54,0,10 23 20,1,13,8,42836,1,0,13 30,1,17,8,42807,54,0,10 23 20,1,11,8,42811,42,0,13 30,1,59,48,42823,54,0,10 23 20,1,11,8,42812,42,0,13 30,1,19,8,42824,54,0,10 23 20,1,6,3,42813,42,0,13 30,1,64,48,42825,54,0,10 23 20,1,6,3,42814,42,0,13 30,1,24,8,42826,54,0,10 23 20,1,6,3,42815,42,0,13 30,1,64,48,42827,54,0,10 23 20,1,6,3,42816,42,0,13 30,1,24,8,42828,54,0,10 23 20,1,6,3,42817,42,0,13 30,1,64,48,42829,54,0,10 23 20,1,6,3,42818,42,0,13 30,1,24,8,42830,54,0,10 23 20,1,6,3,42819,42,0,13 30,1,64,48,42831,54,0,10 23 20,1,6,3,42820,42,0,13 30,1,27,,42821,42,0,13 30,1,20,,42833,54,0,10 23 20,1,53,3,42822,42,0,13 30,1,17,5,42834,54,0,10 23 20,1,18,3,42837,42,0,13 30,1,72,5,42843,54,0,10 23 20,1,18,3,42838,42,0,13 30,1,73,46,42844,54,0,10 23 20,1,17,3,42839,42,0,13 30,1,32,5,42845,54,0,10 23 20,1,58,3,42840,42,0,13 30,1,32,5,42846,54,0,10 23 20,1,58,43,42841,42,0,13 30,1,27,,42847,54,0,10 23 20,1,20,,42842,42,0,13 30,1,79,4,42796,54,0,10 23 20,1
200,'4',615,,42852,1,0,13 30,1,42,,42853,15,0,10 22 27,1,68,4,42851,42,0,13 30,1,31,3,42854,54,0,10 23 20,1,73,8,42856,42,0,13 30,1,72,48,42855,54,0,10 23 20,1,25,6,42857,42,0,13 30,1,25,2,42858,54,0,10 23 20,1,65,6,42862,42,0,13 30,1,25,2,42859,54,0,10 23 20,1,63,4,42863,42,0,13 30,1,27,2,42860,54,0,10 23 20,1,9,,42889,1,0,13 30,1,60,45,42864,54,0,10 23 20,1,13,8,42890,1,0,13 30,1,17,8,42861,54,0,10 23 20,1,11,8,42865,42,0,13 30,1,59,48,42877,54,0,10 23 20,1,11,8,42866,42,0,13 30,1,19,8,42878,54,0,10 23 20,1,6,3,42867,42,0,13 30,1,64,48,42879,54,0,10 23 20,1,6,3,42868,42,0,13 30,1,24,8,42880,54,0,10 23 20,1,6,3,42869,42,0,13 30,1,64,48,42881,54,0,10 23 20,1,6,3,42870,42,0,13 30,1,24,8,42882,54,0,10 23 20,1,6,3,42871,42,0,13 30,1,64,48,42883,54,0,10 23 20,1,6,3,42872,42,0,13 30,1,24,8,42884,54,0,10 23 20,1,6,3,42873,42,0,13 30,1,64,48,42885,54,0,10 23 20,1,6,3,42874,42,0,13 30,1,27,,42875,42,0,13 30,1,20,,42887,54,0,10 23 20,1,53,3,42876,42,0,13 30,1,17,5,42888,54,0,10 23 20,1,18,3,42891,42,0,13 30,1,72,5,42897,54,0,10 23 20,1,18,3,42892,42,0,13 30,1,73,46,42898,54,0,10 23 20,1,17,3,42893,42,0,13 30,1,32,5,42899,54,0,10 23 20,1,58,3,42894,42,0,13 30,1,32,5,42900,54,0,10 23 20,1,58,43,42895,42,0,13 30,1,27,,42901,54,0,10 23 20,1,20,,42896,42,0,13 30,1,79,4,42850,54,0,10 23 20,1
300,'11802',1452,,43163,1,,,1,166,,43164,1,,,1
300,'2',617,,43166,1,,,1,23,,43167,1,,,1,73,,43168,1,,,1,27,,43169,1,,,1,70,,43170,1,,,1,31,,43171,1,,,1,70,,43172,1,,,1,30,,43173,1,,,1,70,,43174,1,,,1,30,,43175,1,,,1,70,,43176,1,,,1,29,,43177,1,,,1,69,,43178,1,,,1,30,,43179,1,,,1,70,,43180,1,,,1,29,,43181,1,,,1,69,,43182,1,,,1,30,,43183,1,,,1,70,,43184,1,,,1,29,,43185,1,,,1,70,,43186,1,,,1,30,,43187,1,,,1,70,,43188,1,,,1,34,,43189,1,,,1,70,,43191,1,,,1,30,,43192,1,,,1,70,,43193,1,,,1,30,,43194,1,,,1,70,,43195,1,,,1,30,,43196,1,,,1,70,,43197,1,,,1,30,,43198,1,,,1,70,,43199,1,,,1,30,,43200,1,,,1,19,,43190,1,,,1
300,'3',632,,43201,1,,,1,100,,43202,1,,,1,100,,43203,1,,,1,100,,43204,1,,,1,72,,43206,1,,,1,35,,43207,1,,,1,75,,43208,1,,,1,36,,43209,1,,,1,75,,43210,1,,,1,75,,43211,1,,,1,34,,43212,1,,,1,75,,43213,1,,,1,35,,43214,1,,,1,75,,43215,1,,,1,35,,43216,1,,,1,75,,43217,1,,,1,75,,43218,1,,,1,38,,43219,1,,,1,100,,43220,1,,,1,100,,43221,1,,,1,102,,43222,1,,,1,100,,43223,1,,,1,108,,43205,1,,,1
300,'30',849,,43224,1,,,1,87,,43225,1,,,1,87,,43226,1,,,1,87,,43227,1,,,1,46,,43228,1,,,1,87,,43229,1,,,1,87,,43230,1,,,1,87,,43231,1,,,1,87,,43232,1,,,1,47,,43233,1,,,1,88,,43234,1,,,1,89,,43235,1,,,1,87,,43236,1,,,1,107,,43237,1,,,1,100,,43238,1,,,1,100,,43239,1,,,1,103,,43240,1,,,1
300,'4',849,,43241,1,,,1,87,,43242,1,,,1,87,,43243,1,,,1,87,,43244,1,,,1,46,,43245,1,,,1,87,,43246,1,,,1,87,,43247,1,,,1,87,,43248,1,,,1,87,,43249,1,,,1,47,,43250,1,,,1,88,,43251,1,,,1,89,,43252,1,,,1,87,,43253,1,,,1,107,,43254,1,,,1,100,,43255,1,,,1,100,,43256,1,,,1,103,,43257,1,,,1
301,'11802',1603,,43258,39,4,,1,127,,43259,39,4,,1
301,'2',617,,43260,39,4,,1,23,,43286,2,4,,1,70,,43287,2,4,,1,4,,43261,39,4,,1,30,,43262,39,4,,1,73,,43263,39,4,,1,27,,43264,39,4,,1,70,,43265,39,4,,1,28,,43266,39,4,,1,70,,43267,39,4,,1,30,,43268,39,4,,1,70,,43269,39,4,,1,30,,43270,39,4,,1,70,,43271,39,4,,1,32,,43272,39,4,,1,70,,43273,39,4,,1,30,,43274,39,4,,1,71,,43275,39,4,,1,33,,43276,39,4,,1,70,,43277,39,4,,1,30,,43278,39,4,,1,70,,43279,39,4,,1,30,,43280,39,4,,1,70,,43281,39,4,,1,30,,43282,39,4,,1,69,,43283,39,4,,1,26,,43284,39,4,,1,68,,43288,39,4,,1,30,,43289,39,4,,1,70,,43290,39,4,,1,30,,43291,39,4,,1,70,,43292,39,4,,1,28,,43293,39,4,,1,66,,43294,39,4,,1,30,,43295,39,4,,1,70,,43296,39,4,,1,30,,43297,39,4,,1,19,,43285,39,4,,1
301,'3',632,,43303,2,4,,1,95,,43298,39,4,,1,100,,43299,39,4,,1,102,,43300,39,4,,1,75,,43304,2,4,,1,29,,43301,39,4,,1,71,,43305,39,4,,1,35,,43306,39,4,,1,75,,43307,39,4,,1,36,,43308,39,4,,1,75,,43309,39,4,,1,75,,43310,39,4,,1,35,,43311,39,4,,1,75,,43312,39,4,,1,35,,43313,39,4,,1,75,,43314,39,4,,1,35,,43315,39,4,,1,75,,43316,39,4,,1,75,,43317,39,4,,1,33,,43318,39,4,,1,100,,43319,39,4,,1,100,,43320,39,4,,1,100,,43321,39,4,,1,100,,43322,39,4,,1,108,,43302,39,4,,1
301,'30',946,,43323,39,4,,1,87,,43324,39,4,,1,87,,43325,39,4,,1,88,,43326,39,4,,1,48,,43327,39,4,,1,87,,43328,39,4,,1,87,,43329,39,4,,1,87,,43330,39,4,,1,87,,43331,39,4,,1,47,,43332,39,4,,1,86,,43333,39,4,,1,87,,43334,39,4,,1,87,,43335,39,4,,1,107,,43336,39,4,,1,100,,43337,39,4,,1,98,,43338,39,4,,1,100,,43339,39,4,,1
301,'4',946,,43340,39,4,,1,87,,43341,39,4,,1,87,,43342,39,4,,1,88,,43343,39,4,,1,48,,43344,39,4,,1,87,,43345,39,4,,1,87,,43346,39,4,,1,87,,43347,39,4,,1,87,,43348,39,4,,1,47,,43349,39,4,,1,86,,43350,39,4,,1,87,,43351,39,4,,1,87,,43352,39,4,,1,107,,43353,39,4,,1,100,,43354,39,4,,1,98,,43355,39,4,,1,100,,43356,39,4,,1
500,'2',557,,43711,1,0,13 31,1,76,,43713,1,0,10 31,1,24,,43714,1,0,13 31,1,70,,43725,1,0,10 31,1,30,,43715,1,0,13 31,1,70,,43726,1,0,10 31,1,30,,43716,1,0,13 31,1,70,,43727,1,0,10 31,1,30,,43717,1,0,13 31,1,70,,43728,1,0,10 31,1,30,,43718,1,0,13 31,1,70,,43729,1,0,10 31,1,29,,43719,1,0,13 31,1,70,,43730,1,0,10 31,1,30,,43720,1,0,13 31,1,70,,43731,1,0,10 31,1,30,,43721,1,0,13 31,1,70,,43732,1,0,10 31,1,30,,43722,1,0,13 31,1,70,,43733,1,0,10 31,1,30,,43723,1,0,13 31,1,70,,43734,1,0,10 31,1,30,,43724,1,0,13 31,1,70,,43735,1,0,10 31,1,24,,43736,1,0,13 31,1,70,,43739,1,0,10 31,1,30,,43740,1,0,10 31,1,70,,43741,1,0,10 31,1,30,,43742,1,0,10 31,1,70,,43743,1,0,10 31,1,30,,43744,1,0,10 31,1,70,,43745,1,0,10 31,1,30,,43746,1,0,10 31,1,65,,43747,1,0,10 31,1,28,,43748,1,0,10 31,1,88,,43737,1,0,10 31,1
500,'3',603,,43749,1,0,10 31,1,100,,43750,1,0,10 31,1,99,,43751,1,0,10 31,1,100,,43752,1,0,10 31,1,45,,43753,1,0,13 31,1,75,,43760,1,0,10 31,1,35,,43754,1,0,13 31,1,75,,43761,1,0,10 31,1,75,,43755,1,0,13 31,1,35,,43762,1,0,10 31,1,75,,43756,1,0,13 31,1,35,,43763,1,0,10 31,1,75,,43757,1,0,13 31,1,75,,43764,1,0,10 31,1,35,,43758,1,0,13 31,1,75,,43765,1,0,10 31,1,35,,43759,1,0,13 31,1,75,,43766,1,0,10 31,1,82,,43767,1,0,13 31,1,34,,43773,1,0,10 31,1,75,,43768,1,0,10 31,1,100,,43769,1,0,10 31,1,101,,43770,1,0,10 31,1,110,,43771,1,0,10 31,1,110,,43772,1,0,10 31,1
500,'30',829,,43775,1,0,10 31,1,84,,43776,1,0,10 31,1,87,,43777,1,0,10 31,1,47,,43778,1,0,10 31,1,87,,43779,1,0,10 31,1,87,,43780,1,0,10 31,1,87,,43781,1,0,10 31,1,47,,43782,1,0,10 31,1,87,,43783,1,0,10 31,1,87,,43784,1,0,10 31,1,87,,43785,1,0,10 31,1,88,,43786,1,0,10 31,1,47,,43787,1,0,10 31,1,100,,43788,1,0,10 31,1,100,,43789,1,0,10 31,1,100,,43790,1,0,10 31,1,94,,43791,1,0,10 31,1,92,,43792,1,0,10 31,1
500,'4',829,,43794,1,0,10 31,1,84,,43795,1,0,10 31,1,87,,43796,1,0,10 31,1,47,,43797,1,0,10 31,1,87,,43798,1,0,10 31,1,87,,43799,1,0,10 31,1,87,,43800,1,0,10 31,1,47,,43801,1,0,10 31,1,87,,43802,1,0,10 31,1,87,,43803,1,0,10 31,1,87,,43804,1,0,10 31,1,88,,43805,1,0,10 31,1,47,,43806,1,0,10 31,1,100,,43807,1,0,10 31,1,100,,43808,1,0,10 31,1,100,,43809,1,0,10 31,1,94,,43810,1,0,10 31,1,92,,43811,1,0,10 31,1
501,'2',557,,43840,2,4,,1,76,,43839,2,4,,1,23,,43812,78,4,,1,74,,43813,82,4,,1,70,,43814,78,4,,1,30,,43815,82,4,,1,72,,43816,78,4,,1,26,,43826,82,4,,1,30,,43817,78,4,,1,70,,43827,82,4,,1,30,,43818,78,4,,1,70,,43828,82,4,,1,30,,43819,78,4,,1,72,,43829,82,4,,1,70,,43820,78,4,,1,30,,43830,82,4,,1,70,,43821,78,4,,1,34,,43831,82,4,,1,70,,43822,78,4,,1,30,,43832,82,4,,1,70,,43823,78,4,,1,30,,43833,82,4,,1,70,,43824,78,4,,1,30,,43834,82,4,,1,72,,43825,78,4,,1,26,,43835,82,4,,1,70,,43836,78,4,,1,38,,43841,78,4,,1,70,,43842,78,4,,1,30,,43843,78,4,,1,70,,43844,78,4,,1,26,,43845,78,4,,1,69,,43846,78,4,,1,30,,43847,78,4,,1,24,,43848,78,4,,1,71,,43849,78,4,,1,98,,43850,78,4,,1
501,'3',603,,43858,2,4,,1,54,,43852,78,4,,1,100,,43853,78,4,,1,100,,43854,78,4,,1,147,,43855,78,4,,1,43,,43859,78,4,,1,75,,43866,82,4,,1,35,,43860,78,4,,1,79,,43867,82,4,,1,75,,43861,78,4,,1,35,,43868,82,4,,1,75,,43862,78,4,,1,35,,43869,82,4,,1,74,,43863,78,4,,1,76,,43870,82,4,,1,34,,43864,78,4,,1,76,,43871,82,4,,1,34,,43865,78,4,,1,76,,43872,82,4,,1,29,,43873,78,4,,1,75,,43874,82,4,,1,78,,43875,78,4,,1,100,,43876,78,4,,1,99,,43877,78,4,,1,110,,43878,78,4,,1,110,,43856,78,4,,1
501,'30',923,,43880,78,4,,1,87,,43881,78,4,,1,47,,43882,78,4,,1,87,,43883,78,4,,1,89,,43884,78,4,,1,87,,43885,78,4,,1,87,,43886,78,4,,1,47,,43887,78,4,,1,87,,43888,78,4,,1,87,,43889,78,4,,1,86,,43890,78,4,,1,87,,43891,78,4,,1,47,,43892,78,4,,1,100,,43893,78,4,,1,100,,43894,78,4,,1,95,,43895,78,4,,1,91,,43896,78,4,,1,88,,43897,78,4,,1
501,'4',923,,43899,78,4,,1,87,,43900,78,4,,1,47,,43901,78,4,,1,87,,43902,78,4,,1,89,,43903,78,4,,1,87,,43904,78,4,,1,87,,43905,78,4,,1,47,,43906,78,4,,1,87,,43907,78,4,,1,87,,43908,78,4,,1,86,,43909,78,4,,1,87,,43910,78,4,,1,47,,43911,78,4,,1,100,,43912,78,4,,1,100,,43913,78,4,,1,95,,43914,78,4,,1,91,,43915,78,4,,1,88,,43916,78,4,,1
700,'2',603,,44220,18,4,,1,27,,44221,18,4,,1,25,,44222,62,4,,1,63,,44223,62,4,,1,34,,44224,62,4,,1,60,,44225,62,4,,1,20,,44226,62,4,,1,20,,44227,62,4,,1,60,,44228,62,4,,1,18,,44229,62,4,,1,25,,44230,62,4,,1,70,,44231,62,4,,1,30,,44232,62,4,,1,65,,44233,62,4,,1,30,,44234,62,4,,1,70,,44235,62,4,,1,31,,44236,62,4,,1,70,,44237,62,4,,1,30,,44238,62,4,,1,59,,44239,18,4,,1,12,,44240,62,4,,1,25,,44241,62,4,,1,60,,44242,62,4,,1,20,,44243,62,4,,1,20,,44244,62,4,,1,60,,44245,62,4,,1,20,,44246,62,4,,1,21,,44247,62,4,,1,60,,44248,62,4,,1,20,,44249,62,4,,1,25,,44250,62,4,,1,49,,44251,62,4,,1,23,,44252,62,4,,1,22,,44253,62,4,,1,65,,44254,62,4,,1,25,,44255,62,4,,1,65,,44256,62,4,,1,25,,44257,62,4,,1,25,,44258,62,4,,1,64,,44259,62,4,,1,35,,44260,62,4,,1,70,,44261,62,4,,1,30,,44262,62,4,,1,70,,44263,62,4,,1,30,,44264,62,4,,1,67,,44265,62,4,,1
700,'3',647,,44301,62,4,,1,71,,44302,62,4,,1,30,,44300,62,4,,1,83,,44266,62,4,,1,70,,44299,62,4,,1,30,,44267,62,4,,1,25,,44268,62,4,,1,65,,44269,62,4,,1,30,,44270,62,4,,1,70,,44271,62,4,,1,25,,44272,62,4,,1,66,,44273,62,4,,1,32,,44274,62,4,,1,70,,44275,62,4,,1,30,,44276,62,4,,1,65,,44277,62,4,,1,30,,44278,62,4,,1,70,,44279,62,4,,1,30,,44280,62,4,,1,70,,44281,62,4,,1,30,,44282,62,4,,1,70,,44283,62,4,,1,30,,44284,62,4,,1,69,,44285,62,4,,1,24,,44286,62,4,,1,70,,44287,62,4,,1,30,,44288,62,4,,1,70,,44289,62,4,,1,25,,44290,62,4,,1,30,,44291,62,4,,1,68,,44292,62,4,,1,30,,44293,62,4,,1,68,,44294,62,4,,1,32,,44295,62,4,,1,70,,44296,62,4,,1,30,,44297,62,4,,1,70,,44298,62,4,,1
700,'30',905,,44303,18,4,,1,21,,44304,62,4,,1,24,,44305,35,4,,1,61,,44306,62,4,,1,30,,44307,62,4,,1,70,,44308,62,4,,1,25,,44309,62,4,,1,65,,44310,62,4,,1,30,,44311,62,4,,1,70,,44312,62,4,,1,30,,44313,62,4,,1,25,,44314,62,4,,1,70,,44315,62,4,,1,30,,44316,62,4,,1,70,,44317,62,4,,1,25,,44318,62,4,,1,70,,44319,62,4,,1,30,,44320,62,4,,1,62,,44321,62,4,,1,27,,44322,62,4,,1,70,,44323,62,4,,1,30,,44324,62,4,,1,70,,44325,62,4,,1,30,,44326,62,4,,1,70,,44327,62,4,,1,30,,44328,62,4,,1,70,,44329,62,4,,1,30,,44330,62,4,,1,69,,44331,62,4,,1,29,,44333,62,4,,1,85,,44332,62,4,,1
700,'4',905,,44334,18,4,,1,21,,44335,62,4,,1,24,,44336,35,4,,1,61,,44337,62,4,,1,30,,44338,62,4,,1,70,,44339,62,4,,1,25,,44340,62,4,,1,65,,44341,62,4,,1,30,,44342,62,4,,1,70,,44343,62,4,,1,30,,44344,62,4,,1,25,,44345,62,4,,1,70,,44346,62,4,,1,30,,44347,62,4,,1,70,,44348,62,4,,1,25,,44349,62,4,,1,70,,44350,62,4,,1,30,,44351,62,4,,1,62,,44352,62,4,,1,27,,44353,62,4,,1,70,,44354,62,4,,1,30,,44355,62,4,,1,70,,44356,62,4,,1,30,,44357,62,4,,1,70,,44358,62,4,,1,30,,44359,62,4,,1,70,,44360,62,4,,1,30,,44361,62,4,,1,69,,44362,62,4,,1,29,,44364,62,4,,1,85,,44363,62,4,,1
701,'2',603,,44365,1,,,1,27,,44366,1,,,1,29,,44367,1,,,1,63,,44368,1,,,1,22,,44369,1,,,1,60,,44370,1,,,1,20,,44371,1,,,1,21,,44372,1,,,1,7,,44411,1,0,32 3 21,1,64,,44373,1,,,1,15,,44374,1,,,1,70,,44375,1,,,1,30,,44376,1,,,1,70,,44377,1,,,1,30,,44378,1,,,1,70,,44379,1,,,1,30,,44380,1,,,1,70,,44381,1,,,1,30,,44382,1,,,1,24,,44383,1,,,1,60,,44384,1,,,1,20,,44385,1,,,1,20,,44386,1,,,1,60,,44387,1,,,1,20,,44388,1,,,1,19,,44389,1,,,1,60,,44390,1,,,1,20,,44391,1,,,1,20,,44392,1,,,1,60,,44393,1,,,1,21,,44394,1,,,1,67,,44407,1,0,32 3 21,1,2,,44395,1,,,1,25,,44396,1,,,1,25,,44397,1,,,1,65,,44398,1,,,1,25,,44399,1,,,1,70,,44400,1,,,1,13,,44408,1,0,32 3 21,1,30,,44401,1,,,1,70,,44402,1,,,1,30,,44403,1,,,1,70,,44404,1,,,1,30,,44405,1,,,1,70,,44406,1,,,1,24,,44409,1,0,32 3 21,1,67,,44410,1,0,32 3 21,1
701,'3',611,,44449,1,,,1,36,,44450,1,,,1,71,,44448,1,,,1,30,,44412,1,,,1,70,,44413,1,,,1,25,,44414,1,,,1,70,,44415,1,,,1,30,,44416,1,,,1,64,,44417,1,,,1,25,,44418,1,,,1,70,,44419,1,,,1,30,,44420,1,,,1,26,,44421,1,,,1,65,,44422,1,,,1,30,,44423,1,,,1,70,,44424,1,,,1,30,,44425,1,,,1,70,,44426,1,,,1,30,,44427,1,,,1,70,,44428,1,,,1,30,,44429,1,,,1,70,,44430,1,,,1,30,,44431,1,,,1,70,,44432,1,,,1,29,,44433,1,,,1,70,,44434,1,,,1,25,,44435,1,,,1,65,,44436,1,,,1,30,,44437,1,,,1,65,,44438,1,,,1,22,,44439,1,,,1,74,,44440,1,,,1,30,,44441,1,,,1,70,,44442,1,,,1,30,,44443,1,,,1,70,,44444,1,,,1,30,,44445,1,,,1,22,,44446,1,0,32 3 21,1,70,,44447,1,0,32 3 21,1
701,'30',840,,44451,1,,,1,65,,44452,1,,,1,35,,44453,1,,,1,60,,44454,1,,,1,25,,44455,1,,,1,30,,44456,1,,,1,70,,44457,1,,,1,24,,44458,1,,,1,65,,44459,1,,,1,30,,44460,1,,,1,70,,44461,1,,,1,30,,44462,1,,,1,65,,44463,1,,,1,30,,44464,1,,,1,70,,44465,1,,,1,30,,44466,1,,,1,70,,44467,1,,,1,30,,44468,1,,,1,73,,44469,1,,,1,1,,44472,1,0,32 3 21,1,29,,44470,1,,,1,70,,44471,1,,,1,30,,44473,1,,,1,70,,44474,1,,,1,30,,44475,1,,,1,70,,44476,1,,,1,30,,44477,1,,,1,70,,44478,1,,,1,30,,44481,1,,,1,70,,44482,1,,,1,30,,44479,1,,,1,81,,44480,1,0,32 3 21,1
701,'4',840,,44483,1,,,1,65,,44484,1,,,1,35,,44485,1,,,1,60,,44486,1,,,1,25,,44487,1,,,1,30,,44488,1,,,1,70,,44489,1,,,1,24,,44490,1,,,1,65,,44491,1,,,1,30,,44492,1,,,1,70,,44493,1,,,1,30,,44494,1,,,1,65,,44495,1,,,1,30,,44496,1,,,1,70,,44497,1,,,1,30,,44498,1,,,1,70,,44499,1,,,1,30,,44500,1,,,1,73,,44501,1,,,1,1,,44504,1,0,32 3 21,1,29,,44502,1,,,1,70,,44503,1,,,1,30,,44505,1,,,1,70,,44506,1,,,1,30,,44507,1,,,1,70,,44508,1,,,1,30,,44509,1,,,1,70,,44510,1,,,1,30,,44513,1,,,1,70,,44514,1,,,1,30,,44511,1,,,1,81,,44512,1,0,32 3 21,1
3500,'11802',731,,49115,1,,,1
3500,'2',717,,49117,1,,,1,30,,49118,1,,,1,70,,49119,1,,,1,30,,49120,1,,,1,70,,49121,1,,,1,30,,49122,1,,,1,70,,49123,1,,,1,30,,49124,1,,,1,70,,49125,1,,,1,30,,49126,1,,,1,70,,49127,1,,,1,30,,49128,1,,,1,70,,49129,1,,,1,30,,49130,1,,,1,70,,49131,1,,,1,30,,49132,1,,,1,70,,49133,1,,,1,30,,49134,1,,,1,70,,49135,1,,,1,30,,49136,1,,,1,70,,49137,1,,,1,30,,49138,1,,,1,68,,49139,1,,,1,28,,49140,1,,,1,68,,49141,1,,,1,28,,49142,1,,,1,68,,49143,1,,,1,28,,49144,1,,,1
3500,'3',818,,49146,1,,,1,28,,49147,1,,,1,68,,49148,1,,,1,28,,49149,1,,,1,68,,49150,1,,,1,28,,49151,1,,,1,68,,49152,1,,,1,28,,49153,1,,,1,69,,49154,1,,,1,30,,49155,1,,,1,70,,49156,1,,,1,30,,49157,1,,,1,71,,49158,1,,,1,28,,49159,1,,,1,70,,49160,1,,,1,28,,49161,1,,,1,70,,49162,1,,,1,28,,49163,1,,,1,30,,49164,1,,,1,68,,49165,1,,,1,30,,49166,1,,,1,67,,49167,1,,,1,27,,49168,1,,,1,67,,49169,1,,,1,27,,49170,1,,,1
3500,'30',1215,,49184,1,,,1,27,,49183,1,,,1,67,,49182,1,,,1,27,,49181,1,,,1,67,,49180,1,,,1,27,,49179,1,,,1,70,,49178,1,,,1,30,,49177,1,,,1,70,,49176,1,,,1,27,,49175,1,,,1,27,,49174,1,,,1,68,,49173,1,,,1,28,,49172,1,,,1,68,,49171,1,,,1,27,,49186,1,,,1
3500,'4',1215,,49200,1,,,1,27,,49199,1,,,1,67,,49198,1,,,1,27,,49197,1,,,1,67,,49196,1,,,1,27,,49195,1,,,1,70,,49194,1,,,1,30,,49193,1,,,1,70,,49192,1,,,1,27,,49191,1,,,1,27,,49190,1,,,1,68,,49189,1,,,1,28,,49188,1,,,1,68,,49187,1,,,1,27,,49202,1,,,1
3501,'11802',755,,49203,18,4,,1
3501,'2',714,,49232,18,4,,1,27,,49204,18,4,,1,70,,49205,18,4,,1,30,,49206,18,4,,1,70,,49207,18,4,,1,30,,49208,18,4,,1,70,,49209,18,4,,1,30,,49210,18,4,,1,70,,49211,18,4,,1,30,,49212,18,4,,1,70,,49213,18,4,,1,30,,49214,18,4,,1,70,,49215,18,4,,1,30,,49216,18,4,,1,71,,49217,18,4,,1,30,,49218,18,4,,1,70,,49219,18,4,,1,30,,49220,18,4,,1,70,,49221,18,4,,1,30,,49222,18,4,,1,70,,49223,18,4,,1,30,,49224,18,4,,1,68,,49225,18,4,,1,28,,49226,18,4,,1,68,,49227,18,4,,1,28,,49228,18,4,,1,68,,49229,18,4,,1,28,,49230,18,4,,1,27,,49231,18,4,,1
3501,'3',813,,49233,18,4,,1,28,,49234,18,4,,1,68,,49235,18,4,,1,28,,49236,18,4,,1,68,,49237,18,4,,1,28,,49238,18,4,,1,68,,49239,18,4,,1,28,,49240,18,4,,1,28,,49241,18,4,,1,70,,49242,18,4,,1,30,,49243,18,4,,1,70,,49244,18,4,,1,30,,49245,18,4,,1,70,,49246,18,4,,1,28,,49247,18,4,,1,70,,49248,18,4,,1,28,,49249,18,4,,1,70,,49250,18,4,,1,28,,49251,18,4,,1,70,,49252,18,4,,1,28,,49253,18,4,,1,69,,49254,18,4,,1,27,,49255,18,4,,1,67,,49256,18,4,,1,27,,49257,18,4,,1,67,,49258,18,4,,1
3501,'30',1213,,49273,18,4,,1,24,,49272,18,4,,1,67,,49271,18,4,,1,27,,49270,18,4,,1,27,,49269,18,4,,1,67,,49268,18,4,,1,27,,49267,18,4,,1,70,,49266,18,4,,1,30,,49265,18,4,,1,70,,49264,18,4,,1,27,,49263,18,4,,1,68,,49262,18,4,,1,28,,49261,18,4,,1,68,,49260,18,4,,1,28,,49259,18,4,,1,67,,49274,18,4,,1
3501,'4',1213,,49289,18,4,,1,24,,49288,18,4,,1,67,,49287,18,4,,1,27,,49286,18,4,,1,27,,49285,18,4,,1,67,,49284,18,4,,1,27,,49283,18,4,,1,70,,49282,18,4,,1,30,,49281,18,4,,1,70,,49280,18,4,,1,27,,49279,18,4,,1,68,,49278,18,4,,1,28,,49277,18,4,,1,68,,49276,18,4,,1,28,,49275,18,4,,1,67,,49290,18,4,,1
3800,'2',704,,49437,7,4,,1,40,,49438,7,4,,1,80,,49439,7,4,,1,578,,49440,7,4,,1,40,,49441,7,4,,1,80,,49442,7,4,,1,80,,49443,7,4,,1,40,,49444,7,4,,1,80,,49445,7,4,,1,80,,49446,7,4,,1,40,,49447,7,4,,1,462,,49448,7,4,,1,40,,49449,7,4,,1
3801,'2',632,,49450,1,,,1,80,,49451,1,,,1,40,,49452,1,,,1,80,,49453,1,,,1,498,,49454,1,,,1,80,,49455,1,,,1,40,,49456,1,,,1,80,,49457,1,,,1,80,,49458,1,,,1,40,,49459,1,,,1,80,,49460,1,,,1,80,,49461,1,,,1,422,,49462,1,,,1,80,,49463,1,,,1
