1001,'11802',737,,45057,22,,,1,790,,45060,22,,,1,185,,45061,22,,,1
1001,'2',638,,45063,71,,,1,17,,45110,71,,,1,56,,45062,71,,,1,13,,45111,71,,,1,16,,45067,71,,,1,18,,45066,71,,,1,56,,45065,71,,,1,15,,45064,71,,,1,17,,45073,71,0,21 3 22,1,56,,45072,71,,,1,14,,45071,71,0,21 3 22,1,25,,45070,71,,,1,63,,45069,71,,,1,35,,45068,71,,,1,70,,45075,71,,,1,20,,45077,71,,,1,30,,45076,71,,,1,70,,45074,71,,,1,76,,45080,71,,,1,22,,45079,71,,,1,28,,45078,71,,,1,67,,45118,22,,,1,15,,45082,71,,,1,18,,45081,71,,,1,62,,45083,71,,,1,21,,45112,71,,,1,17,,45084,71,,,1,54,,45113,71,,,1,16,,45085,71,,,1,15,,45114,71,,,1,18,,45086,71,,,1,60,,45087,71,,,1,18,,45115,71,,,1,18,,45088,71,,,1,52,,45116,71,0,21 3 22,1,8,,45089,71,,,1,22,,45093,71,,,1,19,,45090,71,0,21 3 22,1,51,,45091,71,,,1,6,,45094,71,0,21 3 22,1,28,,45092,71,,,1,18,,45095,71,0,21 3 22,1,59,,45096,71,,,1,26,,45097,71,0,21 3 22,1,12,,45098,71,,,1,78,,45099,71,,,1,73,,45100,71,,,1,20,,45117,71,,,1,75,,45101,71,,,1,35,,45102,71,,,1,65,,45103,71,,,1,18,,45104,71,,,1,30,,45105,71,,,1,71,,45106,71,,,1,35,,45107,71,0,21 3 22,1
1001,'3',722,,45122,71,,,1,30,,45121,71,,,1,76,,45125,71,,,1,30,,45126,71,,,1,70,,45127,71,,,1,25,,45128,71,,,1,72,,45129,71,,,1,30,,45130,71,,,1,65,,45131,71,,,1,30,,45132,71,,,1,71,,45133,71,,,1,30,,45134,71,,,1,70,,45135,71,,,1,30,,45136,71,,,1,70,,45137,71,,,1,15,,45138,71,,,1,70,,45139,71,,,1,30,,45140,71,,,1,70,,45141,71,,,1,30,,45142,71,,,1,70,,45143,71,,,1,30,,45144,71,,,1,70,,45145,71,,,1,29,,45146,71,,,1,70,,45147,71,,,1,30,,45148,71,,,1,70,,45149,71,,,1,25,,45150,71,,,1,25,,45151,71,,,1,69,,45152,71,,,1,25,,45153,71,,,1,70,,45154,71,,,1,25,,45155,71,,,1,70,,45159,71,,,1,30,,45160,71,,,1,65,,45161,71,,,1,13,,45158,71,0,21 3 22,1,32,,45162,71,,,1,62,,45156,71,0,21 3 22,1
1001,'30',748,,45163,71,,,1,73,,45200,71,,,1,22,,45164,71,,,1,69,,45199,71,,,1,21,,45165,71,,,1,20,,45166,71,,,1,70,,45167,71,,,1,25,,45168,71,,,1,70,,45169,71,,,1,30,,45170,71,,,1,72,,45172,71,,,1,30,,45173,71,,,1,65,,45174,71,,,1,30,,45175,71,,,1,70,,45176,71,,,1,30,,45177,71,,,1,70,,45178,71,,,1,30,,45179,71,,,1,70,,45180,71,,,1,30,,45181,71,,,1,75,,45182,71,,,1,25,,45183,71,,,1,70,,45184,71,,,1,28,,45195,71,,,1,69,,45185,71,,,1,25,,45188,71,,,1,70,,45189,71,,,1,30,,45190,71,,,1,70,,45191,71,,,1,36,,45192,71,,,1,64,,45193,71,,,1,13,,45194,71,,,1,26,,45196,71,,,1,66,,45187,71,0,21 3 22,1,30,,45186,71,0,21 3 22,1
1001,'4',748,,45201,71,,,1,73,,45238,71,,,1,22,,45202,71,,,1,69,,45237,71,,,1,21,,45203,71,,,1,20,,45204,71,,,1,70,,45205,71,,,1,25,,45206,71,,,1,70,,45207,71,,,1,30,,45208,71,,,1,72,,45210,71,,,1,30,,45211,71,,,1,65,,45212,71,,,1,30,,45213,71,,,1,70,,45214,71,,,1,30,,45215,71,,,1,70,,45216,71,,,1,30,,45217,71,,,1,70,,45218,71,,,1,30,,45219,71,,,1,75,,45220,71,,,1,25,,45221,71,,,1,70,,45222,71,,,1,28,,45233,71,,,1,69,,45223,71,,,1,25,,45226,71,,,1,70,,45227,71,,,1,30,,45228,71,,,1,70,,45229,71,,,1,36,,45230,71,,,1,64,,45231,71,,,1,13,,45232,71,,,1,26,,45234,71,,,1,66,,45225,71,0,21 3 22,1,30,,45224,71,0,21 3 22,1
2401,'11802',1633,,47773,33,,,1
2401,'2',645,,47775,33,,,1,70,,47776,33,,,1,29,,47777,33,,,1,71,,47778,33,,,1,30,,47779,33,,,1,70,,47780,33,,,1,30,,47781,33,,,1,70,,47782,33,,,1,30,,47783,33,,,1,70,,47784,33,,,1,30,,47785,33,,,1,70,,47786,33,,,1,29,,47787,33,,,1,70,,47788,33,,,1,30,,47789,33,,,1,70,,47790,33,,,1,31,,47791,33,,,1,71,,47792,33,,,1,30,,47793,33,,,1,73,,47794,33,,,1,32,,47797,33,,,1,73,,47798,33,,,1,33,,47799,33,,,1,73,,47800,33,,,1,71,,47801,33,,,1,30,,47802,33,,,1,70,,47803,33,,,1,30,,47804,33,,,1,70,,47805,33,,,1,20,,47806,33,,,1
2401,'3',712,,47822,33,,,1,40,,47821,33,,,1,80,,47807,33,,,1,80,,47808,33,,,1,40,,47815,33,,,1,79,,47809,33,,,1,78,,47816,33,,,1,42,,47810,33,,,1,78,,47817,33,,,1,84,,47811,33,,,1,46,,47818,33,,,1,84,,47812,33,,,1,85,,47819,33,,,1,84,,47813,33,,,1,46,,47820,33,,,1,84,,47814,33,,,1,80,,47824,33,,,1,84,,47825,33,,,1,40,,47826,33,,,1,84,,47827,33,,,1
2401,'30',754,,47828,33,,,1,78,,47830,33,,,1,80,,47831,33,,,1,43,,47832,33,,,1,80,,47833,33,,,1,80,,47834,33,,,1,40,,47835,33,,,1,82,,47836,33,,,1,82,,47837,33,,,1,40,,47838,33,,,1,80,,47839,33,,,1,80,,47840,33,,,1,40,,47841,33,,,1,80,,47842,33,,,1,80,,47843,33,,,1,81,,47844,33,,,1,40,,47845,33,,,1,80,,47846,33,,,1,80,,47847,33,,,1,40,,47848,33,,,1
2401,'4',754,,47850,33,,,1,78,,47852,33,,,1,80,,47853,33,,,1,43,,47854,33,,,1,80,,47855,33,,,1,80,,47856,33,,,1,40,,47857,33,,,1,82,,47858,33,,,1,82,,47859,33,,,1,40,,47860,33,,,1,80,,47861,33,,,1,80,,47862,33,,,1,40,,47863,33,,,1,80,,47864,33,,,1,80,,47865,33,,,1,81,,47866,33,,,1,40,,47867,33,,,1,80,,47868,33,,,1,80,,47869,33,,,1,40,,47870,33,,,1
