401,'2',555,,27230,31,0,10 40 41,0,76,,27229,37,0,13 40 41,0,80,,27228,31,0,10 40 41,0,15,,27227,37,0,13 40 41,0,12,,27226,3,,,0,15,,27225,31,0,10 40 41,0,55,,27224,31,0,10 40 41,0,15,,27223,37,0,13 40 41,0,15,,27222,31,0,10 40 41,0,15,,27221,37,0,13 40 41,0,55,,27220,31,0,10 40 41,0,15,,27219,37,0,13 40 41,0,15,,27218,31,0,10 40 41,0,15,,27217,37,0,13 40 41,0,60,,27216,31,0,10 40 41,0,20,,27215,37,0,13 40 41,0,20,,27214,31,0,10 40 41,0,60,,27213,37,0,13 40 41,0,21,,27212,31,0,10 40 41,0,20,,27211,37,0,13 40 41,0,59,,27210,31,0,10 40 41,0,20,,27209,37,0,13 40 41,0,20,,27208,31,0,10 40 41,0,60,,27207,37,0,13 40 41,0,20,,27206,31,0,10 40 41,0,19,,27205,37,0,13 40 41,0,61,,27204,31,0,10 40 41,0,15,,27234,37,0,13 40 41,0,19,,27242,31,0,10 40 41,0,55,,27235,37,0,13 40 41,0,15,,27243,31,0,10 40 41,0,15,,27236,37,0,13 40 41,0,15,,27244,31,0,10 40 41,0,56,,27237,37,0,13 40 41,0,15,,27245,31,0,10 40 41,0,15,,27238,37,0,13 40 41,0,15,,27246,31,0,10 40 41,0,55,,27239,37,0,13 40 41,0,15,,27247,31,0,10 40 41,0,15,,27240,37,0,13 40 41,0,15,,27248,31,0,10 40 41,0,10,,27241,37,0,13 40 41,0,59,,27251,31,0,10 40 41,0,21,,27256,37,0,13 40 41,0,20,,27252,31,0,10 40 41,0,60,,27257,37,0,13 40 41,0,20,,27253,31,0,10 40 41,0,20,,27258,37,0,13 40 41,0,60,,27254,31,0,10 40 41,0,20,,27259,37,0,13 40 41,0,70,,27255,31,0,10 40 41,0,33,,27260,37,0,13 40 41,0,70,,27263,31,0,10 40 41,0,30,,27261,37,0,13 40 41,0,70,,27264,31,0,10 40 41,0,30,,27262,37,0,13 40 41,0,70,,27265,31,0,10 40 41,0,90,,27266,37,0,13 40 41,0
401,'3',630,,27272,31,0,10 40 41,0,70,,27273,37,0,13 40 41,0,20,,27280,31,0,10 40 41,0,30,,27274,37,0,13 40 41,0,71,,27281,31,0,10 40 41,0,30,,27275,37,0,13 40 41,0,70,,27282,31,0,10 40 41,0,30,,27276,37,0,13 40 41,0,70,,27283,31,0,10 40 41,0,30,,27277,37,0,13 40 41,0,70,,27284,31,0,10 40 41,0,30,,27278,37,0,13 40 41,0,70,,27285,31,0,10 40 41,0,30,,27279,37,0,13 40 41,0,66,,27286,31,0,10 40 41,0,27,,27292,37,0,13 40 41,0,65,,27287,31,0,10 40 41,0,25,,27293,37,0,13 40 41,0,25,,27288,31,0,10 40 41,0,65,,27294,37,0,13 40 41,0,25,,27289,31,0,10 40 41,0,65,,27295,37,0,13 40 41,0,25,,27290,31,0,10 40 41,0,65,,27296,37,0,13 40 41,0,25,,27291,31,0,10 40 41,0,25,,27304,37,0,13 40 41,0,65,,27300,31,0,10 40 41,0,25,,27305,37,0,13 40 41,0,65,,27301,31,0,10 40 41,0,25,,27306,37,0,13 40 41,0,25,,27302,31,0,10 40 41,0,65,,27307,37,0,13 40 41,0,25,,27303,31,0,10 40 41,0,65,,27308,37,0,13 40 41,0,17,,27309,31,0,10 40 41,0,70,,27313,37,0,13 40 41,0,30,,27310,31,0,10 40 41,0,70,,27314,37,0,13 40 41,0,30,,27311,31,0,10 40 41,0,70,,27315,37,0,13 40 41,0,28,,27312,31,0,10 40 41,0,72,,27298,37,0,13 40 41,0
401,'30',700,,27348,31,0,10 40 41,0,45,,27347,37,0,13 40 41,0,85,,27346,31,0,10 40 41,0,86,,27317,37,0,13 40 41,0,85,,27318,31,0,10 40 41,0,30,,27319,37,0,13 40 41,0,24,,27320,31,0,10 40 41,0,70,,27321,37,0,13 40 41,0,27,,27322,31,0,10 40 41,0,70,,27323,37,0,13 40 41,0,29,,27324,31,0,10 40 41,0,72,,27325,37,0,13 40 41,0,30,,27326,31,0,10 40 41,0,70,,27327,37,0,13 40 41,0,30,,27328,31,0,10 40 41,0,70,,27329,37,0,13 40 41,0,30,,27330,31,0,10 40 41,0,70,,27331,37,0,13 40 41,0,30,,27332,31,0,10 40 41,0,70,,27333,37,0,13 40 41,0,30,,27334,31,0,10 40 41,0,70,,27335,37,0,13 40 41,0,30,,27336,31,0,10 40 41,0,70,,27337,37,0,13 40 41,0,28,,27338,31,0,10 40 41,0,72,,27339,37,0,13 40 41,0,30,,27340,31,0,10 40 41,0,72,,27341,37,0,13 40 41,0,28,,27342,31,0,10 40 41,0,70,,27343,37,0,13 40 41,0,78,,27316,31,0,10 40 41,0
401,'4',700,,27381,31,0,10 40 41,0,45,,27380,37,0,13 40 41,0,85,,27379,31,0,10 40 41,0,86,,27350,37,0,13 40 41,0,85,,27351,31,0,10 40 41,0,30,,27352,37,0,13 40 41,0,24,,27353,31,0,10 40 41,0,70,,27354,37,0,13 40 41,0,27,,27355,31,0,10 40 41,0,70,,27356,37,0,13 40 41,0,29,,27357,31,0,10 40 41,0,72,,27358,37,0,13 40 41,0,30,,27359,31,0,10 40 41,0,70,,27360,37,0,13 40 41,0,30,,27361,31,0,10 40 41,0,70,,27362,37,0,13 40 41,0,30,,27363,31,0,10 40 41,0,70,,27364,37,0,13 40 41,0,30,,27365,31,0,10 40 41,0,70,,27366,37,0,13 40 41,0,30,,27367,31,0,10 40 41,0,70,,27368,37,0,13 40 41,0,30,,27369,31,0,10 40 41,0,70,,27370,37,0,13 40 41,0,28,,27371,31,0,10 40 41,0,72,,27372,37,0,13 40 41,0,30,,27373,31,0,10 40 41,0,72,,27374,37,0,13 40 41,0,28,,27375,31,0,10 40 41,0,70,,27376,37,0,13 40 41,0,78,,27349,31,0,10 40 41,0
600,'2',603,,27590,19,,,0,28,,27589,19,,,0,80,,27591,19,,,0,25,,27592,19,,,0,20,,27593,19,,,0,65,,27594,19,,,0,25,,27595,19,,,0,65,,27596,19,,,0,30,,27597,19,,,0,70,,27598,19,,,0,25,,27599,19,,,0,70,,27600,19,,,0,30,,27601,19,,,0,70,,27602,19,,,0,25,,27603,19,,,0,70,,27604,19,,,0,30,,27605,19,,,0,70,,27606,19,,,0,30,,27607,19,,,0,25,,27608,19,,,0,70,,27609,19,,,0,25,,27610,19,,,0,71,,27611,19,,,0,30,,27612,19,,,0,70,,27613,19,,,0,30,,27614,19,,,0,64,,27615,19,,,0,25,,27616,19,,,0,65,,27617,19,,,0,25,,27618,19,,,0,25,,27619,19,,,0,65,,27620,19,,,0,24,,27621,19,,,0,60,,27622,19,,,0,35,,27623,19,,,0,75,,27624,19,,,0,35,,27625,19,,,0,70,,27626,19,,,0,80,,27627,19,,,0
600,'3',558,,27672,2,,,0,73,,27673,19,,,0,25,,27671,19,,,0,70,,27628,19,,,0,26,,27670,19,,,0,70,,27629,19,,,0,30,,27630,19,,,0,75,,27631,19,,,0,19,,27637,2,,,0,56,,27632,19,,,0,27,,27633,19,,,0,25,,27634,19,,,0,65,,27635,19,,,0,28,,27636,19,,,0,66,,27638,19,,,0,18,,27639,19,,,0,18,,27640,19,,,0,58,,27641,19,,,0,20,,27642,19,,,0,18,,27643,19,,,0,58,,27644,19,,,0,25,,27645,19,,,0,20,,27646,19,,,0,60,,27647,19,,,0,20,,27648,19,,,0,23,,27649,19,,,0,60,,27650,19,,,0,20,,27651,19,,,0,20,,27652,19,,,0,60,,27653,19,,,0,20,,27654,19,,,0,20,,27655,19,,,0,65,,27656,19,,,0,14,,27657,19,,,0,17,,27658,19,,,0,66,,27659,19,,,0,20,,27660,19,,,0,25,,27661,19,,,0,65,,27662,19,,,0,24,,27663,19,,,0,61,,27664,19,,,0,35,,27665,19,,,0,75,,27666,19,,,0,35,,27667,19,,,0,75,,27668,19,,,0,75,,27669,19,,,0
600,'30',848,,27674,2,,,0,68,,27675,2,,,0,37,,27676,19,,,0,75,,27677,19,,,0,75,,27678,19,,,0,35,,27679,19,,,0,70,,27680,2,,,0,16,,27681,19,,,0,34,,27682,19,,,0,65,,27683,19,,,0,25,,27684,19,,,0,65,,27685,19,,,0,25,,27686,19,,,0,65,,27687,19,,,0,25,,27688,19,,,0,25,,27689,19,,,0,65,,27690,19,,,0,25,,27691,19,,,0,65,,27692,19,,,0,26,,27693,19,,,0,23,,27694,19,,,0,65,,27695,19,,,0,37,,27696,19,,,0,75,,27697,19,,,0,75,,27698,19,,,0,35,,27699,19,,,0,75,,27700,19,,,0,35,,27701,19,,,0,73,,27702,19,,,0,74,,27703,19,,,0
600,'4',848,,27704,2,,,0,68,,27705,2,,,0,37,,27706,19,,,0,75,,27707,19,,,0,75,,27708,19,,,0,35,,27709,19,,,0,70,,27733,2,,,0,16,,27710,19,,,0,34,,27711,19,,,0,65,,27712,19,,,0,25,,27713,19,,,0,65,,27714,19,,,0,25,,27715,19,,,0,65,,27716,19,,,0,25,,27717,19,,,0,25,,27718,19,,,0,65,,27719,19,,,0,25,,27720,19,,,0,65,,27721,19,,,0,26,,27722,19,,,0,23,,27723,19,,,0,65,,27724,19,,,0,37,,27725,19,,,0,75,,27726,19,,,0,75,,27727,19,,,0,35,,27728,19,,,0,75,,27729,19,,,0,35,,27730,19,,,0,73,,27731,19,,,0,74,,27732,19,,,0
1301,'2',631,,29385,49,0,10 14 20,0,7,,29386,23,,,0,15,,29387,49,0,10 14 20,0,56,,29388,23,,,0,10,,29389,49,0,10 14 20,0,15,,29390,23,,,0,15,,29391,49,0,10 14 20,0,55,,29392,23,,,0,15,,29393,49,0,10 14 20,0,15,,29394,23,,,0,15,,29395,49,0,10 14 20,0,55,,29396,23,,,0,10,,29397,49,0,10 14 20,0,15,,29398,27,,,0,15,,29399,49,0,10 14 20,0,15,,29400,27,,,0,55,,29401,49,0,10 14 20,0,15,,29402,27,,,0,15,,29403,49,0,10 14 20,0,15,,29404,27,,,0,50,,29405,49,0,10 14 20,0,15,,29406,27,,,0,15,,29407,49,0,10 14 20,0,15,,29408,27,,,0,55,,29409,49,0,10 14 20,0,15,,29410,27,,,0,15,,29411,49,0,10 14 20,0,15,,29412,27,,,0,55,,29413,49,0,10 14 20,0,15,,29414,27,,,0,15,,29415,49,0,10 14 20,0,15,,29416,27,,,0,55,,29417,49,0,10 14 20,0,15,,29418,23,,,0,15,,29419,49,0,10 14 20,0,15,,29420,23,,,0,55,,29421,49,0,10 14 20,0,15,,29422,23,,,0,21,,29423,49,0,10 14 20,0,55,,29424,23,,,0,16,,29425,49,0,10 14 20,0,15,,29426,23,,,0,15,,29427,49,0,10 14 20,0,55,,29428,23,,,0,13,,29429,49,0,10 14 20,0,13,,29430,23,,,0,15,,29431,49,0,10 14 20,0,15,,29432,23,,,0,54,,29433,49,0,10 14 20,0,20,,29435,23,,,0,20,,29439,23,,,0,60,,29436,49,0,10 14 20,0,15,,29440,23,,,0,15,,29437,49,0,10 14 20,0,60,,29441,23,,,0,20,,29438,49,0,10 14 20,0,20,,29442,23,,,0,60,,29443,49,0,10 14 20,0,25,,29446,23,,,0,30,,29444,49,0,10 14 20,0,70,,29447,23,,,0,25,,29445,49,0,10 14 20,0,65,,29448,23,,,0,18,,29449,49,0,10 14 20,0,74,,29451,23,,,0,30,,29450,49,0,10 14 20,0,63,,29452,23,,,0
1301,'3',630,,29453,49,0,10 14 20,0,75,,29454,23,,,0,35,,29455,49,0,10 14 20,0,61,,29456,23,,,0,16,,29460,49,0,10 14 20,0,16,,29457,23,,,0,16,,29461,49,0,10 14 20,0,56,,29458,23,,,0,16,,29462,23,,,0,16,,29459,49,0,10 14 20,0,16,,29463,23,,,0,55,,29464,49,0,10 14 20,0,15,,29465,23,,,0,10,,29481,49,0,10 14 20,0,15,,29466,23,,,0,55,,29482,49,0,10 14 20,0,15,,29467,23,,,0,15,,29483,49,0,10 14 20,0,15,,29468,23,,,0,55,,29484,49,0,10 14 20,0,15,,29469,23,,,0,15,,29485,49,0,10 14 20,0,15,,29470,23,,,0,55,,29486,49,0,10 14 20,0,15,,29471,23,,,0,10,,29487,49,0,10 14 20,0,15,,29472,23,,,0,15,,29488,49,0,10 14 20,0,55,,29473,23,,,0,15,,29489,49,0,10 14 20,0,15,,29474,23,,,0,15,,29490,49,0,10 14 20,0,55,,29475,23,,,0,15,,29491,49,0,10 14 20,0,15,,29476,23,,,0,10,,29492,49,0,10 14 20,0,55,,29477,23,,,0,15,,29493,49,0,10 14 20,0,15,,29478,23,,,0,15,,29494,49,0,10 14 20,0,55,,29479,23,,,0,15,,29495,49,0,10 14 20,0,15,,29480,23,,,0,15,,29496,49,0,10 14 20,0,55,,29501,23,,,0,15,,29497,49,0,10 14 20,0,15,,29502,23,,,0,20,,29498,49,0,10 14 20,0,60,,29503,23,,,0,20,,29499,49,0,10 14 20,0,20,,29504,23,,,0,60,,29500,49,0,10 14 20,0,20,,29505,23,,,0,20,,29506,49,0,10 14 20,0,65,,29510,23,,,0,30,,29507,49,0,10 14 20,0,70,,29511,23,,,0,20,,29508,49,0,10 14 20,0,65,,29512,23,,,0,30,,29509,49,0,10 14 20,0,70,,29513,23,,,0,42,,29515,49,0,10 14 20,0,51,,29514,23,,,0
1301,'30',701,,29537,49,0,10 14 20,0,35,,29539,23,,,0,75,,29538,49,0,10 14 20,0,35,,29540,23,,,0,69,,29541,4,,,0,6,,29536,49,0,10 14 20,0,30,,29535,23,,,0,71,,29524,49,0,10 14 20,0,30,,29534,23,,,0,65,,29523,49,0,10 14 20,0,30,,29533,23,,,0,70,,29522,49,0,10 14 20,0,30,,29532,23,,,0,70,,29521,49,0,10 14 20,0,30,,29531,23,,,0,70,,29520,49,0,10 14 20,0,30,,29530,23,,,0,70,,29519,49,0,10 14 20,0,30,,29529,23,,,0,65,,29518,49,0,10 14 20,0,30,,29528,23,,,0,70,,29517,49,0,10 14 20,0,30,,29527,23,,,0,70,,29516,49,0,10 14 20,0,30,,29526,23,,,0,65,,29542,49,0,10 14 20,0,30,,29546,23,,,0,65,,29543,49,0,10 14 20,0,25,,29547,23,,,0,15,,29544,49,0,10 14 20,0,70,,29548,23,,,0,30,,29545,49,0,10 14 20,0,71,,29549,23,,,0,37,,29550,49,0,10 14 20,0,51,,29525,23,,,0
1301,'4',701,,29572,49,0,10 14 20,0,35,,29574,23,,,0,75,,29573,49,0,10 14 20,0,35,,29575,23,,,0,69,,29576,4,,,0,6,,29571,49,0,10 14 20,0,30,,29570,23,,,0,71,,29559,49,0,10 14 20,0,30,,29569,23,,,0,65,,29558,49,0,10 14 20,0,30,,29568,23,,,0,70,,29557,49,0,10 14 20,0,30,,29567,23,,,0,70,,29556,49,0,10 14 20,0,30,,29566,23,,,0,70,,29555,49,0,10 14 20,0,30,,29565,23,,,0,70,,29554,49,0,10 14 20,0,30,,29564,23,,,0,65,,29553,49,0,10 14 20,0,30,,29563,23,,,0,70,,29552,49,0,10 14 20,0,30,,29562,23,,,0,70,,29551,49,0,10 14 20,0,30,,29561,23,,,0,65,,29577,49,0,10 14 20,0,30,,29581,23,,,0,65,,29578,49,0,10 14 20,0,25,,29582,23,,,0,15,,29579,49,0,10 14 20,0,70,,29583,23,,,0,30,,29580,49,0,10 14 20,0,71,,29584,23,,,0,37,,29585,49,0,10 14 20,0,51,,29560,23,,,0
1501,'2',630,,29781,40,0,10 26 27,0,20,,29782,38,0,13 26 27,0,61,,29783,40,0,10 26 27,0,16,,29784,38,0,13 26 27,0,16,,29787,40,0,10 26 27,0,11,,29785,38,0,13 26 27,0,56,,29788,40,0,10 26 27,0,16,,29786,38,0,13 26 27,0,16,,29789,40,0,10 26 27,0,16,,29790,38,0,13 26 27,0,55,,29808,40,0,10 26 27,0,15,,29791,38,0,13 26 27,0,15,,29809,40,0,10 26 27,0,15,,29792,38,0,13 26 27,0,55,,29810,40,0,10 26 27,0,15,,29793,38,0,13 26 27,0,15,,29811,40,0,10 26 27,0,15,,29794,38,0,13 26 27,0,55,,29812,40,0,10 26 27,0,15,,29795,38,0,13 26 27,0,15,,29813,40,0,10 26 27,0,15,,29796,38,0,13 26 27,0,55,,29814,40,0,10 26 27,0,15,,29797,38,0,13 26 27,0,15,,29815,40,0,10 26 27,0,15,,29798,38,0,13 26 27,0,55,,29816,40,0,10 26 27,0,15,,29799,38,0,13 26 27,0,15,,29817,40,0,10 26 27,0,13,,29800,38,0,13 26 27,0,57,,29818,40,0,10 26 27,0,15,,29801,38,0,13 26 27,0,15,,29819,40,0,10 26 27,0,15,,29802,38,0,13 26 27,0,55,,29820,40,0,10 26 27,0,15,,29803,38,0,13 26 27,0,15,,29821,40,0,10 26 27,0,15,,29804,38,0,13 26 27,0,55,,29822,40,0,10 26 27,0,15,,29805,38,0,13 26 27,0,17,,29823,40,0,10 26 27,0,13,,29806,38,0,13 26 27,0,55,,29824,40,0,10 26 27,0,15,,29807,38,0,13 26 27,0,15,,29827,40,0,10 26 27,0,15,,29828,38,0,13 26 27,0,60,,29829,40,0,10 26 27,0,20,,29830,38,0,13 26 27,0,20,,29842,40,0,10 26 27,0,75,,29831,38,0,13 26 27,0,70,,29832,40,0,10 26 27,0,20,,29833,38,0,13 26 27,0,17,,29834,40,0,10 26 27,0,65,,29835,38,0,13 26 27,0,29,,29836,40,0,10 26 27,0,70,,29837,38,0,13 26 27,0,30,,29838,40,0,10 26 27,0,70,,29839,38,0,13 26 27,0,30,,29840,40,0,10 26 27,0,72,,29841,38,0,13 26 27,0,23,,29845,40,0,10 26 27,0,71,,29844,38,0,13 26 27,0
1501,'3',630,,29850,38,0,13 26 27,0,90,,29851,40,0,10 26 27,0,35,,29852,38,0,13 26 27,0,70,,29853,40,0,10 26 27,0,30,,29855,38,0,13 26 27,0,70,,29854,40,0,10 26 27,0,30,,29856,38,0,13 26 27,0,60,,29857,40,0,10 26 27,0,20,,29858,38,0,13 26 27,0,20,,29859,38,0,13 26 27,0,60,,29860,40,0,10 26 27,0,20,,29871,38,0,13 26 27,0,20,,29861,40,0,10 26 27,0,60,,29872,38,0,13 26 27,0,20,,29862,40,0,10 26 27,0,20,,29873,38,0,13 26 27,0,60,,29863,40,0,10 26 27,0,20,,29874,38,0,13 26 27,0,20,,29864,40,0,10 26 27,0,61,,29875,38,0,13 26 27,0,20,,29865,40,0,10 26 27,0,20,,29876,38,0,13 26 27,0,60,,29866,40,0,10 26 27,0,20,,29877,38,0,13 26 27,0,20,,29867,40,0,10 26 27,0,60,,29878,38,0,13 26 27,0,20,,29868,40,0,10 26 27,0,20,,29879,38,0,13 26 27,0,60,,29869,40,0,10 26 27,0,15,,29880,38,0,13 26 27,0,25,,29870,40,0,10 26 27,0,69,,29881,38,0,13 26 27,0,30,,29887,40,0,10 26 27,0,70,,29882,38,0,13 26 27,0,30,,29888,40,0,10 26 27,0,70,,29883,38,0,13 26 27,0,30,,29889,40,0,10 26 27,0,65,,29884,38,0,13 26 27,0,30,,29890,40,0,10 26 27,0,65,,29885,38,0,13 26 27,0,30,,29891,40,0,10 26 27,0,65,,29886,38,0,13 26 27,0,25,,29892,40,0,10 26 27,0,70,,29893,38,0,13 26 27,0,95,,29894,40,0,10 26 27,0
1501,'30',632,,29935,40,0,10 26 27,0,25,,29936,38,0,13 26 27,0,64,,29899,40,0,10 26 27,0,26,,29900,38,0,13 26 27,0,70,,29934,40,0,10 26 27,0,23,,29933,38,0,13 26 27,0,67,,29901,40,0,10 26 27,0,31,,29902,38,0,13 26 27,0,70,,29903,40,0,10 26 27,0,22,,29904,38,0,13 26 27,0,70,,29905,40,0,10 26 27,0,25,,29906,38,0,13 26 27,0,30,,29907,40,0,10 26 27,0,70,,29908,38,0,13 26 27,0,28,,29909,40,0,10 26 27,0,70,,29910,38,0,13 26 27,0,30,,29911,40,0,10 26 27,0,70,,29912,38,0,13 26 27,0,30,,29913,40,0,10 26 27,0,70,,29914,38,0,13 26 27,0,30,,29915,40,0,10 26 27,0,70,,29916,38,0,13 26 27,0,30,,29917,40,0,10 26 27,0,70,,29918,38,0,13 26 27,0,30,,29919,40,0,10 26 27,0,70,,29920,38,0,13 26 27,0,26,,29921,40,0,10 26 27,0,70,,29922,38,0,13 26 27,0,30,,29923,40,0,10 26 27,0,65,,29924,38,0,13 26 27,0,25,,29925,40,0,10 26 27,0,70,,29926,38,0,13 26 27,0,30,,29927,40,0,10 26 27,0,61,,29928,38,0,13 26 27,0,30,,29929,40,0,10 26 27,0,70,,29930,38,0,13 26 27,0
1501,'4',632,,29974,40,0,10 26 27,0,25,,29975,38,0,13 26 27,0,64,,29938,40,0,10 26 27,0,26,,29939,38,0,13 26 27,0,70,,29973,40,0,10 26 27,0,23,,29972,38,0,13 26 27,0,67,,29940,40,0,10 26 27,0,31,,29941,38,0,13 26 27,0,70,,29942,40,0,10 26 27,0,22,,29943,38,0,13 26 27,0,70,,29944,40,0,10 26 27,0,25,,29945,38,0,13 26 27,0,30,,29946,40,0,10 26 27,0,70,,29947,38,0,13 26 27,0,28,,29948,40,0,10 26 27,0,70,,29949,38,0,13 26 27,0,30,,29950,40,0,10 26 27,0,70,,29951,38,0,13 26 27,0,30,,29952,40,0,10 26 27,0,70,,29953,38,0,13 26 27,0,30,,29954,40,0,10 26 27,0,70,,29955,38,0,13 26 27,0,30,,29956,40,0,10 26 27,0,70,,29957,38,0,13 26 27,0,30,,29958,40,0,10 26 27,0,70,,29959,38,0,13 26 27,0,26,,29960,40,0,10 26 27,0,70,,29961,38,0,13 26 27,0,30,,29962,40,0,10 26 27,0,65,,29963,38,0,13 26 27,0,25,,29964,40,0,10 26 27,0,70,,29965,38,0,13 26 27,0,30,,29966,40,0,10 26 27,0,61,,29967,38,0,13 26 27,0,30,,29968,40,0,10 26 27,0,70,,29969,38,0,13 26 27,0
