600,'2',609,,43919,28,,,1,28,,43918,28,,,1,81,,43920,28,,,1,25,,43921,28,,,1,60,,43922,28,,,1,25,,43923,28,,,1,25,,43924,28,,,1,66,,43925,28,,,1,30,,43926,28,,,1,70,,43927,28,,,1,25,,43928,28,,,1,70,,43929,28,,,1,30,,43930,28,,,1,70,,43931,28,,,1,25,,43932,28,,,1,70,,43933,28,,,1,30,,43934,28,,,1,70,,43935,28,,,1,30,,43936,28,,,1,65,,43937,28,,,1,30,,43938,28,,,1,25,,43939,28,,,1,71,,43940,28,,,1,70,,43941,28,,,1,30,,43942,28,,,1,70,,43943,28,,,1,23,,43944,28,,,1,25,,43945,28,,,1,65,,43946,28,,,1,25,,43947,28,,,1,65,,43948,28,,,1,25,,43949,28,,,1,24,,43950,28,,,1,64,,43951,28,,,1,25,,43952,28,,,1,65,,43953,28,,,1,25,,43954,28,,,1,25,,43955,28,,,1,65,,43956,28,,,1,25,,43957,28,,,1,67,,43958,28,,,1,25,,43959,28,,,1,69,,43960,28,,,1
600,'3',602,,43961,11,,,1,33,,43962,28,,,1,67,,43963,28,,,1,35,,43964,28,,,1,76,,43965,28,,,1,35,,43966,28,,,1,75,,43967,28,,,1,25,,43969,11,,,1,10,,43968,28,,,1,72,,43970,28,,,1,28,,43971,28,,,1,65,,43972,28,,,1,25,,43973,28,,,1,64,,43974,28,,,1,18,,43975,28,,,1,20,,43976,28,,,1,58,,43977,28,,,1,20,,43978,28,,,1,19,,43979,28,,,1,61,,43980,28,,,1,20,,43981,28,,,1,20,,43982,28,,,1,60,,43983,28,,,1,20,,43984,28,,,1,20,,43985,28,,,1,60,,43986,28,,,1,20,,43987,28,,,1,20,,43988,28,,,1,60,,43989,28,,,1,20,,43990,28,,,1,20,,43991,28,,,1,60,,43992,28,,,1,20,,43993,28,,,1,15,,43994,28,,,1,65,,43995,28,,,1,25,,43996,28,,,1,25,,43997,28,,,1,65,,43998,28,,,1,25,,43999,28,,,1,65,,44000,28,,,1,25,,44001,28,,,1,79,,44002,28,,,1,33,,44003,28,,,1,76,,44004,28,,,1,76,,44005,28,,,1,36,,44006,28,,,1,69,,44007,28,,,1
600,'30',857,,44008,11,,,1,68,,44009,11,,,1,75,,44010,28,,,1,35,,44011,28,,,1,75,,44012,28,,,1,35,,44013,28,,,1,70,,44014,11,,,1,15,,44015,28,,,1,74,,44016,28,,,1,25,,44017,28,,,1,25,,44018,28,,,1,65,,44019,28,,,1,25,,44020,28,,,1,65,,44021,28,,,1,25,,44022,28,,,1,25,,44023,28,,,1,65,,44024,28,,,1,25,,44025,28,,,1,65,,44026,28,,,1,26,,44027,28,,,1,63,,44028,28,,,1,25,,44029,28,,,1,77,,44030,28,,,1,35,,44031,28,,,1,75,,44032,28,,,1,35,,44033,28,,,1,75,,44034,28,,,1,75,,44035,28,,,1,33,,44036,28,,,1,74,,44037,28,,,1
600,'4',857,,44038,11,,,1,68,,44039,11,,,1,75,,44040,28,,,1,35,,44041,28,,,1,75,,44042,28,,,1,35,,44043,28,,,1,70,,44067,11,,,1,15,,44044,28,,,1,74,,44045,28,,,1,25,,44046,28,,,1,25,,44047,28,,,1,65,,44048,28,,,1,25,,44049,28,,,1,65,,44050,28,,,1,25,,44051,28,,,1,25,,44052,28,,,1,65,,44053,28,,,1,25,,44054,28,,,1,65,,44055,28,,,1,26,,44056,28,,,1,63,,44057,28,,,1,25,,44058,28,,,1,77,,44059,28,,,1,35,,44060,28,,,1,75,,44061,28,,,1,35,,44062,28,,,1,75,,44063,28,,,1,75,,44064,28,,,1,33,,44065,28,,,1,74,,44066,28,,,1
1301,'11802',805,,45714,31,,,1,815,,45715,31,,,1,96,,45716,31,,,1
1301,'2',637,,45717,57,0,10 14 20,1,7,,45718,31,,,1,15,,45719,57,0,10 14 20,1,58,,45720,31,,,1,10,,45721,57,0,10 14 20,1,15,,45722,31,,,1,15,,45723,57,0,10 14 20,1,55,,45724,31,,,1,15,,45725,57,0,10 14 20,1,15,,45726,31,,,1,15,,45727,57,0,10 14 20,1,55,,45728,31,,,1,10,,45729,57,0,10 14 20,1,15,,45730,35,,,1,15,,45731,57,0,10 14 20,1,55,,45732,35,,,1,15,,45733,57,0,10 14 20,1,15,,45734,35,,,1,15,,45735,57,0,10 14 20,1,55,,45736,35,,,1,10,,45737,57,0,10 14 20,1,15,,45738,35,,,1,15,,45739,57,0,10 14 20,1,55,,45740,35,,,1,16,,45741,57,0,10 14 20,1,15,,45742,35,,,1,15,,45743,57,0,10 14 20,1,55,,45744,35,,,1,15,,45745,57,0,10 14 20,1,15,,45746,35,,,1,15,,45747,57,0,10 14 20,1,55,,45748,35,,,1,15,,45749,57,0,10 14 20,1,15,,45750,31,,,1,15,,45751,57,0,10 14 20,1,55,,45752,31,,,1,15,,45753,57,0,10 14 20,1,15,,45754,31,,,1,21,,45755,57,0,10 14 20,1,55,,45756,31,,,1,17,,45757,57,0,10 14 20,1,15,,45758,31,,,1,15,,45759,57,0,10 14 20,1,55,,45760,31,,,1,13,,45761,57,0,10 14 20,1,13,,45762,31,,,1,15,,45763,57,0,10 14 20,1,55,,45764,31,,,1,12,,45765,57,0,10 14 20,1,20,,45767,31,,,1,20,,45771,31,,,1,60,,45768,57,0,10 14 20,1,15,,45772,31,,,1,15,,45769,57,0,10 14 20,1,60,,45773,31,,,1,20,,45770,57,0,10 14 20,1,20,,45774,31,,,1,59,,45775,57,0,10 14 20,1,25,,45778,31,,,1,70,,45776,57,0,10 14 20,1,30,,45779,31,,,1,25,,45777,57,0,10 14 20,1,65,,45780,31,,,1,18,,45781,57,0,10 14 20,1,74,,45783,31,,,1,29,,45782,57,0,10 14 20,1,64,,45784,31,,,1
1301,'3',635,,45785,57,0,10 14 20,1,75,,45786,31,,,1,35,,45787,57,0,10 14 20,1,62,,45788,31,,,1,16,,45792,57,0,10 14 20,1,16,,45789,31,,,1,16,,45793,57,0,10 14 20,1,56,,45790,31,,,1,16,,45794,31,,,1,16,,45791,57,0,10 14 20,1,16,,45795,31,,,1,56,,45796,57,0,10 14 20,1,15,,45797,31,,,1,10,,45813,57,0,10 14 20,1,15,,45798,31,,,1,55,,45814,57,0,10 14 20,1,15,,45799,31,,,1,15,,45815,57,0,10 14 20,1,15,,45800,31,,,1,57,,45816,57,0,10 14 20,1,15,,45801,31,,,1,15,,45817,57,0,10 14 20,1,15,,45802,31,,,1,55,,45818,57,0,10 14 20,1,15,,45803,31,,,1,10,,45819,57,0,10 14 20,1,15,,45804,31,,,1,55,,45820,57,0,10 14 20,1,15,,45805,31,,,1,15,,45821,57,0,10 14 20,1,15,,45806,31,,,1,55,,45822,57,0,10 14 20,1,15,,45807,31,,,1,15,,45823,57,0,10 14 20,1,15,,45808,31,,,1,50,,45824,57,0,10 14 20,1,15,,45809,31,,,1,15,,45825,57,0,10 14 20,1,15,,45810,31,,,1,55,,45826,57,0,10 14 20,1,15,,45811,31,,,1,15,,45827,57,0,10 14 20,1,15,,45812,31,,,1,55,,45828,57,0,10 14 20,1,15,,45833,31,,,1,15,,45829,57,0,10 14 20,1,15,,45834,31,,,1,60,,45830,57,0,10 14 20,1,20,,45835,31,,,1,20,,45831,57,0,10 14 20,1,60,,45836,31,,,1,20,,45832,57,0,10 14 20,1,20,,45837,31,,,1,59,,45838,57,0,10 14 20,1,24,,45842,31,,,1,70,,45839,57,0,10 14 20,1,30,,45843,31,,,1,20,,45840,57,0,10 14 20,1,65,,45844,31,,,1,30,,45841,57,0,10 14 20,1,69,,45845,31,,,1,42,,45847,57,0,10 14 20,1,51,,45846,31,,,1
1301,'30',709,,45869,57,0,10 14 20,1,35,,45871,31,,,1,75,,45870,57,0,10 14 20,1,35,,45872,31,,,1,69,,45873,13,,,1,6,,45868,57,0,10 14 20,1,30,,45867,31,,,1,71,,45856,57,0,10 14 20,1,70,,45866,31,,,1,25,,45855,57,0,10 14 20,1,30,,45865,31,,,1,71,,45854,57,0,10 14 20,1,30,,45864,31,,,1,70,,45853,57,0,10 14 20,1,30,,45863,31,,,1,70,,45852,57,0,10 14 20,1,30,,45862,31,,,1,70,,45851,57,0,10 14 20,1,30,,45861,31,,,1,65,,45850,57,0,10 14 20,1,30,,45860,31,,,1,70,,45849,57,0,10 14 20,1,30,,45859,31,,,1,70,,45848,57,0,10 14 20,1,27,,45858,31,,,1,65,,45874,57,0,10 14 20,1,30,,45878,31,,,1,65,,45875,57,0,10 14 20,1,25,,45879,31,,,1,15,,45876,57,0,10 14 20,1,70,,45880,31,,,1,30,,45877,57,0,10 14 20,1,71,,45881,31,,,1,37,,45882,57,0,10 14 20,1,51,,45857,31,,,1
1301,'4',709,,45904,57,0,10 14 20,1,35,,45906,31,,,1,75,,45905,57,0,10 14 20,1,35,,45907,31,,,1,69,,45908,13,,,1,6,,45903,57,0,10 14 20,1,30,,45902,31,,,1,71,,45891,57,0,10 14 20,1,70,,45901,31,,,1,25,,45890,57,0,10 14 20,1,30,,45900,31,,,1,71,,45889,57,0,10 14 20,1,30,,45899,31,,,1,70,,45888,57,0,10 14 20,1,30,,45898,31,,,1,70,,45887,57,0,10 14 20,1,30,,45897,31,,,1,70,,45886,57,0,10 14 20,1,30,,45896,31,,,1,65,,45885,57,0,10 14 20,1,30,,45895,31,,,1,70,,45884,57,0,10 14 20,1,30,,45894,31,,,1,70,,45883,57,0,10 14 20,1,27,,45893,31,,,1,65,,45909,57,0,10 14 20,1,30,,45913,31,,,1,65,,45910,57,0,10 14 20,1,25,,45914,31,,,1,15,,45911,57,0,10 14 20,1,70,,45915,31,,,1,30,,45912,57,0,10 14 20,1,71,,45916,31,,,1,37,,45917,57,0,10 14 20,1,51,,45892,31,,,1
10600,'11802',830,,50550,13,,,1,86,,50551,13,,,1,689,,50552,13,,,1,52,,50553,13,,,1
10600,'3302',713,,50554,13,,,1,20,,50569,13,,,1,21,,50555,13,,,1,60,,50570,13,,,1,25,,50556,13,,,1,20,,50571,13,,,1,66,,50557,13,,,1,20,,50572,13,,,1,65,,50558,13,,,1,25,,50573,13,,,1,20,,50559,13,,,1,65,,50574,13,,,1,20,,50560,13,,,1,60,,50575,13,,,1,25,,50561,13,,,1,21,,50576,13,,,1,65,,50562,13,,,1,20,,50577,13,,,1,25,,50563,13,,,1,60,,50578,13,,,1,26,,50564,13,,,1,60,,50579,13,,,1,25,,50565,13,,,1,20,,50580,13,,,1,65,,50566,13,,,1,22,,50581,13,,,1,70,,50567,13,,,1,20,,50582,13,,,1,10,,50584,13,,,1,25,,50568,13,,,1,57,,50583,13,,,1,10,,50585,13,,,1,20,,50590,13,,,1,59,,50586,13,,,1,18,,50591,13,,,1,22,,50587,13,,,1,58,,50592,13,,,1,22,,50588,13,,,1,18,,50593,13,,,1,62,,50589,13,,,1,17,,50594,13,,,1,78,,50595,13,,,1,41,,50596,13,,,1,80,,50597,13,,,1,80,,50598,13,,,1
10600,'3602',723,,50599,13,,,1,20,,50614,13,,,1,61,,50600,13,,,1,20,,50615,13,,,1,25,,50601,13,,,1,60,,50616,13,,,1,26,,50602,13,,,1,20,,50617,13,,,1,65,,50603,13,,,1,25,,50618,13,,,1,60,,50604,13,,,1,25,,50619,13,,,1,20,,50605,13,,,1,60,,50620,13,,,1,26,,50606,13,,,1,20,,50621,13,,,1,65,,50607,13,,,1,20,,50622,13,,,1,65,,50608,13,,,1,20,,50623,13,,,1,26,,50609,13,,,1,60,,50624,13,,,1,25,,50610,13,,,1,20,,50625,13,,,1,67,,50611,13,,,1,25,,50626,13,,,1,65,,50612,13,,,1,35,,50627,13,,,1,60,,50613,13,,,1,27,,50628,13,,,1,20,,50629,13,,,1,58,,50630,13,,,1,20,,50631,13,,,1,21,,50632,13,,,1,58,,50633,13,,,1,22,,50634,13,,,1,18,,50635,13,,,1
10600,'3903',1112,,50636,13,,,1,41,,50637,13,,,1,86,,50638,13,,,1,80,,50639,13,,,1,40,,50640,13,,,1,81,,50641,13,,,1,85,,50642,13,,,1,85,,50643,13,,,1,92,,50644,13,,,1,50,,50645,13,,,1,81,,50646,13,,,1,80,,50647,13,,,1,40,,50648,13,,,1,80,,50649,13,,,1,79,,50650,13,,,1,39,,50651,13,,,1,80,,50652,13,,,1
10600,'6404',1112,,50653,13,,,1,41,,50654,13,,,1,86,,50655,13,,,1,80,,50656,13,,,1,40,,50657,13,,,1,81,,50658,13,,,1,85,,50659,13,,,1,85,,50660,13,,,1,92,,50661,13,,,1,50,,50662,13,,,1,81,,50663,13,,,1,80,,50664,13,,,1,40,,50665,13,,,1,80,,50666,13,,,1,79,,50667,13,,,1,39,,50668,13,,,1
