201,'11802',746,,42903,54,0,13 24 25,1,75,,42905,48,0,10 24 25,1,29,,42904,54,0,13 24 25,1,70,,42906,48,0,10 24 25,1
201,'2',640,,42908,48,0,10 24 25,1,15,,42944,54,0,13 24 25,1,55,,42909,48,0,10 24 25,1,15,,42945,54,0,13 24 25,1,15,,42910,48,0,10 24 25,1,15,,42946,54,0,13 24 25,1,55,,42911,48,0,10 24 25,1,15,,42947,54,0,13 24 25,1,15,,42912,48,0,10 24 25,1,15,,42948,54,0,13 24 25,1,54,,42913,48,0,10 24 25,1,15,,42949,54,0,13 24 25,1,15,,42914,48,0,10 24 25,1,15,,42950,54,0,13 24 25,1,55,,42915,48,0,10 24 25,1,15,,42951,54,0,13 24 25,1,15,,42916,48,0,10 24 25,1,15,,42952,54,0,13 24 25,1,55,,42917,48,0,10 24 25,1,15,,42953,54,0,13 24 25,1,15,,42918,48,0,10 24 25,1,15,,42954,54,0,13 24 25,1,55,,42919,48,0,10 24 25,1,15,,42955,54,0,13 24 25,1,15,,42920,48,0,10 24 25,1,15,,42956,54,0,13 24 25,1,55,,42921,48,0,10 24 25,1,15,,42957,54,0,13 24 25,1,15,,42922,48,0,10 24 25,1,15,,42958,54,0,13 24 25,1,55,,42923,48,0,10 24 25,1,15,,42959,54,0,13 24 25,1,15,,42924,48,0,10 24 25,1,15,,42960,54,0,13 24 25,1,55,,42925,48,0,10 24 25,1,15,,42961,54,0,13 24 25,1,15,,42926,48,0,10 24 25,1,15,,42962,54,0,13 24 25,1,58,,42927,48,0,10 24 25,1,15,,42963,54,0,13 24 25,1,15,,42928,48,0,10 24 25,1,15,,42964,54,0,13 24 25,1,60,,42929,48,0,10 24 25,1,18,,42965,54,0,13 24 25,1,16,,42930,48,0,10 24 25,1,54,,42966,54,0,13 24 25,1,6,,42931,48,0,10 24 25,1,11,,42967,54,0,13 24 25,1,17,,42932,48,0,10 24 25,1,15,,42968,54,0,13 24 25,1,55,,42933,48,0,10 24 25,1,10,,42969,54,0,13 24 25,1,15,,42934,48,0,10 24 25,1,15,,42970,54,0,13 24 25,1,67,,42971,54,0,13 24 25,1,13,,42936,48,0,10 24 25,1,13,,42972,54,0,13 24 25,1,14,,42937,48,0,10 24 25,1,56,,42973,54,0,13 24 25,1,23,,42974,54,0,13 24 25,1,18,,42939,48,0,10 24 25,1,64,,42975,54,0,13 24 25,1,16,,42940,48,0,10 24 25,1,18,,42976,54,0,13 24 25,1,55,,42941,48,0,10 24 25,1,21,,42977,54,0,13 24 25,1,15,,42942,48,0,10 24 25,1,60,,42978,54,0,13 24 25,1,23,,42943,48,0,10 24 25,1,77,,42979,54,0,13 24 25,1,19,,42980,48,0,10 24 25,1
201,'3',636,,42983,54,0,13 24 25,1,70,,42984,48,0,10 24 25,1,30,,42985,54,0,13 24 25,1,72,,42986,48,0,10 24 25,1,15,,42987,54,0,13 24 25,1,15,,42988,48,0,10 24 25,1,10,,42989,54,0,13 24 25,1,55,,42990,48,0,10 24 25,1,10,,42991,54,0,13 24 25,1,15,,42992,48,0,10 24 25,1,15,,42993,54,0,13 24 25,1,15,,42994,48,0,10 24 25,1,55,,42995,54,0,13 24 25,1,15,,42996,48,0,10 24 25,1,10,,43039,30,,,1,5,,42997,54,0,13 24 25,1,15,,43018,48,0,10 24 25,1,55,,42998,54,0,13 24 25,1,15,,43019,48,0,10 24 25,1,15,,42999,54,0,13 24 25,1,15,,43020,48,0,10 24 25,1,55,,43000,54,0,13 24 25,1,10,,43021,48,0,10 24 25,1,15,,43001,54,0,13 24 25,1,10,,43022,48,0,10 24 25,1,55,,43002,54,0,13 24 25,1,15,,43023,48,0,10 24 25,1,15,,43003,54,0,13 24 25,1,15,,43024,48,0,10 24 25,1,55,,43004,54,0,13 24 25,1,16,,43025,48,0,10 24 25,1,15,,43005,54,0,13 24 25,1,10,,43026,48,0,10 24 25,1,10,,43006,54,0,13 24 25,1,55,,43027,48,0,10 24 25,1,15,,43007,54,0,13 24 25,1,15,,43028,48,0,10 24 25,1,15,,43008,54,0,13 24 25,1,55,,43029,48,0,10 24 25,1,15,,43009,54,0,13 24 25,1,15,,43030,48,0,10 24 25,1,15,,43010,54,0,13 24 25,1,50,,43031,48,0,10 24 25,1,15,,43011,54,0,13 24 25,1,15,,43032,48,0,10 24 25,1,10,,43012,54,0,13 24 25,1,15,,43033,48,0,10 24 25,1,54,,43013,54,0,13 24 25,1,15,,43034,48,0,10 24 25,1,10,,43014,54,0,13 24 25,1,15,,43035,48,0,10 24 25,1,55,,43015,54,0,13 24 25,1,15,,43036,48,0,10 24 25,1,15,,43016,54,0,13 24 25,1,15,,43037,48,0,10 24 25,1,55,,43017,54,0,13 24 25,1,15,,43038,48,0,10 24 25,1,15,,43040,54,0,13 24 25,1,15,,43041,48,0,10 24 25,1,55,,43042,54,0,13 24 25,1,25,,43047,48,0,10 24 25,1,70,,43043,54,0,13 24 25,1,30,,43048,48,0,10 24 25,1,67,,43044,54,0,13 24 25,1,30,,43049,48,0,10 24 25,1,70,,43045,54,0,13 24 25,1,30,,43050,48,0,10 24 25,1,78,,43046,54,0,13 24 25,1
201,'30',635,,43059,30,,,1,72,,43058,54,0,13 24 25,1,30,,43060,48,0,10 24 25,1,70,,43062,54,0,13 24 25,1,30,,43061,48,0,10 24 25,1,75,,43063,54,0,13 24 25,1,30,,43064,48,0,10 24 25,1,65,,43068,54,0,13 24 25,1,25,,43065,48,0,10 24 25,1,25,,43069,54,0,13 24 25,1,65,,43066,48,0,10 24 25,1,15,,43094,38,,,1,10,,43070,54,0,13 24 25,1,66,,43067,48,0,10 24 25,1,15,,43071,54,0,13 24 25,1,15,,43083,48,0,10 24 25,1,15,,43072,54,0,13 24 25,1,55,,43084,48,0,10 24 25,1,15,,43073,54,0,13 24 25,1,15,,43085,48,0,10 24 25,1,15,,43074,54,0,13 24 25,1,55,,43086,48,0,10 24 25,1,15,,43075,54,0,13 24 25,1,15,,43087,48,0,10 24 25,1,15,,43076,54,0,13 24 25,1,55,,43088,48,0,10 24 25,1,15,,43077,54,0,13 24 25,1,15,,43089,48,0,10 24 25,1,15,,43078,54,0,13 24 25,1,55,,43090,48,0,10 24 25,1,15,,43079,54,0,13 24 25,1,15,,43091,48,0,10 24 25,1,15,,43080,54,0,13 24 25,1,55,,43092,48,0,10 24 25,1,15,,43081,54,0,13 24 25,1,15,,43093,48,0,10 24 25,1,15,,43082,54,0,13 24 25,1,54,,43095,48,0,10 24 25,1,35,,43101,54,0,13 24 25,1,55,,43096,48,0,10 24 25,1,25,,43102,54,0,13 24 25,1,25,,43097,48,0,10 24 25,1,65,,43103,54,0,13 24 25,1,25,,43098,48,0,10 24 25,1,65,,43104,54,0,13 24 25,1,25,,43099,48,0,10 24 25,1,25,,43105,54,0,13 24 25,1,65,,43100,48,0,10 24 25,1,25,,43106,54,0,13 24 25,1,60,,43057,48,0,10 24 25,1
201,'4',635,,43113,30,,,1,72,,43112,54,0,13 24 25,1,30,,43114,48,0,10 24 25,1,70,,43116,54,0,13 24 25,1,30,,43115,48,0,10 24 25,1,75,,43117,54,0,13 24 25,1,30,,43118,48,0,10 24 25,1,65,,43122,54,0,13 24 25,1,25,,43119,48,0,10 24 25,1,25,,43123,54,0,13 24 25,1,65,,43120,48,0,10 24 25,1,15,,43148,38,,,1,10,,43124,54,0,13 24 25,1,66,,43121,48,0,10 24 25,1,15,,43125,54,0,13 24 25,1,15,,43137,48,0,10 24 25,1,15,,43126,54,0,13 24 25,1,55,,43138,48,0,10 24 25,1,15,,43127,54,0,13 24 25,1,15,,43139,48,0,10 24 25,1,15,,43128,54,0,13 24 25,1,55,,43140,48,0,10 24 25,1,15,,43129,54,0,13 24 25,1,15,,43141,48,0,10 24 25,1,15,,43130,54,0,13 24 25,1,55,,43142,48,0,10 24 25,1,15,,43131,54,0,13 24 25,1,15,,43143,48,0,10 24 25,1,15,,43132,54,0,13 24 25,1,55,,43144,48,0,10 24 25,1,15,,43133,54,0,13 24 25,1,15,,43145,48,0,10 24 25,1,15,,43134,54,0,13 24 25,1,55,,43146,48,0,10 24 25,1,15,,43135,54,0,13 24 25,1,15,,43147,48,0,10 24 25,1,15,,43136,54,0,13 24 25,1,54,,43149,48,0,10 24 25,1,35,,43155,54,0,13 24 25,1,55,,43150,48,0,10 24 25,1,25,,43156,54,0,13 24 25,1,25,,43151,48,0,10 24 25,1,65,,43157,54,0,13 24 25,1,25,,43152,48,0,10 24 25,1,65,,43158,54,0,13 24 25,1,25,,43153,48,0,10 24 25,1,25,,43159,54,0,13 24 25,1,65,,43154,48,0,10 24 25,1,25,,43160,54,0,13 24 25,1,60,,43111,48,0,10 24 25,1
10201,'11802',912,,50351,10,,,1,21,,50352,10,,,1,809,,50353,10,,,1
10201,'3302',610,,50413,10,,,1,22,,50412,10,,,1,25,,50411,10,,,1,65,,50410,10,,,1,25,,50409,10,,,1,60,,50363,10,,,1,10,,50362,10,,,1,20,,50361,10,,,1,21,,50360,10,,,1,50,,50359,10,,,1,19,,50358,10,,,1,21,,50357,10,,,1,10,,50356,10,,,1,60,,50355,10,,,1,20,,50354,10,,,1,6,,50364,10,,,1,57,,50365,10,,,1,22,,50366,10,,,1,11,,50367,10,,,1,11,,50368,10,,,1,62,,50369,10,,,1,11,,50370,10,,,1,11,,50371,10,,,1,22,,50372,10,,,1,51,,50373,10,,,1,11,,50374,10,,,1,22,,50375,10,,,1,11,,50376,10,,,1,11,,50377,10,,,1,62,,50378,10,,,1,11,,50379,10,,,1,13,,50380,10,,,1,65,,50381,10,,,1,12,,50382,10,,,1,12,,50383,10,,,1,24,,50384,10,,,1,54,,50385,10,,,1,12,,50386,10,,,1,24,,50387,10,,,1,12,,50388,10,,,1,52,,50389,10,,,1,24,,50390,10,,,1,12,,50391,10,,,1,12,,50392,10,,,1,68,,50393,10,,,1,12,,50394,10,,,1,70,,50395,10,,,1,15,,50396,10,,,1,30,,50397,10,,,1,55,,50398,10,,,1,30,,50399,10,,,1,15,,50400,10,,,1,67,,50401,10,,,1,20,,50402,10,,,1,60,,50403,10,,,1,20,,50404,10,,,1,20,,50405,10,,,1,60,,50406,10,,,1,20,,50407,10,,,1,20,,50408,10,,,1
10201,'3602',827,,50419,10,,,1,20,,50418,10,,,1,69,,50417,10,,,1,22,,50416,10,,,1,70,,50415,10,,,1,20,,50414,10,,,1,84,,50420,10,,,1,44,,50421,10,,,1,84,,50422,10,,,1,84,,50423,10,,,1,84,,50424,10,,,1,48,,50425,10,,,1,88,,50426,10,,,1,90,,50427,10,,,1,88,,50428,10,,,1,86,,50429,10,,,1,45,,50430,10,,,1,85,,50431,10,,,1,85,,50432,10,,,1
10201,'3903',1127,,50433,10,,,1,82,,50434,10,,,1,44,,50435,10,,,1,80,,50436,10,,,1,80,,50437,10,,,1,41,,50438,10,,,1,80,,50439,10,,,1,84,,50440,10,,,1,84,,50441,10,,,1,45,,50442,10,,,1,80,,50443,10,,,1,80,,50444,10,,,1,40,,50445,10,,,1,80,,50446,10,,,1,78,,50447,10,,,1,34,,50448,10,,,1,75,,50449,10,,,1,35,,50450,10,,,1,75,,50451,10,,,1
10201,'6404',1127,,50452,10,,,1,82,,50453,10,,,1,44,,50454,10,,,1,80,,50455,10,,,1,80,,50456,10,,,1,41,,50457,10,,,1,80,,50458,10,,,1,84,,50459,10,,,1,84,,50460,10,,,1,45,,50461,10,,,1,80,,50462,10,,,1,80,,50463,10,,,1,40,,50464,10,,,1,80,,50465,10,,,1,78,,50466,10,,,1,34,,50467,10,,,1,75,,50468,10,,,1
