1600,'2',547,,29976,6,,,0,56,,29980,6,,,0,22,,29981,6,,,0,24,,29982,6,,,0,61,,29983,6,,,0,16,,29984,6,,,0,20,,29985,6,,,0,12,,29986,6,,,0,56,,29987,6,,,0,16,,29988,6,0,7 4 8,0,16,,29989,6,,,0,56,,29990,6,,,0,18,,29991,6,,,0,18,,29992,6,,,0,18,,29993,6,,,0,58,,29994,6,,,0,18,,29995,6,,,0,18,,29996,6,,,0,58,,29997,6,,,0,18,,29998,6,,,0,21,,29999,6,,,0,56,,30000,6,,,0,16,,30001,6,,,0,18,,30002,6,,,0,16,,30003,6,,,0,54,,30004,6,,,0,16,,30005,6,,,0,16,,30006,6,,,0,12,,30007,6,,,0,58,,30008,6,,,0,16,,30009,6,,,0,16,,30010,6,,,0,10,,30011,6,,,0,55,,30012,6,,,0,15,,30013,6,,,0,15,,30014,6,,,0,15,,30015,6,,,0,55,,30016,6,,,0,15,,30017,6,,,0,15,,30018,6,,,0,15,,30019,6,,,0,54,,30039,6,0,7 4 8,0,14,,30020,6,,,0,17,,30021,6,,,0,66,,30022,6,,,0,22,,30023,6,,,0,22,,30024,6,,,0,62,,30025,6,,,0,22,,30026,6,,,0,22,,30027,6,,,0,62,,30028,6,,,0,22,,30029,6,,,0,23,,30030,6,,,0,65,,30031,6,,,0,25,,30032,6,,,0,65,,30033,6,,,0,25,,30034,6,,,0,65,,30035,6,,,0,25,,30036,6,,,0,25,,30037,6,,,0,65,,30038,6,,,0,20,,29978,6,0,7 4 8,0,65,,29979,6,0,7 4 8,0
1600,'3',611,,30042,6,,,0,25,,30043,6,,,0,20,,30044,6,,,0,65,,30045,6,,,0,25,,30046,6,,,0,64,,30047,6,,,0,25,,30048,6,,,0,65,,30049,6,,,0,24,,30050,6,,,0,22,,30051,6,,,0,60,,30052,6,,,0,11,,30053,6,,,0,21,,30054,6,,,0,21,,30055,6,,,0,61,,30056,6,,,0,21,,30057,6,,,0,14,,30058,6,,,0,50,,30059,6,,,0,15,,30060,6,,,0,15,,30061,6,,,0,15,,30062,6,,,0,55,,30063,6,,,0,15,,30064,6,,,0,15,,30065,6,,,0,15,,30066,6,,,0,54,,30067,6,,,0,15,,30068,6,,,0,15,,30069,6,,,0,15,,30070,6,,,0,55,,30071,6,,,0,15,,30072,6,,,0,15,,30073,6,,,0,15,,30074,6,,,0,55,,30075,6,,,0,15,,30076,6,,,0,15,,30077,6,,,0,15,,30078,6,,,0,55,,30079,6,,,0,15,,30080,6,0,7 4 8,0,15,,30081,6,,,0,21,,30082,6,,,0,4,,30103,6,0,5 3 9,0,56,,30083,6,,,0,16,,30084,6,,,0,20,,30085,6,,,0,60,,30086,6,,,0,20,,30087,6,,,0,20,,30088,6,,,0,60,,30089,6,,,0,20,,30090,6,0,7 4 8,0,17,,30091,6,,,0,61,,30092,6,,,0,22,,30093,6,,,0,25,,30094,6,,,0,65,,30095,6,,,0,25,,30096,6,,,0,65,,30097,6,,,0,25,,30098,6,,,0,16,,30102,6,0,5 3 9,0,65,,30099,6,,,0,37,,30100,6,0,7 4 8,0,60,,30101,6,0,5 3 9,0
1600,'30',652,,30105,6,,,0,75,,30106,6,,,0,75,,30107,6,,,0,35,,30108,6,,,0,16,,30109,6,,,0,65,,30110,6,,,0,30,,30111,6,,,0,70,,30112,6,,,0,30,,30113,6,,,0,70,,30114,6,,,0,27,,30116,6,,,0,64,,30117,6,,,0,22,,30115,6,,,0,22,,30118,6,,,0,62,,30119,6,,,0,22,,30120,6,,,0,22,,30121,6,,,0,62,,30122,6,,,0,22,,30123,6,,,0,62,,30124,6,,,0,22,,30125,6,,,0,22,,30126,6,,,0,62,,30127,6,,,0,22,,30128,6,,,0,22,,30129,6,,,0,59,,30130,6,0,5 3 9,0,20,,30131,6,,,0,70,,30132,6,,,0,30,,30133,6,,,0,70,,30134,6,,,0,30,,30141,6,,,0,70,,30135,6,,,0,30,,30136,6,,,0,70,,30137,6,,,0,30,,30138,6,,,0,68,,30139,6,,,0,30,,30140,6,,,0,17,,30143,6,0,5 3 9,0,70,,30144,6,0,5 3 9,0
1600,'4',652,,30145,6,,,0,75,,30146,6,,,0,75,,30147,6,,,0,35,,30148,6,,,0,16,,30149,6,,,0,65,,30150,6,,,0,30,,30151,6,,,0,70,,30152,6,,,0,30,,30153,6,,,0,70,,30154,6,,,0,27,,30156,6,,,0,64,,30157,6,,,0,22,,30155,6,,,0,22,,30158,6,,,0,62,,30159,6,,,0,22,,30160,6,,,0,22,,30161,6,,,0,62,,30162,6,,,0,22,,30163,6,,,0,62,,30164,6,,,0,22,,30165,6,,,0,22,,30166,6,,,0,62,,30167,6,,,0,22,,30168,6,,,0,22,,30169,6,,,0,59,,30170,6,0,5 3 9,0,20,,30171,6,,,0,70,,30172,6,,,0,30,,30173,6,,,0,70,,30174,6,,,0,30,,30181,6,,,0,70,,30175,6,,,0,30,,30176,6,,,0,70,,30177,6,,,0,30,,30178,6,,,0,68,,30179,6,,,0,30,,30180,6,,,0,17,,30183,6,0,5 3 9,0,70,,30184,6,0,5 3 9,0
2501,'2',608,,31658,6,,,0,24,,31659,6,,,0,70,,31660,6,,,0,20,,31661,6,,,0,20,,31662,6,,,0,60,,31663,6,,,0,20,,31664,6,,,0,20,,31665,6,,,0,60,,31666,6,,,0,20,,31667,6,,,0,20,,31668,6,,,0,60,,31669,6,,,0,20,,31670,6,,,0,20,,31671,6,,,0,60,,31672,6,,,0,20,,31673,6,,,0,20,,31674,6,,,0,61,,31675,6,,,0,20,,31676,6,,,0,20,,31677,6,,,0,60,,31678,6,,,0,20,,31679,6,,,0,20,,31680,6,,,0,60,,31681,6,,,0,20,,31682,6,,,0,20,,31683,6,,,0,60,,31684,6,,,0,20,,31685,6,,,0,20,,31686,6,,,0,62,,31687,6,,,0,21,,31688,6,,,0,21,,31689,6,,,0,61,,31690,6,,,0,21,,31691,6,,,0,21,,31692,6,,,0,59,,31693,6,,,0,20,,31694,6,,,0,20,,31695,6,,,0,60,,31696,6,,,0,20,,31697,6,,,0,20,,31698,6,,,0,60,,31699,6,,,0,20,,31700,6,,,0,20,,31701,6,,,0,69,,31702,6,,,0,24,,31703,6,,,0,65,,31704,6,,,0,25,,31705,6,,,0,25,,31706,6,,,0,65,,31707,6,,,0,21,,31708,6,,,0
2501,'3',621,,31742,6,,,0,25,,31709,6,,,0,66,,31741,6,,,0,25,,31710,6,,,0,66,,31740,6,,,0,26,,31711,6,,,0,27,,31712,6,,,0,67,,31713,6,,,0,25,,31714,6,,,0,70,,31715,6,,,0,25,,31716,6,,,0,70,,31717,6,,,0,24,,31718,6,,,0,67,,31719,6,,,0,30,,31720,6,,,0,25,,31721,6,,,0,70,,31722,6,,,0,26,,31723,6,,,0,69,,31724,6,,,0,30,,31725,6,,,0,70,,31726,6,,,0,30,,31727,6,,,0,70,,31728,6,,,0,30,,31729,6,,,0,70,,31730,6,,,0,30,,31731,6,,,0,70,,31732,6,,,0,30,,31733,6,,,0,64,,31739,6,,,0,31,,31734,6,,,0,67,,31743,6,,,0,29,,31735,6,,,0,66,,31744,6,,,0,27,,31736,6,,,0,65,,31745,6,,,0,25,,31737,6,,,0,25,,31746,6,,,0,62,,31738,6,,,0
2501,'30',913,,31754,6,,,0,34,,31763,6,,,0,66,,31764,6,,,0,30,,31765,6,,,0,70,,31766,6,,,0,30,,31767,6,,,0,70,,31768,6,,,0,30,,31769,6,,,0,70,,31770,6,,,0,30,,31771,6,,,0,70,,31772,6,,,0,30,,31773,6,,,0,68,,31755,6,,,0,27,,31753,6,,,0,67,,31756,6,,,0,27,,31752,6,,,0,26,,31757,6,,,0,67,,31751,6,,,0,27,,31758,6,,,0,67,,31750,6,,,0,27,,31759,6,,,0,65,,31762,6,,,0,30,,31760,6,,,0,70,,31774,6,,,0,30,,31749,6,,,0,72,,31775,6,,,0,31,,31748,6,,,0,69,,31776,6,,,0,15,,31747,6,,,0,82,,31761,6,,,0
2501,'4',913,,31784,6,,,0,34,,31793,6,,,0,66,,31794,6,,,0,30,,31795,6,,,0,70,,31796,6,,,0,30,,31797,6,,,0,70,,31798,6,,,0,30,,31799,6,,,0,70,,31800,6,,,0,30,,31801,6,,,0,70,,31802,6,,,0,30,,31803,6,,,0,68,,31785,6,,,0,27,,31783,6,,,0,67,,31786,6,,,0,27,,31782,6,,,0,26,,31787,6,,,0,67,,31781,6,,,0,27,,31788,6,,,0,67,,31780,6,,,0,27,,31789,6,,,0,65,,31792,6,,,0,30,,31790,6,,,0,70,,31804,6,,,0,30,,31779,6,,,0,72,,31805,6,,,0,31,,31778,6,,,0,69,,31806,6,,,0,15,,31777,6,,,0,82,,31791,6,,,0
3400,'2',603,,32420,6,0,14,0,40,,32421,6,0,14,0,70,,32436,6,0,14,0,40,,32431,6,0,14,0,82,,32430,6,0,14,0,83,,32432,6,0,14,0,40,,32422,6,0,14,0,80,,32423,6,0,14,0,80,,32424,6,0,14,0,85,,32425,6,0,14,0,40,,32426,6,0,14,0,80,,32427,6,0,14,0,81,,32428,6,0,14,0,40,,32429,6,0,14,0,80,,32437,6,0,14,0,80,,32438,6,0,14,0,40,,32439,6,0,14,0,80,,32440,6,0,14,0,80,,32441,6,0,14,0,40,,32442,6,0,14,0,80,,32448,6,0,14,0,80,,32443,6,0,14,0,40,,32444,6,0,14,0,79,,32445,6,0,14,0,80,,32447,6,0,14,0,40,,32446,6,0,14,0,80,,32433,6,0,14,0,31,,32435,5,0,49 3 40 50 51,0,80,,32434,5,0,49 3 40 50 51,0
3400,'3',753,,32458,6,0,14,0,80,,32456,6,0,14,0,80,,32457,6,0,14,0,40,,32449,6,0,14,0,80,,32450,6,0,14,0,80,,32451,6,0,14,0,40,,32452,6,0,14,0,80,,32453,6,0,14,0,80,,32454,6,0,14,0,40,,32455,6,0,14,0,82,,32459,6,0,14,0,80,,32460,6,0,14,0,40,,32461,6,0,14,0,80,,32462,6,0,14,0,80,,32463,6,0,14,0,40,,32464,6,0,14,0,81,,32465,6,0,14,0,80,,32466,6,0,14,0,40,,32467,6,0,14,0,80,,32468,6,0,14,0,77,,32469,6,0,14,0,40,,32470,6,0,14,0,80,,32471,6,0,14,0
3400,'30',1004,,32472,6,0,14,0,40,,32473,6,0,14,0,80,,32474,6,0,14,0,81,,32475,6,0,14,0,40,,32476,6,0,14,0,80,,32477,6,0,14,0,78,,32478,6,0,14,0,40,,32479,6,0,14,0,80,,32480,6,0,14,0,80,,32481,6,0,14,0,40,,32482,6,0,14,0,80,,32483,6,0,14,0,80,,32484,6,0,14,0,40,,32485,6,0,14,0,80,,32486,6,0,14,0,80,,32487,6,0,14,0,40,,32488,6,0,14,0
3400,'4',1004,,32489,6,0,14,0,40,,32490,6,0,14,0,80,,32491,6,0,14,0,81,,32492,6,0,14,0,40,,32493,6,0,14,0,80,,32494,6,0,14,0,78,,32495,6,0,14,0,40,,32496,6,0,14,0,80,,32497,6,0,14,0,80,,32498,6,0,14,0,40,,32499,6,0,14,0,80,,32500,6,0,14,0,80,,32501,6,0,14,0,40,,32502,6,0,14,0,80,,32503,6,0,14,0,80,,32504,6,0,14,0,40,,32505,6,0,14,0
