400,'11802',1453,,43357,7,0,13 18 19 20,1,286,,43358,7,0,10 18 19 20,1
400,'2',615,,43385,7,0,13 18 19 20,1,38,,43384,7,0,10 18 19 20,1,55,,43383,7,0,13 18 19 20,1,15,,43382,7,0,10 18 19 20,1,15,,43381,7,0,13 18 19 20,1,15,,43380,7,0,10 18 19 20,1,55,,43379,7,0,13 18 19 20,1,15,,43378,7,0,10 18 19 20,1,15,,43377,7,0,13 18 19 20,1,21,,43376,7,0,10 18 19 20,1,60,,43375,7,0,13 18 19 20,1,20,,43374,7,0,10 18 19 20,1,20,,43373,7,0,13 18 19 20,1,60,,43372,7,0,10 18 19 20,1,20,,43371,7,0,13 18 19 20,1,20,,43370,7,0,10 18 19 20,1,60,,43369,7,0,13 18 19 20,1,20,,43368,7,0,10 18 19 20,1,20,,43367,7,0,13 18 19 20,1,60,,43366,7,0,10 18 19 20,1,20,,43365,7,0,13 18 19 20,1,20,,43364,7,0,10 18 19 20,1,60,,43363,7,0,13 18 19 20,1,17,,43362,7,0,10 18 19 20,1,14,,43387,7,0,13 18 19 20,1,50,,43388,7,0,10 18 19 20,1,15,,43396,7,0,13 18 19 20,1,15,,43389,7,0,10 18 19 20,1,15,,43397,7,0,13 18 19 20,1,55,,43390,7,0,10 18 19 20,1,15,,43398,7,0,13 18 19 20,1,15,,43391,7,0,10 18 19 20,1,14,,43399,7,0,13 18 19 20,1,13,,43392,7,0,10 18 19 20,1,55,,43400,7,0,13 18 19 20,1,10,,43393,7,0,10 18 19 20,1,15,,43401,7,0,13 18 19 20,1,15,,43394,7,0,10 18 19 20,1,50,,43402,7,0,13 18 19 20,1,15,,43395,7,0,10 18 19 20,1,10,,43403,7,0,13 18 19 20,1,23,,43404,7,0,10 18 19 20,1,61,,43405,7,0,13 18 19 20,1,15,,43409,7,0,10 18 19 20,1,20,,43406,7,0,13 18 19 20,1,60,,43410,7,0,10 18 19 20,1,20,,43407,7,0,13 18 19 20,1,20,,43411,7,0,10 18 19 20,1,60,,43408,7,0,13 18 19 20,1,17,,43412,7,0,10 18 19 20,1,15,,43413,7,0,13 18 19 20,1,67,,43416,7,0,10 18 19 20,1,30,,43414,7,0,13 18 19 20,1,70,,43417,7,0,10 18 19 20,1,30,,43415,7,0,13 18 19 20,1,72,,43418,7,0,10 18 19 20,1,40,,43419,7,0,13 18 19 20,1,99,,43420,7,0,13 18 19 20,1
400,'3',604,,43423,7,0,13 18 19 20,1,13,,43422,7,0,10 18 19 20,1,32,,43425,7,0,13 18 19 20,1,70,,43432,7,0,10 18 19 20,1,30,,43426,7,0,13 18 19 20,1,68,,43433,7,0,10 18 19 20,1,30,,43427,7,0,13 18 19 20,1,70,,43434,7,0,10 18 19 20,1,30,,43428,7,0,13 18 19 20,1,68,,43435,7,0,10 18 19 20,1,30,,43429,7,0,13 18 19 20,1,70,,43436,7,0,10 18 19 20,1,30,,43430,7,0,13 18 19 20,1,67,,43437,7,0,10 18 19 20,1,29,,43431,7,0,13 18 19 20,1,63,,43438,7,0,10 18 19 20,1,20,,43443,7,0,13 18 19 20,1,25,,43439,7,0,10 18 19 20,1,64,,43444,7,0,13 18 19 20,1,25,,43440,7,0,10 18 19 20,1,65,,43445,7,0,13 18 19 20,1,25,,43441,7,0,10 18 19 20,1,25,,43446,7,0,13 18 19 20,1,65,,43442,7,0,10 18 19 20,1,25,,43447,7,0,13 18 19 20,1,65,,43454,7,0,10 18 19 20,1,25,,43450,7,0,13 18 19 20,1,25,,43455,7,0,10 18 19 20,1,65,,43451,7,0,13 18 19 20,1,25,,43456,7,0,10 18 19 20,1,65,,43452,7,0,13 18 19 20,1,25,,43457,7,0,10 18 19 20,1,65,,43453,7,0,13 18 19 20,1,25,,43458,7,0,10 18 19 20,1,23,,43459,7,0,13 18 19 20,1,70,,43462,7,0,10 18 19 20,1,35,,43460,7,0,13 18 19 20,1,70,,43463,7,0,10 18 19 20,1,30,,43461,7,0,13 18 19 20,1,70,,43464,7,0,10 18 19 20,1,27,,43448,7,0,13 18 19 20,1,94,,43449,7,0,10 18 19 20,1
400,'30',647,,43495,7,0,13 18 19 20,1,82,,43496,7,0,10 18 19 20,1,80,,43497,7,0,13 18 19 20,1,43,,43467,7,0,10 18 19 20,1,74,,43468,7,0,13 18 19 20,1,25,,43469,7,0,10 18 19 20,1,70,,43470,7,0,13 18 19 20,1,30,,43471,7,0,10 18 19 20,1,70,,43472,7,0,13 18 19 20,1,30,,43473,7,0,10 18 19 20,1,66,,43474,7,0,13 18 19 20,1,30,,43475,7,0,10 18 19 20,1,70,,43476,7,0,13 18 19 20,1,30,,43477,7,0,10 18 19 20,1,70,,43478,7,0,13 18 19 20,1,30,,43479,7,0,10 18 19 20,1,70,,43480,7,0,13 18 19 20,1,30,,43481,7,0,10 18 19 20,1,70,,43482,7,0,13 18 19 20,1,30,,43483,7,0,10 18 19 20,1,70,,43484,7,0,13 18 19 20,1,30,,43485,7,0,10 18 19 20,1,72,,43486,7,0,13 18 19 20,1,30,,43487,7,0,10 18 19 20,1,70,,43488,7,0,13 18 19 20,1,30,,43489,7,0,10 18 19 20,1,70,,43490,7,0,13 18 19 20,1,30,,43491,7,0,10 18 19 20,1,70,,43492,7,0,13 18 19 20,1,30,,43493,7,0,10 18 19 20,1,66,,43494,7,0,13 18 19 20,1,29,,43465,7,0,10 18 19 20,1
400,'4',647,,43528,7,0,13 18 19 20,1,82,,43529,7,0,10 18 19 20,1,80,,43530,7,0,13 18 19 20,1,43,,43500,7,0,10 18 19 20,1,74,,43501,7,0,13 18 19 20,1,25,,43502,7,0,10 18 19 20,1,70,,43503,7,0,13 18 19 20,1,30,,43504,7,0,10 18 19 20,1,70,,43505,7,0,13 18 19 20,1,30,,43506,7,0,10 18 19 20,1,66,,43507,7,0,13 18 19 20,1,30,,43508,7,0,10 18 19 20,1,70,,43509,7,0,13 18 19 20,1,30,,43510,7,0,10 18 19 20,1,70,,43511,7,0,13 18 19 20,1,30,,43512,7,0,10 18 19 20,1,70,,43513,7,0,13 18 19 20,1,30,,43514,7,0,10 18 19 20,1,70,,43515,7,0,13 18 19 20,1,30,,43516,7,0,10 18 19 20,1,70,,43517,7,0,13 18 19 20,1,30,,43518,7,0,10 18 19 20,1,72,,43519,7,0,13 18 19 20,1,30,,43520,7,0,10 18 19 20,1,70,,43521,7,0,13 18 19 20,1,30,,43522,7,0,10 18 19 20,1,70,,43523,7,0,13 18 19 20,1,30,,43524,7,0,10 18 19 20,1,70,,43525,7,0,13 18 19 20,1,30,,43526,7,0,10 18 19 20,1,66,,43527,7,0,13 18 19 20,1,29,,43498,7,0,10 18 19 20,1
1701,'11802',1541,,46896,6,0,54 3 35,1,80,,46897,6,0,54 3 35,1
1701,'2',620,,46912,20,0,13 33,1,18,,46953,20,0,10 31,1,16,,46913,20,0,13 33,1,59,,46914,20,0,10 31,1,20,,46915,20,0,13 33,1,20,,46916,20,0,10 31,1,60,,46917,20,0,13 33,1,20,,46918,20,0,10 31,1,20,,46919,20,0,13 33,1,60,,46920,20,0,10 31,1,20,,46921,20,0,13 33,1,20,,46922,20,0,10 31,1,60,,46923,20,0,13 33,1,20,,46924,20,0,10 31,1,19,,46925,20,0,13 33,1,60,,46926,20,0,10 31,1,19,,46927,20,0,13 33,1,20,,46928,20,0,10 31,1,61,,46929,20,0,13 33,1,20,,46930,20,0,10 31,1,21,,46931,20,0,13 33,1,60,,46932,20,0,10 31,1,20,,46933,20,0,13 33,1,21,,46934,20,0,10 31,1,61,,46935,20,0,13 33,1,16,,46936,20,0,10 31,1,20,,46937,20,0,13 33,1,60,,46938,20,0,10 31,1,20,,46939,20,0,13 33,1,20,,46940,20,0,10 31,1,60,,46941,20,0,13 33,1,20,,46942,20,0,10 31,1,15,,46943,20,0,13 33,1,55,,46944,20,0,10 31,1,20,,46945,20,0,13 33,1,18,,46946,20,0,10 31,1,64,,46947,20,0,13 33,1,19,,46908,20,0,10 31,1,19,,46907,20,0,10 31,1,59,,46906,20,0,10 31,1,19,,46905,20,0,10 31,1,19,,46904,20,0,10 31,1,19,,46903,20,0,10 31,1,59,,46902,20,0,10 31,1,25,,46901,20,0,10 31,1,68,,46899,20,0,10 31,1,30,,46900,20,0,10 31,1,20,,46948,20,0,10 31,1,65,,46949,20,0,10 31,1,25,,46950,20,0,10 31,1,65,,46951,20,0,10 31,1,22,,46952,20,0,10 31,1,65,,46909,20,0,10 31,1,50,,46955,20,0,10 31,1
1701,'3',608,,46990,20,0,10 31,1,35,,46989,20,0,10 31,1,74,,46988,20,0,10 31,1,35,,46956,20,0,10 31,1,75,,46987,20,0,10 31,1,75,,46986,20,0,10 31,1,30,,46985,20,0,10 31,1,27,,46992,20,0,10 31,1,69,,46984,20,0,10 31,1,30,,46983,20,0,10 31,1,70,,46982,20,0,10 31,1,30,,46981,20,0,10 31,1,70,,46980,20,0,10 31,1,30,,46979,20,0,10 31,1,70,,46978,20,0,10 31,1,30,,46977,20,0,10 31,1,70,,46976,20,0,10 31,1,30,,46975,20,0,10 31,1,70,,46974,20,0,10 31,1,30,,46973,20,0,10 31,1,70,,46972,20,0,10 31,1,30,,46971,20,0,10 31,1,70,,46970,20,0,10 31,1,73,,46969,20,0,10 31,1,30,,46968,20,0,10 31,1,20,,46967,20,0,10 31,1,70,,46966,20,0,10 31,1,30,,46965,20,0,10 31,1,70,,46964,20,0,10 31,1,20,,46963,20,0,10 31,1,71,,46962,20,0,10 31,1,30,,46961,20,0,10 31,1,70,,46960,20,0,10 31,1,15,,46993,20,0,10 31,1,30,,46959,20,0,10 31,1,65,,46958,20,0,10 31,1,20,,46957,20,0,10 31,1,60,,46994,20,0,10 31,1,30,,46995,20,0,10 31,1
1701,'30',625,,47026,20,0,10 31,1,75,,47027,20,0,10 31,1,35,,47028,20,0,10 31,1,75,,47029,20,0,10 31,1,32,,46998,20,0,10 31,1,70,,46999,20,0,10 31,1,30,,47000,20,0,10 31,1,15,,47001,20,0,10 31,1,65,,47002,20,0,10 31,1,30,,47003,20,0,10 31,1,70,,47004,20,0,10 31,1,28,,47005,20,0,10 31,1,64,,47006,20,0,10 31,1,25,,47007,20,0,10 31,1,70,,47008,20,0,10 31,1,30,,47009,20,0,10 31,1,65,,47010,20,0,10 31,1,28,,47011,20,0,10 31,1,70,,47012,20,0,10 31,1,30,,47013,20,0,10 31,1,70,,47014,20,0,10 31,1,30,,47015,20,0,10 31,1,25,,47016,20,0,10 31,1,70,,47017,20,0,10 31,1,30,,47018,20,0,10 31,1,70,,47019,20,0,10 31,1,80,,47020,20,0,10 31,1,35,,47021,20,0,10 31,1,70,,47022,20,0,10 31,1,40,,47023,20,0,10 31,1,75,,47024,20,0,10 31,1,30,,47025,20,0,10 31,1,75,,46996,20,0,10 31,1,70,,46997,20,0,10 31,1
1701,'4',625,,47060,20,0,10 31,1,75,,47061,20,0,10 31,1,35,,47062,20,0,10 31,1,75,,47063,20,0,10 31,1,32,,47032,20,0,10 31,1,70,,47033,20,0,10 31,1,30,,47034,20,0,10 31,1,15,,47035,20,0,10 31,1,65,,47036,20,0,10 31,1,30,,47037,20,0,10 31,1,70,,47038,20,0,10 31,1,28,,47039,20,0,10 31,1,64,,47040,20,0,10 31,1,25,,47041,20,0,10 31,1,70,,47042,20,0,10 31,1,30,,47043,20,0,10 31,1,65,,47044,20,0,10 31,1,28,,47045,20,0,10 31,1,70,,47046,20,0,10 31,1,30,,47047,20,0,10 31,1,70,,47048,20,0,10 31,1,30,,47049,20,0,10 31,1,25,,47050,20,0,10 31,1,70,,47051,20,0,10 31,1,30,,47052,20,0,10 31,1,70,,47053,20,0,10 31,1,80,,47054,20,0,10 31,1,35,,47055,20,0,10 31,1,70,,47056,20,0,10 31,1,40,,47057,20,0,10 31,1,75,,47058,20,0,10 31,1,30,,47059,20,0,10 31,1,75,,47030,20,0,10 31,1,70,,47031,20,0,10 31,1
10401,'3302',733,,50511,7,,,1,70,,50512,7,,,1,32,,50513,7,,,1,72,,50514,7,,,1,30,,50515,7,,,1,70,,50516,7,,,1,29,,50517,7,,,1,71,,50518,7,,,1,28,,50519,7,,,1,74,,50520,7,,,1,27,,50521,7,,,1,72,,50522,7,,,1,24,,50523,7,,,1,69,,50524,7,,,1,28,,50525,7,,,1,72,,50526,7,,,1,29,,50527,7,,,1,70,,50528,7,,,1,30,,50529,7,,,1,73,,50530,7,,,1,31,,50531,7,,,1,70,,50532,7,,,1
10401,'3903',1008,,50549,7,,,1,21,,50535,7,,,1,30,,50536,7,,,1,67,,50537,7,,,1,29,,50538,7,,,1,60,,50539,7,,,1,30,,50540,7,,,1,65,,50541,7,,,1,29,,50542,7,,,1,68,,50543,7,,,1,31,,50544,7,,,1,70,,50545,7,,,1,30,,50546,7,,,1,69,,50547,7,,,1,30,,50548,7,,,1,70,,50534,7,,,1,30,,50533,7,,,1
