401,'11802',725,,43532,45,0,13 40 41,1,82,,43531,45,0,13 40 41,1
401,'2',600,,43559,39,0,10 40 41,1,36,,43558,45,0,13 40 41,1,11,,43600,39,0,10 40 41,1,71,,43557,39,0,10 40 41,1,15,,43556,45,0,13 40 41,1,10,,43555,11,,,1,57,,43554,39,0,10 40 41,1,15,,43553,39,0,10 40 41,1,15,,43552,45,0,13 40 41,1,15,,43551,39,0,10 40 41,1,55,,43550,45,0,13 40 41,1,15,,43549,39,0,10 40 41,1,15,,43548,45,0,13 40 41,1,15,,43547,39,0,10 40 41,1,55,,43546,45,0,13 40 41,1,20,,43545,39,0,10 40 41,1,20,,43544,45,0,13 40 41,1,60,,43543,39,0,10 40 41,1,20,,43542,45,0,13 40 41,1,21,,43541,39,0,10 40 41,1,60,,43540,45,0,13 40 41,1,20,,43539,39,0,10 40 41,1,20,,43538,45,0,13 40 41,1,60,,43537,39,0,10 40 41,1,20,,43536,45,0,13 40 41,1,20,,43535,39,0,10 40 41,1,60,,43534,45,0,13 40 41,1,21,,43533,39,0,10 40 41,1,15,,43562,45,0,13 40 41,1,19,,43570,39,0,10 40 41,1,55,,43563,45,0,13 40 41,1,15,,43571,39,0,10 40 41,1,15,,43564,45,0,13 40 41,1,15,,43572,39,0,10 40 41,1,56,,43565,45,0,13 40 41,1,15,,43573,39,0,10 40 41,1,15,,43566,45,0,13 40 41,1,15,,43574,39,0,10 40 41,1,55,,43567,45,0,13 40 41,1,15,,43575,39,0,10 40 41,1,15,,43568,45,0,13 40 41,1,15,,43576,39,0,10 40 41,1,50,,43569,45,0,13 40 41,1,17,,43579,39,0,10 40 41,1,21,,43584,45,0,13 40 41,1,60,,43580,39,0,10 40 41,1,20,,43585,45,0,13 40 41,1,20,,43581,39,0,10 40 41,1,60,,43586,45,0,13 40 41,1,20,,43582,39,0,10 40 41,1,20,,43587,45,0,13 40 41,1,68,,43583,39,0,10 40 41,1,33,,43588,45,0,13 40 41,1,70,,43591,39,0,10 40 41,1,30,,43589,45,0,13 40 41,1,70,,43592,39,0,10 40 41,1,30,,43590,45,0,13 40 41,1,70,,43593,39,0,10 40 41,1,90,,43594,45,0,13 40 41,1
401,'3',635,,43601,39,0,10 40 41,1,70,,43602,45,0,13 40 41,1,20,,43609,39,0,10 40 41,1,30,,43603,45,0,13 40 41,1,71,,43610,39,0,10 40 41,1,30,,43604,45,0,13 40 41,1,70,,43611,39,0,10 40 41,1,30,,43605,45,0,13 40 41,1,72,,43612,39,0,10 40 41,1,30,,43606,45,0,13 40 41,1,70,,43613,39,0,10 40 41,1,30,,43607,45,0,13 40 41,1,70,,43614,39,0,10 40 41,1,30,,43608,45,0,13 40 41,1,66,,43615,39,0,10 40 41,1,27,,43621,45,0,13 40 41,1,66,,43616,39,0,10 40 41,1,25,,43622,45,0,13 40 41,1,65,,43617,39,0,10 40 41,1,25,,43623,45,0,13 40 41,1,25,,43618,39,0,10 40 41,1,65,,43624,45,0,13 40 41,1,25,,43619,39,0,10 40 41,1,65,,43625,45,0,13 40 41,1,25,,43620,39,0,10 40 41,1,65,,43633,45,0,13 40 41,1,24,,43629,39,0,10 40 41,1,25,,43634,45,0,13 40 41,1,65,,43630,39,0,10 40 41,1,25,,43635,45,0,13 40 41,1,65,,43631,39,0,10 40 41,1,25,,43636,45,0,13 40 41,1,25,,43632,39,0,10 40 41,1,64,,43637,45,0,13 40 41,1,17,,43638,39,0,10 40 41,1,70,,43642,45,0,13 40 41,1,30,,43639,39,0,10 40 41,1,70,,43643,45,0,13 40 41,1,30,,43640,39,0,10 40 41,1,70,,43644,45,0,13 40 41,1,28,,43641,39,0,10 40 41,1,72,,43627,45,0,13 40 41,1
401,'30',705,,43677,39,0,10 40 41,1,45,,43676,45,0,13 40 41,1,85,,43675,39,0,10 40 41,1,86,,43646,45,0,13 40 41,1,85,,43647,39,0,10 40 41,1,30,,43648,45,0,13 40 41,1,64,,43649,39,0,10 40 41,1,30,,43650,45,0,13 40 41,1,27,,43651,39,0,10 40 41,1,71,,43652,45,0,13 40 41,1,29,,43653,39,0,10 40 41,1,72,,43654,45,0,13 40 41,1,30,,43655,39,0,10 40 41,1,70,,43656,45,0,13 40 41,1,30,,43657,39,0,10 40 41,1,70,,43658,45,0,13 40 41,1,30,,43659,39,0,10 40 41,1,70,,43660,45,0,13 40 41,1,30,,43661,39,0,10 40 41,1,69,,43662,45,0,13 40 41,1,30,,43663,39,0,10 40 41,1,70,,43664,45,0,13 40 41,1,30,,43665,39,0,10 40 41,1,70,,43666,45,0,13 40 41,1,28,,43667,39,0,10 40 41,1,72,,43668,45,0,13 40 41,1,30,,43669,39,0,10 40 41,1,72,,43670,45,0,13 40 41,1,28,,43671,39,0,10 40 41,1,70,,43672,45,0,13 40 41,1,78,,43645,39,0,10 40 41,1
401,'4',705,,43710,39,0,10 40 41,1,45,,43709,45,0,13 40 41,1,85,,43708,39,0,10 40 41,1,86,,43679,45,0,13 40 41,1,85,,43680,39,0,10 40 41,1,30,,43681,45,0,13 40 41,1,64,,43682,39,0,10 40 41,1,30,,43683,45,0,13 40 41,1,27,,43684,39,0,10 40 41,1,71,,43685,45,0,13 40 41,1,29,,43686,39,0,10 40 41,1,72,,43687,45,0,13 40 41,1,30,,43688,39,0,10 40 41,1,70,,43689,45,0,13 40 41,1,30,,43690,39,0,10 40 41,1,70,,43691,45,0,13 40 41,1,30,,43692,39,0,10 40 41,1,70,,43693,45,0,13 40 41,1,30,,43694,39,0,10 40 41,1,69,,43695,45,0,13 40 41,1,30,,43696,39,0,10 40 41,1,70,,43697,45,0,13 40 41,1,30,,43698,39,0,10 40 41,1,70,,43699,45,0,13 40 41,1,28,,43700,39,0,10 40 41,1,72,,43701,45,0,13 40 41,1,30,,43702,39,0,10 40 41,1,72,,43703,45,0,13 40 41,1,28,,43704,39,0,10 40 41,1,70,,43705,45,0,13 40 41,1,78,,43678,39,0,10 40 41,1
1700,'11802',707,,46724,17,,,1,226,,46728,17,,,1
1700,'2',630,,46739,37,0,10 23 20,1,20,,46740,45,0,13 23 20,1,60,,46780,37,0,10 23 20,1,20,,46741,45,0,13 23 20,1,21,,46781,37,0,10 23 20,1,59,,46742,45,0,13 23 20,1,20,,46743,37,0,10 23 20,1,18,,46744,45,0,13 23 20,1,61,,46745,37,0,10 23 20,1,20,,46746,45,0,13 23 20,1,20,,46747,37,0,10 23 20,1,60,,46748,45,0,13 23 20,1,20,,46749,37,0,10 23 20,1,20,,46750,45,0,13 23 20,1,60,,46751,37,0,10 23 20,1,20,,46752,45,0,13 23 20,1,20,,46753,37,0,10 23 20,1,59,,46754,45,0,13 23 20,1,20,,46755,37,0,10 23 20,1,21,,46756,45,0,13 23 20,1,61,,46757,37,0,10 23 20,1,25,,46758,45,0,13 23 20,1,23,,46759,37,0,10 23 20,1,61,,46760,45,0,13 23 20,1,20,,46761,37,0,10 23 20,1,20,,46762,45,0,13 23 20,1,58,,46763,37,0,10 23 20,1,20,,46764,45,0,13 23 20,1,17,,46765,37,0,10 23 20,1,55,,46766,45,0,13 23 20,1,21,,46767,37,0,10 23 20,1,23,,46768,45,0,13 23 20,1,60,,46769,37,0,10 23 20,1,20,,46770,45,0,13 23 20,1,22,,46771,37,0,10 23 20,1,53,,46772,45,0,13 23 20,1,23,,46773,37,0,10 23 20,1,23,,46782,37,0,10 23 20,1,61,,46775,45,0,13 23 20,1,14,,46729,37,0,10 23 20,1,19,,46738,37,0,10 23 20,1,59,,46737,37,0,10 23 20,1,19,,46736,37,0,10 23 20,1,19,,46735,37,0,10 23 20,1,59,,46734,37,0,10 23 20,1,17,,46733,37,0,10 23 20,1,21,,46731,37,0,10 23 20,1,70,,46732,37,0,10 23 20,1,25,,46730,37,0,10 23 20,1,20,,46776,37,0,10 23 20,1,65,,46777,37,0,10 23 20,1,25,,46778,37,0,10 23 20,1,65,,46779,37,0,10 23 20,1,22,,46783,37,0,10 23 20,1,25,,46784,37,0,10 23 20,1
1700,'3',624,,46819,37,0,10 23 20,1,78,,46817,37,0,10 23 20,1,36,,46818,37,0,10 23 20,1,80,,46816,37,0,10 23 20,1,35,,46815,37,0,10 23 20,1,70,,46814,37,0,10 23 20,1,82,,46813,37,0,10 23 20,1,31,,46812,37,0,10 23 20,1,72,,46811,37,0,10 23 20,1,30,,46820,37,0,10 23 20,1,70,,46810,37,0,10 23 20,1,31,,46809,37,0,10 23 20,1,70,,46808,37,0,10 23 20,1,30,,46807,37,0,10 23 20,1,70,,46806,37,0,10 23 20,1,30,,46805,37,0,10 23 20,1,70,,46804,37,0,10 23 20,1,30,,46803,37,0,10 23 20,1,70,,46802,37,0,10 23 20,1,30,,46801,37,0,10 23 20,1,70,,46800,37,0,10 23 20,1,30,,46799,37,0,10 23 20,1,68,,46798,37,0,10 23 20,1,30,,46797,37,0,10 23 20,1,68,,46796,37,0,10 23 20,1,30,,46795,37,0,10 23 20,1,20,,46794,37,0,10 23 20,1,70,,46793,37,0,10 23 20,1,30,,46792,37,0,10 23 20,1,70,,46791,37,0,10 23 20,1,14,,46790,37,0,10 23 20,1,69,,46789,37,0,10 23 20,1,30,,46788,37,0,10 23 20,1,70,,46787,37,0,10 23 20,1,15,,46821,37,0,10 23 20,1,30,,46786,37,0,10 23 20,1,63,,46822,37,0,10 23 20,1,19,,46823,37,0,10 23 20,1,20,,46824,37,0,10 23 20,1
1700,'30',650,,46855,37,0,10 23 20,1,75,,46856,37,0,10 23 20,1,75,,46857,37,0,10 23 20,1,35,,46858,37,0,10 23 20,1,75,,46828,37,0,10 23 20,1,30,,46829,37,0,10 23 20,1,70,,46830,37,0,10 23 20,1,30,,46831,37,0,10 23 20,1,65,,46832,37,0,10 23 20,1,25,,46833,37,0,10 23 20,1,22,,46834,37,0,10 23 20,1,72,,46835,37,0,10 23 20,1,30,,46836,37,0,10 23 20,1,65,,46837,37,0,10 23 20,1,25,,46838,37,0,10 23 20,1,70,,46839,37,0,10 23 20,1,30,,46840,37,0,10 23 20,1,68,,46841,37,0,10 23 20,1,30,,46842,37,0,10 23 20,1,70,,46843,37,0,10 23 20,1,30,,46844,37,0,10 23 20,1,70,,46845,37,0,10 23 20,1,30,,46846,37,0,10 23 20,1,60,,46847,37,0,10 23 20,1,28,,46848,37,0,10 23 20,1,70,,46849,37,0,10 23 20,1,30,,46850,37,0,10 23 20,1,80,,46851,37,0,10 23 20,1,35,,46852,37,0,10 23 20,1,75,,46853,37,0,10 23 20,1,35,,46854,37,0,10 23 20,1,71,,46827,37,0,10 23 20,1,30,,46860,37,0,10 23 20,1,75,,46859,37,0,10 23 20,1
1700,'4',650,,46890,37,0,10 23 20,1,75,,46891,37,0,10 23 20,1,75,,46892,37,0,10 23 20,1,35,,46893,37,0,10 23 20,1,75,,46863,37,0,10 23 20,1,30,,46864,37,0,10 23 20,1,70,,46865,37,0,10 23 20,1,30,,46866,37,0,10 23 20,1,65,,46867,37,0,10 23 20,1,25,,46868,37,0,10 23 20,1,22,,46869,37,0,10 23 20,1,72,,46870,37,0,10 23 20,1,30,,46871,37,0,10 23 20,1,65,,46872,37,0,10 23 20,1,25,,46873,37,0,10 23 20,1,70,,46874,37,0,10 23 20,1,30,,46875,37,0,10 23 20,1,68,,46876,37,0,10 23 20,1,30,,46877,37,0,10 23 20,1,70,,46878,37,0,10 23 20,1,30,,46879,37,0,10 23 20,1,70,,46880,37,0,10 23 20,1,30,,46881,37,0,10 23 20,1,60,,46882,37,0,10 23 20,1,28,,46883,37,0,10 23 20,1,70,,46884,37,0,10 23 20,1,30,,46885,37,0,10 23 20,1,80,,46886,37,0,10 23 20,1,35,,46887,37,0,10 23 20,1,75,,46888,37,0,10 23 20,1,35,,46889,37,0,10 23 20,1,71,,46862,37,0,10 23 20,1,30,,46895,37,0,10 23 20,1,75,,46894,37,0,10 23 20,1
10400,'3302',719,,50469,10,,,1,27,,50470,10,,,1,69,,50471,16,,,1,30,,50472,16,,,1,72,,50473,16,,,1,30,,50474,16,,,1,70,,50475,16,,,1,30,,50476,16,,,1,69,,50477,16,,,1,31,,50478,16,,,1,68,,50479,16,,,1,32,,50480,16,,,1,67,,50481,16,,,1,32,,50482,16,,,1,66,,50483,16,,,1,29,,50484,16,,,1,71,,50485,16,,,1,32,,50486,16,,,1,71,,50487,16,,,1,30,,50488,16,,,1,71,,50489,16,,,1,33,,50490,16,,,1,68,,50491,16,,,1,26,,50492,16,,,1
10400,'3903',1014,,50510,10,,,1,29,,50495,16,,,1,61,,50496,16,,,1,30,,50497,16,,,1,67,,50498,16,,,1,30,,50499,16,,,1,20,,50500,16,,,1,70,,50501,16,,,1,25,,50502,16,,,1,71,,50503,16,,,1,28,,50504,16,,,1,71,,50505,16,,,1,30,,50506,16,,,1,70,,50507,16,,,1,29,,50508,16,,,1,70,,50509,16,,,1,30,,50494,16,,,1,70,,50493,16,,,1
