201,'2',623,11,26624,17,0,13 24 25,0,30,11,26625,17,0,13 24 25,0,70,11,26626,17,0,13 24 25,0,30,11,26627,17,0,13 24 25,0,70,11,26628,17,0,13 24 25,0,27,10,26629,17,0,13 24 25,0,70,10,26630,17,0,13 24 25,0,30,10,26631,17,0,13 24 25,0,70,10,26632,17,0,13 24 25,0,30,10,26633,17,0,13 24 25,0,70,10,26634,17,0,13 24 25,0,30,9,26635,17,0,13 24 25,0,70,9,26636,17,0,13 24 25,0,30,9,26637,17,0,13 24 25,0,70,9,26638,17,0,13 24 25,0,27,7,26639,17,0,13 24 25,0,70,7,26640,17,0,13 24 25,0,30,7,26641,17,0,13 24 25,0,70,7,26642,17,0,13 24 25,0,29,8,26643,17,0,13 24 25,0,70,8,26644,17,0,13 24 25,0,38,8,26645,17,0,13 24 25,0,70,8,26646,17,0,13 24 25,0,27,6,26647,17,0,13 24 25,0,72,6,26648,17,0,13 24 25,0,25,6,26649,17,0,13 24 25,0,70,6,26650,17,0,13 24 25,0,27,6,26651,17,0,13 24 25,0,72,10,26652,17,0,13 24 25,0,30,10,26653,17,0,13 24 25,0,63,10,26654,17,0,13 24 25,0,42,10,26655,17,0,13 24 25,0,74,10,26656,17,0,13 24 25,0,76,50,26657,17,0,13 24 25,0,41,5,26658,17,0,13 24 25,0,59,,26661,17,4,,0,41,5,26659,17,0,13 24 25,0,74,,26662,17,4,,0
201,'3',611,53,26663,17,0,13 24 25,0,100,10,26665,17,0,13 24 25,0,42,6,26667,17,0,13 24 25,0,65,16,26669,17,0,13 24 25,0,25,9,26671,17,0,13 24 25,0,70,9,26673,17,0,13 24 25,0,29,8,26675,17,0,13 24 25,0,67,5,26677,17,0,13 24 25,0,30,7,26678,17,0,13 24 25,0,70,7,26679,17,0,13 24 25,0,31,8,26680,17,0,13 24 25,0,64,47,26681,17,0,13 24 25,0,25,5,26682,17,0,13 24 25,0,30,4,26683,17,0,13 24 25,0,70,4,26684,17,0,13 24 25,0,30,9,26685,17,0,13 24 25,0,60,5,26686,17,0,13 24 25,0,30,6,26687,17,0,13 24 25,0,70,6,26688,17,0,13 24 25,0,30,6,26689,17,0,13 24 25,0,70,11,26690,17,0,13 24 25,0,25,11,26691,17,0,13 24 25,0,65,6,26692,17,0,13 24 25,0,30,6,26693,17,0,13 24 25,0,70,7,26694,17,0,13 24 25,0,30,9,26695,17,0,13 24 25,0,70,9,26696,17,0,13 24 25,0,30,9,26697,17,0,13 24 25,0,70,9,26720,17,0,13 24 25,0,30,9,26722,17,0,13 24 25,0,20,,26733,17,4,,0,75,7,26723,17,0,13 24 25,0,97,5,26724,17,0,13 24 25,0,101,8,26725,17,0,13 24 25,0,108,17,26726,17,0,13 24 25,0,88,,26732,17,4,,0
201,'30',639,11,26738,17,0,13 24 25,0,99,,26742,17,0,13 24 25,0,106,,26743,17,0,13 24 25,0,95,,26748,17,0,13 24 25,0,90,,26749,17,0,13 24 25,0,79,,26774,1,,,0,10,,26750,17,0,13 24 25,0,39,,26751,17,0,13 24 25,0,70,,26752,17,0,13 24 25,0,30,,26753,17,0,13 24 25,0,70,,26754,17,0,13 24 25,0,30,6,26755,17,0,13 24 25,0,70,6,26756,17,0,13 24 25,0,30,6,26757,17,0,13 24 25,0,70,6,26758,17,0,13 24 25,0,30,6,26759,17,0,13 24 25,0,70,6,26760,17,0,13 24 25,0,30,6,26761,17,0,13 24 25,0,70,6,26762,17,0,13 24 25,0,21,,26787,17,4,,0,72,,26781,17,0,13 24 25,0,80,46,26782,17,0,13 24 25,0,50,6,26783,17,0,13 24 25,0,90,6,26784,17,0,13 24 25,0,90,6,26785,17,0,13 24 25,0,90,6,26786,17,0,13 24 25,0,80,,26735,17,4,,0
201,'4',639,11,26792,17,0,13 24 25,0,99,,26796,17,0,13 24 25,0,106,,26797,17,0,13 24 25,0,95,,26802,17,0,13 24 25,0,90,,26803,17,0,13 24 25,0,79,,26828,1,,,0,10,,26804,17,0,13 24 25,0,39,,26805,17,0,13 24 25,0,70,,26806,17,0,13 24 25,0,30,,26807,17,0,13 24 25,0,70,,26808,17,0,13 24 25,0,30,6,26809,17,0,13 24 25,0,70,6,26810,17,0,13 24 25,0,30,6,26811,17,0,13 24 25,0,70,6,26812,17,0,13 24 25,0,30,6,26813,17,0,13 24 25,0,70,6,26814,17,0,13 24 25,0,30,6,26815,17,0,13 24 25,0,70,6,26816,17,0,13 24 25,0,21,,26841,17,4,,0,72,,26835,17,0,13 24 25,0,80,46,26836,17,0,13 24 25,0,50,6,26837,17,0,13 24 25,0,90,6,26838,17,0,13 24 25,0,90,6,26839,17,0,13 24 25,0,90,6,26840,17,0,13 24 25,0,80,,26789,17,4,,0
700,'2',556,,27884,10,,,0,67,,27885,10,,,0,25,,27886,54,,,0,61,,27887,54,,,0,34,,27888,54,,,0,60,,27889,54,,,0,20,,27890,54,,,0,20,,27891,54,,,0,60,,27892,54,,,0,18,,27893,54,,,0,25,,27894,54,,,0,70,,27895,54,,,0,30,,27896,54,,,0,65,,27897,54,,,0,30,,27898,54,,,0,70,,27899,54,,,0,31,,27900,54,,,0,70,,27901,54,,,0,30,,27902,54,,,0,61,,27903,10,,,0,10,,27904,54,,,0,25,,27905,54,,,0,20,,27906,54,,,0,60,,27907,54,,,0,20,,27908,54,,,0,20,,27909,54,,,0,60,,27910,54,,,0,21,,27911,54,,,0,20,,27912,54,,,0,60,,27913,54,,,0,25,,27914,54,,,0,10,,27915,54,,,0,63,,27916,54,,,0,22,,27917,54,,,0,65,,27918,54,,,0,25,,27919,54,,,0,25,,27920,54,,,0,65,,27921,54,,,0,25,,27922,54,,,0,65,,27923,54,,,0,35,,27924,54,,,0,70,,27925,54,,,0,30,,27926,54,,,0,70,,27927,54,,,0,30,,27928,54,,,0,67,,27929,54,,,0
700,'3',644,,27965,54,,,0,69,,27966,54,,,0,30,,27964,54,,,0,82,,27930,54,,,0,30,,27963,54,,,0,70,,27931,54,,,0,25,,27932,54,,,0,65,,27933,54,,,0,30,,27934,54,,,0,70,,27935,54,,,0,25,,27936,54,,,0,65,,27937,54,,,0,32,,27938,54,,,0,70,,27939,54,,,0,30,,27940,54,,,0,65,,27941,54,,,0,30,,27942,54,,,0,70,,27943,54,,,0,30,,27944,54,,,0,70,,27945,54,,,0,30,,27946,54,,,0,70,,27947,54,,,0,30,,27948,54,,,0,70,,27949,54,,,0,24,,27950,54,,,0,30,,27951,54,,,0,70,,27952,54,,,0,30,,27953,54,,,0,65,,27954,54,,,0,30,,27955,54,,,0,68,,27956,54,,,0,30,,27957,54,,,0,68,,27958,54,,,0,32,,27959,54,,,0,70,,27960,54,,,0,30,,27961,54,,,0,70,,27962,54,,,0
700,'30',856,,27967,10,,,0,64,,27968,54,,,0,21,,27969,27,,,0,64,,27970,54,,,0,30,,27971,54,,,0,70,,27972,54,,,0,25,,27973,54,,,0,25,,27974,54,,,0,70,,27975,54,,,0,30,,27976,54,,,0,70,,27977,54,,,0,25,,27978,54,,,0,70,,27979,54,,,0,30,,27980,54,,,0,70,,27981,54,,,0,25,,27982,54,,,0,70,,27983,54,,,0,30,,27984,54,,,0,62,,27985,54,,,0,27,,27986,54,,,0,70,,27987,54,,,0,30,,27988,54,,,0,70,,27989,54,,,0,30,,27990,54,,,0,70,,27991,54,,,0,30,,27992,54,,,0,70,,27993,54,,,0,30,,27994,54,,,0,70,,27995,54,,,0,29,,27997,54,,,0,85,,27996,54,,,0
700,'4',856,,27998,10,,,0,64,,27999,54,,,0,21,,28000,27,,,0,64,,28001,54,,,0,30,,28002,54,,,0,70,,28003,54,,,0,25,,28004,54,,,0,25,,28005,54,,,0,70,,28006,54,,,0,30,,28007,54,,,0,70,,28008,54,,,0,25,,28009,54,,,0,70,,28010,54,,,0,30,,28011,54,,,0,70,,28012,54,,,0,25,,28013,54,,,0,70,,28014,54,,,0,30,,28015,54,,,0,62,,28016,54,,,0,27,,28017,54,,,0,70,,28018,54,,,0,30,,28019,54,,,0,70,,28020,54,,,0,30,,28021,54,,,0,70,,28022,54,,,0,30,,28023,54,,,0,70,,28024,54,,,0,30,,28025,54,,,0,70,,28026,54,,,0,29,,28028,54,,,0,85,,28027,54,,,0
1700,'2',650,,30402,66,4,,0,61,,30403,74,4,,0,20,,30443,66,4,,0,20,,30404,74,4,,0,61,,30444,66,4,,0,19,,30405,74,4,,0,20,,30406,66,4,,0,58,,30407,74,4,,0,20,,30408,66,4,,0,20,,30409,74,4,,0,60,,30410,66,4,,0,20,,30411,74,4,,0,20,,30412,66,4,,0,60,,30413,74,4,,0,20,,30414,66,4,,0,20,,30415,74,4,,0,61,,30416,66,4,,0,20,,30417,74,4,,0,20,,30418,66,4,,0,61,,30419,74,4,,0,21,,30420,66,4,,0,25,,30421,74,4,,0,63,,30422,66,4,,0,21,,30423,74,4,,0,60,,30424,66,4,,0,20,,30425,74,4,,0,20,,30426,66,4,,0,60,,30427,74,4,,0,17,,30428,66,4,,0,15,,30429,74,4,,0,21,,30430,66,4,,0,63,,30431,74,4,,0,20,,30432,66,4,,0,20,,30433,74,4,,0,59,,30434,66,4,,0,12,,30435,74,4,,0,23,,30436,66,4,,0,63,,30445,66,4,,0,21,,30438,74,4,,0,14,,30392,66,4,,0,59,,30401,66,4,,0,19,,30400,66,4,,0,19,,30399,66,4,,0,59,,30398,66,4,,0,18,,30397,66,4,,0,17,,30396,66,4,,0,61,,30394,66,4,,0,30,,30395,66,4,,0,25,,30393,66,4,,0,60,,30439,66,4,,0,25,,30440,66,4,,0,65,,30441,66,4,,0,25,,30442,66,4,,0,22,,30446,66,4,,0,65,,30447,66,4,,0
1700,'3',642,,30482,66,4,,0,80,,30480,66,4,,0,36,,30481,66,4,,0,80,,30479,66,4,,0,75,,30478,66,4,,0,30,,30477,66,4,,0,82,,30476,66,4,,0,31,,30475,66,4,,0,72,,30474,66,4,,0,30,,30483,66,4,,0,71,,30473,66,4,,0,71,,30472,66,4,,0,30,,30471,66,4,,0,70,,30470,66,4,,0,30,,30469,66,4,,0,70,,30468,66,4,,0,30,,30467,66,4,,0,70,,30466,66,4,,0,30,,30465,66,4,,0,70,,30464,66,4,,0,30,,30463,66,4,,0,70,,30462,66,4,,0,27,,30461,66,4,,0,30,,30460,66,4,,0,68,,30459,66,4,,0,30,,30458,66,4,,0,60,,30457,66,4,,0,30,,30456,66,4,,0,69,,30455,66,4,,0,30,,30454,66,4,,0,14,,30453,66,4,,0,69,,30452,66,4,,0,30,,30451,66,4,,0,70,,30450,66,4,,0,15,,30484,66,4,,0,70,,30449,66,4,,0,21,,30485,66,4,,0,19,,30486,66,4,,0,60,,30487,66,4,,0
1700,'30',711,,30518,66,4,,0,35,,30519,66,4,,0,75,,30520,66,4,,0,35,,30521,66,4,,0,75,,30491,66,4,,0,70,,30492,66,4,,0,30,,30493,66,4,,0,70,,30494,66,4,,0,25,,30495,66,4,,0,25,,30496,66,4,,0,62,,30497,66,4,,0,32,,30498,66,4,,0,70,,30499,66,4,,0,25,,30500,66,4,,0,65,,30501,66,4,,0,30,,30502,66,4,,0,70,,30503,66,4,,0,28,,30504,66,4,,0,70,,30505,66,4,,0,30,,30506,66,4,,0,70,,30507,66,4,,0,30,,30508,66,4,,0,70,,30509,66,4,,0,19,,30510,66,4,,0,28,,30511,66,4,,0,70,,30512,66,4,,0,30,,30513,66,4,,0,80,,30514,66,4,,0,75,,30515,66,4,,0,35,,30516,66,4,,0,75,,30517,66,4,,0,31,,30490,66,4,,0,70,,30523,66,4,,0,35,,30522,66,4,,0
1700,'4',711,,30553,66,4,,0,35,,30554,66,4,,0,75,,30555,66,4,,0,35,,30556,66,4,,0,75,,30526,66,4,,0,70,,30527,66,4,,0,30,,30528,66,4,,0,70,,30529,66,4,,0,25,,30530,66,4,,0,25,,30531,66,4,,0,62,,30532,66,4,,0,32,,30533,66,4,,0,70,,30534,66,4,,0,25,,30535,66,4,,0,65,,30536,66,4,,0,30,,30537,66,4,,0,70,,30538,66,4,,0,28,,30539,66,4,,0,70,,30540,66,4,,0,30,,30541,66,4,,0,70,,30542,66,4,,0,30,,30543,66,4,,0,70,,30544,66,4,,0,19,,30545,66,4,,0,28,,30546,66,4,,0,70,,30547,66,4,,0,30,,30548,66,4,,0,80,,30549,66,4,,0,75,,30550,66,4,,0,35,,30551,66,4,,0,75,,30552,66,4,,0,31,,30525,66,4,,0,70,,30558,66,4,,0,35,,30557,66,4,,0
1701,'2',606,,30572,1,0,13 33,0,18,,30613,1,0,10 31,0,16,,30573,1,0,13 33,0,19,,30574,1,0,10 31,0,60,,30575,1,0,13 33,0,20,,30576,1,0,10 31,0,20,,30577,1,0,13 33,0,60,,30578,1,0,10 31,0,20,,30579,1,0,13 33,0,20,,30580,1,0,10 31,0,60,,30581,1,0,13 33,0,20,,30582,1,0,10 31,0,20,,30583,1,0,13 33,0,60,,30584,1,0,10 31,0,19,,30585,1,0,13 33,0,20,,30586,1,0,10 31,0,59,,30587,1,0,13 33,0,20,,30588,1,0,10 31,0,21,,30589,1,0,13 33,0,60,,30590,1,0,10 31,0,21,,30591,1,0,13 33,0,20,,30592,1,0,10 31,0,59,,30593,1,0,13 33,0,21,,30594,1,0,10 31,0,61,,30595,1,0,13 33,0,16,,30596,1,0,10 31,0,20,,30597,1,0,13 33,0,20,,30598,1,0,10 31,0,60,,30599,1,0,13 33,0,20,,30600,1,0,10 31,0,20,,30601,1,0,13 33,0,60,,30602,1,0,10 31,0,15,,30603,1,0,13 33,0,15,,30604,1,0,10 31,0,60,,30605,1,0,13 33,0,18,,30606,1,0,10 31,0,24,,30607,1,0,13 33,0,59,,30568,1,0,10 31,0,19,,30567,1,0,10 31,0,19,,30566,1,0,10 31,0,59,,30565,1,0,10 31,0,19,,30564,1,0,10 31,0,19,,30563,1,0,10 31,0,59,,30562,1,0,10 31,0,25,,30561,1,0,10 31,0,29,,30559,1,0,10 31,0,71,,30560,1,0,10 31,0,20,,30608,1,0,10 31,0,65,,30609,1,0,10 31,0,25,,30610,1,0,10 31,0,65,,30611,1,0,10 31,0,22,,30612,1,0,10 31,0,25,,30569,1,0,10 31,0,90,,30615,1,0,10 31,0
1701,'3',555,,30650,1,0,10 31,0,75,,30649,1,0,10 31,0,73,,30648,1,0,10 31,0,35,,30616,1,0,10 31,0,75,,30647,1,0,10 31,0,35,,30646,1,0,10 31,0,70,,30645,1,0,10 31,0,27,,30652,1,0,10 31,0,69,,30644,1,0,10 31,0,30,,30643,1,0,10 31,0,70,,30642,1,0,10 31,0,30,,30641,1,0,10 31,0,70,,30640,1,0,10 31,0,30,,30639,1,0,10 31,0,70,,30638,1,0,10 31,0,30,,30637,1,0,10 31,0,70,,30636,1,0,10 31,0,30,,30635,1,0,10 31,0,70,,30634,1,0,10 31,0,30,,30633,1,0,10 31,0,70,,30632,1,0,10 31,0,30,,30631,1,0,10 31,0,70,,30630,1,0,10 31,0,33,,30629,1,0,10 31,0,70,,30628,1,0,10 31,0,20,,30627,1,0,10 31,0,70,,30626,1,0,10 31,0,30,,30625,1,0,10 31,0,70,,30624,1,0,10 31,0,20,,30623,1,0,10 31,0,31,,30622,1,0,10 31,0,70,,30621,1,0,10 31,0,30,,30620,1,0,10 31,0,55,,30653,1,0,10 31,0,30,,30619,1,0,10 31,0,65,,30618,1,0,10 31,0,20,,30617,1,0,10 31,0,20,,30654,1,0,10 31,0,70,,30655,1,0,10 31,0
1701,'30',611,,30686,1,0,10 31,0,35,,30687,1,0,10 31,0,75,,30688,1,0,10 31,0,35,,30689,1,0,10 31,0,72,,30658,1,0,10 31,0,30,,30659,1,0,10 31,0,70,,30660,1,0,10 31,0,15,,30661,1,0,10 31,0,65,,30662,1,0,10 31,0,30,,30663,1,0,10 31,0,70,,30664,1,0,10 31,0,28,,30665,1,0,10 31,0,23,,30666,1,0,10 31,0,65,,30667,1,0,10 31,0,30,,30668,1,0,10 31,0,70,,30669,1,0,10 31,0,25,,30670,1,0,10 31,0,68,,30671,1,0,10 31,0,30,,30672,1,0,10 31,0,70,,30673,1,0,10 31,0,30,,30674,1,0,10 31,0,70,,30675,1,0,10 31,0,25,,30676,1,0,10 31,0,70,,30677,1,0,10 31,0,30,,30678,1,0,10 31,0,70,,30679,1,0,10 31,0,40,,30680,1,0,10 31,0,75,,30681,1,0,10 31,0,30,,30682,1,0,10 31,0,80,,30683,1,0,10 31,0,75,,30684,1,0,10 31,0,30,,30685,1,0,10 31,0,75,,30656,1,0,10 31,0,30,,30657,1,0,10 31,0
1701,'4',611,,30720,1,0,10 31,0,35,,30721,1,0,10 31,0,75,,30722,1,0,10 31,0,35,,30723,1,0,10 31,0,72,,30692,1,0,10 31,0,30,,30693,1,0,10 31,0,70,,30694,1,0,10 31,0,15,,30695,1,0,10 31,0,65,,30696,1,0,10 31,0,30,,30697,1,0,10 31,0,70,,30698,1,0,10 31,0,28,,30699,1,0,10 31,0,23,,30700,1,0,10 31,0,65,,30701,1,0,10 31,0,30,,30702,1,0,10 31,0,70,,30703,1,0,10 31,0,25,,30704,1,0,10 31,0,68,,30705,1,0,10 31,0,30,,30706,1,0,10 31,0,70,,30707,1,0,10 31,0,30,,30708,1,0,10 31,0,70,,30709,1,0,10 31,0,25,,30710,1,0,10 31,0,70,,30711,1,0,10 31,0,30,,30712,1,0,10 31,0,70,,30713,1,0,10 31,0,40,,30714,1,0,10 31,0,75,,30715,1,0,10 31,0,30,,30716,1,0,10 31,0,80,,30717,1,0,10 31,0,75,,30718,1,0,10 31,0,30,,30719,1,0,10 31,0,75,,30690,1,0,10 31,0,30,,30691,1,0,10 31,0
3700,'2',642,,32876,1,,,0,70,,32875,1,,,0,30,,32874,1,,,0,70,,32873,1,,,0,716,,32869,1,,,0,30,,32872,1,,,0,70,,32871,1,,,0,30,,32870,1,,,0
3701,'2',705,,32884,15,4,,0,30,,32883,15,4,,0,70,,32882,15,4,,0,746,,32880,15,4,,0,70,,32879,15,4,,0,30,,32878,15,4,,0,70,,32877,15,4,,0
9400,'2',748,,33600,16,4,,0,66,,33601,16,4,,0,26,,33602,16,4,,0,66,,33603,16,4,,0,25,,33604,16,4,,0,26,,33605,16,4,,0,66,,33606,16,4,,0,319,,33607,16,4,,0,61,,33608,16,4,,0,22,,33609,16,4,,0,21,,33610,16,4,,0,61,,33611,16,4,,0,21,,33612,16,4,,0,21,,33613,16,4,,0,62,,33614,16,4,,0,24,,33615,16,4,,0,23,,33616,16,4,,0,64,,33617,16,4,,0,23,,33618,16,4,,0,61,,33619,16,4,,0,16,,33620,16,4,,0
9401,'2',659,,33621,1,,,0,66,,33622,1,,,0,26,,33623,1,,,0,66,,33624,1,,,0,26,,33625,1,,,0,66,,33626,1,,,0,26,,33627,1,,,0,312,,33628,1,,,0,61,,33629,1,,,0,21,,33630,1,,,0,20,,33631,1,,,0,60,,33632,1,,,0,21,,33633,1,,,0,21,,33634,1,,,0,61,,33635,1,,,0,21,,33636,1,,,0,22,,33637,1,,,0,63,,33638,1,,,0,23,,33639,1,,,0,63,,33640,1,,,0,23,,33641,1,,,0
