101,'2',630,6,26144,31,0,10 11 63,0,20,,26145,32,0,13 11 63,0,60,,26146,31,0,10 11 63,0,15,,26151,32,0,13 11 63,0,15,,26147,31,0,10 11 63,0,15,,26152,32,0,13 11 63,0,50,,26148,31,0,10 11 63,0,15,,26153,32,0,13 11 63,0,15,,26149,31,0,10 11 63,0,15,,26154,32,0,13 11 63,0,55,,26150,31,0,10 11 63,0,20,,26158,32,0,13 11 63,0,20,,26165,31,0,10 11 63,0,60,,26159,32,0,13 11 63,0,20,,26166,31,0,10 11 63,0,20,,26160,32,0,13 11 63,0,60,,26167,31,0,10 11 63,0,15,,26161,32,0,13 11 63,0,20,,26168,31,0,10 11 63,0,60,,26162,32,0,13 11 63,0,20,,26169,31,0,10 11 63,0,20,,26163,32,0,13 11 63,0,60,,26170,31,0,10 11 63,0,20,,26164,32,0,13 11 63,0,18,,26171,31,0,10 11 63,0,20,,26173,32,0,13 11 63,0,57,,26177,31,0,10 11 63,0,15,,26174,32,0,13 11 63,0,15,,26178,31,0,10 11 63,0,55,,26175,32,0,13 11 63,0,15,,26179,31,0,10 11 63,0,15,,26176,32,0,13 11 63,0,15,,26180,31,0,10 11 63,0,55,,26181,32,0,13 11 63,0,16,,26185,31,0,10 11 63,0,16,,26182,32,0,13 11 63,0,16,,26186,31,0,10 11 63,0,56,,26183,32,0,13 11 63,0,16,,26187,31,0,10 11 63,0,16,,26184,32,0,13 11 63,0,16,,26188,31,0,10 11 63,0,65,,26189,32,0,13 11 63,0,25,,26193,31,0,10 11 63,0,66,,26190,32,0,13 11 63,0,24,,26194,31,0,10 11 63,0,26,,26191,32,0,13 11 63,0,64,,26195,31,0,10 11 63,0,26,,26192,32,0,13 11 63,0,70,,26198,31,0,10 11 63,0,30,,26201,32,0,13 11 63,0,70,,26199,31,0,10 11 63,0,30,,26202,32,0,13 11 63,0,70,,26200,31,0,10 11 63,0,30,,26203,32,0,13 11 63,0,61,,26205,31,0,10 11 63,0
101,'3',630,,26208,31,0,10 11 63,0,80,,26210,32,0,13 11 63,0,38,,26209,31,0,10 11 63,0,65,,26211,32,0,13 11 63,0,25,,26213,31,0,10 11 63,0,70,,26212,32,0,13 11 63,0,30,,26214,31,0,10 11 63,0,70,,26216,32,0,13 11 63,0,20,,26228,31,0,10 11 63,0,20,,26217,32,0,13 11 63,0,60,,26229,31,0,10 11 63,0,20,,26218,32,0,13 11 63,0,15,,26230,31,0,10 11 63,0,60,,26219,32,0,13 11 63,0,20,,26231,31,0,10 11 63,0,20,,26220,32,0,13 11 63,0,60,,26232,31,0,10 11 63,0,15,,26221,32,0,13 11 63,0,20,,26233,31,0,10 11 63,0,20,,26222,32,0,13 11 63,0,60,,26234,31,0,10 11 63,0,20,,26223,32,0,13 11 63,0,20,,26235,31,0,10 11 63,0,55,,26224,32,0,13 11 63,0,20,,26236,31,0,10 11 63,0,20,,26225,32,0,13 11 63,0,60,,26237,31,0,10 11 63,0,20,,26226,32,0,13 11 63,0,20,,26238,31,0,10 11 63,0,55,,26227,32,0,13 11 63,0,20,,26239,31,0,10 11 63,0,20,,26240,32,0,13 11 63,0,60,,26241,31,0,10 11 63,0,30,,26247,32,0,13 11 63,0,70,,26242,31,0,10 11 63,0,30,,26248,32,0,13 11 63,0,70,,26243,31,0,10 11 63,0,30,,26249,32,0,13 11 63,0,70,,26244,31,0,10 11 63,0,30,,26250,32,0,13 11 63,0,70,,26245,31,0,10 11 63,0,30,,26251,32,0,13 11 63,0,65,,26246,31,0,10 11 63,0,30,,26252,32,0,13 11 63,0,67,,26254,31,0,10 11 63,0
101,'30',835,,26258,32,0,13 11 63,0,72,,26262,31,0,10 11 63,0,32,,26259,32,0,13 11 63,0,72,,26263,31,0,10 11 63,0,32,,26260,32,0,13 11 63,0,72,,26264,31,0,10 11 63,0,27,,26261,32,0,13 11 63,0,65,,26266,31,0,10 11 63,0,25,,26273,32,0,13 11 63,0,20,,26267,31,0,10 11 63,0,65,,26274,32,0,13 11 63,0,25,,26268,31,0,10 11 63,0,65,,26275,32,0,13 11 63,0,25,,26269,31,0,10 11 63,0,25,,26276,32,0,13 11 63,0,65,,26270,31,0,10 11 63,0,25,,26277,32,0,13 11 63,0,65,,26271,31,0,10 11 63,0,25,,26278,32,0,13 11 63,0,65,,26272,31,0,10 11 63,0,25,,26279,32,0,13 11 63,0,25,,26280,31,0,10 11 63,0,70,,26286,32,0,13 11 63,0,30,,26281,31,0,10 11 63,0,70,,26287,32,0,13 11 63,0,30,,26282,31,0,10 11 63,0,70,,26288,32,0,13 11 63,0,30,,26283,31,0,10 11 63,0,70,,26289,32,0,13 11 63,0,30,,26284,31,0,10 11 63,0,70,,26290,32,0,13 11 63,0,78,,26285,31,0,10 11 63,0
101,'4',835,,26294,32,0,13 11 63,0,72,,26298,31,0,10 11 63,0,32,,26295,32,0,13 11 63,0,72,,26299,31,0,10 11 63,0,32,,26296,32,0,13 11 63,0,72,,26300,31,0,10 11 63,0,27,,26297,32,0,13 11 63,0,65,,26302,31,0,10 11 63,0,25,,26309,32,0,13 11 63,0,20,,26303,31,0,10 11 63,0,65,,26310,32,0,13 11 63,0,25,,26304,31,0,10 11 63,0,65,,26311,32,0,13 11 63,0,25,,26305,31,0,10 11 63,0,25,,26312,32,0,13 11 63,0,65,,26306,31,0,10 11 63,0,25,,26313,32,0,13 11 63,0,65,,26307,31,0,10 11 63,0,25,,26314,32,0,13 11 63,0,65,,26308,31,0,10 11 63,0,25,,26315,32,0,13 11 63,0,25,,26316,31,0,10 11 63,0,70,,26322,32,0,13 11 63,0,30,,26317,31,0,10 11 63,0,70,,26323,32,0,13 11 63,0,30,,26318,31,0,10 11 63,0,70,,26324,32,0,13 11 63,0,30,,26319,31,0,10 11 63,0,70,,26325,32,0,13 11 63,0,30,,26320,31,0,10 11 63,0,70,,26326,32,0,13 11 63,0,78,,26321,31,0,10 11 63,0
200,'2',609,,26330,3,0,13 30,0,24,,26335,19,0,13 30,0,15,,26371,19,0,10 23 20,0,55,,26336,19,0,13 30,0,15,,26372,19,0,10 23 20,0,15,,26337,19,0,13 30,0,15,,26373,19,0,10 23 20,0,55,,26338,19,0,13 30,0,15,,26374,19,0,10 23 20,0,15,,26339,19,0,13 30,0,15,,26375,19,0,10 23 20,0,55,,26340,19,0,13 30,0,15,,26376,19,0,10 23 20,0,15,,26341,19,0,13 30,0,15,,26377,19,0,10 23 20,0,55,,26342,19,0,13 30,0,15,,26378,19,0,10 23 20,0,15,,26343,19,0,13 30,0,15,,26379,19,0,10 23 20,0,55,,26344,19,0,13 30,0,15,,26380,19,0,10 23 20,0,15,,26345,19,0,13 30,0,16,,26381,19,0,10 23 20,0,52,,26346,19,0,13 30,0,15,,26382,19,0,10 23 20,0,15,,26347,19,0,13 30,0,15,,26383,19,0,10 23 20,0,55,,26348,19,0,13 30,0,15,,26384,19,0,10 23 20,0,15,,26349,19,0,13 30,0,15,,26385,19,0,10 23 20,0,55,,26350,19,0,13 30,0,15,,26386,19,0,10 23 20,0,15,,26351,19,0,13 30,0,13,,26387,19,0,10 23 20,0,14,,26352,19,0,13 30,0,55,,26388,19,0,10 23 20,0,15,,26353,19,0,13 30,0,17,,26389,19,0,10 23 20,0,59,,26354,19,0,13 30,0,15,,26390,19,0,10 23 20,0,15,,26355,19,0,13 30,0,15,,26391,19,0,10 23 20,0,55,,26356,19,0,13 30,0,13,,26392,19,0,10 23 20,0,19,,26357,19,0,13 30,0,11,,26393,19,0,10 23 20,0,59,,26358,19,0,13 30,0,15,,26394,19,0,10 23 20,0,15,,26359,19,0,13 30,0,12,,26395,19,0,10 23 20,0,55,,26360,19,0,13 30,0,15,,26396,19,0,10 23 20,0,15,,26361,19,0,13 30,0,15,,26397,19,0,10 23 20,0,55,,26362,19,0,13 30,0,15,,26398,19,0,10 23 20,0,10,,26363,19,0,13 30,0,23,,26399,19,0,10 23 20,0,52,,26364,19,0,13 30,0,23,,26400,19,0,10 23 20,0,17,,26365,19,0,13 30,0,63,,26401,19,0,10 23 20,0,17,,26366,19,0,13 30,0,23,,26402,19,0,10 23 20,0,60,,26367,19,0,13 30,0,17,,26403,19,0,10 23 20,0,14,,26368,19,0,13 30,0,20,,26404,19,0,10 23 20,0,55,,26369,19,0,13 30,0,20,,26405,19,0,10 23 20,0,20,,26370,19,0,13 30,0,75,,26406,19,0,45 3 21,0
200,'3',632,,26410,19,0,13 30,0,70,,26411,19,0,10 23 20,0,30,,26413,19,0,13 30,0,71,,26415,19,0,13 30,0,15,,26416,19,0,10 23 20,0,15,,26417,19,0,13 30,0,15,,26418,19,0,10 23 20,0,55,,26419,19,0,13 30,0,15,,26420,19,0,10 23 20,0,15,,26421,19,0,13 30,0,10,,26422,19,0,10 23 20,0,15,,26423,19,0,13 30,0,55,,26424,19,0,10 23 20,0,15,,26425,19,0,13 30,0,15,,26426,19,0,10 23 20,0,15,,26427,19,0,13 30,0,50,,26428,19,0,10 23 20,0,15,,26429,19,0,13 30,0,10,,26430,19,0,10 23 20,0,15,,26431,19,0,13 30,0,55,,26432,19,0,10 23 20,0,15,,26433,19,0,13 30,0,15,,26434,19,0,10 23 20,0,15,,26435,19,0,13 30,0,10,,26446,19,0,10 23 20,0,55,,26436,19,0,13 30,0,10,,26447,19,0,10 23 20,0,15,,26437,19,0,13 30,0,15,,26448,19,0,10 23 20,0,55,,26438,19,0,13 30,0,15,,26449,19,0,10 23 20,0,15,,26439,19,0,13 30,0,15,,26450,19,0,10 23 20,0,55,,26440,19,0,13 30,0,15,,26451,19,0,10 23 20,0,10,,26441,19,0,13 30,0,10,,26452,19,0,10 23 20,0,15,,26442,19,0,13 30,0,55,,26453,19,0,10 23 20,0,15,,26443,19,0,13 30,0,15,,26454,19,0,10 23 20,0,15,,26444,19,0,13 30,0,55,,26455,19,0,10 23 20,0,15,,26445,19,0,13 30,0,15,,26456,19,0,10 23 20,0,13,,26469,19,0,45 3 21,0,2,,26457,19,0,13 30,0,55,,26458,19,0,10 23 20,0,15,,26464,19,0,13 30,0,15,,26459,19,0,10 23 20,0,15,,26465,19,0,13 30,0,55,,26460,19,0,10 23 20,0,15,,26466,19,0,13 30,0,15,,26461,19,0,10 23 20,0,15,,26467,19,0,13 30,0,55,,26462,19,0,10 23 20,0,15,,26468,19,0,13 30,0,15,,26463,19,0,10 23 20,0,15,,26470,19,0,13 30,0,43,,26475,19,0,45 3 21,0,27,,26473,19,0,10 23 20,0,2,,26476,19,0,45 3 21,0,28,,26471,19,0,13 30,0,70,,26474,19,0,10 23 20,0,30,,26472,19,0,13 30,0,69,,26407,19,0,10 23 20,0,30,,26408,19,0,13 30,0,70,,26477,19,0,10 23 20,0,75,,26478,19,0,13 30,0,28,,26479,19,0,45 3 21,0
200,'30',702,,26482,19,0,13 30,0,30,,26485,19,0,10 23 20,0,70,,26487,19,0,13 30,0,30,,26486,19,0,10 23 20,0,70,,26488,19,0,13 30,0,25,,26489,19,0,10 23 20,0,25,,26493,19,0,13 30,0,65,,26490,19,0,10 23 20,0,25,,26494,19,0,13 30,0,65,,26491,19,0,10 23 20,0,25,,26495,19,0,10 23 20,0,26,,26492,19,0,10 23 20,0,55,,26496,19,0,13 30,0,15,,26508,19,0,10 23 20,0,15,,26497,19,0,13 30,0,15,,26509,19,0,10 23 20,0,55,,26498,19,0,13 30,0,15,,26510,19,0,10 23 20,0,15,,26499,19,0,13 30,0,15,,26511,19,0,10 23 20,0,55,,26500,19,0,13 30,0,15,,26512,19,0,10 23 20,0,15,,26501,19,0,13 30,0,15,,26513,19,0,10 23 20,0,55,,26502,19,0,13 30,0,15,,26514,19,0,10 23 20,0,15,,26503,19,0,13 30,0,15,,26515,19,0,10 23 20,0,55,,26504,19,0,13 30,0,15,,26516,19,0,10 23 20,0,15,,26505,19,0,13 30,0,15,,26517,19,0,10 23 20,0,55,,26506,19,0,13 30,0,15,,26518,19,0,10 23 20,0,15,,26507,19,0,13 30,0,14,,26519,19,0,10 23 20,0,65,,26522,19,0,13 30,0,4,,26533,19,0,45 3 21,0,21,,26528,19,0,10 23 20,0,65,,26523,19,0,13 30,0,25,,26529,19,0,10 23 20,0,65,,26524,19,0,13 30,0,25,,26530,19,0,10 23 20,0,25,,26525,19,0,13 30,0,65,,26531,19,0,10 23 20,0,25,,26526,19,0,13 30,0,65,,26532,19,0,10 23 20,0,25,,26527,19,0,13 30,0,70,,26481,19,0,10 23 20,0,29,,26480,19,0,45 3 21,0
200,'4',702,,26536,19,0,13 30,0,30,,26539,19,0,10 23 20,0,70,,26541,19,0,13 30,0,30,,26540,19,0,10 23 20,0,70,,26542,19,0,13 30,0,25,,26543,19,0,10 23 20,0,25,,26547,19,0,13 30,0,65,,26544,19,0,10 23 20,0,25,,26548,19,0,13 30,0,65,,26545,19,0,10 23 20,0,25,,26549,19,0,10 23 20,0,26,,26546,19,0,10 23 20,0,55,,26550,19,0,13 30,0,15,,26562,19,0,10 23 20,0,15,,26551,19,0,13 30,0,15,,26563,19,0,10 23 20,0,55,,26552,19,0,13 30,0,15,,26564,19,0,10 23 20,0,15,,26553,19,0,13 30,0,15,,26565,19,0,10 23 20,0,55,,26554,19,0,13 30,0,15,,26566,19,0,10 23 20,0,15,,26555,19,0,13 30,0,15,,26567,19,0,10 23 20,0,55,,26556,19,0,13 30,0,15,,26568,19,0,10 23 20,0,15,,26557,19,0,13 30,0,15,,26569,19,0,10 23 20,0,55,,26558,19,0,13 30,0,15,,26570,19,0,10 23 20,0,15,,26559,19,0,13 30,0,15,,26571,19,0,10 23 20,0,55,,26560,19,0,13 30,0,15,,26572,19,0,10 23 20,0,15,,26561,19,0,13 30,0,14,,26573,19,0,10 23 20,0,65,,26576,19,0,13 30,0,4,,26587,19,0,45 3 21,0,21,,26582,19,0,10 23 20,0,65,,26577,19,0,13 30,0,25,,26583,19,0,10 23 20,0,65,,26578,19,0,13 30,0,25,,26584,19,0,10 23 20,0,25,,26579,19,0,13 30,0,65,,26585,19,0,10 23 20,0,25,,26580,19,0,13 30,0,65,,26586,19,0,10 23 20,0,25,,26581,19,0,13 30,0,70,,26535,19,0,10 23 20,0,29,,26534,19,0,45 3 21,0
300,'2',547,,26843,16,,,0,96,,26844,37,,,0,66,,26845,37,,,0,33,,26846,37,,,0,67,,26847,37,,,0,30,,26848,37,,,0,71,,26849,37,,,0,30,,26850,37,,,0,70,,26851,37,,,0,30,,26852,37,,,0,70,,26853,37,,,0,30,,26854,37,,,0,69,,26855,37,,,0,30,,26856,37,,,0,70,,26857,37,,,0,30,,26858,37,,,0,70,,26859,37,,,0,30,,26860,37,,,0,70,,26861,37,,,0,30,,26862,37,,,0,70,,26863,37,,,0,30,,26864,37,,,0,70,,26865,37,,,0,30,,26866,37,,,0,70,,26867,37,,,0,28,,26869,37,,,0,70,,26870,37,,,0,30,,26871,37,,,0,70,,26872,37,,,0,30,,26873,37,,,0,70,,26874,37,,,0,26,,26875,37,,,0,70,,26876,37,,,0,30,,26877,37,,,0,70,,26878,37,,,0,19,,26868,37,,,0
300,'3',656,,26879,37,,,0,100,,26880,37,,,0,102,,26881,37,,,0,142,,26882,37,,,0,32,,26884,37,,,0,75,,26885,37,,,0,35,,26886,37,,,0,74,,26887,37,,,0,35,,26888,37,,,0,75,,26889,37,,,0,75,,26890,37,,,0,35,,26891,37,,,0,75,,26892,37,,,0,35,,26893,37,,,0,75,,26894,37,,,0,35,,26895,37,,,0,75,,26896,37,,,0,76,,26897,37,,,0,100,,26898,37,,,0,100,,26899,37,,,0,100,,26900,37,,,0,100,,26901,37,,,0,108,,26883,37,,,0
300,'30',916,,26902,37,,,0,87,,26903,37,,,0,47,,26904,37,,,0,87,,26905,37,,,0,87,,26906,37,,,0,87,,26907,37,,,0,47,,26908,37,,,0,87,,26909,37,,,0,87,,26910,37,,,0,87,,26911,37,,,0,88,,26912,37,,,0,47,,26913,37,,,0,87,,26914,37,,,0,107,,26915,37,,,0,100,,26916,37,,,0,100,,26917,37,,,0,101,,26918,37,,,0
300,'4',916,,26919,37,,,0,87,,26920,37,,,0,47,,26921,37,,,0,87,,26922,37,,,0,87,,26923,37,,,0,87,,26924,37,,,0,47,,26925,37,,,0,87,,26926,37,,,0,87,,26927,37,,,0,87,,26928,37,,,0,88,,26929,37,,,0,47,,26930,37,,,0,87,,26931,37,,,0,107,,26932,37,,,0,100,,26933,37,,,0,100,,26934,37,,,0,101,,26935,37,,,0
500,'2',611,,27409,1,0,10 31,0,10,,27382,39,0,13 31,0,36,,27384,39,0,10 31,0,70,,27385,39,0,13 31,0,30,,27396,39,0,10 31,0,70,,27386,39,0,13 31,0,30,,27397,39,0,10 31,0,70,,27387,39,0,13 31,0,30,,27398,39,0,10 31,0,70,,27388,39,0,13 31,0,30,,27399,39,0,10 31,0,70,,27389,39,0,13 31,0,30,,27400,39,0,10 31,0,70,,27390,39,0,13 31,0,30,,27401,39,0,10 31,0,70,,27391,39,0,13 31,0,30,,27402,39,0,10 31,0,70,,27392,39,0,13 31,0,30,,27403,39,0,10 31,0,70,,27393,39,0,13 31,0,30,,27404,39,0,10 31,0,70,,27394,39,0,13 31,0,30,,27405,39,0,10 31,0,70,,27395,39,0,13 31,0,30,,27406,39,0,10 31,0,60,,27407,39,0,13 31,0,30,,27410,39,0,10 31,0,70,,27411,39,0,10 31,0,30,,27412,39,0,10 31,0,70,,27413,39,0,10 31,0,30,,27414,39,0,10 31,0,70,,27415,39,0,10 31,0,27,,27416,39,0,10 31,0,70,,27417,39,0,10 31,0,25,,27418,39,0,10 31,0,68,,27419,39,0,10 31,0,48,,27408,39,0,10 31,0
500,'3',628,,27420,39,0,10 31,0,100,,27421,39,0,10 31,0,100,,27422,39,0,10 31,0,100,,27423,39,0,10 31,0,89,,27424,39,0,13 31,0,35,,27431,39,0,10 31,0,75,,27425,39,0,13 31,0,76,,27432,39,0,10 31,0,35,,27426,39,0,13 31,0,75,,27433,39,0,10 31,0,35,,27427,39,0,13 31,0,75,,27434,39,0,10 31,0,35,,27428,39,0,13 31,0,75,,27435,39,0,10 31,0,75,,27429,39,0,13 31,0,35,,27436,39,0,10 31,0,75,,27430,39,0,13 31,0,35,,27437,39,0,10 31,0,76,,27438,39,0,13 31,0,74,,27444,39,0,10 31,0,35,,27439,39,0,10 31,0,100,,27440,39,0,10 31,0,99,,27441,39,0,10 31,0,110,,27442,39,0,10 31,0,110,,27443,39,0,10 31,0
500,'30',810,,27445,1,0,10 31,0,44,,27446,39,0,10 31,0,86,,27447,39,0,10 31,0,87,,27448,39,0,10 31,0,87,,27449,39,0,10 31,0,87,,27450,39,0,10 31,0,47,,27451,39,0,10 31,0,87,,27452,39,0,10 31,0,87,,27453,39,0,10 31,0,87,,27454,39,0,10 31,0,47,,27455,39,0,10 31,0,87,,27456,39,0,10 31,0,88,,27457,39,0,10 31,0,87,,27458,39,0,10 31,0,100,,27459,39,0,10 31,0,100,,27460,39,0,10 31,0,100,,27461,39,0,10 31,0,93,,27462,39,0,10 31,0,90,,27463,39,0,10 31,0
500,'4',810,,27464,1,0,10 31,0,44,,27465,39,0,10 31,0,86,,27466,39,0,10 31,0,87,,27467,39,0,10 31,0,87,,27468,39,0,10 31,0,87,,27469,39,0,10 31,0,47,,27470,39,0,10 31,0,87,,27471,39,0,10 31,0,87,,27472,39,0,10 31,0,87,,27473,39,0,10 31,0,47,,27474,39,0,10 31,0,87,,27475,39,0,10 31,0,88,,27476,39,0,10 31,0,87,,27477,39,0,10 31,0,100,,27478,39,0,10 31,0,100,,27479,39,0,10 31,0,100,,27480,39,0,10 31,0,93,,27481,39,0,10 31,0,90,,27482,39,0,10 31,0
701,'2',620,,28029,28,,,0,27,,28030,28,,,0,75,,28031,28,,,0,23,,28032,28,,,0,62,,28033,28,,,0,20,,28034,28,,,0,20,,28035,28,,,0,60,,28036,28,,,0,30,,28037,28,,,0,15,,28038,28,,,0,70,,28039,28,,,0,30,,28040,28,,,0,70,,28041,28,,,0,30,,28042,28,,,0,70,,28043,28,,,0,30,,28044,28,,,0,70,,28045,28,,,0,30,,28046,28,,,0,65,,28047,28,,,0,20,,28048,28,,,0,20,,28049,28,,,0,60,,28050,28,,,0,20,,28051,28,,,0,20,,28052,28,,,0,60,,28053,28,,,0,20,,28054,28,,,0,20,,28055,28,,,0,60,,28056,28,,,0,20,,28057,28,,,0,21,,28058,28,,,0,65,,28059,28,,,0,25,,28060,28,,,0,65,,28061,28,,,0,25,,28062,28,,,0,65,,28063,28,,,0,30,,28064,28,,,0,80,,28065,28,,,0,30,,28066,28,,,0,70,,28067,28,,,0,30,,28068,28,,,0,70,,28069,28,,,0,30,,28070,28,,,0
701,'3',628,,28113,28,,,0,76,,28114,28,,,0,31,,28112,28,,,0,71,,28076,28,,,0,30,,28077,28,,,0,65,,28078,28,,,0,30,,28079,28,,,0,70,,28080,28,,,0,25,,28081,28,,,0,25,,28082,28,,,0,70,,28083,28,,,0,30,,28084,28,,,0,66,,28085,28,,,0,25,,28086,28,,,0,70,,28087,28,,,0,30,,28088,28,,,0,70,,28089,28,,,0,30,,28090,28,,,0,70,,28091,28,,,0,30,,28092,28,,,0,70,,28093,28,,,0,30,,28094,28,,,0,70,,28095,28,,,0,30,,28096,28,,,0,70,,28097,28,,,0,30,,28098,28,,,0,65,,28099,28,,,0,25,,28100,28,,,0,70,,28101,28,,,0,25,,28102,28,,,0,22,,28103,28,,,0,70,,28104,28,,,0,30,,28105,28,,,0,70,,28106,28,,,0,30,,28107,28,,,0,70,,28108,28,,,0,30,,28109,28,,,0
701,'30',858,,28115,28,,,0,65,,28116,28,,,0,35,,28117,28,,,0,60,,28118,28,,,0,25,,28119,28,,,0,70,,28120,28,,,0,30,,28121,28,,,0,65,,28122,28,,,0,25,,28123,28,,,0,70,,28124,28,,,0,30,,28125,28,,,0,70,,28126,28,,,0,25,,28127,28,,,0,30,,28128,28,,,0,70,,28129,28,,,0,30,,28130,28,,,0,70,,28131,28,,,0,30,,28132,28,,,0,70,,28133,28,,,0,30,,28134,28,,,0,70,,28135,28,,,0,30,,28137,28,,,0,70,,28138,28,,,0,30,,28139,28,,,0,70,,28140,28,,,0,30,,28141,28,,,0,70,,28142,28,,,0,30,,28145,28,,,0,70,,28146,28,,,0,30,,28143,28,,,0
701,'4',858,,28147,28,,,0,65,,28148,28,,,0,35,,28149,28,,,0,60,,28150,28,,,0,25,,28151,28,,,0,70,,28152,28,,,0,30,,28153,28,,,0,65,,28154,28,,,0,25,,28155,28,,,0,70,,28156,28,,,0,30,,28157,28,,,0,70,,28158,28,,,0,25,,28159,28,,,0,30,,28160,28,,,0,70,,28161,28,,,0,30,,28162,28,,,0,70,,28163,28,,,0,30,,28164,28,,,0,70,,28165,28,,,0,30,,28166,28,,,0,70,,28167,28,,,0,30,,28169,28,,,0,70,,28170,28,,,0,30,,28171,28,,,0,70,,28172,28,,,0,30,,28173,28,,,0,70,,28174,28,,,0,30,,28177,28,,,0,70,,28178,28,,,0,30,,28175,28,,,0
900,'2',623,,28179,1,,,0,21,,28180,1,,,0,56,,28181,1,,,0,16,,28182,1,,,0,16,,28183,1,,,0,16,,28184,1,,,0,54,,28185,1,,,0,16,,28186,1,,,0,15,,28187,1,,,0,17,,28188,1,,,0,55,,28189,1,,,0,15,,28190,1,,,0,15,,28191,1,,,0,15,,28192,1,,,0,55,,28193,1,,,0,15,,28194,1,,,0,15,,28195,1,,,0,15,,28196,1,,,0,55,,28197,1,,,0,15,,28198,1,,,0,15,,28199,1,,,0,15,,28200,1,,,0,55,,28201,1,,,0,15,,28202,1,,,0,15,,28203,1,,,0,15,,28204,1,,,0,55,,28205,1,,,0,15,,28206,1,,,0,15,,28207,1,,,0,15,,28208,1,,,0,54,,28209,1,,,0,15,,28210,1,,,0,15,,28211,1,,,0,15,,28212,1,,,0,55,,28213,1,,,0,15,,28214,1,,,0,15,,28215,1,,,0,15,,28216,1,,,0,55,,28217,1,,,0,15,,28218,1,,,0,15,,28219,1,,,0,15,,28220,1,,,0,55,,28221,1,,,0,15,,28222,1,,,0,15,,28223,1,,,0,15,,28224,1,,,0,57,,28225,1,,,0,22,,28226,1,,,0,29,,28227,1,,,0,62,,28228,1,,,0,22,,28229,1,,,0,62,,28230,1,,,0,22,,28231,1,,,0,22,,28232,1,,,0,65,,28233,1,,,0,29,,28234,1,,,0,72,,28235,1,,,0,32,,28236,1,,,0,72,,28237,1,,,0,37,,28239,1,,,0,100,,28238,1,,,0
900,'3',627,,28246,1,,,0,30,,28284,1,,,0,70,,28247,1,,,0,30,,28283,1,,,0,70,,28248,1,,,0,75,,28249,1,,,0,32,,28250,1,,,0,87,,28252,1,,,0,25,,28253,1,,,0,65,,28254,1,,,0,22,,28255,1,,,0,25,,28256,1,,,0,65,,28257,1,,,0,29,,28258,1,,,0,61,,28259,1,,,0,25,,28260,1,,,0,68,,28261,1,,,0,22,,28262,1,,,0,25,,28263,1,,,0,65,,28264,1,,,0,25,,28265,1,,,0,65,,28266,1,,,0,25,,28267,1,,,0,25,,28268,1,,,0,65,,28269,1,,,0,25,,28270,1,,,0,65,,28271,1,,,0,44,,28272,1,,,0,65,,28273,1,,,0,78,,28274,1,,,0,35,,28275,1,,,0,75,,28276,1,,,0,35,,28277,1,,,0,75,,28278,1,,,0,35,,28279,1,,,0,75,,28280,1,,,0,75,,28281,1,,,0
900,'30',627,,28286,1,,,0,80,,28322,1,,,0,35,,28287,1,,,0,75,,28321,1,,,0,35,,28288,1,,,0,75,,28290,1,,,0,73,,28291,1,,,0,33,,28292,1,,,0,73,,28293,1,,,0,33,,28294,1,,,0,79,,28296,1,,,0,28,,28297,1,,,0,63,,28298,1,,,0,23,,28299,1,,,0,23,,28300,1,,,0,63,,28301,1,,,0,23,,28302,1,,,0,63,,28303,1,,,0,23,,28304,1,,,0,23,,28305,1,,,0,63,,28306,1,,,0,23,,28307,1,,,0,64,,28308,1,,,0,23,,28309,1,,,0,23,,28310,1,,,0,65,,28311,1,,,0,35,,28312,1,,,0,70,,28313,1,,,0,30,,28314,1,,,0,70,,28315,1,,,0,30,,28316,1,,,0,70,,28317,1,,,0,30,,28318,1,,,0,70,,28319,1,,,0,41,,28320,1,,,0
900,'4',627,,28323,1,,,0,80,,28359,1,,,0,35,,28324,1,,,0,75,,28358,1,,,0,35,,28325,1,,,0,75,,28327,1,,,0,73,,28328,1,,,0,33,,28329,1,,,0,73,,28330,1,,,0,33,,28331,1,,,0,79,,28333,1,,,0,28,,28334,1,,,0,63,,28335,1,,,0,23,,28336,1,,,0,23,,28337,1,,,0,63,,28338,1,,,0,23,,28339,1,,,0,63,,28340,1,,,0,23,,28341,1,,,0,23,,28342,1,,,0,63,,28343,1,,,0,23,,28344,1,,,0,64,,28345,1,,,0,23,,28346,1,,,0,23,,28347,1,,,0,65,,28348,1,,,0,35,,28349,1,,,0,70,,28350,1,,,0,30,,28351,1,,,0,70,,28352,1,,,0,30,,28353,1,,,0,70,,28354,1,,,0,30,,28355,1,,,0,70,,28356,1,,,0,41,,28357,1,,,0
901,'2',623,,28360,34,4,,0,21,,28361,34,4,,0,56,,28362,34,4,,0,16,,28363,34,4,,0,16,,28364,34,4,,0,16,,28365,34,4,,0,54,,28366,34,4,,0,16,,28367,34,4,,0,15,,28368,34,4,,0,17,,28369,34,4,,0,55,,28370,34,4,,0,15,,28371,34,4,,0,15,,28372,34,4,,0,15,,28373,34,4,,0,55,,28374,34,4,,0,15,,28375,34,4,,0,15,,28376,34,4,,0,15,,28377,34,4,,0,55,,28378,34,4,,0,15,,28379,34,4,,0,15,,28380,34,4,,0,15,,28381,34,4,,0,55,,28382,34,4,,0,15,,28383,34,4,,0,15,,28384,34,4,,0,15,,28385,34,4,,0,55,,28386,34,4,,0,15,,28387,34,4,,0,15,,28388,34,4,,0,15,,28389,34,4,,0,54,,28390,34,4,,0,15,,28391,34,4,,0,15,,28392,34,4,,0,15,,28393,34,4,,0,55,,28394,34,4,,0,15,,28395,34,4,,0,15,,28396,34,4,,0,15,,28397,34,4,,0,55,,28398,34,4,,0,15,,28399,34,4,,0,15,,28400,34,4,,0,15,,28401,34,4,,0,55,,28402,34,4,,0,15,,28403,34,4,,0,15,,28404,34,4,,0,15,,28405,34,4,,0,57,,28406,34,4,,0,22,,28407,34,4,,0,15,,28408,34,4,,0,14,,28409,34,4,,0,62,,28410,34,4,,0,22,,28411,34,4,,0,62,,28412,34,4,,0,22,,28413,34,4,,0,22,,28414,34,4,,0,65,,28415,34,4,,0,29,,28416,34,4,,0,72,,28417,34,4,,0,32,,28418,34,4,,0,72,,28419,34,4,,0,37,,28420,34,4,,0,100,,28421,34,4,,0
901,'3',627,,28427,34,4,,0,30,,28466,34,4,,0,70,,28428,34,4,,0,30,,28465,34,4,,0,70,,28429,34,4,,0,75,,28430,34,4,,0,32,,28431,34,4,,0,87,,28432,34,4,,0,25,,28433,34,4,,0,65,,28434,34,4,,0,22,,28435,34,4,,0,25,,28436,34,4,,0,65,,28437,34,4,,0,29,,28438,34,4,,0,61,,28439,34,4,,0,25,,28440,34,4,,0,68,,28441,34,4,,0,22,,28442,34,4,,0,25,,28443,34,4,,0,65,,28444,34,4,,0,25,,28445,34,4,,0,65,,28446,34,4,,0,25,,28447,34,4,,0,25,,28448,34,4,,0,65,,28449,34,4,,0,25,,28450,34,4,,0,65,,28451,34,4,,0,44,,28453,34,4,,0,65,,28454,34,4,,0,78,,28455,34,4,,0,35,,28456,34,4,,0,75,,28457,34,4,,0,35,,28458,34,4,,0,75,,28459,34,4,,0,35,,28460,34,4,,0,75,,28461,34,4,,0,75,,28462,34,4,,0
901,'30',707,,28501,34,4,,0,35,,28467,34,4,,0,75,,28502,34,4,,0,35,,28468,34,4,,0,75,,28503,34,4,,0,73,,28469,34,4,,0,33,,28470,34,4,,0,73,,28471,34,4,,0,33,,28472,34,4,,0,79,,28473,34,4,,0,28,,28474,34,4,,0,63,,28475,34,4,,0,23,,28476,34,4,,0,23,,28477,34,4,,0,63,,28478,34,4,,0,23,,28479,34,4,,0,63,,28480,34,4,,0,23,,28481,34,4,,0,23,,28482,34,4,,0,63,,28483,34,4,,0,23,,28484,34,4,,0,64,,28485,34,4,,0,23,,28486,34,4,,0,23,,28487,34,4,,0,65,,28488,34,4,,0,16,,28489,34,4,,0,19,,28490,34,4,,0,70,,28491,34,4,,0,30,,28492,34,4,,0,70,,28493,34,4,,0,30,,28494,34,4,,0,70,,28495,34,4,,0,30,,28496,34,4,,0,70,,28497,34,4,,0,41,,28498,34,4,,0,58,,28499,34,4,,0
901,'4',707,,28538,34,4,,0,35,,28504,34,4,,0,75,,28539,34,4,,0,35,,28505,34,4,,0,75,,28540,34,4,,0,73,,28506,34,4,,0,33,,28507,34,4,,0,73,,28508,34,4,,0,33,,28509,34,4,,0,79,,28510,34,4,,0,28,,28511,34,4,,0,63,,28512,34,4,,0,23,,28513,34,4,,0,23,,28514,34,4,,0,63,,28515,34,4,,0,23,,28516,34,4,,0,63,,28517,34,4,,0,23,,28518,34,4,,0,23,,28519,34,4,,0,63,,28520,34,4,,0,23,,28521,34,4,,0,64,,28522,34,4,,0,23,,28523,34,4,,0,23,,28524,34,4,,0,65,,28525,34,4,,0,16,,28526,34,4,,0,19,,28527,34,4,,0,70,,28528,34,4,,0,30,,28529,34,4,,0,70,,28530,34,4,,0,30,,28531,34,4,,0,70,,28532,34,4,,0,30,,28533,34,4,,0,70,,28534,34,4,,0,41,,28535,34,4,,0,58,,28536,34,4,,0
1201,'2',625,,29045,33,,,0,31,,29044,33,,,0,69,,29046,33,,,0,29,,29047,33,,,0,70,,29048,33,,,0,30,,29049,33,,,0,70,,29050,33,,,0,31,,29051,33,,,0,70,,29052,33,,,0,30,,29053,33,,,0,70,,29054,33,,,0,30,,29055,33,,,0,70,,29056,33,,,0,30,,29057,33,,,0,70,,29058,33,,,0,30,,29059,33,,,0,70,,29060,33,,,0,23,,29061,33,,,0,57,,29062,33,,,0,25,,29063,33,,,0,25,,29064,33,,,0,65,,29065,33,,,0,27,,29066,33,,,0,65,,29067,33,,,0,25,,29068,33,,,0,65,,29069,33,,,0,25,,29070,33,,,0,29,,29072,33,,,0,70,,29073,33,,,0,30,,29074,33,,,0,70,,29075,33,,,0,30,,29076,33,,,0,70,,29081,33,,,0,30,,29080,33,,,0,69,,29082,33,,,0,31,,29077,33,,,0,70,,29083,33,,,0,29,,29078,33,,,0
1201,'3',628,,29085,33,,,0,30,,29107,33,,,0,70,,29086,33,,,0,30,,29106,33,,,0,70,,29087,33,,,0,30,,29105,33,,,0,65,,29088,33,,,0,25,,29104,33,,,0,70,,29089,33,,,0,30,,29103,33,,,0,70,,29090,33,,,0,30,,29102,33,,,0,70,,29091,33,,,0,35,,29101,33,,,0,75,,29092,33,,,0,75,,29093,33,,,0,35,,29094,33,,,0,75,,29095,33,,,0,35,,29096,33,,,0,75,,29097,33,,,0,35,,29098,33,,,0,75,,29099,33,,,0,25,,29100,33,,,0,73,,29108,33,,,0,27,,29114,33,,,0,73,,29109,33,,,0,27,,29115,33,,,0,73,,29110,33,,,0,27,,29116,33,,,0,73,,29111,33,,,0,27,,29117,33,,,0,73,,29112,33,,,0,27,,29118,33,,,0,73,,29113,33,,,0,27,,29119,33,,,0,65,,29120,33,,,0
1201,'30',828,,29136,33,,,0,30,,29135,33,,,0,70,,29137,33,,,0,23,,29122,33,,,0,70,,29138,33,,,0,30,,29134,33,,,0,70,,29139,33,,,0,24,,29133,33,,,0,70,,29140,33,,,0,24,,29132,33,,,0,64,,29141,33,,,0,31,,29131,33,,,0,24,,29142,33,,,0,70,,29130,33,,,0,30,,29143,33,,,0,70,,29129,33,,,0,30,,29144,33,,,0,70,,29128,33,,,0,30,,29145,33,,,0,70,,29127,33,,,0,30,,29146,33,,,0,70,,29126,33,,,0,30,,29147,33,,,0,70,,29125,33,,,0,30,,29148,33,,,0,70,,29124,33,,,0,30,,29149,33,,,0,70,,29121,33,,,0,30,,29150,33,,,0
1201,'4',828,,29166,33,,,0,30,,29165,33,,,0,70,,29167,33,,,0,23,,29152,33,,,0,70,,29168,33,,,0,30,,29164,33,,,0,70,,29169,33,,,0,24,,29163,33,,,0,70,,29170,33,,,0,24,,29162,33,,,0,64,,29171,33,,,0,31,,29161,33,,,0,24,,29172,33,,,0,70,,29160,33,,,0,30,,29173,33,,,0,70,,29159,33,,,0,30,,29174,33,,,0,70,,29158,33,,,0,30,,29175,33,,,0,70,,29157,33,,,0,30,,29176,33,,,0,70,,29156,33,,,0,30,,29177,33,,,0,70,,29155,33,,,0,30,,29178,33,,,0,70,,29154,33,,,0,30,,29179,33,,,0,70,,29151,33,,,0,30,,29180,33,,,0
1301,'2',625,,29385,46,0,10 14 20,0,10,,29386,20,,,0,15,,29387,46,0,10 14 20,0,56,,29388,20,,,0,10,,29389,46,0,10 14 20,0,15,,29390,20,,,0,15,,29391,46,0,10 14 20,0,55,,29392,20,,,0,15,,29393,46,0,10 14 20,0,15,,29394,20,,,0,15,,29395,46,0,10 14 20,0,55,,29396,20,,,0,10,,29397,46,0,10 14 20,0,15,,29398,24,,,0,15,,29399,46,0,10 14 20,0,15,,29400,24,,,0,55,,29401,46,0,10 14 20,0,15,,29402,24,,,0,15,,29403,46,0,10 14 20,0,15,,29404,24,,,0,50,,29405,46,0,10 14 20,0,15,,29406,24,,,0,15,,29407,46,0,10 14 20,0,15,,29408,24,,,0,54,,29409,46,0,10 14 20,0,15,,29410,24,,,0,15,,29411,46,0,10 14 20,0,15,,29412,24,,,0,55,,29413,46,0,10 14 20,0,15,,29414,24,,,0,15,,29415,46,0,10 14 20,0,15,,29416,24,,,0,56,,29417,46,0,10 14 20,0,15,,29418,20,,,0,15,,29419,46,0,10 14 20,0,15,,29420,20,,,0,55,,29421,46,0,10 14 20,0,15,,29422,20,,,0,21,,29423,46,0,10 14 20,0,15,,29424,20,,,0,55,,29425,46,0,10 14 20,0,15,,29426,20,,,0,15,,29427,46,0,10 14 20,0,15,,29428,20,,,0,53,,29429,46,0,10 14 20,0,13,,29430,20,,,0,15,,29431,46,0,10 14 20,0,15,,29432,20,,,0,55,,29433,46,0,10 14 20,0,20,,29435,20,,,0,20,,29439,20,,,0,60,,29436,46,0,10 14 20,0,15,,29440,20,,,0,15,,29437,46,0,10 14 20,0,20,,29441,20,,,0,60,,29438,46,0,10 14 20,0,20,,29442,20,,,0,20,,29443,46,0,10 14 20,0,65,,29446,20,,,0,30,,29444,46,0,10 14 20,0,70,,29447,20,,,0,25,,29445,46,0,10 14 20,0,65,,29448,20,,,0,18,,29449,46,0,10 14 20,0,74,,29451,20,,,0,30,,29450,46,0,10 14 20,0,21,,29452,20,,,0
1301,'3',626,,29453,46,0,10 14 20,0,77,,29454,20,,,0,35,,29455,46,0,10 14 20,0,20,,29456,20,,,0,56,,29460,46,0,10 14 20,0,16,,29457,20,,,0,16,,29461,46,0,10 14 20,0,56,,29458,20,,,0,16,,29462,20,,,0,16,,29459,46,0,10 14 20,0,16,,29463,20,,,0,55,,29464,46,0,10 14 20,0,15,,29465,20,,,0,10,,29481,46,0,10 14 20,0,15,,29466,20,,,0,55,,29482,46,0,10 14 20,0,15,,29467,20,,,0,15,,29483,46,0,10 14 20,0,15,,29468,20,,,0,55,,29484,46,0,10 14 20,0,15,,29469,20,,,0,15,,29485,46,0,10 14 20,0,15,,29470,20,,,0,55,,29486,46,0,10 14 20,0,15,,29471,20,,,0,10,,29487,46,0,10 14 20,0,15,,29472,20,,,0,15,,29488,46,0,10 14 20,0,55,,29473,20,,,0,15,,29489,46,0,10 14 20,0,15,,29474,20,,,0,15,,29490,46,0,10 14 20,0,55,,29475,20,,,0,15,,29491,46,0,10 14 20,0,15,,29476,20,,,0,10,,29492,46,0,10 14 20,0,55,,29477,20,,,0,15,,29493,46,0,10 14 20,0,15,,29478,20,,,0,15,,29494,46,0,10 14 20,0,55,,29479,20,,,0,15,,29495,46,0,10 14 20,0,15,,29480,20,,,0,15,,29496,46,0,10 14 20,0,55,,29501,20,,,0,15,,29497,46,0,10 14 20,0,15,,29502,20,,,0,20,,29498,46,0,10 14 20,0,60,,29503,20,,,0,20,,29499,46,0,10 14 20,0,20,,29504,20,,,0,60,,29500,46,0,10 14 20,0,20,,29505,20,,,0,20,,29506,46,0,10 14 20,0,65,,29510,20,,,0,30,,29507,46,0,10 14 20,0,70,,29511,20,,,0,20,,29508,46,0,10 14 20,0,65,,29512,20,,,0,30,,29509,46,0,10 14 20,0,70,,29513,20,,,0,42,,29515,46,0,10 14 20,0,9,,29514,20,,,0
1301,'30',655,,29537,46,0,10 14 20,0,77,,29539,20,,,0,75,,29538,46,0,10 14 20,0,35,,29540,20,,,0,69,,29541,1,,,0,6,,29536,46,0,10 14 20,0,30,,29535,20,,,0,71,,29524,46,0,10 14 20,0,30,,29534,20,,,0,65,,29523,46,0,10 14 20,0,30,,29533,20,,,0,70,,29522,46,0,10 14 20,0,30,,29532,20,,,0,70,,29521,46,0,10 14 20,0,30,,29531,20,,,0,70,,29520,46,0,10 14 20,0,30,,29530,20,,,0,70,,29519,46,0,10 14 20,0,30,,29529,20,,,0,65,,29518,46,0,10 14 20,0,30,,29528,20,,,0,70,,29517,46,0,10 14 20,0,30,,29527,20,,,0,70,,29516,46,0,10 14 20,0,31,,29526,20,,,0,65,,29542,46,0,10 14 20,0,30,,29546,20,,,0,25,,29543,46,0,10 14 20,0,65,,29547,20,,,0,15,,29544,46,0,10 14 20,0,70,,29548,20,,,0,30,,29545,46,0,10 14 20,0,71,,29549,20,,,0,37,,29550,46,0,10 14 20,0,9,,29525,20,,,0
1301,'4',655,,29572,46,0,10 14 20,0,77,,29574,20,,,0,75,,29573,46,0,10 14 20,0,35,,29575,20,,,0,69,,29576,1,,,0,6,,29571,46,0,10 14 20,0,30,,29570,20,,,0,71,,29559,46,0,10 14 20,0,30,,29569,20,,,0,65,,29558,46,0,10 14 20,0,30,,29568,20,,,0,70,,29557,46,0,10 14 20,0,30,,29567,20,,,0,70,,29556,46,0,10 14 20,0,30,,29566,20,,,0,70,,29555,46,0,10 14 20,0,30,,29565,20,,,0,70,,29554,46,0,10 14 20,0,30,,29564,20,,,0,65,,29553,46,0,10 14 20,0,30,,29563,20,,,0,70,,29552,46,0,10 14 20,0,30,,29562,20,,,0,70,,29551,46,0,10 14 20,0,31,,29561,20,,,0,65,,29577,46,0,10 14 20,0,30,,29581,20,,,0,25,,29578,46,0,10 14 20,0,65,,29582,20,,,0,15,,29579,46,0,10 14 20,0,70,,29583,20,,,0,30,,29580,46,0,10 14 20,0,71,,29584,20,,,0,37,,29585,46,0,10 14 20,0,9,,29560,20,,,0
1900,'2',600,,30726,1,,,0,30,,30725,1,,,0,72,,30727,1,,,0,12,,30728,1,,,0,27,,30729,1,,,0,67,,30730,1,,,0,27,,30731,1,,,0,69,,30732,1,,,0,25,,30733,1,,,0,27,,30734,1,,,0,67,,30735,1,,,0,27,,30736,1,,,0,67,,30737,1,,,0,27,,30738,1,,,0,67,,30739,1,,,0,27,,30740,1,,,0,67,,30741,1,,,0,27,,30742,1,,,0,24,,30743,1,,,0,67,,30744,1,,,0,27,,30745,1,,,0,71,,30746,1,,,0,27,,30747,1,,,0,70,,30748,1,,,0,28,,30749,1,,,0,69,,30750,1,,,0,28,,30751,1,,,0,68,,30752,1,,,0,28,,30753,1,,,0,68,,30754,1,,,0,24,,30755,1,,,0,27,,30756,1,,,0,67,,30757,1,,,0,27,,30758,1,,,0,67,,30759,1,,,0,27,,30760,1,,,0,87,,30761,1,,,0,67,,30762,1,,,0,36,,30724,1,0,40 3 52,0
1900,'3',801,,30775,1,,,0,32,,30776,1,,,0,72,,30765,1,,,0,32,,30766,1,,,0,72,,30767,1,,,0,32,,30768,1,,,0,72,,30769,1,,,0,32,,30770,1,,,0,72,,30771,1,,,0,32,,30772,1,,,0,72,,30773,1,,,0,32,,30774,1,,,0,70,,30777,1,,,0,27,,30778,1,,,0,64,,30779,1,,,0,27,,30780,1,,,0,67,,30781,1,,,0,27,,30782,1,,,0,67,,30783,1,,,0,27,,30784,1,,,0,27,,30785,1,,,0,79,,30786,1,,,0,72,,30787,1,,,0,32,,30788,1,,,0,72,,30789,1,,,0,32,,30790,1,,,0,72,,30791,1,,,0,35,,30792,1,,,0
1900,'30',800,,30800,1,,,0,35,,30810,1,,,0,75,,30796,1,,,0,35,,30797,1,,,0,75,,30811,1,,,0,35,,30798,1,,,0,75,,30799,1,,,0,80,,30801,1,,,0,40,,30802,1,,,0,80,,30812,1,,,0,80,,30803,1,,,0,40,,30804,1,,,0,80,,30805,1,,,0,80,,30806,1,,,0,40,,30813,1,,,0,75,,30807,1,,,0,75,,30808,1,,,0,35,,30814,1,,,0,75,,30809,1,,,0,35,,30815,1,,,0
1900,'4',800,,30821,1,,,0,35,,30831,1,,,0,75,,30817,1,,,0,35,,30818,1,,,0,75,,30832,1,,,0,35,,30819,1,,,0,75,,30820,1,,,0,80,,30822,1,,,0,40,,30823,1,,,0,80,,30833,1,,,0,80,,30824,1,,,0,40,,30825,1,,,0,80,,30826,1,,,0,80,,30827,1,,,0,40,,30834,1,,,0,75,,30828,1,,,0,75,,30829,1,,,0,35,,30835,1,,,0,75,,30830,1,,,0,35,,30836,1,,,0
1901,'2',702,,30839,70,4,,0,39,,30840,70,4,,0,67,,30841,70,4,,0,27,,30842,70,4,,0,69,,30843,70,4,,0,25,,30844,70,4,,0,27,,30845,70,4,,0,67,,30846,70,4,,0,27,,30847,70,4,,0,67,,30848,70,4,,0,27,,30849,70,4,,0,67,,30850,70,4,,0,27,,30851,70,4,,0,67,,30852,70,4,,0,27,,30853,70,4,,0,24,,30854,70,4,,0,67,,30855,70,4,,0,27,,30856,70,4,,0,71,,30857,70,4,,0,27,,30858,70,4,,0,70,,30859,70,4,,0,28,,30860,70,4,,0,69,,30861,70,4,,0,28,,30862,70,4,,0,68,,30863,70,4,,0,28,,30864,70,4,,0,68,,30865,70,4,,0,24,,30866,70,4,,0,27,,30867,70,4,,0,67,,30868,70,4,,0,27,,30869,70,4,,0,67,,30870,70,4,,0,27,,30871,70,4,,0,60,,30872,70,4,,0,27,,30873,70,4,,0,67,,30874,70,4,,0,36,,30875,70,4,,0,12,,30876,70,4,,0,85,,30877,70,4,,0
1901,'3',833,,30878,54,4,,0,72,,30880,70,4,,0,32,,30881,70,4,,0,72,,30882,70,4,,0,32,,30883,70,4,,0,72,,30884,70,4,,0,32,,30885,70,4,,0,72,,30886,70,4,,0,32,,30887,70,4,,0,72,,30888,70,4,,0,32,,30889,70,4,,0,70,,30890,70,4,,0,27,,30891,70,4,,0,64,,30892,70,4,,0,27,,30893,70,4,,0,67,,30894,70,4,,0,27,,30895,70,4,,0,67,,30896,70,4,,0,27,,30897,70,4,,0,27,,30898,70,4,,0,79,,30900,70,4,,0,72,,30901,70,4,,0,32,,30902,70,4,,0,72,,30903,70,4,,0,32,,30904,70,4,,0,72,,30905,70,4,,0,35,,30906,70,4,,0
1901,'30',910,,30930,70,4,,0,35,,30910,70,4,,0,75,,30924,70,4,,0,35,,30911,70,4,,0,75,,30912,70,4,,0,80,,30913,70,4,,0,40,,30928,70,4,,0,80,,30914,70,4,,0,80,,30915,70,4,,0,40,,30916,70,4,,0,80,,30917,70,4,,0,80,,30925,70,4,,0,40,,30918,70,4,,0,75,,30919,70,4,,0,75,,30929,70,4,,0,35,,30920,70,4,,0,75,,30921,70,4,,0,35,,30926,70,4,,0
1901,'4',910,,30951,70,4,,0,35,,30931,70,4,,0,75,,30945,70,4,,0,35,,30932,70,4,,0,75,,30933,70,4,,0,80,,30934,70,4,,0,40,,30949,70,4,,0,80,,30935,70,4,,0,80,,30936,70,4,,0,40,,30937,70,4,,0,80,,30938,70,4,,0,80,,30946,70,4,,0,40,,30939,70,4,,0,75,,30940,70,4,,0,75,,30950,70,4,,0,35,,30941,70,4,,0,75,,30942,70,4,,0,35,,30947,70,4,,0
2000,'2',633,,30953,38,,,0,16,,30956,38,,,0,66,,30959,3,,,0,8,,30954,38,,,0,15,,30955,38,,,0,15,,30957,38,,,0,55,,30979,38,,,0,15,,30980,38,,,0,15,,30981,38,,,0,15,,30982,38,,,0,55,,30983,38,,,0,15,,30984,38,,,0,15,,30985,38,,,0,15,,30986,38,,,0,55,,30987,38,,,0,15,,30988,38,,,0,15,,30989,38,,,0,15,,30990,38,,,0,55,,30991,38,,,0,10,,30992,38,,,0,15,,30993,38,,,0,15,,30994,38,,,0,55,,30995,38,,,0,15,,30996,38,,,0,15,,30997,38,,,0,15,,30998,38,,,0,55,,30999,38,,,0,15,,31000,38,,,0,15,,31001,38,,,0,15,,31002,38,,,0,10,,31003,38,,,0,55,,31004,38,,,0,15,,31005,38,,,0,15,,31006,38,,,0,15,,31007,38,,,0,55,,31008,38,,,0,15,,31009,38,,,0,15,,31010,38,,,0,15,,31011,38,,,0,55,,31012,38,,,0,15,,31013,38,,,0,15,,31014,38,,,0,15,,31015,38,,,0,55,,31016,38,,,0,19,,31017,38,,,0,21,,30958,38,,,0,55,,30960,38,,,0,16,,30961,38,,,0,16,,30962,38,,,0,13,,30971,38,,,0,53,,30963,38,,,0,15,,30964,38,,,0,20,,30965,38,,,0,72,,30966,38,,,0,13,,30967,38,,,0,27,,30968,38,,,0,66,,30969,38,,,0,19,,30972,38,,,0,71,,30973,38,,,0,26,,30974,38,,,0,66,,30975,38,,,0,26,,30952,38,,,0,30,,30977,38,,,0,65,,30978,38,,,0,81,,30976,38,,,0
2000,'3',633,,31021,38,,,0,26,,31024,38,,,0,70,,31025,38,,,0,81,,31026,38,,,0,28,,31027,38,,,0,66,,31028,38,,,0,26,,31029,38,,,0,26,,31030,38,,,0,72,,31031,38,,,0,22,,31032,38,,,0,60,,31033,38,,,0,20,,31034,38,,,0,20,,31035,38,,,0,60,,31036,38,,,0,20,,31037,38,,,0,22,,31038,38,,,0,60,,31039,38,,,0,20,,31040,38,,,0,20,,31041,38,,,0,60,,31042,38,,,0,20,,31043,38,,,0,19,,31044,38,,,0,60,,31045,38,,,0,20,,31046,38,,,0,20,,31047,38,,,0,60,,31048,38,,,0,20,,31049,38,,,0,20,,31050,38,,,0,60,,31051,38,,,0,20,,31052,38,,,0,20,,31053,38,,,0,54,,31054,38,,,0,20,,31055,38,,,0,24,,31056,38,,,0,67,,31057,38,,,0,27,,31058,38,,,0,67,,31059,38,,,0,27,,31060,38,,,0,67,,31061,38,,,0,27,,31062,38,,,0,23,,31063,38,,,0,67,,31064,38,,,0,27,,31065,38,,,0,67,,31066,38,,,0,27,,31067,38,,,0,61,,31068,38,,,0,19,,31069,38,,,0,81,,31023,38,,,0
2000,'30',658,,31071,38,,,0,82,,31072,38,,,0,85,,31073,38,,,0,87,,31074,38,,,0,29,,31075,38,,,0,66,,31076,38,,,0,25,,31077,38,,,0,26,,31078,38,,,0,67,,31079,38,,,0,26,,31080,38,,,0,66,,31081,38,,,0,29,,31082,38,,,0,66,,31083,38,,,0,26,,31084,38,,,0,66,,31085,38,,,0,26,,31086,38,,,0,26,,31087,38,,,0,66,,31088,38,,,0,26,,31089,38,,,0,66,,31090,38,,,0,26,,31091,38,,,0,66,,31092,38,,,0,26,,31093,38,,,0,24,,31094,38,,,0,65,,31095,38,,,0,25,,31096,38,,,0,65,,31097,38,,,0,25,,31098,38,,,0,65,,31099,38,,,0,25,,31100,38,,,0,25,,31101,38,,,0,65,,31102,38,,,0,25,,31103,38,,,0,66,,31104,38,,,0,21,,31105,38,,,0,20,,31106,38,,,0
2000,'4',658,,31108,38,,,0,82,,31109,38,,,0,85,,31110,38,,,0,87,,31111,38,,,0,29,,31112,38,,,0,66,,31113,38,,,0,25,,31114,38,,,0,26,,31115,38,,,0,67,,31116,38,,,0,26,,31117,38,,,0,66,,31118,38,,,0,29,,31119,38,,,0,66,,31120,38,,,0,26,,31121,38,,,0,66,,31122,38,,,0,26,,31123,38,,,0,26,,31124,38,,,0,66,,31125,38,,,0,26,,31126,38,,,0,66,,31127,38,,,0,26,,31128,38,,,0,66,,31129,38,,,0,26,,31130,38,,,0,24,,31131,38,,,0,65,,31132,38,,,0,25,,31133,38,,,0,65,,31134,38,,,0,25,,31135,38,,,0,65,,31136,38,,,0,25,,31137,38,,,0,25,,31138,38,,,0,65,,31139,38,,,0,25,,31140,38,,,0,66,,31141,38,,,0,21,,31142,38,,,0,20,,31143,38,,,0
9001,'2',641,,33046,8,,,0,77,,33047,8,,,0,15,,33054,8,,,0,15,,33053,8,,,0,55,,33048,8,,,0,15,,33049,8,,,0,15,,33055,8,,,0,15,,33050,8,,,0,55,,33056,8,,,0,13,,33051,8,,,0,15,,33057,8,,,0,15,,33052,8,,,0,55,,33058,8,,,0,15,,33044,8,,,0,15,,33059,8,,,0,15,,33043,8,,,0,55,,33042,8,,,0,15,,33041,8,,,0,15,,33060,8,,,0,15,,33040,8,,,0,55,,33039,8,,,0,15,,33038,8,,,0,15,,33061,8,,,0,15,,33037,8,,,0,55,,33036,8,,,0,15,,33035,8,,,0,15,,33062,8,,,0,15,,33034,8,,,0,55,,33033,8,,,0,15,,33032,8,,,0,15,,33063,8,,,0,15,,33031,8,,,0,55,,33030,8,,,0,15,,33029,8,,,0,15,,33064,8,,,0,15,,33028,8,,,0,55,,33027,8,,,0,20,,33026,8,,,0,15,,33066,8,,,0,15,,33025,8,,,0,55,,33024,8,,,0,15,,33023,8,,,0,15,,33065,8,,,0,14,,33022,8,0,37 3 45,0,56,,33021,8,,,0,14,,33045,8,0,37 3 45,0,26,,33020,8,,,0,65,,33067,8,,,0,25,,33068,8,,,0,65,,33069,8,,,0,30,,33070,8,,,0,70,,33071,8,,,0,28,,33072,8,0,37 3 45,0
9001,'3',829,,33091,8,,,0,30,,33092,8,,,0,70,,33093,8,,,0,30,,33094,8,,,0,61,,33095,8,,,0,25,,33090,8,,,0,65,,33089,8,,,0,25,,33088,8,,,0,65,,33087,8,,,0,24,,33086,8,,,0,25,,33085,8,,,0,65,,33084,8,,,0,25,,33083,8,,,0,65,,33082,8,,,0,26,,33081,8,,,0,25,,33080,8,,,0,65,,33079,8,,,0,25,,33078,8,,,0,65,,33077,8,,,0,25,,33076,8,,,0,65,,33075,8,,,0,25,,33074,8,,,0,25,,33073,8,,,0
9001,'4',959,,33097,8,,,0,60,,33098,8,,,0,20,,33099,8,,,0,20,,33100,8,,,0,60,,33101,8,,,0,20,,33102,8,,,0,20,,33103,8,,,0,56,,33122,8,,,0,16,,33104,8,,,0,16,,33105,8,,,0,56,,33106,8,,,0,16,,33107,8,,,0,16,,33108,8,,,0,16,,33109,8,,,0,56,,33110,8,,,0,16,,33111,8,,,0,16,,33112,8,,,0,16,,33113,8,,,0,56,,33114,8,,,0,16,,33115,8,,,0,16,,33116,8,,,0,16,,33117,8,,,0,56,,33118,8,,,0,16,,33119,8,,,0,16,,33120,8,,,0,56,,33121,8,,,0,17,,33123,8,,,0,21,,33124,8,,,0,61,,33125,8,,,0,25,,33126,8,,,0,18,,33096,8,,,0,65,,33127,8,,,0
9401,'2',714,,33621,10,,,0,26,,33622,10,,,0,66,,33623,10,,,0,26,,33624,10,,,0,26,,33625,10,,,0,66,,33626,10,,,0,26,,33627,10,,,0,352,,33628,10,,,0,21,,33629,10,,,0,21,,33630,10,,,0,61,,33631,10,,,0,21,,33632,10,,,0,21,,33633,10,,,0,61,,33634,10,,,0,21,,33635,10,,,0,21,,33636,10,,,0,62,,33637,10,,,0,23,,33638,10,,,0,23,,33639,10,,,0,63,,33640,10,,,0,23,,33641,10,,,0
