201,'11802',748,,42903,56,0,13 24 25,1,75,,42905,50,0,10 24 25,1,29,,42904,56,0,13 24 25,1,70,,42906,50,0,10 24 25,1
201,'2',642,,42908,50,0,10 24 25,1,15,,42944,56,0,13 24 25,1,55,,42909,50,0,10 24 25,1,15,,42945,56,0,13 24 25,1,15,,42910,50,0,10 24 25,1,15,,42946,56,0,13 24 25,1,55,,42911,50,0,10 24 25,1,15,,42947,56,0,13 24 25,1,15,,42912,50,0,10 24 25,1,15,,42948,56,0,13 24 25,1,54,,42913,50,0,10 24 25,1,15,,42949,56,0,13 24 25,1,15,,42914,50,0,10 24 25,1,15,,42950,56,0,13 24 25,1,55,,42915,50,0,10 24 25,1,15,,42951,56,0,13 24 25,1,15,,42916,50,0,10 24 25,1,15,,42952,56,0,13 24 25,1,55,,42917,50,0,10 24 25,1,15,,42953,56,0,13 24 25,1,15,,42918,50,0,10 24 25,1,15,,42954,56,0,13 24 25,1,55,,42919,50,0,10 24 25,1,15,,42955,56,0,13 24 25,1,15,,42920,50,0,10 24 25,1,15,,42956,56,0,13 24 25,1,55,,42921,50,0,10 24 25,1,15,,42957,56,0,13 24 25,1,15,,42922,50,0,10 24 25,1,15,,42958,56,0,13 24 25,1,55,,42923,50,0,10 24 25,1,15,,42959,56,0,13 24 25,1,15,,42924,50,0,10 24 25,1,15,,42960,56,0,13 24 25,1,55,,42925,50,0,10 24 25,1,15,,42961,56,0,13 24 25,1,15,,42926,50,0,10 24 25,1,15,,42962,56,0,13 24 25,1,59,,42927,50,0,10 24 25,1,15,,42963,56,0,13 24 25,1,15,,42928,50,0,10 24 25,1,55,,42964,56,0,13 24 25,1,20,,42929,50,0,10 24 25,1,18,,42965,56,0,13 24 25,1,16,,42930,50,0,10 24 25,1,54,,42966,56,0,13 24 25,1,5,,42931,50,0,10 24 25,1,11,,42967,56,0,13 24 25,1,17,,42932,50,0,10 24 25,1,15,,42968,56,0,13 24 25,1,55,,42933,50,0,10 24 25,1,10,,42969,56,0,13 24 25,1,15,,42934,50,0,10 24 25,1,15,,42970,56,0,13 24 25,1,67,,42971,56,0,13 24 25,1,13,,42936,50,0,10 24 25,1,12,,42972,56,0,13 24 25,1,14,,42937,50,0,10 24 25,1,56,,42973,56,0,13 24 25,1,23,,42974,56,0,13 24 25,1,18,,42939,50,0,10 24 25,1,64,,42975,56,0,13 24 25,1,16,,42940,50,0,10 24 25,1,18,,42976,56,0,13 24 25,1,55,,42941,50,0,10 24 25,1,21,,42977,56,0,13 24 25,1,15,,42942,50,0,10 24 25,1,60,,42978,56,0,13 24 25,1,23,,42943,50,0,10 24 25,1,77,,42979,56,0,13 24 25,1,19,,42980,50,0,10 24 25,1
201,'3',637,,42983,56,0,13 24 25,1,70,,42984,50,0,10 24 25,1,30,,42985,56,0,13 24 25,1,72,,42986,50,0,10 24 25,1,15,,42987,56,0,13 24 25,1,15,,42988,50,0,10 24 25,1,10,,42989,56,0,13 24 25,1,55,,42990,50,0,10 24 25,1,10,,42991,56,0,13 24 25,1,15,,42992,50,0,10 24 25,1,15,,42993,56,0,13 24 25,1,15,,42994,50,0,10 24 25,1,55,,42995,56,0,13 24 25,1,15,,42996,50,0,10 24 25,1,10,,43039,32,,,1,5,,42997,56,0,13 24 25,1,15,,43018,50,0,10 24 25,1,55,,42998,56,0,13 24 25,1,15,,43019,50,0,10 24 25,1,15,,42999,56,0,13 24 25,1,15,,43020,50,0,10 24 25,1,55,,43000,56,0,13 24 25,1,10,,43021,50,0,10 24 25,1,15,,43001,56,0,13 24 25,1,10,,43022,50,0,10 24 25,1,55,,43002,56,0,13 24 25,1,15,,43023,50,0,10 24 25,1,15,,43003,56,0,13 24 25,1,15,,43024,50,0,10 24 25,1,55,,43004,56,0,13 24 25,1,16,,43025,50,0,10 24 25,1,15,,43005,56,0,13 24 25,1,10,,43026,50,0,10 24 25,1,10,,43006,56,0,13 24 25,1,55,,43027,50,0,10 24 25,1,15,,43007,56,0,13 24 25,1,15,,43028,50,0,10 24 25,1,15,,43008,56,0,13 24 25,1,55,,43029,50,0,10 24 25,1,15,,43009,56,0,13 24 25,1,15,,43030,50,0,10 24 25,1,15,,43010,56,0,13 24 25,1,50,,43031,50,0,10 24 25,1,15,,43011,56,0,13 24 25,1,15,,43032,50,0,10 24 25,1,10,,43012,56,0,13 24 25,1,55,,43033,50,0,10 24 25,1,14,,43013,56,0,13 24 25,1,15,,43034,50,0,10 24 25,1,10,,43014,56,0,13 24 25,1,15,,43035,50,0,10 24 25,1,55,,43015,56,0,13 24 25,1,15,,43036,50,0,10 24 25,1,15,,43016,56,0,13 24 25,1,15,,43037,50,0,10 24 25,1,55,,43017,56,0,13 24 25,1,15,,43038,50,0,10 24 25,1,15,,43040,56,0,13 24 25,1,15,,43041,50,0,10 24 25,1,55,,43042,56,0,13 24 25,1,25,,43047,50,0,10 24 25,1,70,,43043,56,0,13 24 25,1,30,,43048,50,0,10 24 25,1,67,,43044,56,0,13 24 25,1,30,,43049,50,0,10 24 25,1,70,,43045,56,0,13 24 25,1,30,,43050,50,0,10 24 25,1,78,,43046,56,0,13 24 25,1
201,'30',637,,43059,32,,,1,72,,43058,56,0,13 24 25,1,30,,43060,50,0,10 24 25,1,70,,43062,56,0,13 24 25,1,30,,43061,50,0,10 24 25,1,75,,43063,56,0,13 24 25,1,30,,43064,50,0,10 24 25,1,65,,43068,56,0,13 24 25,1,25,,43065,50,0,10 24 25,1,25,,43069,56,0,13 24 25,1,65,,43066,50,0,10 24 25,1,15,,43094,40,,,1,10,,43070,56,0,13 24 25,1,66,,43067,50,0,10 24 25,1,15,,43071,56,0,13 24 25,1,15,,43083,50,0,10 24 25,1,55,,43072,56,0,13 24 25,1,15,,43084,50,0,10 24 25,1,15,,43073,56,0,13 24 25,1,15,,43085,50,0,10 24 25,1,55,,43074,56,0,13 24 25,1,15,,43086,50,0,10 24 25,1,15,,43075,56,0,13 24 25,1,15,,43087,50,0,10 24 25,1,55,,43076,56,0,13 24 25,1,15,,43088,50,0,10 24 25,1,15,,43077,56,0,13 24 25,1,15,,43089,50,0,10 24 25,1,55,,43078,56,0,13 24 25,1,15,,43090,50,0,10 24 25,1,15,,43079,56,0,13 24 25,1,15,,43091,50,0,10 24 25,1,55,,43080,56,0,13 24 25,1,15,,43092,50,0,10 24 25,1,15,,43081,56,0,13 24 25,1,15,,43093,50,0,10 24 25,1,55,,43082,56,0,13 24 25,1,14,,43095,50,0,10 24 25,1,35,,43101,56,0,13 24 25,1,55,,43096,50,0,10 24 25,1,25,,43102,56,0,13 24 25,1,25,,43097,50,0,10 24 25,1,65,,43103,56,0,13 24 25,1,25,,43098,50,0,10 24 25,1,65,,43104,56,0,13 24 25,1,25,,43099,50,0,10 24 25,1,25,,43105,56,0,13 24 25,1,65,,43100,50,0,10 24 25,1,25,,43106,56,0,13 24 25,1,60,,43057,50,0,10 24 25,1
201,'4',637,,43113,32,,,1,72,,43112,56,0,13 24 25,1,30,,43114,50,0,10 24 25,1,70,,43116,56,0,13 24 25,1,30,,43115,50,0,10 24 25,1,75,,43117,56,0,13 24 25,1,30,,43118,50,0,10 24 25,1,65,,43122,56,0,13 24 25,1,25,,43119,50,0,10 24 25,1,25,,43123,56,0,13 24 25,1,65,,43120,50,0,10 24 25,1,15,,43148,40,,,1,10,,43124,56,0,13 24 25,1,66,,43121,50,0,10 24 25,1,15,,43125,56,0,13 24 25,1,15,,43137,50,0,10 24 25,1,55,,43126,56,0,13 24 25,1,15,,43138,50,0,10 24 25,1,15,,43127,56,0,13 24 25,1,15,,43139,50,0,10 24 25,1,55,,43128,56,0,13 24 25,1,15,,43140,50,0,10 24 25,1,15,,43129,56,0,13 24 25,1,15,,43141,50,0,10 24 25,1,55,,43130,56,0,13 24 25,1,15,,43142,50,0,10 24 25,1,15,,43131,56,0,13 24 25,1,15,,43143,50,0,10 24 25,1,55,,43132,56,0,13 24 25,1,15,,43144,50,0,10 24 25,1,15,,43133,56,0,13 24 25,1,15,,43145,50,0,10 24 25,1,55,,43134,56,0,13 24 25,1,15,,43146,50,0,10 24 25,1,15,,43135,56,0,13 24 25,1,15,,43147,50,0,10 24 25,1,55,,43136,56,0,13 24 25,1,14,,43149,50,0,10 24 25,1,35,,43155,56,0,13 24 25,1,55,,43150,50,0,10 24 25,1,25,,43156,56,0,13 24 25,1,25,,43151,50,0,10 24 25,1,65,,43157,56,0,13 24 25,1,25,,43152,50,0,10 24 25,1,65,,43158,56,0,13 24 25,1,25,,43153,50,0,10 24 25,1,25,,43159,56,0,13 24 25,1,65,,43154,50,0,10 24 25,1,25,,43160,56,0,13 24 25,1,60,,43111,50,0,10 24 25,1
2701,'11802',756,,48307,11,,,1,877,,48308,11,,,1
2701,'2',553,,48380,10,,,1,92,,48309,11,,,1,65,,48310,10,,,1,13,,48311,11,,,1,13,,48312,10,,,1,13,,48313,10,,,1,53,,48314,11,,,1,13,,48315,11,,,1,8,,48316,11,,,1,13,,48317,11,,,1,13,,48318,11,,,1,52,,48319,11,,,1,14,,48320,11,,,1,13,,48321,11,,,1,13,,48322,11,,,1,13,,48323,11,,,1,53,,48324,11,,,1,13,,48325,11,,,1,13,,48326,11,,,1,13,,48327,11,,,1,13,,48328,11,,,1,53,,48329,11,,,1,13,,48330,11,,,1,13,,48331,11,,,1,13,,48332,11,,,1,52,,48333,11,,,1,12,,48334,11,,,1,12,,48335,11,,,1,12,,48336,11,,,1,12,,48337,11,,,1,52,,48338,11,,,1,12,,48339,11,,,1,12,,48340,11,,,1,12,,48341,11,,,1,12,,48342,11,,,1,52,,48343,11,,,1,14,,48344,11,,,1,13,,48345,11,,,1,13,,48346,11,,,1,13,,48347,11,,,1,53,,48348,11,,,1,13,,48349,11,,,1,9,,48350,10,,,1,12,,48351,11,,,1,12,,48352,11,,,1,51,,48353,11,,,1,11,,48354,11,,,1,11,,48355,10,,,1,11,,48356,11,,,1,11,,48357,11,,,1,51,,48358,11,,,1,11,,48359,11,,,1,11,,48360,11,,,1,11,,48361,11,,,1,11,,48362,11,,,1,7,,48363,11,,,1,53,,48364,11,,,1,9,,48365,11,,,1,13,,48366,11,,,1,11,,48367,11,,,1,11,,48368,11,,,1,57,,48369,11,,,1,17,,48370,11,,,1,17,,48371,11,,,1,17,,48372,11,,,1,57,,48373,11,,,1,17,,48374,11,,,1,17,,48375,11,,,1,62,,48376,11,,,1,27,,48377,11,,,1,67,,48378,11,,,1,27,,48379,11,,,1
2701,'3',856,,48381,10,,,1,83,,48391,11,,,1,71,,48382,11,,,1,104,,48392,11,,,1,33,,48383,11,,,1,72,,48400,11,,,1,32,,48393,11,,,1,72,,48384,11,,,1,32,,48401,11,,,1,71,,48394,11,,,1,74,,48385,11,,,1,32,,48402,11,,,1,70,,48395,11,,,1,34,,48386,11,,,1,72,,48403,11,,,1,30,,48396,11,,,1,75,,48387,11,,,1,45,,48397,11,,,1,85,,48388,11,,,1,85,,48398,11,,,1,84,,48389,11,,,1,40,,48399,11,,,1,80,,48390,11,,,1,80,,48404,11,,,1
2701,'30',839,,48405,10,,,1,85,,48406,11,,,1,85,,48412,11,,,1,45,,48407,11,,,1,85,,48413,11,,,1,85,,48408,11,,,1,88,,48414,11,,,1,32,,48415,11,,,1,72,,48409,11,,,1,32,,48417,11,,,1,72,,48416,11,,,1,32,,48410,11,,,1,72,,48418,11,,,1,32,,48420,11,,,1,70,,48411,11,,,1,77,,48419,11,,,1,45,,48421,11,,,1,85,,48422,11,,,1
2701,'4',839,,48423,10,,,1,85,,48424,11,,,1,85,,48430,11,,,1,45,,48425,11,,,1,85,,48431,11,,,1,85,,48426,11,,,1,88,,48432,11,,,1,32,,48433,11,,,1,72,,48427,11,,,1,32,,48435,11,,,1,72,,48434,11,,,1,32,,48428,11,,,1,72,,48436,11,,,1,32,,48438,11,,,1,70,,48429,11,,,1,77,,48437,11,,,1,45,,48439,11,,,1,85,,48440,11,,,1
3101,'11802',920,,48662,22,,,1,737,,48663,22,,,1
3101,'2',621,,48664,22,,,1,34,,48665,22,,,1,60,,48666,22,,,1,20,,48667,22,,,1,20,,48668,22,,,1,60,,48669,22,,,1,20,,48670,22,,,1,20,,48671,22,,,1,53,,48672,22,,,1,25,,48673,22,,,1,20,,48674,22,,,1,70,,48675,22,,,1,30,,48676,22,,,1,70,,48677,22,,,1,30,,48678,22,,,1,70,,48679,22,,,1,30,,48680,22,,,1,70,,48681,22,,,1,26,,48682,22,,,1,70,,48683,22,,,1,25,,48684,22,,,1,60,,48685,22,,,1,20,,48686,22,,,1,20,,48687,22,,,1,61,,48688,22,,,1,20,,48689,22,,,1,20,,48690,22,,,1,60,,48691,22,,,1,20,,48692,22,,,1,20,,48693,22,,,1,59,,48694,22,,,1,20,,48695,22,,,1,18,,48696,22,,,1,70,,48697,22,,,1,30,,48698,22,,,1,70,,48699,22,,,1,30,,48700,22,,,1,70,,48701,22,,,1,30,,48702,22,,,1,70,,48703,22,,,1,30,,48704,22,,,1,70,,48705,22,,,1,30,,48706,22,,,1,70,,48707,22,,,1,25,,48708,22,,,1,21,,48709,22,,,1
3101,'3',725,,48710,22,,,1,25,,48711,22,,,1,65,,48712,22,,,1,25,,48713,22,,,1,65,,48714,22,,,1,25,,48715,22,,,1,25,,48716,22,,,1,65,,48717,22,,,1,25,,48718,22,,,1,65,,48719,22,,,1,25,,48720,22,,,1,65,,48721,22,,,1,27,,48722,22,,,1,27,,48723,22,,,1,67,,48724,22,,,1,27,,48725,22,,,1,66,,48726,22,,,1,27,,48727,22,,,1,67,,48728,22,,,1,27,,48729,22,,,1,67,,48730,22,,,1,27,,48731,22,,,1,25,,48732,22,,,1,67,,48733,22,,,1,27,,48734,22,,,1,66,,48735,22,,,1,25,,48736,22,,,1,65,,48737,22,,,1,25,,48738,22,,,1,25,,48739,22,,,1,65,,48740,22,,,1,25,,48741,22,,,1,64,,48742,22,,,1,26,,48743,22,,,1,25,,48744,22,,,1,65,,48745,22,,,1,25,,48746,22,,,1,65,,48747,22,,,1,25,,48748,22,,,1,65,,48749,22,,,1,25,,48750,22,,,1,25,,48751,22,,,1
3101,'30',730,,48763,22,,,1,25,,48752,22,,,1,65,,48753,22,,,1,25,,48754,22,,,1,65,,48755,22,,,1,25,,48756,22,,,1,65,,48757,22,,,1,25,,48758,22,,,1,25,,48759,22,,,1,65,,48760,22,,,1,25,,48761,22,,,1,66,,48762,22,,,1,25,,48764,22,,,1,25,,48765,22,,,1,65,,48766,22,,,1,25,,48767,22,,,1,65,,48768,22,,,1,25,,48769,22,,,1,65,,48770,22,,,1,25,,48771,22,,,1,25,,48772,22,,,1,65,,48773,22,,,1,25,,48774,22,,,1,65,,48775,22,,,1,25,,48776,22,,,1,25,,48777,22,,,1,65,,48778,22,,,1,25,,48779,22,,,1,65,,48780,22,,,1,25,,48781,22,,,1,65,,48782,22,,,1,27,,48783,22,,,1
3101,'4',730,,48795,22,,,1,25,,48784,22,,,1,65,,48785,22,,,1,25,,48786,22,,,1,65,,48787,22,,,1,25,,48788,22,,,1,65,,48789,22,,,1,25,,48790,22,,,1,25,,48791,22,,,1,65,,48792,22,,,1,25,,48793,22,,,1,66,,48794,22,,,1,25,,48796,22,,,1,25,,48797,22,,,1,65,,48798,22,,,1,25,,48799,22,,,1,65,,48800,22,,,1,25,,48801,22,,,1,65,,48802,22,,,1,25,,48803,22,,,1,25,,48804,22,,,1,65,,48805,22,,,1,25,,48806,22,,,1,65,,48807,22,,,1,25,,48808,22,,,1,25,,48809,22,,,1,65,,48810,22,,,1,25,,48811,22,,,1,65,,48812,22,,,1,25,,48813,22,,,1,65,,48814,22,,,1,27,,48815,22,,,1
3301,'2',714,,48882,14,,,1,13,,48883,14,,,1,13,,48884,14,,,1,13,,48885,14,,,1,53,,48886,14,,,1,13,,48887,14,,,1,13,,48888,14,,,1,13,,48889,14,,,1,13,,48890,14,,,1,53,,48891,14,,,1,11,,48892,14,,,1,13,,48893,14,,,1,13,,48894,14,,,1,53,,48895,14,,,1,13,,48896,14,,,1,13,,48897,14,,,1,13,,48898,14,,,1,13,,48899,14,,,1,53,,48900,14,,,1,13,,48901,14,,,1,13,,48902,14,,,1,13,,48903,14,,,1,13,,48904,14,,,1,53,,48905,14,,,1,15,,48906,14,,,1,13,,48907,14,,,1,13,,48908,14,,,1,53,,48909,14,,,1,15,,48910,14,,,1,15,,48911,14,,,1,15,,48912,14,,,1,55,,48913,14,,,1,15,,48914,14,,,1,15,,48915,14,,,1,15,,48916,14,,,1,55,,48917,14,,,1,15,,48918,14,,,1,15,,48919,14,,,1,15,,48920,14,,,1,55,,48921,14,,,1,16,,48922,14,,,1,15,,48923,14,,,1,15,,48924,14,,,1,55,,48925,14,,,1,15,,48926,14,,,1,15,,48927,14,,,1,15,,48928,14,,,1,58,,48929,14,,,1,16,,48932,14,,,1,19,,48933,14,,,1,57,,48934,14,,,1,17,,48935,14,,,1,17,,48936,14,,,1,17,,48937,14,,,1,57,,48938,14,,,1,17,,48939,14,,,1,17,,48940,14,,,1,57,,48941,14,,,1,17,,48942,14,,,1,17,,48943,14,,,1,17,,48944,14,,,1,57,,48945,14,,,1,20,,48930,14,,,1
9300,'11802',1625,,49904,33,,,1
9300,'2',631,,49905,33,,,1,19,,49908,33,,,1,60,,49909,33,,,1,24,,49910,33,,,1,21,,49911,33,,,1,61,,49912,33,,,1,25,,49913,33,,,1,60,,49914,33,,,1,25,,49915,33,,,1,75,,49916,33,,,1,32,,49917,33,,,1,72,,49918,33,,,1,32,,49919,33,,,1,72,,49920,33,,,1,32,,49921,33,,,1,72,,49922,33,,,1,32,,49923,33,,,1,72,,49924,33,,,1,22,,49925,33,,,1,17,,49926,33,,,1,55,,49927,33,,,1,22,,49928,33,,,1,22,,49929,33,,,1,62,,49930,33,,,1,27,,49931,33,,,1,62,,49932,33,,,1,22,,49933,33,,,1,24,,49934,33,,,1,61,,49947,33,,,1,20,,49935,33,,,1,24,,49936,33,,,1,72,,49937,33,,,1,75,,49938,33,,,1,29,,49939,33,,,1,72,,49940,33,,,1,26,,49941,33,,,1,72,,49942,33,,,1,28,,49943,33,,,1,70,,49944,33,,,1,30,,49945,33,,,1,70,,49946,33,,,1,27,,49906,33,,,1
9300,'3',841,,49948,33,,,1,65,,49949,33,,,1,25,,49950,33,,,1,25,,49951,33,,,1,65,,49952,33,,,1,18,,49953,33,,,1,69,,49954,33,,,1,30,,49955,33,,,1,70,,49956,33,,,1,30,,49957,33,,,1,69,,49958,33,,,1,39,,49959,33,,,1,70,,49960,33,,,1,29,,49961,33,,,1,80,,49962,33,,,1,30,,49963,33,,,1,70,,49964,33,,,1,75,,49965,33,,,1,35,,49966,33,,,1,70,,49967,33,,,1,28,,49968,33,,,1,23,,49969,33,,,1,65,,49970,33,,,1,22,,49971,33,,,1,65,,49972,33,,,1,25,,49973,33,,,1,25,,49974,33,,,1,65,,49975,33,,,1,28,,49976,33,,,1,65,,49977,33,,,1,41,,49978,33,,,1,65,,49979,33,,,1,25,,49980,33,,,1
9300,'30',825,,50008,33,,,1,28,,49983,33,,,1,75,,49984,33,,,1,75,,49985,33,,,1,35,,49986,33,,,1,75,,49987,33,,,1,35,,49988,33,,,1,75,,49989,33,,,1,77,,49990,33,,,1,37,,49991,33,,,1,77,,49992,33,,,1,37,,49993,33,,,1,77,,49994,33,,,1,77,,49995,33,,,1,37,,49996,33,,,1,77,,49997,33,,,1,37,,49998,33,,,1,77,,49999,33,,,1,77,,50000,33,,,1,37,,50001,33,,,1,77,,50002,33,,,1,77,,50003,33,,,1,37,,50004,33,,,1,77,,50005,33,,,1,32,,50006,33,,,1
9300,'4',825,,50034,33,,,1,28,,50009,33,,,1,75,,50010,33,,,1,75,,50011,33,,,1,35,,50012,33,,,1,75,,50013,33,,,1,35,,50014,33,,,1,75,,50015,33,,,1,77,,50016,33,,,1,37,,50017,33,,,1,77,,50018,33,,,1,37,,50019,33,,,1,77,,50020,33,,,1,77,,50021,33,,,1,37,,50022,33,,,1,77,,50023,33,,,1,37,,50024,33,,,1,77,,50025,33,,,1,77,,50026,33,,,1,37,,50027,33,,,1,77,,50028,33,,,1,77,,50029,33,,,1,37,,50030,33,,,1,77,,50031,33,,,1,32,,50032,33,,,1
10201,'11802',915,,50351,12,,,1,21,,50352,12,,,1,808,,50353,12,,,1
10201,'3302',613,,50413,12,,,1,22,,50412,12,,,1,65,,50411,12,,,1,25,,50410,12,,,1,25,,50409,12,,,1,60,,50363,12,,,1,10,,50362,12,,,1,20,,50361,12,,,1,61,,50360,12,,,1,10,,50359,12,,,1,19,,50358,12,,,1,21,,50357,12,,,1,50,,50356,12,,,1,20,,50355,12,,,1,20,,50354,12,,,1,6,,50364,12,,,1,57,,50365,12,,,1,22,,50366,12,,,1,11,,50367,12,,,1,11,,50368,12,,,1,62,,50369,12,,,1,11,,50370,12,,,1,11,,50371,12,,,1,22,,50372,12,,,1,51,,50373,12,,,1,11,,50374,12,,,1,22,,50375,12,,,1,11,,50376,12,,,1,51,,50377,12,,,1,22,,50378,12,,,1,11,,50379,12,,,1,13,,50380,12,,,1,65,,50381,12,,,1,12,,50382,12,,,1,12,,50383,12,,,1,24,,50384,12,,,1,53,,50385,12,,,1,12,,50386,12,,,1,24,,50387,12,,,1,52,,50388,12,,,1,12,,50389,12,,,1,24,,50390,12,,,1,12,,50391,12,,,1,52,,50392,12,,,1,28,,50393,12,,,1,12,,50394,12,,,1,70,,50395,12,,,1,15,,50396,12,,,1,30,,50397,12,,,1,55,,50398,12,,,1,30,,50399,12,,,1,14,,50400,12,,,1,67,,50401,12,,,1,20,,50402,12,,,1,60,,50403,12,,,1,20,,50404,12,,,1,20,,50405,12,,,1,60,,50406,12,,,1,20,,50407,12,,,1,20,,50408,12,,,1
10201,'3602',830,,50419,12,,,1,20,,50418,12,,,1,69,,50417,12,,,1,22,,50416,12,,,1,70,,50415,12,,,1,20,,50414,12,,,1,84,,50420,12,,,1,44,,50421,12,,,1,84,,50422,12,,,1,84,,50423,12,,,1,84,,50424,12,,,1,48,,50425,12,,,1,88,,50426,12,,,1,89,,50427,12,,,1,88,,50428,12,,,1,86,,50429,12,,,1,45,,50430,12,,,1,85,,50431,12,,,1,85,,50432,12,,,1
10201,'3903',1130,,50433,12,,,1,82,,50434,12,,,1,44,,50435,12,,,1,80,,50436,12,,,1,80,,50437,12,,,1,41,,50438,12,,,1,80,,50439,12,,,1,83,,50440,12,,,1,84,,50441,12,,,1,45,,50442,12,,,1,80,,50443,12,,,1,80,,50444,12,,,1,40,,50445,12,,,1,80,,50446,12,,,1,77,,50447,12,,,1,34,,50448,12,,,1,75,,50449,12,,,1,35,,50450,12,,,1,75,,50451,12,,,1
10201,'6404',1130,,50452,12,,,1,82,,50453,12,,,1,44,,50454,12,,,1,80,,50455,12,,,1,80,,50456,12,,,1,41,,50457,12,,,1,80,,50458,12,,,1,83,,50459,12,,,1,84,,50460,12,,,1,45,,50461,12,,,1,80,,50462,12,,,1,80,,50463,12,,,1,40,,50464,12,,,1,80,,50465,12,,,1,77,,50466,12,,,1,34,,50467,12,,,1,75,,50468,12,,,1
12700,'3302',656,,50785,20,,,1,91,,50786,20,,,1,58,,50787,20,,,1,54,,50788,20,,,1,58,,50789,20,,,1,91,,50790,20,,,1,23,,50791,20,,,1,86,,50792,20,,,1,23,,50793,20,,,1,86,,50794,20,,,1,23,,50795,20,,,1,86,,50796,20,,,1,24,,50797,20,,,1,87,,50798,20,,,1,70,,50799,20,,,1,85,,50800,20,,,1,32,,50801,20,,,1,88,,50802,20,,,1,36,,50803,20,,,1,75,,50804,20,,,1,77,,50805,20,,,1,34,,50806,20,,,1,74,,50807,20,,,1,34,,50808,20,,,1,99,,50809,20,,,1,104,,50810,20,,,1,101,,50811,20,,,1
12700,'3602',618,,50812,20,,,1,93,,50813,20,,,1,16,,50814,20,,,1,96,,50815,20,,,1,18,,50816,20,,,1,103,,50817,20,,,1,110,,50818,20,,,1,149,,50819,20,,,1,109,,50820,20,,,1,104,,50821,20,,,1,15,,50822,20,,,1,70,,50823,20,,,1,30,,50824,20,,,1,15,,50825,20,,,1,71,,50826,20,,,1,32,,50827,20,,,1,56,,50828,20,,,1,32,,50829,20,,,1
12700,'3903',616,,50830,20,,,1,100,,50831,20,,,1,103,,50832,20,,,1,102,,50833,20,,,1,104,,50834,20,,,1,34,,50835,20,,,1,74,,50836,20,,,1,74,,50837,20,,,1,36,,50838,20,,,1,75,,50839,20,,,1,35,,50840,20,,,1,76,,50841,20,,,1,75,,50842,20,,,1,35,,50843,20,,,1,75,,50844,20,,,1,35,,50845,20,,,1,75,,50846,20,,,1,35,,50847,20,,,1,73,,50848,20,,,1,74,,50849,20,,,1,34,,50850,20,,,1,74,,50851,20,,,1,34,,50852,20,,,1,101,,50853,20,,,1,102,,50854,20,,,1,102,,50855,20,,,1
12700,'6404',706,,50856,10,,,1,102,,50857,20,,,1,103,,50858,20,,,1,34,,50859,20,,,1,74,,50860,20,,,1,34,,50861,20,,,1,74,,50862,20,,,1,74,,50863,20,,,1,35,,50864,20,,,1,74,,50865,20,,,1,34,,50866,20,,,1,74,,50867,20,,,1,34,,50868,20,,,1,74,,50869,20,,,1,74,,50870,20,,,1,34,,50871,20,,,1,73,,50872,20,,,1,28,,50873,20,,,1,77,,50874,20,,,1,101,,50875,20,,,1,101,,50876,20,,,1,101,,50877,20,,,1,101,,50878,20,,,1
