601,'2',620,,44069,6,,,1,36,,44071,6,,,1,75,,44072,6,,,1,25,,44073,6,,,1,65,,44074,6,,,1,25,,44075,6,,,1,69,,44077,6,,,1,25,,44078,6,,,1,70,,44079,6,,,1,30,,44080,6,,,1,65,,44081,6,,,1,30,,44082,6,,,1,69,,44083,6,,,1,30,,44084,6,,,1,70,,44085,6,,,1,25,,44086,6,,,1,30,,44087,6,,,1,70,,44088,6,,,1,30,,44089,6,,,1,70,,44090,6,,,1,30,,44091,6,,,1,65,,44092,6,,,1,30,,44093,6,,,1,70,,44094,6,,,1,30,,44095,6,,,1,65,,44096,6,,,1,25,,44097,6,,,1,65,,44098,6,,,1,25,,44099,6,,,1,21,,44100,6,,,1,65,,44101,6,,,1,26,,44102,6,,,1,65,,44103,6,,,1,25,,44104,6,,,1,65,,44105,6,,,1,25,,44106,6,,,1,25,,44107,6,,,1,65,,44108,6,,,1,26,,44109,6,,,1,67,,44110,6,,,1,43,,44111,6,,,1
601,'3',610,,44113,6,,,1,33,,44114,6,,,1,75,,44115,6,,,1,34,,44116,6,,,1,75,,44117,6,,,1,75,,44118,6,,,1,35,,44119,6,,,1,66,,44120,6,,,1,20,,44121,6,,,1,30,,44122,6,,,1,65,,44123,6,,,1,20,,44124,6,,,1,68,,44126,6,,,1,20,,44127,6,,,1,20,,44128,6,,,1,60,,44129,6,,,1,20,,44130,6,,,1,20,,44131,6,,,1,59,,44132,6,,,1,20,,44133,6,,,1,20,,44134,6,,,1,60,,44135,6,,,1,20,,44136,6,,,1,20,,44137,6,,,1,60,,44138,6,,,1,20,,44139,6,,,1,20,,44140,6,,,1,60,,44141,6,,,1,20,,44142,6,,,1,20,,44143,6,,,1,60,,44144,6,,,1,20,,44146,6,,,1,18,,44145,6,0,37 3 45,1,58,,44147,6,,,1,25,,44148,6,,,1,25,,44149,6,,,1,65,,44150,6,,,1,28,,44151,6,,,1,60,,44152,6,0,37 3 45,1,21,,44153,6,,,1,30,,44154,6,,,1,76,,44155,6,,,1,76,,44156,6,,,1,36,,44157,6,,,1,73,,44158,6,,,1,35,,44159,6,,,1
601,'30',907,,44160,6,,,1,33,,44161,6,,,1,75,,44162,6,,,1,35,,44163,6,,,1,78,,44164,6,,,1,79,,44165,6,,,1,25,,44166,6,,,1,25,,44167,6,,,1,65,,44168,6,,,1,25,,44169,6,,,1,65,,44170,6,,,1,25,,44171,6,,,1,65,,44172,6,,,1,25,,44173,6,,,1,25,,44174,6,,,1,65,,44175,6,,,1,25,,44176,6,,,1,69,,44177,6,,,1,25,,44178,6,,,1,13,,44179,6,0,37 3 45,1,64,,44180,6,,,1,32,,44181,6,,,1,75,,44182,6,,,1,35,,44183,6,,,1,75,,44184,6,,,1,75,,44185,6,,,1,35,,44186,6,,,1,75,,44187,6,,,1,35,,44189,6,,,1,73,,44188,6,0,37 3 45,1
601,'4',907,,44190,6,,,1,33,,44191,6,,,1,75,,44192,6,,,1,35,,44193,6,,,1,78,,44194,6,,,1,79,,44195,6,,,1,25,,44196,6,,,1,25,,44197,6,,,1,65,,44198,6,,,1,25,,44199,6,,,1,65,,44200,6,,,1,25,,44201,6,,,1,65,,44202,6,,,1,25,,44203,6,,,1,25,,44204,6,,,1,65,,44205,6,,,1,25,,44206,6,,,1,69,,44207,6,,,1,25,,44208,6,,,1,13,,44209,6,0,37 3 45,1,64,,44210,6,,,1,32,,44211,6,,,1,75,,44212,6,,,1,35,,44213,6,,,1,75,,44214,6,,,1,75,,44215,6,,,1,35,,44216,6,,,1,75,,44217,6,,,1,35,,44219,6,,,1,73,,44218,6,0,37 3 45,1
1300,'11802',829,,45507,14,,,1,728,,45508,14,,,1,170,,45509,14,,,1
1300,'2',620,,45511,14,0,10 18 19 20,1,18,,45512,14,,,1,14,,45513,14,0,10 18 19 20,1,54,,45514,14,,,1,10,,45515,14,0,10 18 19 20,1,15,,45516,14,,,1,15,,45517,14,0,10 18 19 20,1,55,,45518,14,,,1,15,,45519,14,0,10 18 19 20,1,15,,45520,14,,,1,15,,45521,14,0,10 18 19 20,1,55,,45522,14,,,1,15,,45523,14,0,10 18 19 20,1,15,,45524,14,,,1,15,,45525,14,0,10 18 19 20,1,10,,45526,14,,,1,55,,45527,14,0,10 18 19 20,1,15,,45528,14,,,1,15,,45529,14,0,10 18 19 20,1,15,,45530,14,,,1,55,,45531,14,0,10 18 19 20,1,15,,45532,14,,,1,15,,45533,14,0,10 18 19 20,1,10,,45534,14,,,1,55,,45535,14,0,10 18 19 20,1,15,,45536,14,,,1,15,,45537,14,0,10 18 19 20,1,15,,45538,14,,,1,55,,45539,14,0,10 18 19 20,1,15,,45540,14,,,1,15,,45541,14,0,10 18 19 20,1,15,,45542,14,,,1,55,,45543,14,0,10 18 19 20,1,15,,45544,14,,,1,15,,45545,14,0,10 18 19 20,1,15,,45546,14,,,1,55,,45547,14,0,10 18 19 20,1,15,,45548,14,,,1,15,,45549,14,0,10 18 19 20,1,15,,45550,14,,,1,53,,45551,14,0,10 18 19 20,1,15,,45552,14,,,1,15,,45553,14,0,10 18 19 20,1,15,,45554,14,,,1,55,,45555,14,0,10 18 19 20,1,15,,45556,14,,,1,15,,45557,14,0,10 18 19 20,1,15,,45558,14,,,1,57,,45559,14,0,10 18 19 20,1,20,,45564,14,,,1,20,,45560,14,0,10 18 19 20,1,60,,45565,14,,,1,20,,45561,14,0,10 18 19 20,1,20,,45566,14,,,1,60,,45562,14,0,10 18 19 20,1,20,,45567,14,,,1,20,,45563,14,,,1,70,,45568,14,0,10 18 19 20,1,25,,45571,14,,,1,65,,45569,14,0,10 18 19 20,1,27,,45572,14,,,1,73,,45570,14,0,10 18 19 20,1,30,,45573,14,,,1,67,,45575,14,0,10 18 19 20,1,47,,45574,14,,,1
1300,'3',620,,45580,14,0,10 18 19 20,1,38,,45581,14,,,1,75,,45582,14,0,10 18 19 20,1,73,,45583,14,,,1,11,,45587,14,0,10 18 19 20,1,16,,45584,14,,,1,16,,45588,14,0,10 18 19 20,1,56,,45585,14,,,1,16,,45589,14,,,1,16,,45586,14,0,10 18 19 20,1,16,,45590,14,,,1,55,,45591,14,0,10 18 19 20,1,15,,45596,14,,,1,15,,45592,14,0,10 18 19 20,1,15,,45597,14,,,1,55,,45593,14,0,10 18 19 20,1,15,,45598,14,,,1,15,,45594,14,0,10 18 19 20,1,15,,45599,14,,,1,55,,45595,14,,,1,15,,45600,14,0,10 18 19 20,1,15,,45609,14,,,1,15,,45601,14,0,10 18 19 20,1,55,,45610,14,,,1,15,,45602,14,0,10 18 19 20,1,15,,45611,14,,,1,15,,45603,14,0,10 18 19 20,1,55,,45612,14,,,1,15,,45604,14,0,10 18 19 20,1,15,,45613,14,,,1,15,,45605,14,0,10 18 19 20,1,55,,45614,14,,,1,15,,45606,14,0,10 18 19 20,1,15,,45615,14,,,1,15,,45607,14,0,10 18 19 20,1,55,,45616,14,,,1,15,,45608,14,0,10 18 19 20,1,10,,45617,14,,,1,15,,45620,14,0,10 18 19 20,1,55,,45618,14,,,1,15,,45621,14,0,10 18 19 20,1,15,,45619,14,,,1,15,,45622,14,,,1,54,,45623,14,0,10 18 19 20,1,15,,45647,14,,,1,15,,45627,14,,,1,15,,45624,14,0,10 18 19 20,1,60,,45628,14,,,1,15,,45625,14,0,10 18 19 20,1,20,,45629,14,,,1,60,,45626,14,0,10 18 19 20,1,20,,45630,14,,,1,20,,45634,14,,,1,70,,45631,14,0,10 18 19 20,1,25,,45635,14,,,1,65,,45632,14,0,10 18 19 20,1,30,,45636,14,,,1,70,,45633,14,0,10 18 19 20,1,19,,45637,14,,,1,20,,45638,14,0,10 18 19 20,1,72,,45640,14,,,1,37,,45639,14,0,10 18 19 20,1
1300,'30',648,,45670,14,,,1,83,,45672,14,0,10 18 19 20,1,75,,45671,14,,,1,35,,45673,14,0,10 18 19 20,1,75,,45658,14,,,1,30,,45669,14,0,10 18 19 20,1,55,,45657,14,,,1,30,,45668,14,0,10 18 19 20,1,70,,45656,14,,,1,30,,45667,14,0,10 18 19 20,1,24,,45655,14,,,1,72,,45666,14,0,10 18 19 20,1,30,,45654,14,,,1,70,,45665,14,0,10 18 19 20,1,30,,45653,14,,,1,70,,45664,14,0,10 18 19 20,1,30,,45652,14,,,1,70,,45663,14,0,10 18 19 20,1,30,,45651,14,,,1,70,,45662,14,0,10 18 19 20,1,30,,45650,14,,,1,70,,45661,14,0,10 18 19 20,1,25,,45649,14,,,1,70,,45660,14,0,10 18 19 20,1,31,,45648,14,,,1,65,,45674,14,0,10 18 19 20,1,20,,45677,14,,,1,70,,45675,14,0,10 18 19 20,1,30,,45678,14,,,1,70,,45676,14,0,10 18 19 20,1,30,,45679,14,0,10 18 19 20,1,71,,45680,14,,,1,42,,45659,14,0,10 18 19 20,1
1300,'4',648,,45703,14,,,1,83,,45705,14,0,10 18 19 20,1,75,,45704,14,,,1,35,,45706,14,0,10 18 19 20,1,75,,45691,14,,,1,30,,45702,14,0,10 18 19 20,1,55,,45690,14,,,1,30,,45701,14,0,10 18 19 20,1,70,,45689,14,,,1,30,,45700,14,0,10 18 19 20,1,24,,45688,14,,,1,72,,45699,14,0,10 18 19 20,1,30,,45687,14,,,1,70,,45698,14,0,10 18 19 20,1,30,,45686,14,,,1,70,,45697,14,0,10 18 19 20,1,30,,45685,14,,,1,70,,45696,14,0,10 18 19 20,1,30,,45684,14,,,1,70,,45695,14,0,10 18 19 20,1,30,,45683,14,,,1,70,,45694,14,0,10 18 19 20,1,25,,45682,14,,,1,70,,45693,14,0,10 18 19 20,1,31,,45681,14,,,1,65,,45707,14,0,10 18 19 20,1,20,,45710,14,,,1,70,,45708,14,0,10 18 19 20,1,30,,45711,14,,,1,70,,45709,14,0,10 18 19 20,1,30,,45712,14,0,10 18 19 20,1,71,,45713,14,,,1,42,,45692,14,0,10 18 19 20,1
10200,'11802',853,,50235,10,,,1,867,,50234,10,,,1
10200,'3302',636,,50295,10,,,1,65,,50294,10,,,1,25,,50293,10,,,1,20,,50292,10,,,1,70,,50291,10,,,1,23,,50236,10,,,1,10,,50237,10,,,1,59,,50238,10,,,1,21,,50239,10,,,1,10,,50240,10,,,1,20,,50241,10,,,1,60,,50242,10,,,1,5,,50243,10,,,1,18,,50244,10,,,1,62,,50245,10,,,1,11,,50246,10,,,1,11,,50247,10,,,1,21,,50248,10,,,1,11,,50249,10,,,1,51,,50250,10,,,1,22,,50251,10,,,1,11,,50252,10,,,1,11,,50253,10,,,1,62,,50254,10,,,1,11,,50255,10,,,1,11,,50256,10,,,1,22,,50257,10,,,1,51,,50258,10,,,1,13,,50259,10,,,1,25,,50260,10,,,1,52,,50261,10,,,1,12,,50262,10,,,1,22,,50263,10,,,1,14,,50264,10,,,1,52,,50265,10,,,1,24,,50266,10,,,1,12,,50267,10,,,1,12,,50268,10,,,1,64,,50269,10,,,1,15,,50270,10,,,1,12,,50271,10,,,1,16,,50273,10,,,1,51,,50272,10,,,1,13,,50274,10,,,1,30,,50275,10,,,1,55,,50276,10,,,1,30,,50277,10,,,1,15,,50278,10,,,1,70,,50279,10,,,1,17,,50280,10,,,1,68,,50281,10,,,1,20,,50282,10,,,1,20,,50283,10,,,1,60,,50284,10,,,1,20,,50285,10,,,1,20,,50286,10,,,1,60,,50287,10,,,1,20,,50288,10,,,1,17,,50290,10,,,1,60,,50289,10,,,1
10200,'3602',857,,50296,10,,,1,62,,50297,10,,,1,30,,50298,10,,,1,60,,50299,10,,,1,19,,50303,10,,,1,25,,50300,10,,,1,84,,50301,10,,,1,83,,50302,10,,,1,84,,50304,10,,,1,44,,50305,10,,,1,88,,50306,10,,,1,88,,50307,10,,,1,88,,50308,10,,,1,88,,50309,10,,,1,49,,50310,10,,,1,85,,50311,10,,,1,85,,50312,10,,,1,85,,50313,10,,,1,42,,50314,10,,,1
10200,'3903',1108,,50315,10,,,1,42,,50316,10,,,1,83,,50317,10,,,1,80,,50318,10,,,1,40,,50319,10,,,1,81,,50320,10,,,1,80,,50321,10,,,1,42,,50322,10,,,1,84,,50323,10,,,1,85,,50324,10,,,1,83,,50325,10,,,1,40,,50326,10,,,1,80,,50327,10,,,1,80,,50328,10,,,1,40,,50329,10,,,1,75,,50330,10,,,1,35,,50331,10,,,1,75,,50332,10,,,1,75,,50333,10,,,1
10200,'6404',1108,,50334,10,,,1,42,,50335,10,,,1,83,,50336,10,,,1,80,,50337,10,,,1,40,,50338,10,,,1,81,,50339,10,,,1,80,,50340,10,,,1,42,,50341,10,,,1,84,,50342,10,,,1,85,,50343,10,,,1,83,,50344,10,,,1,40,,50345,10,,,1,80,,50346,10,,,1,80,,50347,10,,,1,40,,50348,10,,,1,75,,50349,10,,,1,35,,50350,10,,,1
