200,'2',608,,26330,2,0,13 30,0,24,,26335,18,0,13 30,0,15,,26371,18,0,10 23 20,0,55,,26336,18,0,13 30,0,15,,26372,18,0,10 23 20,0,15,,26337,18,0,13 30,0,15,,26373,18,0,10 23 20,0,55,,26338,18,0,13 30,0,15,,26374,18,0,10 23 20,0,15,,26339,18,0,13 30,0,15,,26375,18,0,10 23 20,0,55,,26340,18,0,13 30,0,15,,26376,18,0,10 23 20,0,15,,26341,18,0,13 30,0,15,,26377,18,0,10 23 20,0,55,,26342,18,0,13 30,0,15,,26378,18,0,10 23 20,0,15,,26343,18,0,13 30,0,15,,26379,18,0,10 23 20,0,55,,26344,18,0,13 30,0,15,,26380,18,0,10 23 20,0,15,,26345,18,0,13 30,0,16,,26381,18,0,10 23 20,0,52,,26346,18,0,13 30,0,15,,26382,18,0,10 23 20,0,15,,26347,18,0,13 30,0,15,,26383,18,0,10 23 20,0,55,,26348,18,0,13 30,0,15,,26384,18,0,10 23 20,0,15,,26349,18,0,13 30,0,15,,26385,18,0,10 23 20,0,55,,26350,18,0,13 30,0,15,,26386,18,0,10 23 20,0,15,,26351,18,0,13 30,0,13,,26387,18,0,10 23 20,0,14,,26352,18,0,13 30,0,55,,26388,18,0,10 23 20,0,15,,26353,18,0,13 30,0,17,,26389,18,0,10 23 20,0,59,,26354,18,0,13 30,0,15,,26390,18,0,10 23 20,0,15,,26355,18,0,13 30,0,15,,26391,18,0,10 23 20,0,55,,26356,18,0,13 30,0,13,,26392,18,0,10 23 20,0,19,,26357,18,0,13 30,0,11,,26393,18,0,10 23 20,0,59,,26358,18,0,13 30,0,15,,26394,18,0,10 23 20,0,15,,26359,18,0,13 30,0,12,,26395,18,0,10 23 20,0,55,,26360,18,0,13 30,0,15,,26396,18,0,10 23 20,0,15,,26361,18,0,13 30,0,15,,26397,18,0,10 23 20,0,55,,26362,18,0,13 30,0,15,,26398,18,0,10 23 20,0,10,,26363,18,0,13 30,0,23,,26399,18,0,10 23 20,0,52,,26364,18,0,13 30,0,23,,26400,18,0,10 23 20,0,17,,26365,18,0,13 30,0,63,,26401,18,0,10 23 20,0,17,,26366,18,0,13 30,0,23,,26402,18,0,10 23 20,0,60,,26367,18,0,13 30,0,17,,26403,18,0,10 23 20,0,14,,26368,18,0,13 30,0,20,,26404,18,0,10 23 20,0,55,,26369,18,0,13 30,0,20,,26405,18,0,10 23 20,0,20,,26370,18,0,13 30,0,75,,26406,18,0,45 3 21,0
200,'3',631,,26410,18,0,13 30,0,70,,26411,18,0,10 23 20,0,30,,26413,18,0,13 30,0,71,,26415,18,0,13 30,0,15,,26416,18,0,10 23 20,0,15,,26417,18,0,13 30,0,15,,26418,18,0,10 23 20,0,55,,26419,18,0,13 30,0,15,,26420,18,0,10 23 20,0,15,,26421,18,0,13 30,0,10,,26422,18,0,10 23 20,0,15,,26423,18,0,13 30,0,55,,26424,18,0,10 23 20,0,15,,26425,18,0,13 30,0,15,,26426,18,0,10 23 20,0,15,,26427,18,0,13 30,0,50,,26428,18,0,10 23 20,0,15,,26429,18,0,13 30,0,10,,26430,18,0,10 23 20,0,15,,26431,18,0,13 30,0,55,,26432,18,0,10 23 20,0,15,,26433,18,0,13 30,0,15,,26434,18,0,10 23 20,0,15,,26435,18,0,13 30,0,10,,26446,18,0,10 23 20,0,55,,26436,18,0,13 30,0,10,,26447,18,0,10 23 20,0,15,,26437,18,0,13 30,0,15,,26448,18,0,10 23 20,0,55,,26438,18,0,13 30,0,15,,26449,18,0,10 23 20,0,15,,26439,18,0,13 30,0,15,,26450,18,0,10 23 20,0,55,,26440,18,0,13 30,0,15,,26451,18,0,10 23 20,0,10,,26441,18,0,13 30,0,10,,26452,18,0,10 23 20,0,15,,26442,18,0,13 30,0,55,,26453,18,0,10 23 20,0,15,,26443,18,0,13 30,0,15,,26454,18,0,10 23 20,0,15,,26444,18,0,13 30,0,55,,26455,18,0,10 23 20,0,15,,26445,18,0,13 30,0,15,,26456,18,0,10 23 20,0,13,,26469,18,0,45 3 21,0,2,,26457,18,0,13 30,0,55,,26458,18,0,10 23 20,0,15,,26464,18,0,13 30,0,15,,26459,18,0,10 23 20,0,15,,26465,18,0,13 30,0,55,,26460,18,0,10 23 20,0,15,,26466,18,0,13 30,0,15,,26461,18,0,10 23 20,0,15,,26467,18,0,13 30,0,55,,26462,18,0,10 23 20,0,15,,26468,18,0,13 30,0,15,,26463,18,0,10 23 20,0,15,,26470,18,0,13 30,0,43,,26475,18,0,45 3 21,0,27,,26473,18,0,10 23 20,0,2,,26476,18,0,45 3 21,0,28,,26471,18,0,13 30,0,70,,26474,18,0,10 23 20,0,30,,26472,18,0,13 30,0,69,,26407,18,0,10 23 20,0,30,,26408,18,0,13 30,0,70,,26477,18,0,10 23 20,0,75,,26478,18,0,13 30,0,28,,26479,18,0,45 3 21,0
200,'30',701,,26482,18,0,13 30,0,30,,26485,18,0,10 23 20,0,70,,26487,18,0,13 30,0,30,,26486,18,0,10 23 20,0,70,,26488,18,0,13 30,0,25,,26489,18,0,10 23 20,0,25,,26493,18,0,13 30,0,65,,26490,18,0,10 23 20,0,25,,26494,18,0,13 30,0,65,,26491,18,0,10 23 20,0,25,,26495,18,0,10 23 20,0,26,,26492,18,0,10 23 20,0,55,,26496,18,0,13 30,0,15,,26508,18,0,10 23 20,0,15,,26497,18,0,13 30,0,15,,26509,18,0,10 23 20,0,55,,26498,18,0,13 30,0,15,,26510,18,0,10 23 20,0,15,,26499,18,0,13 30,0,15,,26511,18,0,10 23 20,0,55,,26500,18,0,13 30,0,15,,26512,18,0,10 23 20,0,15,,26501,18,0,13 30,0,15,,26513,18,0,10 23 20,0,55,,26502,18,0,13 30,0,15,,26514,18,0,10 23 20,0,15,,26503,18,0,13 30,0,15,,26515,18,0,10 23 20,0,55,,26504,18,0,13 30,0,15,,26516,18,0,10 23 20,0,15,,26505,18,0,13 30,0,15,,26517,18,0,10 23 20,0,55,,26506,18,0,13 30,0,15,,26518,18,0,10 23 20,0,15,,26507,18,0,13 30,0,14,,26519,18,0,10 23 20,0,65,,26522,18,0,13 30,0,4,,26533,18,0,45 3 21,0,21,,26528,18,0,10 23 20,0,65,,26523,18,0,13 30,0,25,,26529,18,0,10 23 20,0,65,,26524,18,0,13 30,0,25,,26530,18,0,10 23 20,0,25,,26525,18,0,13 30,0,65,,26531,18,0,10 23 20,0,25,,26526,18,0,13 30,0,65,,26532,18,0,10 23 20,0,25,,26527,18,0,13 30,0,70,,26481,18,0,10 23 20,0,29,,26480,18,0,45 3 21,0
200,'4',701,,26536,18,0,13 30,0,30,,26539,18,0,10 23 20,0,70,,26541,18,0,13 30,0,30,,26540,18,0,10 23 20,0,70,,26542,18,0,13 30,0,25,,26543,18,0,10 23 20,0,25,,26547,18,0,13 30,0,65,,26544,18,0,10 23 20,0,25,,26548,18,0,13 30,0,65,,26545,18,0,10 23 20,0,25,,26549,18,0,10 23 20,0,26,,26546,18,0,10 23 20,0,55,,26550,18,0,13 30,0,15,,26562,18,0,10 23 20,0,15,,26551,18,0,13 30,0,15,,26563,18,0,10 23 20,0,55,,26552,18,0,13 30,0,15,,26564,18,0,10 23 20,0,15,,26553,18,0,13 30,0,15,,26565,18,0,10 23 20,0,55,,26554,18,0,13 30,0,15,,26566,18,0,10 23 20,0,15,,26555,18,0,13 30,0,15,,26567,18,0,10 23 20,0,55,,26556,18,0,13 30,0,15,,26568,18,0,10 23 20,0,15,,26557,18,0,13 30,0,15,,26569,18,0,10 23 20,0,55,,26558,18,0,13 30,0,15,,26570,18,0,10 23 20,0,15,,26559,18,0,13 30,0,15,,26571,18,0,10 23 20,0,55,,26560,18,0,13 30,0,15,,26572,18,0,10 23 20,0,15,,26561,18,0,13 30,0,14,,26573,18,0,10 23 20,0,65,,26576,18,0,13 30,0,4,,26587,18,0,45 3 21,0,21,,26582,18,0,10 23 20,0,65,,26577,18,0,13 30,0,25,,26583,18,0,10 23 20,0,65,,26578,18,0,13 30,0,25,,26584,18,0,10 23 20,0,25,,26579,18,0,13 30,0,65,,26585,18,0,10 23 20,0,25,,26580,18,0,13 30,0,65,,26586,18,0,10 23 20,0,25,,26581,18,0,13 30,0,70,,26535,18,0,10 23 20,0,29,,26534,18,0,45 3 21,0
301,'2',552,,26936,3,,,0,95,,26937,3,,,0,70,,26938,3,,,0,33,,26939,3,,,0,67,,26940,3,,,0,30,,26941,3,,,0,70,,26942,3,,,0,30,,26943,3,,,0,70,,26944,3,,,0,30,,26945,3,,,0,70,,26946,3,,,0,30,,26947,3,,,0,70,,26948,3,,,0,30,,26949,3,,,0,70,,26950,3,,,0,30,,26951,3,,,0,70,,26952,3,,,0,30,,26953,3,,,0,70,,26954,3,,,0,30,,26955,3,,,0,70,,26956,3,,,0,30,,26957,3,,,0,70,,26958,3,,,0,30,,26959,3,,,0,69,,26960,3,,,0,28,,26964,3,,,0,70,,26965,3,,,0,30,,26966,3,,,0,70,,26967,3,,,0,30,,26968,3,,,0,70,,26969,3,,,0,26,,26970,3,,,0,70,,26971,3,,,0,30,,26972,3,,,0,70,,26973,3,,,0,19,,26961,3,,,0
301,'3',702,,26974,3,,,0,100,,26975,3,,,0,102,,26976,3,,,0,104,,26977,3,,,0,31,,26981,3,,,0,75,,26982,3,,,0,35,,26983,3,,,0,75,,26984,3,,,0,35,,26985,3,,,0,75,,26986,3,,,0,75,,26987,3,,,0,35,,26988,3,,,0,75,,26989,3,,,0,35,,26990,3,,,0,75,,26991,3,,,0,75,,26992,3,,,0,35,,26993,3,,,0,74,,26994,3,,,0,100,,26995,3,,,0,100,,26996,3,,,0,100,,26997,3,,,0,100,,26998,3,,,0,108,,26978,3,,,0
301,'30',922,,26999,3,,,0,87,,27000,3,,,0,47,,27001,3,,,0,87,,27002,3,,,0,87,,27003,3,,,0,87,,27004,3,,,0,87,,27005,3,,,0,47,,27006,3,,,0,87,,27007,3,,,0,87,,27008,3,,,0,87,,27009,3,,,0,47,,27010,3,,,0,87,,27011,3,,,0,107,,27012,3,,,0,100,,27013,3,,,0,100,,27014,3,,,0,102,,27015,3,,,0
301,'4',922,,27016,3,,,0,87,,27017,3,,,0,47,,27018,3,,,0,87,,27019,3,,,0,87,,27020,3,,,0,87,,27021,3,,,0,87,,27022,3,,,0,47,,27023,3,,,0,87,,27024,3,,,0,87,,27025,3,,,0,87,,27026,3,,,0,47,,27027,3,,,0,87,,27028,3,,,0,107,,27029,3,,,0,100,,27030,3,,,0,100,,27031,3,,,0,102,,27032,3,,,0
501,'2',631,,27483,43,0,10 23 20,0,72,,27484,47,0,13 36,0,30,,27485,43,0,10 23 20,0,70,,27486,47,0,13 36,0,32,,27487,43,0,10 23 20,0,68,,27497,47,0,13 36,0,30,,27488,43,0,10 23 20,0,70,,27498,47,0,13 36,0,30,,27489,43,0,10 23 20,0,70,,27499,47,0,13 36,0,30,,27490,43,0,10 23 20,0,70,,27500,47,0,13 36,0,30,,27491,43,0,10 23 20,0,70,,27501,47,0,13 36,0,30,,27492,43,0,10 23 20,0,70,,27502,47,0,13 36,0,30,,27493,43,0,10 23 20,0,70,,27503,47,0,13 36,0,30,,27494,43,0,10 23 20,0,70,,27504,47,0,13 36,0,30,,27495,43,0,10 23 20,0,70,,27505,47,0,13 36,0,32,,27496,43,0,10 23 20,0,70,,27506,47,0,13 36,0,30,,27507,43,0,10 23 20,0,78,,27512,43,0,10 23 20,0,30,,27513,43,0,10 23 20,0,70,,27514,43,0,10 23 20,0,30,,27515,43,0,10 23 20,0,68,,27516,43,0,10 23 20,0,29,,27517,43,0,10 23 20,0,70,,27518,43,0,10 23 20,0,24,,27519,43,0,10 23 20,0,71,,27520,43,0,10 23 20,0,98,,27521,43,0,10 23 20,0
501,'3',632,,27523,43,0,10 23 20,0,100,,27524,43,0,10 23 20,0,100,,27525,43,0,10 23 20,0,107,,27526,43,0,10 23 20,0,81,,27530,43,0,10 23 20,0,35,,27537,47,0,13 36,0,75,,27531,43,0,10 23 20,0,75,,27538,47,0,13 36,0,35,,27532,43,0,10 23 20,0,75,,27539,47,0,13 36,0,35,,27533,43,0,10 23 20,0,75,,27540,47,0,13 36,0,75,,27534,43,0,10 23 20,0,35,,27541,47,0,13 36,0,75,,27535,43,0,10 23 20,0,35,,27542,47,0,13 36,0,75,,27536,43,0,10 23 20,0,35,,27543,47,0,13 36,0,74,,27544,43,0,10 23 20,0,75,,27545,47,0,13 36,0,38,,27546,43,0,10 23 20,0,100,,27547,43,0,10 23 20,0,100,,27548,43,0,10 23 20,0,110,,27549,43,0,10 23 20,0,150,,27527,43,0,10 23 20,0
501,'30',859,,27551,43,0,10 23 20,0,87,,27552,43,0,10 23 20,0,87,,27553,43,0,10 23 20,0,87,,27554,43,0,10 23 20,0,87,,27555,43,0,10 23 20,0,47,,27556,43,0,10 23 20,0,87,,27557,43,0,10 23 20,0,87,,27558,43,0,10 23 20,0,87,,27559,43,0,10 23 20,0,87,,27560,43,0,10 23 20,0,47,,27561,43,0,10 23 20,0,87,,27562,43,0,10 23 20,0,87,,27563,43,0,10 23 20,0,100,,27564,43,0,10 23 20,0,100,,27565,43,0,10 23 20,0,95,,27566,43,0,10 23 20,0,95,,27567,43,0,10 23 20,0,88,,27568,43,0,10 23 20,0
501,'4',859,,27570,43,0,10 23 20,0,87,,27571,43,0,10 23 20,0,87,,27572,43,0,10 23 20,0,87,,27573,43,0,10 23 20,0,87,,27574,43,0,10 23 20,0,47,,27575,43,0,10 23 20,0,87,,27576,43,0,10 23 20,0,87,,27577,43,0,10 23 20,0,87,,27578,43,0,10 23 20,0,87,,27579,43,0,10 23 20,0,47,,27580,43,0,10 23 20,0,87,,27581,43,0,10 23 20,0,87,,27582,43,0,10 23 20,0,100,,27583,43,0,10 23 20,0,100,,27584,43,0,10 23 20,0,95,,27585,43,0,10 23 20,0,95,,27586,43,0,10 23 20,0,88,,27587,43,0,10 23 20,0
700,'2',631,,27886,29,,,0,20,,27887,29,,,0,70,,27888,29,,,0,20,,27889,29,,,0,60,,27890,29,,,0,20,,27891,29,,,0,20,,27892,29,,,0,60,,27893,29,,,0,25,,27894,29,,,0,30,,27895,29,,,0,70,,27896,29,,,0,25,,27897,29,,,0,70,,27898,29,,,0,30,,27899,29,,,0,70,,27900,29,,,0,30,,27901,29,,,0,70,,27902,29,,,0,30,,27904,29,,,0,65,,27905,29,,,0,20,,27906,29,,,0,20,,27907,29,,,0,60,,27908,29,,,0,20,,27909,29,,,0,20,,27910,29,,,0,60,,27911,29,,,0,20,,27912,29,,,0,20,,27913,29,,,0,65,,27914,29,,,0,15,,27915,29,,,0,20,,27916,29,,,0,65,,27917,29,,,0,25,,27918,29,,,0,65,,27919,29,,,0,25,,27920,29,,,0,65,,27921,29,,,0,25,,27922,29,,,0,25,,27923,29,,,0,77,,27924,29,,,0,30,,27925,29,,,0,70,,27926,29,,,0,30,,27927,29,,,0,70,,27928,29,,,0,27,,27929,29,,,0
700,'3',627,,27965,29,,,0,29,,27966,29,,,0,70,,27964,29,,,0,80,,27930,29,,,0,30,,27963,29,,,0,70,,27931,29,,,0,25,,27932,29,,,0,25,,27933,29,,,0,70,,27934,29,,,0,30,,27935,29,,,0,65,,27936,29,,,0,25,,27937,29,,,0,70,,27938,29,,,0,30,,27939,29,,,0,70,,27940,29,,,0,25,,27941,29,,,0,70,,27942,29,,,0,30,,27943,29,,,0,70,,27944,29,,,0,30,,27945,29,,,0,70,,27946,29,,,0,30,,27947,29,,,0,70,,27948,29,,,0,30,,27949,29,,,0,65,,27950,29,,,0,30,,27951,29,,,0,70,,27952,29,,,0,30,,27953,29,,,0,65,,27954,29,,,0,30,,27955,29,,,0,70,,27956,29,,,0,30,,27957,29,,,0,28,,27958,29,,,0,72,,27959,29,,,0,70,,27960,29,,,0,30,,27961,29,,,0,70,,27962,29,,,0
700,'30',901,,27968,29,,,0,24,,27969,2,,,0,21,,27970,29,,,0,70,,27971,29,,,0,30,,27972,29,,,0,65,,27973,29,,,0,25,,27974,29,,,0,70,,27975,29,,,0,30,,27976,29,,,0,70,,27977,29,,,0,25,,27978,29,,,0,70,,27979,29,,,0,30,,27980,29,,,0,70,,27981,29,,,0,25,,27982,29,,,0,30,,27983,29,,,0,70,,27984,29,,,0,22,,27985,29,,,0,68,,27986,29,,,0,30,,27987,29,,,0,70,,27988,29,,,0,30,,27989,29,,,0,70,,27990,29,,,0,30,,27991,29,,,0,70,,27992,29,,,0,30,,27993,29,,,0,70,,27994,29,,,0,30,,27995,29,,,0,70,,27997,29,,,0,85,,27996,29,,,0
700,'4',901,,27999,29,,,0,24,,28000,2,,,0,21,,28001,29,,,0,70,,28002,29,,,0,30,,28003,29,,,0,65,,28004,29,,,0,25,,28005,29,,,0,70,,28006,29,,,0,30,,28007,29,,,0,70,,28008,29,,,0,25,,28009,29,,,0,70,,28010,29,,,0,30,,28011,29,,,0,70,,28012,29,,,0,25,,28013,29,,,0,30,,28014,29,,,0,70,,28015,29,,,0,22,,28016,29,,,0,68,,28017,29,,,0,30,,28018,29,,,0,70,,28019,29,,,0,30,,28020,29,,,0,70,,28021,29,,,0,30,,28022,29,,,0,70,,28023,29,,,0,30,,28024,29,,,0,70,,28025,29,,,0,30,,28026,29,,,0,70,,28028,29,,,0,85,,28027,29,,,0
901,'2',622,,28360,33,,,0,20,,28361,33,,,0,17,,28362,33,,,0,56,,28363,33,,,0,16,,28364,33,,,0,15,,28365,33,,,0,54,,28366,33,,,0,16,,28367,33,,,0,15,,28368,33,,,0,17,,28369,33,,,0,55,,28370,33,,,0,15,,28371,33,,,0,15,,28372,33,,,0,15,,28373,33,,,0,55,,28374,33,,,0,15,,28375,33,,,0,15,,28376,33,,,0,15,,28377,33,,,0,55,,28378,33,,,0,15,,28379,33,,,0,15,,28380,33,,,0,15,,28381,33,,,0,55,,28382,33,,,0,15,,28383,33,,,0,15,,28384,33,,,0,15,,28385,33,,,0,55,,28386,33,,,0,15,,28387,33,,,0,15,,28388,33,,,0,15,,28389,33,,,0,54,,28390,33,,,0,15,,28391,33,,,0,15,,28392,33,,,0,15,,28393,33,,,0,55,,28394,33,,,0,15,,28395,33,,,0,15,,28396,33,,,0,15,,28397,33,,,0,55,,28398,33,,,0,15,,28399,33,,,0,15,,28400,33,,,0,15,,28401,33,,,0,55,,28402,33,,,0,15,,28403,33,,,0,15,,28404,33,,,0,15,,28405,33,,,0,57,,28406,33,,,0,22,,28407,33,,,0,15,,28408,33,,,0,14,,28409,33,,,0,62,,28410,33,,,0,22,,28411,33,,,0,62,,28412,33,,,0,22,,28413,33,,,0,22,,28414,33,,,0,65,,28415,33,,,0,29,,28416,33,,,0,72,,28417,33,,,0,32,,28418,33,,,0,72,,28419,33,,,0,37,,28420,33,,,0,100,,28421,33,,,0
901,'3',625,,28427,33,,,0,30,,28466,33,,,0,70,,28428,33,,,0,30,,28465,33,,,0,70,,28429,33,,,0,75,,28430,33,,,0,32,,28431,33,,,0,87,,28432,33,,,0,25,,28433,33,,,0,65,,28434,33,,,0,22,,28435,33,,,0,25,,28436,33,,,0,65,,28437,33,,,0,29,,28438,33,,,0,61,,28439,33,,,0,25,,28440,33,,,0,68,,28441,33,,,0,22,,28442,33,,,0,25,,28443,33,,,0,65,,28444,33,,,0,25,,28445,33,,,0,65,,28446,33,,,0,25,,28447,33,,,0,25,,28448,33,,,0,65,,28449,33,,,0,25,,28450,33,,,0,65,,28451,33,,,0,44,,28453,33,,,0,65,,28454,33,,,0,38,,28455,33,,,0,75,,28456,33,,,0,75,,28457,33,,,0,35,,28458,33,,,0,75,,28459,33,,,0,35,,28460,33,,,0,75,,28461,33,,,0,75,,28462,33,,,0
901,'30',705,,28501,33,,,0,35,,28467,33,,,0,75,,28502,33,,,0,35,,28468,33,,,0,75,,28503,33,,,0,33,,28469,33,,,0,73,,28470,33,,,0,73,,28471,33,,,0,33,,28472,33,,,0,79,,28473,33,,,0,28,,28474,33,,,0,63,,28475,33,,,0,23,,28476,33,,,0,23,,28477,33,,,0,63,,28478,33,,,0,23,,28479,33,,,0,63,,28480,33,,,0,23,,28481,33,,,0,23,,28482,33,,,0,63,,28483,33,,,0,23,,28484,33,,,0,24,,28485,33,,,0,63,,28486,33,,,0,23,,28487,33,,,0,65,,28488,33,,,0,17,,28489,33,,,0,19,,28490,33,,,0,70,,28491,33,,,0,30,,28492,33,,,0,70,,28493,33,,,0,30,,28494,33,,,0,70,,28495,33,,,0,30,,28496,33,,,0,70,,28497,33,,,0,41,,28498,33,,,0,58,,28499,33,,,0
901,'4',705,,28538,33,,,0,35,,28504,33,,,0,75,,28539,33,,,0,35,,28505,33,,,0,75,,28540,33,,,0,33,,28506,33,,,0,73,,28507,33,,,0,73,,28508,33,,,0,33,,28509,33,,,0,79,,28510,33,,,0,28,,28511,33,,,0,63,,28512,33,,,0,23,,28513,33,,,0,23,,28514,33,,,0,63,,28515,33,,,0,23,,28516,33,,,0,63,,28517,33,,,0,23,,28518,33,,,0,23,,28519,33,,,0,63,,28520,33,,,0,23,,28521,33,,,0,24,,28522,33,,,0,63,,28523,33,,,0,23,,28524,33,,,0,65,,28525,33,,,0,17,,28526,33,,,0,19,,28527,33,,,0,70,,28528,33,,,0,30,,28529,33,,,0,70,,28530,33,,,0,30,,28531,33,,,0,70,,28532,33,,,0,30,,28533,33,,,0,70,,28534,33,,,0,41,,28535,33,,,0,58,,28536,33,,,0
1201,'2',624,,29045,32,,,0,31,,29044,32,,,0,69,,29046,32,,,0,29,,29047,32,,,0,70,,29048,32,,,0,30,,29049,32,,,0,70,,29050,32,,,0,31,,29051,32,,,0,70,,29052,32,,,0,30,,29053,32,,,0,70,,29054,32,,,0,30,,29055,32,,,0,70,,29056,32,,,0,30,,29057,32,,,0,70,,29058,32,,,0,30,,29059,32,,,0,70,,29060,32,,,0,23,,29061,32,,,0,57,,29062,32,,,0,25,,29063,32,,,0,25,,29064,32,,,0,65,,29065,32,,,0,27,,29066,32,,,0,65,,29067,32,,,0,25,,29068,32,,,0,65,,29069,32,,,0,25,,29070,32,,,0,29,,29072,32,,,0,70,,29073,32,,,0,30,,29074,32,,,0,70,,29075,32,,,0,30,,29076,32,,,0,70,,29081,32,,,0,30,,29080,32,,,0,69,,29082,32,,,0,31,,29077,32,,,0,70,,29083,32,,,0,29,,29078,32,,,0
1201,'3',627,,29085,32,,,0,30,,29107,32,,,0,70,,29086,32,,,0,30,,29106,32,,,0,70,,29087,32,,,0,30,,29105,32,,,0,65,,29088,32,,,0,25,,29104,32,,,0,70,,29089,32,,,0,30,,29103,32,,,0,70,,29090,32,,,0,30,,29102,32,,,0,70,,29091,32,,,0,35,,29101,32,,,0,75,,29092,32,,,0,75,,29093,32,,,0,35,,29094,32,,,0,75,,29095,32,,,0,35,,29096,32,,,0,75,,29097,32,,,0,35,,29098,32,,,0,75,,29099,32,,,0,25,,29100,32,,,0,73,,29108,32,,,0,27,,29114,32,,,0,73,,29109,32,,,0,27,,29115,32,,,0,73,,29110,32,,,0,27,,29116,32,,,0,73,,29111,32,,,0,27,,29117,32,,,0,73,,29112,32,,,0,27,,29118,32,,,0,73,,29113,32,,,0,27,,29119,32,,,0,65,,29120,32,,,0
1201,'30',827,,29136,32,,,0,30,,29135,32,,,0,70,,29137,32,,,0,23,,29122,32,,,0,70,,29138,32,,,0,30,,29134,32,,,0,70,,29139,32,,,0,24,,29133,32,,,0,70,,29140,32,,,0,24,,29132,32,,,0,64,,29141,32,,,0,31,,29131,32,,,0,24,,29142,32,,,0,70,,29130,32,,,0,30,,29143,32,,,0,70,,29129,32,,,0,30,,29144,32,,,0,70,,29128,32,,,0,30,,29145,32,,,0,70,,29127,32,,,0,30,,29146,32,,,0,70,,29126,32,,,0,30,,29147,32,,,0,70,,29125,32,,,0,30,,29148,32,,,0,70,,29124,32,,,0,30,,29149,32,,,0,70,,29121,32,,,0,30,,29150,32,,,0
1201,'4',827,,29166,32,,,0,30,,29165,32,,,0,70,,29167,32,,,0,23,,29152,32,,,0,70,,29168,32,,,0,30,,29164,32,,,0,70,,29169,32,,,0,24,,29163,32,,,0,70,,29170,32,,,0,24,,29162,32,,,0,64,,29171,32,,,0,31,,29161,32,,,0,24,,29172,32,,,0,70,,29160,32,,,0,30,,29173,32,,,0,70,,29159,32,,,0,30,,29174,32,,,0,70,,29158,32,,,0,30,,29175,32,,,0,70,,29157,32,,,0,30,,29176,32,,,0,70,,29156,32,,,0,30,,29177,32,,,0,70,,29155,32,,,0,30,,29178,32,,,0,70,,29154,32,,,0,30,,29179,32,,,0,70,,29151,32,,,0,30,,29180,32,,,0
1300,'2',612,,29181,3,,,0,21,,29182,25,0,10 18 19 20,0,16,,29183,25,,,0,54,,29184,25,0,10 18 19 20,0,15,,29185,25,,,0,10,,29186,25,0,10 18 19 20,0,15,,29187,25,,,0,15,,29188,25,0,10 18 19 20,0,55,,29189,25,,,0,15,,29190,25,0,10 18 19 20,0,15,,29191,25,,,0,15,,29192,25,0,10 18 19 20,0,55,,29193,25,,,0,15,,29194,25,0,10 18 19 20,0,15,,29195,25,,,0,15,,29196,25,0,10 18 19 20,0,50,,29197,25,,,0,15,,29198,25,0,10 18 19 20,0,15,,29199,25,,,0,15,,29200,25,0,10 18 19 20,0,55,,29201,25,,,0,15,,29202,25,0,10 18 19 20,0,15,,29203,25,,,0,15,,29204,25,0,10 18 19 20,0,50,,29205,25,,,0,16,,29206,25,0,10 18 19 20,0,15,,29207,25,,,0,15,,29208,25,0,10 18 19 20,0,55,,29209,25,,,0,15,,29210,25,0,10 18 19 20,0,15,,29211,25,,,0,15,,29212,25,0,10 18 19 20,0,55,,29213,25,,,0,15,,29214,25,0,10 18 19 20,0,15,,29215,25,,,0,15,,29216,25,0,10 18 19 20,0,55,,29217,25,,,0,15,,29218,25,0,10 18 19 20,0,15,,29219,25,,,0,15,,29220,25,0,10 18 19 20,0,55,,29221,25,,,0,15,,29222,25,0,10 18 19 20,0,15,,29223,25,,,0,15,,29224,25,0,10 18 19 20,0,55,,29225,25,,,0,15,,29226,25,0,10 18 19 20,0,15,,29227,25,,,0,15,,29228,25,0,10 18 19 20,0,55,,29229,25,,,0,15,,29230,25,0,10 18 19 20,0,20,,29235,25,,,0,20,,29231,25,0,10 18 19 20,0,60,,29236,25,,,0,20,,29232,25,0,10 18 19 20,0,20,,29237,25,,,0,60,,29233,25,0,10 18 19 20,0,20,,29238,25,,,0,20,,29234,25,,,0,69,,29239,25,0,10 18 19 20,0,25,,29242,25,,,0,65,,29240,25,0,10 18 19 20,0,27,,29243,25,,,0,73,,29241,25,0,10 18 19 20,0,30,,29244,25,,,0,66,,29246,25,0,10 18 19 20,0,89,,29245,25,,,0
1300,'3',633,,29251,25,0,10 18 19 20,0,75,,29252,25,,,0,35,,29253,25,0,10 18 19 20,0,75,,29254,25,,,0,11,,29258,25,0,10 18 19 20,0,16,,29255,25,,,0,56,,29259,25,0,10 18 19 20,0,16,,29256,25,,,0,16,,29260,25,,,0,16,,29257,25,0,10 18 19 20,0,56,,29261,25,,,0,15,,29262,25,0,10 18 19 20,0,15,,29267,25,,,0,15,,29263,25,0,10 18 19 20,0,55,,29268,25,,,0,15,,29264,25,0,10 18 19 20,0,15,,29269,25,,,0,15,,29265,25,0,10 18 19 20,0,56,,29270,25,,,0,15,,29266,25,,,0,15,,29271,25,0,10 18 19 20,0,15,,29280,25,,,0,55,,29272,25,0,10 18 19 20,0,15,,29281,25,,,0,15,,29273,25,0,10 18 19 20,0,15,,29282,25,,,0,55,,29274,25,0,10 18 19 20,0,15,,29283,25,,,0,15,,29275,25,0,10 18 19 20,0,15,,29284,25,,,0,55,,29276,25,0,10 18 19 20,0,15,,29285,25,,,0,15,,29277,25,0,10 18 19 20,0,15,,29286,25,,,0,55,,29278,25,0,10 18 19 20,0,15,,29287,25,,,0,15,,29279,25,0,10 18 19 20,0,10,,29288,25,,,0,55,,29291,25,0,10 18 19 20,0,15,,29289,25,,,0,15,,29292,25,0,10 18 19 20,0,15,,29290,25,,,0,55,,29293,25,,,0,15,,29294,25,0,10 18 19 20,0,15,,29318,25,,,0,15,,29298,25,,,0,55,,29295,25,0,10 18 19 20,0,20,,29299,25,,,0,15,,29296,25,0,10 18 19 20,0,20,,29300,25,,,0,60,,29297,25,0,10 18 19 20,0,20,,29301,25,,,0,20,,29305,25,,,0,69,,29302,25,0,10 18 19 20,0,25,,29306,25,,,0,65,,29303,25,0,10 18 19 20,0,30,,29307,25,,,0,70,,29304,25,0,10 18 19 20,0,19,,29308,25,,,0,20,,29309,25,0,10 18 19 20,0,70,,29311,25,,,0,79,,29310,25,0,10 18 19 20,0
1300,'30',704,,29341,25,,,0,41,,29343,25,0,10 18 19 20,0,75,,29342,25,,,0,35,,29344,25,0,10 18 19 20,0,75,,29329,25,,,0,70,,29340,25,0,10 18 19 20,0,15,,29328,25,,,0,30,,29339,25,0,10 18 19 20,0,70,,29327,25,,,0,30,,29338,25,0,10 18 19 20,0,65,,29326,25,,,0,31,,29337,25,0,10 18 19 20,0,70,,29325,25,,,0,30,,29336,25,0,10 18 19 20,0,70,,29324,25,,,0,30,,29335,25,0,10 18 19 20,0,70,,29323,25,,,0,30,,29334,25,0,10 18 19 20,0,70,,29322,25,,,0,30,,29333,25,0,10 18 19 20,0,70,,29321,25,,,0,30,,29332,25,0,10 18 19 20,0,65,,29320,25,,,0,30,,29331,25,0,10 18 19 20,0,71,,29319,25,,,0,24,,29345,25,0,10 18 19 20,0,20,,29348,25,,,0,70,,29346,25,0,10 18 19 20,0,30,,29349,25,,,0,70,,29347,25,0,10 18 19 20,0,30,,29350,25,0,10 18 19 20,0,71,,29351,25,,,0,83,,29330,25,0,10 18 19 20,0
1300,'4',704,,29374,25,,,0,41,,29376,25,0,10 18 19 20,0,75,,29375,25,,,0,35,,29377,25,0,10 18 19 20,0,75,,29362,25,,,0,70,,29373,25,0,10 18 19 20,0,15,,29361,25,,,0,30,,29372,25,0,10 18 19 20,0,70,,29360,25,,,0,30,,29371,25,0,10 18 19 20,0,65,,29359,25,,,0,31,,29370,25,0,10 18 19 20,0,70,,29358,25,,,0,30,,29369,25,0,10 18 19 20,0,70,,29357,25,,,0,30,,29368,25,0,10 18 19 20,0,70,,29356,25,,,0,30,,29367,25,0,10 18 19 20,0,70,,29355,25,,,0,30,,29366,25,0,10 18 19 20,0,70,,29354,25,,,0,30,,29365,25,0,10 18 19 20,0,65,,29353,25,,,0,30,,29364,25,0,10 18 19 20,0,71,,29352,25,,,0,24,,29378,25,0,10 18 19 20,0,20,,29381,25,,,0,70,,29379,25,0,10 18 19 20,0,30,,29382,25,,,0,70,,29380,25,0,10 18 19 20,0,30,,29383,25,0,10 18 19 20,0,71,,29384,25,,,0,83,,29363,25,0,10 18 19 20,0
1901,'2',701,,30839,69,,,0,39,,30840,69,,,0,67,,30841,69,,,0,27,,30842,69,,,0,69,,30843,69,,,0,25,,30844,69,,,0,27,,30845,69,,,0,67,,30846,69,,,0,27,,30847,69,,,0,67,,30848,69,,,0,27,,30849,69,,,0,67,,30850,69,,,0,27,,30851,69,,,0,67,,30852,69,,,0,27,,30853,69,,,0,24,,30854,69,,,0,67,,30855,69,,,0,27,,30856,69,,,0,71,,30857,69,,,0,27,,30858,69,,,0,70,,30859,69,,,0,28,,30860,69,,,0,69,,30861,69,,,0,28,,30862,69,,,0,68,,30863,69,,,0,28,,30864,69,,,0,68,,30865,69,,,0,24,,30866,69,,,0,27,,30867,69,,,0,67,,30868,69,,,0,27,,30869,69,,,0,67,,30870,69,,,0,27,,30871,69,,,0,60,,30872,69,,,0,27,,30873,69,,,0,27,,30874,69,,,0,76,,30875,69,,,0,12,,30876,69,,,0,85,,30877,69,,,0
1901,'3',832,,30878,53,,,0,72,,30880,69,,,0,32,,30881,69,,,0,72,,30882,69,,,0,32,,30883,69,,,0,72,,30884,69,,,0,32,,30885,69,,,0,72,,30886,69,,,0,32,,30887,69,,,0,72,,30888,69,,,0,32,,30889,69,,,0,70,,30890,69,,,0,27,,30891,69,,,0,64,,30892,69,,,0,27,,30893,69,,,0,67,,30894,69,,,0,27,,30895,69,,,0,67,,30896,69,,,0,27,,30897,69,,,0,27,,30898,69,,,0,79,,30900,69,,,0,72,,30901,69,,,0,32,,30902,69,,,0,72,,30903,69,,,0,32,,30904,69,,,0,72,,30905,69,,,0,35,,30906,69,,,0
1901,'30',909,,30930,69,,,0,35,,30910,69,,,0,75,,30924,69,,,0,35,,30911,69,,,0,75,,30912,69,,,0,80,,30913,69,,,0,40,,30928,69,,,0,80,,30914,69,,,0,80,,30915,69,,,0,40,,30916,69,,,0,80,,30917,69,,,0,80,,30925,69,,,0,40,,30918,69,,,0,75,,30919,69,,,0,35,,30929,69,,,0,75,,30920,69,,,0,75,,30921,69,,,0,35,,30926,69,,,0
1901,'4',909,,30951,69,,,0,35,,30931,69,,,0,75,,30945,69,,,0,35,,30932,69,,,0,75,,30933,69,,,0,80,,30934,69,,,0,40,,30949,69,,,0,80,,30935,69,,,0,80,,30936,69,,,0,40,,30937,69,,,0,80,,30938,69,,,0,80,,30946,69,,,0,40,,30939,69,,,0,75,,30940,69,,,0,35,,30950,69,,,0,75,,30941,69,,,0,75,,30942,69,,,0,35,,30947,69,,,0
2000,'2',632,,30953,37,,,0,16,,30956,37,,,0,66,,30959,2,,,0,8,,30954,37,,,0,15,,30955,37,,,0,15,,30957,37,,,0,55,,30979,37,,,0,15,,30980,37,,,0,15,,30981,37,,,0,15,,30982,37,,,0,55,,30983,37,,,0,15,,30984,37,,,0,15,,30985,37,,,0,15,,30986,37,,,0,55,,30987,37,,,0,15,,30988,37,,,0,15,,30989,37,,,0,15,,30990,37,,,0,55,,30991,37,,,0,10,,30992,37,,,0,15,,30993,37,,,0,15,,30994,37,,,0,55,,30995,37,,,0,15,,30996,37,,,0,15,,30997,37,,,0,15,,30998,37,,,0,55,,30999,37,,,0,15,,31000,37,,,0,15,,31001,37,,,0,15,,31002,37,,,0,10,,31003,37,,,0,55,,31004,37,,,0,15,,31005,37,,,0,15,,31006,37,,,0,15,,31007,37,,,0,55,,31008,37,,,0,15,,31009,37,,,0,15,,31010,37,,,0,15,,31011,37,,,0,55,,31012,37,,,0,15,,31013,37,,,0,15,,31014,37,,,0,15,,31015,37,,,0,55,,31016,37,,,0,19,,31017,37,,,0,21,,30958,37,,,0,55,,30960,37,,,0,16,,30961,37,,,0,16,,30962,37,,,0,13,,30971,37,,,0,53,,30963,37,,,0,15,,30964,37,,,0,20,,30965,37,,,0,72,,30966,37,,,0,13,,30967,37,,,0,27,,30968,37,,,0,66,,30969,37,,,0,19,,30972,37,,,0,71,,30973,37,,,0,26,,30974,37,,,0,66,,30975,37,,,0,26,,30952,37,,,0,30,,30977,37,,,0,65,,30978,37,,,0,81,,30976,37,,,0
2000,'3',632,,31021,37,,,0,26,,31024,37,,,0,70,,31025,37,,,0,81,,31026,37,,,0,28,,31027,37,,,0,66,,31028,37,,,0,26,,31029,37,,,0,26,,31030,37,,,0,72,,31031,37,,,0,22,,31032,37,,,0,60,,31033,37,,,0,20,,31034,37,,,0,20,,31035,37,,,0,60,,31036,37,,,0,20,,31037,37,,,0,22,,31038,37,,,0,60,,31039,37,,,0,20,,31040,37,,,0,20,,31041,37,,,0,60,,31042,37,,,0,20,,31043,37,,,0,19,,31044,37,,,0,60,,31045,37,,,0,20,,31046,37,,,0,20,,31047,37,,,0,60,,31048,37,,,0,20,,31049,37,,,0,20,,31050,37,,,0,60,,31051,37,,,0,20,,31052,37,,,0,20,,31053,37,,,0,54,,31054,37,,,0,20,,31055,37,,,0,24,,31056,37,,,0,67,,31057,37,,,0,27,,31058,37,,,0,67,,31059,37,,,0,27,,31060,37,,,0,67,,31061,37,,,0,27,,31062,37,,,0,23,,31063,37,,,0,67,,31064,37,,,0,27,,31065,37,,,0,67,,31066,37,,,0,27,,31067,37,,,0,61,,31068,37,,,0,19,,31069,37,,,0,81,,31023,37,,,0
2000,'30',657,,31071,37,,,0,82,,31072,37,,,0,85,,31073,37,,,0,87,,31074,37,,,0,29,,31075,37,,,0,66,,31076,37,,,0,25,,31077,37,,,0,26,,31078,37,,,0,67,,31079,37,,,0,26,,31080,37,,,0,66,,31081,37,,,0,29,,31082,37,,,0,66,,31083,37,,,0,26,,31084,37,,,0,66,,31085,37,,,0,26,,31086,37,,,0,26,,31087,37,,,0,66,,31088,37,,,0,26,,31089,37,,,0,66,,31090,37,,,0,26,,31091,37,,,0,66,,31092,37,,,0,26,,31093,37,,,0,24,,31094,37,,,0,65,,31095,37,,,0,25,,31096,37,,,0,65,,31097,37,,,0,25,,31098,37,,,0,65,,31099,37,,,0,25,,31100,37,,,0,25,,31101,37,,,0,65,,31102,37,,,0,25,,31103,37,,,0,66,,31104,37,,,0,21,,31105,37,,,0,20,,31106,37,,,0
2000,'4',657,,31108,37,,,0,82,,31109,37,,,0,85,,31110,37,,,0,87,,31111,37,,,0,29,,31112,37,,,0,66,,31113,37,,,0,25,,31114,37,,,0,26,,31115,37,,,0,67,,31116,37,,,0,26,,31117,37,,,0,66,,31118,37,,,0,29,,31119,37,,,0,66,,31120,37,,,0,26,,31121,37,,,0,66,,31122,37,,,0,26,,31123,37,,,0,26,,31124,37,,,0,66,,31125,37,,,0,26,,31126,37,,,0,66,,31127,37,,,0,26,,31128,37,,,0,66,,31129,37,,,0,26,,31130,37,,,0,24,,31131,37,,,0,65,,31132,37,,,0,25,,31133,37,,,0,65,,31134,37,,,0,25,,31135,37,,,0,65,,31136,37,,,0,25,,31137,37,,,0,25,,31138,37,,,0,65,,31139,37,,,0,25,,31140,37,,,0,66,,31141,37,,,0,21,,31142,37,,,0,20,,31143,37,,,0
9000,'2',644,,32936,7,,,0,73,,32937,7,,,0,15,,32943,7,,,0,18,,32944,7,,,0,55,,32938,7,,,0,15,,32939,7,,,0,15,,32945,7,,,0,15,,32940,7,,,0,55,,32946,7,,,0,12,,32941,7,,,0,15,,32947,7,,,0,12,,32942,7,,,0,15,,32948,7,,,0,55,,32934,7,,,0,15,,32949,7,,,0,15,,32933,7,,,0,15,,32950,7,,,0,55,,32932,7,,,0,15,,32951,7,,,0,15,,32931,7,,,0,15,,32930,7,,,0,55,,32929,7,,,0,15,,32952,7,,,0,16,,32928,7,,,0,55,,32927,7,,,0,15,,32926,7,,,0,15,,32953,7,,,0,15,,32925,7,,,0,55,,32924,7,,,0,16,,32923,7,,,0,15,,32954,7,,,0,19,,32922,7,,,0,55,,32921,7,,,0,15,,32920,7,,,0,15,,32955,7,,,0,15,,32919,7,,,0,55,,32918,7,,,0,19,,32917,7,,,0,15,,32956,7,,,0,15,,32960,7,,,0,55,,32916,7,,,0,15,,32915,7,,,0,15,,32914,7,,,0,15,,32913,7,,,0,55,,32957,7,,,0,36,,32959,7,,,0,70,,32935,7,,,0,30,,32958,7,,,0,70,,32961,7,,,0,30,,32962,7,,,0
9000,'3',829,,32983,7,,,0,30,,32984,7,,,0,70,,32985,7,,,0,30,,32986,7,,,0,70,,32987,7,,,0,25,,32982,7,,,0,65,,32981,7,,,0,25,,32980,7,,,0,65,,32979,7,,,0,25,,32978,7,,,0,25,,32977,7,,,0,65,,32976,7,,,0,25,,32975,7,,,0,65,,32974,7,,,0,25,,32973,7,,,0,65,,32972,7,,,0,25,,32971,7,,,0,25,,32970,7,,,0,65,,32969,7,,,0,25,,32968,7,,,0,65,,32967,7,,,0,25,,32966,7,,,0,25,,32965,7,,,0
9000,'4',1009,,32989,7,,,0,20,,32990,7,,,0,20,,32991,7,,,0,60,,32992,7,,,0,20,,32993,7,,,0,20,,32994,7,,,0,60,,32995,7,,,0,21,,32996,7,,,0,16,,32997,7,,,0,56,,32998,7,,,0,16,,32999,7,,,0,16,,33000,7,,,0,16,,33001,7,,,0,56,,33002,7,,,0,16,,33003,7,,,0,16,,33004,7,,,0,16,,33005,7,,,0,56,,33006,7,,,0,16,,33007,7,,,0,16,,33008,7,,,0,16,,33009,7,,,0,56,,33010,7,,,0,16,,33011,7,,,0,16,,33012,7,,,0,61,,33013,7,,,0,17,,33014,7,,,0,20,,33015,7,,,0,70,,33016,7,,,0,25,,33017,7,,,0,65,,33018,7,,,0,10,,32988,7,,,0
9400,'2',732,,33600,8,,,0,26,,33601,8,,,0,66,,33602,8,,,0,26,,33603,8,,,0,66,,33604,8,,,0,26,,33605,8,,,0,66,,33606,8,,,0,316,,33607,8,,,0,21,,33608,8,,,0,61,,33609,8,,,0,21,,33610,8,,,0,21,,33611,8,,,0,61,,33612,8,,,0,21,,33613,8,,,0,21,,33614,8,,,0,63,,33615,8,,,0,23,,33616,8,,,0,64,,33617,8,,,0,23,,33618,8,,,0,23,,33619,8,,,0,61,,33620,8,,,0
