1000,'11802',631,,44877,6,0,18 19 20,1,181,,44878,6,0,18 19 20,1,611,,44879,6,0,18 19 20,1,185,,44880,6,0,18 19 20,1,142,,44881,6,0,21 3 32,1
1000,'2',545,,44884,6,,,1,70,,44893,6,,,1,30,,44892,6,,,1,68,,44886,6,,,1,16,,44932,6,,,1,17,,44887,6,,,1,54,,44933,6,,,1,15,,44891,6,,,1,18,,44890,6,,,1,17,,44889,6,0,21 3 32,1,59,,44888,6,,,1,30,,44899,6,,,1,70,,44898,6,,,1,30,,44897,6,,,1,70,,44896,6,,,1,30,,44903,6,,,1,70,,44902,6,,,1,30,,44901,6,,,1,65,,44900,6,,,1,35,,44906,6,,,1,18,,44905,6,,,1,60,,44934,6,,,1,15,,44907,6,,,1,15,,44935,6,,,1,55,,44908,6,,,1,19,,44915,6,,,1,11,,44909,6,,,1,15,,44910,6,,,1,55,,44911,6,,,1,15,,44912,6,,,1,15,,44913,6,,,1,15,,44938,6,,,1,55,,44914,6,,,1,18,,44939,6,0,18 19 20,1,15,,44916,6,,,1,24,,44917,6,,,1,74,,44918,6,,,1,15,,44940,6,0,21 3 32,1,61,,44919,6,,,1,31,,44920,6,,,1,74,,44921,6,,,1,30,,44922,6,,,1,78,,44923,6,,,1,78,,44924,6,,,1,33,,44925,6,,,1,70,,44926,6,,,1,35,,44927,6,,,1,75,,44928,6,,,1,30,,44929,6,,,1,72,,44930,6,0,21 3 32,1,31,,44931,6,0,21 3 32,1
1000,'3',641,,44942,6,,,1,75,,44943,6,,,1,32,,44945,6,,,1,69,,44946,6,,,1,15,,44947,6,,,1,70,,44948,6,,,1,29,,44949,6,,,1,28,,44950,6,,,1,70,,44951,6,,,1,30,,44952,6,,,1,70,,44953,6,,,1,28,,44954,6,,,1,70,,44955,6,,,1,30,,44956,6,,,1,69,,44957,6,,,1,31,,44958,6,,,1,70,,44959,6,,,1,25,,44960,6,,,1,60,,44961,6,,,1,30,,44962,6,,,1,70,,44963,6,,,1,30,,44964,6,,,1,70,,44965,6,,,1,32,,44966,6,,,1,68,,44967,6,,,1,30,,44968,6,,,1,70,,44969,6,,,1,30,,44970,6,,,1,70,,44971,6,,,1,29,,44975,6,,,1,65,,44976,6,,,1,25,,44977,6,,,1,25,,44978,6,,,1,65,,44979,6,,,1,30,,44980,6,,,1,70,,44981,6,,,1,16,,44974,6,0,21 3 32,1,77,,44982,6,,,1,16,,44972,6,0,18 19 20,1,85,,44973,6,0,21 3 32,1
1000,'30',700,,45019,6,,,1,20,,44984,6,,,1,35,,45018,6,,,1,60,,44985,6,,,1,28,,44986,6,,,1,69,,44987,6,,,1,30,,44988,6,,,1,65,,44989,6,,,1,25,,44990,6,,,1,25,,44991,6,,,1,65,,44992,6,,,1,29,,44993,6,,,1,68,,44994,6,,,1,30,,44995,6,,,1,70,,44996,6,,,1,30,,44997,6,,,1,70,,44998,6,,,1,30,,44999,6,,,1,70,,45000,6,,,1,30,,45001,6,,,1,70,,45002,6,,,1,31,,45005,6,,,1,72,,45006,6,,,1,30,,45007,6,,,1,70,,45008,6,,,1,30,,45009,6,,,1,66,,45010,6,,,1,30,,45011,6,,,1,70,,45012,6,,,1,30,,45013,6,,,1,70,,45014,6,,,1,32,,45015,6,,,1,74,,45016,6,,,1,5,,45017,6,0,21 3 32,1,13,,45004,6,0,21 3 32,1,65,,45003,6,0,21 3 32,1
1000,'4',700,,45056,6,,,1,20,,45021,6,,,1,35,,45055,6,,,1,60,,45022,6,,,1,28,,45023,6,,,1,69,,45024,6,,,1,30,,45025,6,,,1,65,,45026,6,,,1,25,,45027,6,,,1,25,,45028,6,,,1,65,,45029,6,,,1,29,,45030,6,,,1,68,,45031,6,,,1,30,,45032,6,,,1,70,,45033,6,,,1,30,,45034,6,,,1,70,,45035,6,,,1,30,,45036,6,,,1,70,,45037,6,,,1,30,,45038,6,,,1,70,,45039,6,,,1,31,,45042,6,,,1,72,,45043,6,,,1,30,,45044,6,,,1,70,,45045,6,,,1,30,,45046,6,,,1,66,,45047,6,,,1,30,,45048,6,,,1,70,,45049,6,,,1,30,,45050,6,,,1,70,,45051,6,,,1,32,,45052,6,,,1,74,,45053,6,,,1,5,,45054,6,0,21 3 32,1,13,,45041,6,0,21 3 32,1,65,,45040,6,0,21 3 32,1
1501,'2',648,,46113,61,0,10 26 27,1,60,,46114,59,0,13 26 27,1,21,,46115,61,0,10 26 27,1,16,,46116,59,0,13 26 27,1,56,,46119,61,0,10 26 27,1,11,,46117,59,0,13 26 27,1,16,,46120,61,0,10 26 27,1,16,,46118,59,0,13 26 27,1,56,,46121,61,0,10 26 27,1,16,,46122,59,0,13 26 27,1,15,,46140,61,0,10 26 27,1,15,,46123,59,0,13 26 27,1,55,,46141,61,0,10 26 27,1,15,,46124,59,0,13 26 27,1,15,,46142,61,0,10 26 27,1,15,,46125,59,0,13 26 27,1,55,,46143,61,0,10 26 27,1,15,,46126,59,0,13 26 27,1,15,,46144,61,0,10 26 27,1,15,,46127,59,0,13 26 27,1,55,,46145,61,0,10 26 27,1,16,,46128,59,0,13 26 27,1,15,,46146,61,0,10 26 27,1,15,,46129,59,0,13 26 27,1,55,,46147,61,0,10 26 27,1,15,,46130,59,0,13 26 27,1,15,,46148,61,0,10 26 27,1,15,,46131,59,0,13 26 27,1,55,,46149,61,0,10 26 27,1,14,,46132,59,0,13 26 27,1,18,,46150,61,0,10 26 27,1,15,,46133,59,0,13 26 27,1,55,,46151,61,0,10 26 27,1,15,,46134,59,0,13 26 27,1,15,,46152,61,0,10 26 27,1,15,,46135,59,0,13 26 27,1,55,,46153,61,0,10 26 27,1,15,,46136,59,0,13 26 27,1,17,,46154,61,0,10 26 27,1,15,,46137,59,0,13 26 27,1,57,,46155,61,0,10 26 27,1,13,,46138,59,0,13 26 27,1,15,,46156,61,0,10 26 27,1,15,,46139,59,0,13 26 27,1,50,,46159,61,0,10 26 27,1,17,,46160,59,0,13 26 27,1,18,,46161,61,0,10 26 27,1,22,,46162,59,0,13 26 27,1,58,,46174,61,0,10 26 27,1,37,,46163,59,0,13 26 27,1,68,,46164,61,0,10 26 27,1,22,,46165,59,0,13 26 27,1,15,,46166,61,0,10 26 27,1,67,,46167,59,0,13 26 27,1,27,,46168,61,0,10 26 27,1,70,,46169,59,0,13 26 27,1,30,,46170,61,0,10 26 27,1,70,,46171,59,0,13 26 27,1,28,,46172,61,0,10 26 27,1,72,,46173,59,0,13 26 27,1,23,,46177,61,0,10 26 27,1,71,,46176,59,0,13 26 27,1
1501,'3',647,,46182,59,0,13 26 27,1,90,,46183,61,0,10 26 27,1,75,,46184,59,0,13 26 27,1,30,,46185,61,0,10 26 27,1,70,,46187,59,0,13 26 27,1,30,,46186,61,0,10 26 27,1,70,,46188,59,0,13 26 27,1,21,,46189,61,0,10 26 27,1,20,,46190,59,0,13 26 27,1,60,,46191,59,0,13 26 27,1,20,,46192,61,0,10 26 27,1,20,,46203,59,0,13 26 27,1,60,,46193,61,0,10 26 27,1,20,,46204,59,0,13 26 27,1,20,,46194,61,0,10 26 27,1,60,,46205,59,0,13 26 27,1,20,,46195,61,0,10 26 27,1,20,,46206,59,0,13 26 27,1,61,,46196,61,0,10 26 27,1,21,,46207,59,0,13 26 27,1,20,,46197,61,0,10 26 27,1,60,,46208,59,0,13 26 27,1,20,,46198,61,0,10 26 27,1,20,,46209,59,0,13 26 27,1,60,,46199,61,0,10 26 27,1,20,,46210,59,0,13 26 27,1,20,,46200,61,0,10 26 27,1,60,,46211,59,0,13 26 27,1,20,,46201,61,0,10 26 27,1,15,,46212,59,0,13 26 27,1,64,,46202,61,0,10 26 27,1,29,,46213,59,0,13 26 27,1,70,,46219,61,0,10 26 27,1,30,,46214,59,0,13 26 27,1,70,,46220,61,0,10 26 27,1,30,,46215,59,0,13 26 27,1,70,,46221,61,0,10 26 27,1,25,,46216,59,0,13 26 27,1,70,,46222,61,0,10 26 27,1,25,,46217,59,0,13 26 27,1,70,,46223,61,0,10 26 27,1,25,,46218,59,0,13 26 27,1,25,,46224,61,0,10 26 27,1,69,,46225,59,0,13 26 27,1,95,,46226,61,0,10 26 27,1
1501,'30',649,,46267,61,0,10 26 27,1,65,,46268,59,0,13 26 27,1,24,,46231,61,0,10 26 27,1,66,,46232,59,0,13 26 27,1,30,,46266,61,0,10 26 27,1,23,,46265,59,0,13 26 27,1,67,,46233,61,0,10 26 27,1,32,,46234,59,0,13 26 27,1,70,,46235,61,0,10 26 27,1,22,,46236,59,0,13 26 27,1,70,,46237,61,0,10 26 27,1,25,,46238,59,0,13 26 27,1,70,,46239,61,0,10 26 27,1,30,,46240,59,0,13 26 27,1,68,,46241,61,0,10 26 27,1,30,,46242,59,0,13 26 27,1,70,,46243,61,0,10 26 27,1,30,,46244,59,0,13 26 27,1,70,,46245,61,0,10 26 27,1,30,,46246,59,0,13 26 27,1,70,,46247,61,0,10 26 27,1,30,,46248,59,0,13 26 27,1,70,,46249,61,0,10 26 27,1,30,,46250,59,0,13 26 27,1,70,,46251,61,0,10 26 27,1,30,,46252,59,0,13 26 27,1,66,,46253,61,0,10 26 27,1,30,,46254,59,0,13 26 27,1,70,,46255,61,0,10 26 27,1,25,,46256,59,0,13 26 27,1,25,,46257,61,0,10 26 27,1,70,,46258,59,0,13 26 27,1,30,,46259,61,0,10 26 27,1,61,,46260,59,0,13 26 27,1,30,,46261,61,0,10 26 27,1,70,,46262,59,0,13 26 27,1
1501,'4',649,,46306,61,0,10 26 27,1,65,,46307,59,0,13 26 27,1,24,,46270,61,0,10 26 27,1,66,,46271,59,0,13 26 27,1,30,,46305,61,0,10 26 27,1,23,,46304,59,0,13 26 27,1,67,,46272,61,0,10 26 27,1,32,,46273,59,0,13 26 27,1,70,,46274,61,0,10 26 27,1,22,,46275,59,0,13 26 27,1,70,,46276,61,0,10 26 27,1,25,,46277,59,0,13 26 27,1,70,,46278,61,0,10 26 27,1,30,,46279,59,0,13 26 27,1,68,,46280,61,0,10 26 27,1,30,,46281,59,0,13 26 27,1,70,,46282,61,0,10 26 27,1,30,,46283,59,0,13 26 27,1,70,,46284,61,0,10 26 27,1,30,,46285,59,0,13 26 27,1,70,,46286,61,0,10 26 27,1,30,,46287,59,0,13 26 27,1,70,,46288,61,0,10 26 27,1,30,,46289,59,0,13 26 27,1,70,,46290,61,0,10 26 27,1,30,,46291,59,0,13 26 27,1,66,,46292,61,0,10 26 27,1,30,,46293,59,0,13 26 27,1,70,,46294,61,0,10 26 27,1,25,,46295,59,0,13 26 27,1,25,,46296,61,0,10 26 27,1,70,,46297,59,0,13 26 27,1,30,,46298,61,0,10 26 27,1,61,,46299,59,0,13 26 27,1,30,,46300,61,0,10 26 27,1,70,,46301,59,0,13 26 27,1
2701,'11802',820,,48307,32,,,1,839,,48308,32,,,1
2701,'2',617,,48380,31,,,1,92,,48309,32,,,1,25,,48310,31,,,1,13,,48311,32,,,1,53,,48312,31,,,1,13,,48313,31,,,1,13,,48314,32,,,1,13,,48315,32,,,1,8,,48316,32,,,1,53,,48317,32,,,1,15,,48318,32,,,1,12,,48319,32,,,1,14,,48320,32,,,1,13,,48321,32,,,1,53,,48322,32,,,1,13,,48323,32,,,1,13,,48324,32,,,1,13,,48325,32,,,1,13,,48326,32,,,1,53,,48327,32,,,1,13,,48328,32,,,1,13,,48329,32,,,1,13,,48330,32,,,1,53,,48331,32,,,1,12,,48332,32,,,1,13,,48333,32,,,1,12,,48334,32,,,1,12,,48335,32,,,1,52,,48336,32,,,1,12,,48337,32,,,1,12,,48338,32,,,1,12,,48339,32,,,1,12,,48340,32,,,1,52,,48341,32,,,1,12,,48342,32,,,1,12,,48343,32,,,1,14,,48344,32,,,1,13,,48345,32,,,1,53,,48346,32,,,1,13,,48347,32,,,1,13,,48348,32,,,1,13,,48349,32,,,1,9,,48350,31,,,1,52,,48351,32,,,1,12,,48352,32,,,1,11,,48353,32,,,1,11,,48354,32,,,1,11,,48355,31,,,1,51,,48356,32,,,1,11,,48357,32,,,1,11,,48358,32,,,1,11,,48359,32,,,1,11,,48360,32,,,1,51,,48361,32,,,1,11,,48362,32,,,1,7,,48363,32,,,1,13,,48364,32,,,1,9,,48365,32,,,1,13,,48366,32,,,1,51,,48367,32,,,1,11,,48368,32,,,1,17,,48369,32,,,1,17,,48370,32,,,1,57,,48371,32,,,1,17,,48372,32,,,1,17,,48373,32,,,1,17,,48374,32,,,1,54,,48375,32,,,1,20,,48376,32,,,1,27,,48377,32,,,1,67,,48378,32,,,1,27,,48379,32,,,1
2701,'3',916,,48381,31,,,1,43,,48391,32,,,1,73,,48382,32,,,1,104,,48392,32,,,1,73,,48383,32,,,1,32,,48400,32,,,1,72,,48393,32,,,1,32,,48384,32,,,1,72,,48401,32,,,1,31,,48394,32,,,1,74,,48385,32,,,1,32,,48402,32,,,1,70,,48395,32,,,1,34,,48386,32,,,1,72,,48403,32,,,1,70,,48396,32,,,1,35,,48387,32,,,1,85,,48397,32,,,1,85,,48388,32,,,1,45,,48398,32,,,1,80,,48389,32,,,1,80,,48399,32,,,1,40,,48390,32,,,1,80,,48404,32,,,1
2701,'30',901,,48405,31,,,1,45,,48406,32,,,1,85,,48412,32,,,1,85,,48407,32,,,1,85,,48413,32,,,1,46,,48408,32,,,1,88,,48414,32,,,1,72,,48415,32,,,1,32,,48409,32,,,1,72,,48417,32,,,1,32,,48416,32,,,1,72,,48410,32,,,1,32,,48418,32,,,1,72,,48420,32,,,1,28,,48411,32,,,1,77,,48419,32,,,1,85,,48421,32,,,1,45,,48422,32,,,1
2701,'4',901,,48423,31,,,1,45,,48424,32,,,1,85,,48430,32,,,1,85,,48425,32,,,1,85,,48431,32,,,1,46,,48426,32,,,1,88,,48432,32,,,1,72,,48433,32,,,1,32,,48427,32,,,1,72,,48435,32,,,1,32,,48434,32,,,1,72,,48428,32,,,1,32,,48436,32,,,1,72,,48438,32,,,1,28,,48429,32,,,1,77,,48437,32,,,1,85,,48439,32,,,1,45,,48440,32,,,1
