600,'2',607,,27590,22,,,0,28,,27589,22,,,0,80,,27591,22,,,0,25,,27592,22,,,0,60,,27593,22,,,0,25,,27594,22,,,0,25,,27595,22,,,0,66,,27596,22,,,0,30,,27597,22,,,0,70,,27598,22,,,0,25,,27599,22,,,0,70,,27600,22,,,0,30,,27601,22,,,0,70,,27602,22,,,0,25,,27603,22,,,0,70,,27604,22,,,0,30,,27605,22,,,0,70,,27606,22,,,0,30,,27607,22,,,0,65,,27608,22,,,0,30,,27609,22,,,0,25,,27610,22,,,0,72,,27611,22,,,0,30,,27612,22,,,0,70,,27613,22,,,0,30,,27614,22,,,0,62,,27615,22,,,0,25,,27616,22,,,0,65,,27617,22,,,0,25,,27618,22,,,0,65,,27619,22,,,0,25,,27620,22,,,0,24,,27621,22,,,0,60,,27622,22,,,0,35,,27623,22,,,0,75,,27624,22,,,0,35,,27625,22,,,0,70,,27626,22,,,0,80,,27627,22,,,0
600,'3',601,,27672,5,,,0,33,,27673,22,,,0,25,,27671,22,,,0,70,,27628,22,,,0,26,,27670,22,,,0,70,,27629,22,,,0,30,,27630,22,,,0,75,,27631,22,,,0,19,,27637,5,,,0,57,,27632,22,,,0,27,,27633,22,,,0,25,,27634,22,,,0,65,,27635,22,,,0,28,,27636,22,,,0,66,,27638,22,,,0,18,,27639,22,,,0,18,,27640,22,,,0,58,,27641,22,,,0,20,,27642,22,,,0,18,,27643,22,,,0,58,,27644,22,,,0,26,,27645,22,,,0,20,,27646,22,,,0,60,,27647,22,,,0,20,,27648,22,,,0,23,,27649,22,,,0,60,,27650,22,,,0,20,,27651,22,,,0,20,,27652,22,,,0,60,,27653,22,,,0,20,,27654,22,,,0,20,,27655,22,,,0,65,,27656,22,,,0,13,,27657,22,,,0,17,,27658,22,,,0,66,,27659,22,,,0,20,,27660,22,,,0,65,,27661,22,,,0,25,,27662,22,,,0,24,,27663,22,,,0,61,,27664,22,,,0,35,,27665,22,,,0,75,,27666,22,,,0,35,,27667,22,,,0,75,,27668,22,,,0,75,,27669,22,,,0
600,'30',854,,27674,5,,,0,68,,27675,5,,,0,35,,27676,22,,,0,75,,27677,22,,,0,75,,27678,22,,,0,35,,27679,22,,,0,70,,27680,5,,,0,16,,27681,22,,,0,74,,27682,22,,,0,25,,27683,22,,,0,25,,27684,22,,,0,65,,27685,22,,,0,25,,27686,22,,,0,65,,27687,22,,,0,25,,27688,22,,,0,25,,27689,22,,,0,65,,27690,22,,,0,25,,27691,22,,,0,65,,27692,22,,,0,26,,27693,22,,,0,63,,27694,22,,,0,25,,27695,22,,,0,77,,27696,22,,,0,35,,27697,22,,,0,75,,27698,22,,,0,35,,27699,22,,,0,75,,27700,22,,,0,35,,27701,22,,,0,73,,27702,22,,,0,74,,27703,22,,,0
600,'4',854,,27704,5,,,0,68,,27705,5,,,0,35,,27706,22,,,0,75,,27707,22,,,0,75,,27708,22,,,0,35,,27709,22,,,0,70,,27733,5,,,0,16,,27710,22,,,0,74,,27711,22,,,0,25,,27712,22,,,0,25,,27713,22,,,0,65,,27714,22,,,0,25,,27715,22,,,0,65,,27716,22,,,0,25,,27717,22,,,0,25,,27718,22,,,0,65,,27719,22,,,0,25,,27720,22,,,0,65,,27721,22,,,0,26,,27722,22,,,0,63,,27723,22,,,0,25,,27724,22,,,0,77,,27725,22,,,0,35,,27726,22,,,0,75,,27727,22,,,0,35,,27728,22,,,0,75,,27729,22,,,0,35,,27730,22,,,0,73,,27731,22,,,0,74,,27732,22,,,0
1301,'2',634,,29385,52,0,10 14 20,0,7,,29386,26,,,0,15,,29387,52,0,10 14 20,0,57,,29388,26,,,0,10,,29389,52,0,10 14 20,0,15,,29390,26,,,0,15,,29391,52,0,10 14 20,0,55,,29392,26,,,0,15,,29393,52,0,10 14 20,0,15,,29394,26,,,0,15,,29395,52,0,10 14 20,0,55,,29396,26,,,0,10,,29397,52,0,10 14 20,0,15,,29398,30,,,0,15,,29399,52,0,10 14 20,0,55,,29400,30,,,0,15,,29401,52,0,10 14 20,0,15,,29402,30,,,0,15,,29403,52,0,10 14 20,0,55,,29404,30,,,0,10,,29405,52,0,10 14 20,0,15,,29406,30,,,0,15,,29407,52,0,10 14 20,0,15,,29408,30,,,0,56,,29409,52,0,10 14 20,0,15,,29410,30,,,0,15,,29411,52,0,10 14 20,0,15,,29412,30,,,0,55,,29413,52,0,10 14 20,0,15,,29414,30,,,0,15,,29415,52,0,10 14 20,0,15,,29416,30,,,0,55,,29417,52,0,10 14 20,0,15,,29418,26,,,0,15,,29419,52,0,10 14 20,0,15,,29420,26,,,0,55,,29421,52,0,10 14 20,0,15,,29422,26,,,0,21,,29423,52,0,10 14 20,0,55,,29424,26,,,0,17,,29425,52,0,10 14 20,0,15,,29426,26,,,0,15,,29427,52,0,10 14 20,0,55,,29428,26,,,0,13,,29429,52,0,10 14 20,0,13,,29430,26,,,0,15,,29431,52,0,10 14 20,0,55,,29432,26,,,0,12,,29433,52,0,10 14 20,0,20,,29435,26,,,0,20,,29439,26,,,0,60,,29436,52,0,10 14 20,0,15,,29440,26,,,0,15,,29437,52,0,10 14 20,0,60,,29441,26,,,0,20,,29438,52,0,10 14 20,0,20,,29442,26,,,0,60,,29443,52,0,10 14 20,0,25,,29446,26,,,0,70,,29444,52,0,10 14 20,0,30,,29447,26,,,0,25,,29445,52,0,10 14 20,0,65,,29448,26,,,0,18,,29449,52,0,10 14 20,0,74,,29451,26,,,0,29,,29450,52,0,10 14 20,0,64,,29452,26,,,0
1301,'3',633,,29453,52,0,10 14 20,0,75,,29454,26,,,0,35,,29455,52,0,10 14 20,0,61,,29456,26,,,0,16,,29460,52,0,10 14 20,0,16,,29457,26,,,0,16,,29461,52,0,10 14 20,0,56,,29458,26,,,0,16,,29462,26,,,0,16,,29459,52,0,10 14 20,0,16,,29463,26,,,0,56,,29464,52,0,10 14 20,0,15,,29465,26,,,0,10,,29481,52,0,10 14 20,0,15,,29466,26,,,0,55,,29482,52,0,10 14 20,0,15,,29467,26,,,0,15,,29483,52,0,10 14 20,0,15,,29468,26,,,0,56,,29484,52,0,10 14 20,0,15,,29469,26,,,0,15,,29485,52,0,10 14 20,0,15,,29470,26,,,0,55,,29486,52,0,10 14 20,0,15,,29471,26,,,0,10,,29487,52,0,10 14 20,0,15,,29472,26,,,0,55,,29488,52,0,10 14 20,0,15,,29473,26,,,0,15,,29489,52,0,10 14 20,0,15,,29474,26,,,0,55,,29490,52,0,10 14 20,0,15,,29475,26,,,0,15,,29491,52,0,10 14 20,0,15,,29476,26,,,0,10,,29492,52,0,10 14 20,0,55,,29477,26,,,0,15,,29493,52,0,10 14 20,0,15,,29478,26,,,0,15,,29494,52,0,10 14 20,0,55,,29479,26,,,0,15,,29495,52,0,10 14 20,0,15,,29480,26,,,0,15,,29496,52,0,10 14 20,0,55,,29501,26,,,0,15,,29497,52,0,10 14 20,0,15,,29502,26,,,0,60,,29498,52,0,10 14 20,0,20,,29503,26,,,0,20,,29499,52,0,10 14 20,0,60,,29504,26,,,0,20,,29500,52,0,10 14 20,0,20,,29505,26,,,0,60,,29506,52,0,10 14 20,0,24,,29510,26,,,0,30,,29507,52,0,10 14 20,0,70,,29511,26,,,0,20,,29508,52,0,10 14 20,0,65,,29512,26,,,0,30,,29509,52,0,10 14 20,0,70,,29513,26,,,0,42,,29515,52,0,10 14 20,0,51,,29514,26,,,0
1301,'30',706,,29537,52,0,10 14 20,0,35,,29539,26,,,0,75,,29538,52,0,10 14 20,0,35,,29540,26,,,0,69,,29541,7,,,0,6,,29536,52,0,10 14 20,0,30,,29535,26,,,0,71,,29524,52,0,10 14 20,0,30,,29534,26,,,0,65,,29523,52,0,10 14 20,0,30,,29533,26,,,0,70,,29522,52,0,10 14 20,0,30,,29532,26,,,0,70,,29521,52,0,10 14 20,0,30,,29531,26,,,0,70,,29520,52,0,10 14 20,0,30,,29530,26,,,0,70,,29519,52,0,10 14 20,0,30,,29529,26,,,0,65,,29518,52,0,10 14 20,0,30,,29528,26,,,0,70,,29517,52,0,10 14 20,0,30,,29527,26,,,0,70,,29516,52,0,10 14 20,0,28,,29526,26,,,0,65,,29542,52,0,10 14 20,0,30,,29546,26,,,0,65,,29543,52,0,10 14 20,0,25,,29547,26,,,0,15,,29544,52,0,10 14 20,0,70,,29548,26,,,0,30,,29545,52,0,10 14 20,0,71,,29549,26,,,0,37,,29550,52,0,10 14 20,0,51,,29525,26,,,0
1301,'4',706,,29572,52,0,10 14 20,0,35,,29574,26,,,0,75,,29573,52,0,10 14 20,0,35,,29575,26,,,0,69,,29576,7,,,0,6,,29571,52,0,10 14 20,0,30,,29570,26,,,0,71,,29559,52,0,10 14 20,0,30,,29569,26,,,0,65,,29558,52,0,10 14 20,0,30,,29568,26,,,0,70,,29557,52,0,10 14 20,0,30,,29567,26,,,0,70,,29556,52,0,10 14 20,0,30,,29566,26,,,0,70,,29555,52,0,10 14 20,0,30,,29565,26,,,0,70,,29554,52,0,10 14 20,0,30,,29564,26,,,0,65,,29553,52,0,10 14 20,0,30,,29563,26,,,0,70,,29552,52,0,10 14 20,0,30,,29562,26,,,0,70,,29551,52,0,10 14 20,0,28,,29561,26,,,0,65,,29577,52,0,10 14 20,0,30,,29581,26,,,0,65,,29578,52,0,10 14 20,0,25,,29582,26,,,0,15,,29579,52,0,10 14 20,0,70,,29583,26,,,0,30,,29580,52,0,10 14 20,0,71,,29584,26,,,0,37,,29585,52,0,10 14 20,0,51,,29560,26,,,0
1501,'2',633,,29781,43,0,10 26 27,0,20,,29782,41,0,13 26 27,0,61,,29783,43,0,10 26 27,0,16,,29784,41,0,13 26 27,0,16,,29787,43,0,10 26 27,0,11,,29785,41,0,13 26 27,0,56,,29788,43,0,10 26 27,0,16,,29786,41,0,13 26 27,0,16,,29789,43,0,10 26 27,0,56,,29790,41,0,13 26 27,0,15,,29808,43,0,10 26 27,0,15,,29791,41,0,13 26 27,0,15,,29809,43,0,10 26 27,0,55,,29792,41,0,13 26 27,0,15,,29810,43,0,10 26 27,0,15,,29793,41,0,13 26 27,0,15,,29811,43,0,10 26 27,0,55,,29794,41,0,13 26 27,0,15,,29812,43,0,10 26 27,0,15,,29795,41,0,13 26 27,0,15,,29813,43,0,10 26 27,0,55,,29796,41,0,13 26 27,0,15,,29814,43,0,10 26 27,0,15,,29797,41,0,13 26 27,0,15,,29815,43,0,10 26 27,0,55,,29798,41,0,13 26 27,0,15,,29816,43,0,10 26 27,0,15,,29799,41,0,13 26 27,0,15,,29817,43,0,10 26 27,0,13,,29800,41,0,13 26 27,0,58,,29818,43,0,10 26 27,0,15,,29801,41,0,13 26 27,0,15,,29819,43,0,10 26 27,0,55,,29802,41,0,13 26 27,0,15,,29820,43,0,10 26 27,0,15,,29803,41,0,13 26 27,0,15,,29821,43,0,10 26 27,0,55,,29804,41,0,13 26 27,0,17,,29822,43,0,10 26 27,0,15,,29805,41,0,13 26 27,0,17,,29823,43,0,10 26 27,0,53,,29806,41,0,13 26 27,0,15,,29824,43,0,10 26 27,0,15,,29807,41,0,13 26 27,0,12,,29827,43,0,10 26 27,0,57,,29828,41,0,13 26 27,0,18,,29829,43,0,10 26 27,0,22,,29830,41,0,13 26 27,0,58,,29842,43,0,10 26 27,0,37,,29831,41,0,13 26 27,0,68,,29832,43,0,10 26 27,0,22,,29833,41,0,13 26 27,0,15,,29834,43,0,10 26 27,0,67,,29835,41,0,13 26 27,0,27,,29836,43,0,10 26 27,0,70,,29837,41,0,13 26 27,0,30,,29838,43,0,10 26 27,0,70,,29839,41,0,13 26 27,0,30,,29840,43,0,10 26 27,0,72,,29841,41,0,13 26 27,0,23,,29845,43,0,10 26 27,0,71,,29844,41,0,13 26 27,0
1501,'3',633,,29850,41,0,13 26 27,0,90,,29851,43,0,10 26 27,0,35,,29852,41,0,13 26 27,0,70,,29853,43,0,10 26 27,0,30,,29855,41,0,13 26 27,0,70,,29854,43,0,10 26 27,0,30,,29856,41,0,13 26 27,0,60,,29857,43,0,10 26 27,0,20,,29858,41,0,13 26 27,0,20,,29859,41,0,13 26 27,0,60,,29860,43,0,10 26 27,0,20,,29871,41,0,13 26 27,0,20,,29861,43,0,10 26 27,0,60,,29872,41,0,13 26 27,0,20,,29862,43,0,10 26 27,0,20,,29873,41,0,13 26 27,0,60,,29863,43,0,10 26 27,0,20,,29874,41,0,13 26 27,0,20,,29864,43,0,10 26 27,0,61,,29875,41,0,13 26 27,0,20,,29865,43,0,10 26 27,0,20,,29876,41,0,13 26 27,0,60,,29866,43,0,10 26 27,0,20,,29877,41,0,13 26 27,0,20,,29867,43,0,10 26 27,0,60,,29878,41,0,13 26 27,0,20,,29868,43,0,10 26 27,0,20,,29879,41,0,13 26 27,0,60,,29869,43,0,10 26 27,0,15,,29880,41,0,13 26 27,0,25,,29870,43,0,10 26 27,0,69,,29881,41,0,13 26 27,0,30,,29887,43,0,10 26 27,0,70,,29882,41,0,13 26 27,0,30,,29888,43,0,10 26 27,0,70,,29883,41,0,13 26 27,0,30,,29889,43,0,10 26 27,0,65,,29884,41,0,13 26 27,0,30,,29890,43,0,10 26 27,0,65,,29885,41,0,13 26 27,0,30,,29891,43,0,10 26 27,0,65,,29886,41,0,13 26 27,0,25,,29892,43,0,10 26 27,0,70,,29893,41,0,13 26 27,0,95,,29894,43,0,10 26 27,0
1501,'30',635,,29935,43,0,10 26 27,0,65,,29936,41,0,13 26 27,0,24,,29899,43,0,10 26 27,0,26,,29900,41,0,13 26 27,0,70,,29934,43,0,10 26 27,0,23,,29933,41,0,13 26 27,0,67,,29901,43,0,10 26 27,0,31,,29902,41,0,13 26 27,0,70,,29903,43,0,10 26 27,0,22,,29904,41,0,13 26 27,0,70,,29905,43,0,10 26 27,0,25,,29906,41,0,13 26 27,0,30,,29907,43,0,10 26 27,0,70,,29908,41,0,13 26 27,0,28,,29909,43,0,10 26 27,0,70,,29910,41,0,13 26 27,0,30,,29911,43,0,10 26 27,0,70,,29912,41,0,13 26 27,0,30,,29913,43,0,10 26 27,0,70,,29914,41,0,13 26 27,0,30,,29915,43,0,10 26 27,0,70,,29916,41,0,13 26 27,0,30,,29917,43,0,10 26 27,0,70,,29918,41,0,13 26 27,0,30,,29919,43,0,10 26 27,0,70,,29920,41,0,13 26 27,0,26,,29921,43,0,10 26 27,0,70,,29922,41,0,13 26 27,0,30,,29923,43,0,10 26 27,0,65,,29924,41,0,13 26 27,0,25,,29925,43,0,10 26 27,0,70,,29926,41,0,13 26 27,0,30,,29927,43,0,10 26 27,0,61,,29928,41,0,13 26 27,0,30,,29929,43,0,10 26 27,0,70,,29930,41,0,13 26 27,0
1501,'4',635,,29974,43,0,10 26 27,0,65,,29975,41,0,13 26 27,0,24,,29938,43,0,10 26 27,0,26,,29939,41,0,13 26 27,0,70,,29973,43,0,10 26 27,0,23,,29972,41,0,13 26 27,0,67,,29940,43,0,10 26 27,0,31,,29941,41,0,13 26 27,0,70,,29942,43,0,10 26 27,0,22,,29943,41,0,13 26 27,0,70,,29944,43,0,10 26 27,0,25,,29945,41,0,13 26 27,0,30,,29946,43,0,10 26 27,0,70,,29947,41,0,13 26 27,0,28,,29948,43,0,10 26 27,0,70,,29949,41,0,13 26 27,0,30,,29950,43,0,10 26 27,0,70,,29951,41,0,13 26 27,0,30,,29952,43,0,10 26 27,0,70,,29953,41,0,13 26 27,0,30,,29954,43,0,10 26 27,0,70,,29955,41,0,13 26 27,0,30,,29956,43,0,10 26 27,0,70,,29957,41,0,13 26 27,0,30,,29958,43,0,10 26 27,0,70,,29959,41,0,13 26 27,0,26,,29960,43,0,10 26 27,0,70,,29961,41,0,13 26 27,0,30,,29962,43,0,10 26 27,0,65,,29963,41,0,13 26 27,0,25,,29964,43,0,10 26 27,0,70,,29965,41,0,13 26 27,0,30,,29966,43,0,10 26 27,0,61,,29967,41,0,13 26 27,0,30,,29968,43,0,10 26 27,0,70,,29969,41,0,13 26 27,0
9001,'2',646,,33046,11,,,0,78,,33047,11,,,0,15,,33054,11,,,0,15,,33053,11,,,0,55,,33048,11,,,0,15,,33049,11,,,0,15,,33055,11,,,0,15,,33050,11,,,0,55,,33056,11,,,0,13,,33051,11,,,0,15,,33057,11,,,0,15,,33052,11,,,0,55,,33058,11,,,0,15,,33044,11,,,0,15,,33059,11,,,0,15,,33043,11,,,0,55,,33042,11,,,0,15,,33041,11,,,0,15,,33060,11,,,0,15,,33040,11,,,0,55,,33039,11,,,0,15,,33038,11,,,0,15,,33061,11,,,0,15,,33037,11,,,0,55,,33036,11,,,0,15,,33035,11,,,0,15,,33062,11,,,0,15,,33034,11,,,0,55,,33033,11,,,0,17,,33032,11,,,0,15,,33063,11,,,0,15,,33031,11,,,0,55,,33030,11,,,0,15,,33029,11,,,0,15,,33064,11,,,0,15,,33028,11,,,0,55,,33027,11,,,0,22,,33026,11,,,0,15,,33066,11,,,0,55,,33025,11,,,0,15,,33024,11,,,0,15,,33023,11,,,0,15,,33065,11,,,0,70,,33021,11,,,0,35,,33020,11,,,0,65,,33067,11,,,0,25,,33068,11,,,0,65,,33069,11,,,0,30,,33070,11,,,0,70,,33071,11,,,0
9001,'3',835,,33091,11,,,0,70,,33092,11,,,0,30,,33093,11,,,0,70,,33094,11,,,0,22,,33095,11,,,0,25,,33090,11,,,0,65,,33089,11,,,0,25,,33088,11,,,0,65,,33087,11,,,0,24,,33086,11,,,0,25,,33085,11,,,0,65,,33084,11,,,0,25,,33083,11,,,0,65,,33082,11,,,0,26,,33081,11,,,0,65,,33080,11,,,0,25,,33079,11,,,0,25,,33078,11,,,0,65,,33077,11,,,0,25,,33076,11,,,0,65,,33075,11,,,0,25,,33074,11,,,0,25,,33073,11,,,0
9001,'4',1005,,33097,11,,,0,20,,33098,11,,,0,20,,33099,11,,,0,60,,33100,11,,,0,20,,33101,11,,,0,20,,33102,11,,,0,60,,33103,11,,,0,16,,33122,11,,,0,16,,33104,11,,,0,16,,33105,11,,,0,56,,33106,11,,,0,16,,33107,11,,,0,16,,33108,11,,,0,16,,33109,11,,,0,56,,33110,11,,,0,16,,33111,11,,,0,16,,33112,11,,,0,56,,33113,11,,,0,16,,33114,11,,,0,16,,33115,11,,,0,16,,33116,11,,,0,56,,33117,11,,,0,16,,33118,11,,,0,16,,33119,11,,,0,16,,33120,11,,,0,56,,33121,11,,,0,17,,33123,11,,,0,21,,33124,11,,,0,61,,33125,11,,,0,25,,33126,11,,,0,18,,33096,11,,,0,65,,33127,11,,,0
