400,'11802',1509,,43357,26,0,13 18 19 20,1,249,,43358,26,0,10 18 19 20,1
400,'2',627,,43385,26,0,13 18 19 20,1,82,,43384,26,0,10 18 19 20,1,15,,43383,26,0,13 18 19 20,1,15,,43382,26,0,10 18 19 20,1,15,,43381,26,0,13 18 19 20,1,55,,43380,26,0,10 18 19 20,1,15,,43379,26,0,13 18 19 20,1,15,,43378,26,0,10 18 19 20,1,15,,43377,26,0,13 18 19 20,1,60,,43376,26,0,10 18 19 20,1,20,,43375,26,0,13 18 19 20,1,20,,43374,26,0,10 18 19 20,1,60,,43373,26,0,13 18 19 20,1,20,,43372,26,0,10 18 19 20,1,20,,43371,26,0,13 18 19 20,1,60,,43370,26,0,10 18 19 20,1,20,,43369,26,0,13 18 19 20,1,20,,43368,26,0,10 18 19 20,1,60,,43367,26,0,13 18 19 20,1,20,,43366,26,0,10 18 19 20,1,20,,43365,26,0,13 18 19 20,1,60,,43364,26,0,10 18 19 20,1,20,,43363,26,0,13 18 19 20,1,17,,43362,26,0,10 18 19 20,1,55,,43387,26,0,13 18 19 20,1,10,,43388,26,0,10 18 19 20,1,15,,43396,26,0,13 18 19 20,1,15,,43389,26,0,10 18 19 20,1,55,,43397,26,0,13 18 19 20,1,15,,43390,26,0,10 18 19 20,1,15,,43398,26,0,13 18 19 20,1,15,,43391,26,0,10 18 19 20,1,55,,43399,26,0,13 18 19 20,1,15,,43392,26,0,10 18 19 20,1,15,,43400,26,0,13 18 19 20,1,10,,43393,26,0,10 18 19 20,1,15,,43401,26,0,13 18 19 20,1,55,,43394,26,0,10 18 19 20,1,10,,43402,26,0,13 18 19 20,1,15,,43395,26,0,10 18 19 20,1,10,,43403,26,0,13 18 19 20,1,60,,43404,26,0,10 18 19 20,1,20,,43405,26,0,13 18 19 20,1,15,,43409,26,0,10 18 19 20,1,60,,43406,26,0,13 18 19 20,1,20,,43410,26,0,10 18 19 20,1,20,,43407,26,0,13 18 19 20,1,60,,43411,26,0,10 18 19 20,1,20,,43408,26,0,13 18 19 20,1,17,,43412,26,0,10 18 19 20,1,15,,43413,26,0,13 18 19 20,1,65,,43416,26,0,10 18 19 20,1,30,,43414,26,0,13 18 19 20,1,70,,43417,26,0,10 18 19 20,1,30,,43415,26,0,13 18 19 20,1,70,,43418,26,0,10 18 19 20,1,40,,43419,26,0,13 18 19 20,1,99,,43420,26,0,13 18 19 20,1
400,'3',614,,43423,26,0,13 18 19 20,1,13,,43422,26,0,10 18 19 20,1,32,,43425,26,0,13 18 19 20,1,70,,43432,26,0,10 18 19 20,1,30,,43426,26,0,13 18 19 20,1,70,,43433,26,0,10 18 19 20,1,30,,43427,26,0,13 18 19 20,1,70,,43434,26,0,10 18 19 20,1,30,,43428,26,0,13 18 19 20,1,70,,43435,26,0,10 18 19 20,1,30,,43429,26,0,13 18 19 20,1,70,,43436,26,0,10 18 19 20,1,30,,43430,26,0,13 18 19 20,1,67,,43437,26,0,10 18 19 20,1,29,,43431,26,0,13 18 19 20,1,63,,43438,26,0,10 18 19 20,1,20,,43443,26,0,13 18 19 20,1,65,,43439,26,0,10 18 19 20,1,25,,43444,26,0,13 18 19 20,1,25,,43440,26,0,10 18 19 20,1,65,,43445,26,0,13 18 19 20,1,25,,43441,26,0,10 18 19 20,1,65,,43446,26,0,13 18 19 20,1,25,,43442,26,0,10 18 19 20,1,25,,43447,26,0,13 18 19 20,1,65,,43454,26,0,10 18 19 20,1,25,,43450,26,0,13 18 19 20,1,65,,43455,26,0,10 18 19 20,1,25,,43451,26,0,13 18 19 20,1,65,,43456,26,0,10 18 19 20,1,25,,43452,26,0,13 18 19 20,1,25,,43457,26,0,10 18 19 20,1,65,,43453,26,0,13 18 19 20,1,25,,43458,26,0,10 18 19 20,1,61,,43459,26,0,13 18 19 20,1,30,,43462,26,0,10 18 19 20,1,75,,43460,26,0,13 18 19 20,1,30,,43463,26,0,10 18 19 20,1,70,,43461,26,0,13 18 19 20,1,30,,43464,26,0,10 18 19 20,1,66,,43448,26,0,13 18 19 20,1,54,,43449,26,0,10 18 19 20,1
400,'30',657,,43495,26,0,13 18 19 20,1,82,,43496,26,0,10 18 19 20,1,80,,43497,26,0,13 18 19 20,1,85,,43467,26,0,10 18 19 20,1,35,,43468,26,0,13 18 19 20,1,65,,43469,26,0,10 18 19 20,1,30,,43470,26,0,13 18 19 20,1,70,,43471,26,0,10 18 19 20,1,30,,43472,26,0,13 18 19 20,1,70,,43473,26,0,10 18 19 20,1,26,,43474,26,0,13 18 19 20,1,70,,43475,26,0,10 18 19 20,1,30,,43476,26,0,13 18 19 20,1,70,,43477,26,0,10 18 19 20,1,30,,43478,26,0,13 18 19 20,1,70,,43479,26,0,10 18 19 20,1,30,,43480,26,0,13 18 19 20,1,70,,43481,26,0,10 18 19 20,1,30,,43482,26,0,13 18 19 20,1,70,,43483,26,0,10 18 19 20,1,30,,43484,26,0,13 18 19 20,1,70,,43485,26,0,10 18 19 20,1,32,,43486,26,0,13 18 19 20,1,70,,43487,26,0,10 18 19 20,1,30,,43488,26,0,13 18 19 20,1,70,,43489,26,0,10 18 19 20,1,30,,43490,26,0,13 18 19 20,1,70,,43491,26,0,10 18 19 20,1,30,,43492,26,0,13 18 19 20,1,70,,43493,26,0,10 18 19 20,1,26,,43494,26,0,13 18 19 20,1,29,,43465,26,0,10 18 19 20,1
400,'4',657,,43528,26,0,13 18 19 20,1,82,,43529,26,0,10 18 19 20,1,80,,43530,26,0,13 18 19 20,1,85,,43500,26,0,10 18 19 20,1,35,,43501,26,0,13 18 19 20,1,65,,43502,26,0,10 18 19 20,1,30,,43503,26,0,13 18 19 20,1,70,,43504,26,0,10 18 19 20,1,30,,43505,26,0,13 18 19 20,1,70,,43506,26,0,10 18 19 20,1,26,,43507,26,0,13 18 19 20,1,70,,43508,26,0,10 18 19 20,1,30,,43509,26,0,13 18 19 20,1,70,,43510,26,0,10 18 19 20,1,30,,43511,26,0,13 18 19 20,1,70,,43512,26,0,10 18 19 20,1,30,,43513,26,0,13 18 19 20,1,70,,43514,26,0,10 18 19 20,1,30,,43515,26,0,13 18 19 20,1,70,,43516,26,0,10 18 19 20,1,30,,43517,26,0,13 18 19 20,1,70,,43518,26,0,10 18 19 20,1,32,,43519,26,0,13 18 19 20,1,70,,43520,26,0,10 18 19 20,1,30,,43521,26,0,13 18 19 20,1,70,,43522,26,0,10 18 19 20,1,30,,43523,26,0,13 18 19 20,1,70,,43524,26,0,10 18 19 20,1,30,,43525,26,0,13 18 19 20,1,70,,43526,26,0,10 18 19 20,1,26,,43527,26,0,13 18 19 20,1,29,,43498,26,0,10 18 19 20,1
10200,'11802',902,,50235,19,,,1,828,,50234,19,,,1
10200,'3302',645,,50295,19,,,1,65,,50294,19,,,1,25,,50293,19,,,1,20,,50292,19,,,1,70,,50291,19,,,1,23,,50236,19,,,1,10,,50237,19,,,1,59,,50238,19,,,1,21,,50239,19,,,1,10,,50240,19,,,1,60,,50241,19,,,1,20,,50242,19,,,1,5,,50243,19,,,1,18,,50244,19,,,1,62,,50245,19,,,1,11,,50246,19,,,1,11,,50247,19,,,1,22,,50248,19,,,1,51,,50249,19,,,1,11,,50250,19,,,1,22,,50251,19,,,1,11,,50252,19,,,1,51,,50253,19,,,1,22,,50254,19,,,1,11,,50255,19,,,1,11,,50256,19,,,1,62,,50257,19,,,1,11,,50258,19,,,1,13,,50259,19,,,1,25,,50260,19,,,1,52,,50261,19,,,1,12,,50262,19,,,1,22,,50263,19,,,1,14,,50264,19,,,1,52,,50265,19,,,1,24,,50266,19,,,1,12,,50267,19,,,1,12,,50268,19,,,1,64,,50269,19,,,1,14,,50270,19,,,1,12,,50271,19,,,1,54,,50273,19,4,,1,14,,50272,19,,,1,12,,50274,19,,,1,30,,50275,19,,,1,55,,50276,19,,,1,30,,50277,19,,,1,15,,50278,19,,,1,70,,50279,19,,,1,17,,50280,19,,,1,67,,50281,19,,,1,20,,50282,19,,,1,20,,50283,19,,,1,60,,50284,19,,,1,20,,50285,19,,,1,20,,50286,19,,,1,60,,50287,19,,,1,20,,50288,19,,,1,14,,50290,19,4,,1,60,,50289,19,4,,1
10200,'3602',906,,50296,19,,,1,22,,50297,19,,,1,30,,50298,19,,,1,60,,50299,19,,,1,17,,50303,19,4,,1,67,,50300,19,,,1,44,,50301,19,,,1,84,,50302,19,,,1,84,,50304,19,,,1,44,,50305,19,,,1,88,,50306,19,,,1,88,,50307,19,,,1,88,,50308,19,,,1,88,,50309,19,,,1,48,,50310,19,,,1,85,,50311,19,,,1,85,,50312,19,,,1,85,,50313,19,,,1,38,,50314,19,4,,1
10200,'3903',1117,,50315,19,,,1,42,,50316,19,,,1,84,,50317,19,,,1,80,,50318,19,,,1,80,,50319,19,,,1,41,,50320,19,,,1,80,,50321,19,,,1,82,,50322,19,,,1,44,,50323,19,,,1,85,,50324,19,,,1,82,,50325,19,,,1,40,,50326,19,,,1,80,,50327,19,,,1,80,,50328,19,,,1,40,,50329,19,,,1,74,,50330,19,,,1,75,,50331,19,,,1,35,,50332,19,,,1,75,,50333,19,,,1
10200,'6404',1117,,50334,19,,,1,42,,50335,19,,,1,84,,50336,19,,,1,80,,50337,19,,,1,80,,50338,19,,,1,41,,50339,19,,,1,80,,50340,19,,,1,82,,50341,19,,,1,44,,50342,19,,,1,85,,50343,19,,,1,82,,50344,19,,,1,40,,50345,19,,,1,80,,50346,19,,,1,80,,50347,19,,,1,40,,50348,19,,,1,74,,50349,19,,,1,75,,50350,19,,,1
10401,'3302',749,,50511,26,,,1,70,,50512,26,,,1,32,,50513,26,,,1,71,,50514,26,,,1,30,,50515,26,,,1,70,,50516,26,,,1,29,,50517,26,,,1,71,,50518,26,,,1,28,,50519,26,,,1,73,,50520,26,,,1,27,,50521,26,,,1,72,,50522,26,,,1,24,,50523,26,,,1,69,,50524,26,,,1,30,,50525,26,,,1,72,,50526,26,,,1,29,,50527,26,,,1,70,,50528,26,,,1,31,,50529,26,,,1,73,,50530,26,,,1,31,,50531,26,,,1,68,,50532,26,,,1
10401,'3903',1021,,50549,26,,,1,21,,50535,26,,,1,70,,50536,26,,,1,27,,50537,26,,,1,71,,50538,26,,,1,20,,50539,26,,,1,70,,50540,26,,,1,25,,50541,26,,,1,29,,50542,26,,,1,68,,50543,26,,,1,31,,50544,26,,,1,70,,50545,26,,,1,30,,50546,26,,,1,69,,50547,26,,,1,30,,50548,26,,,1,70,,50534,26,,,1,30,,50533,26,,,1
