2501,'11802',728,,48021,29,,,1,887,,48022,29,,,1,106,,48023,29,,,1
2501,'2',622,,48024,29,,,1,24,,48025,29,,,1,75,,48026,29,,,1,20,,48027,29,,,1,60,,48028,29,,,1,20,,48029,29,,,1,20,,48030,29,,,1,60,,48031,29,,,1,19,,48032,29,,,1,20,,48033,29,,,1,60,,48034,29,,,1,20,,48035,29,,,1,20,,48036,29,,,1,60,,48037,29,,,1,20,,48038,29,,,1,20,,48039,29,,,1,60,,48040,29,,,1,20,,48041,29,,,1,20,,48042,29,,,1,60,,48043,29,,,1,20,,48044,29,,,1,20,,48045,29,,,1,60,,48046,29,,,1,25,,48047,29,,,1,20,,48048,29,,,1,60,,48049,29,,,1,20,,48050,29,,,1,20,,48051,29,,,1,60,,48052,29,,,1,22,,48053,29,,,1,21,,48054,29,,,1,61,,48055,29,,,1,21,,48056,29,,,1,21,,48057,29,,,1,61,,48058,29,,,1,13,,48059,29,,,1,20,,48060,29,,,1,60,,48061,29,,,1,20,,48062,29,,,1,20,,48063,29,,,1,60,,48064,29,,,1,20,,48065,29,,,1,20,,48066,29,,,1,60,,48067,29,,,1,27,,48068,29,,,1,24,,48069,29,,,1,65,,48070,29,,,1,25,,48071,29,,,1,65,,48072,29,,,1,25,,48073,29,,,1,21,,48074,29,,,1
2501,'3',634,,48108,29,,,1,25,,48075,29,,,1,66,,48107,29,,,1,25,,48076,29,,,1,66,,48106,29,,,1,26,,48077,29,,,1,67,,48078,29,,,1,27,,48079,29,,,1,65,,48080,29,,,1,32,,48081,29,,,1,25,,48082,29,,,1,70,,48083,29,,,1,24,,48084,29,,,1,69,,48085,29,,,1,30,,48086,29,,,1,65,,48087,29,,,1,30,,48088,29,,,1,66,,48089,29,,,1,29,,48090,29,,,1,70,,48091,29,,,1,30,,48092,29,,,1,70,,48093,29,,,1,30,,48094,29,,,1,70,,48095,29,,,1,30,,48096,29,,,1,70,,48097,29,,,1,30,,48098,29,,,1,70,,48099,29,,,1,24,,48105,29,,,1,71,,48100,29,,,1,27,,48109,29,,,1,68,,48101,29,,,1,23,,48110,29,,,1,27,,48102,29,,,1,65,,48111,29,,,1,25,,48103,29,,,1,65,,48112,29,,,1,22,,48104,29,,,1
2501,'30',929,,48120,29,,,1,71,,48129,29,,,1,30,,48130,29,,,1,70,,48131,29,,,1,30,,48132,29,,,1,70,,48133,29,,,1,30,,48134,29,,,1,70,,48135,29,,,1,30,,48136,29,,,1,70,,48137,29,,,1,30,,48138,29,,,1,70,,48139,29,,,1,28,,48121,29,,,1,27,,48119,29,,,1,67,,48122,29,,,1,27,,48118,29,,,1,64,,48123,29,,,1,27,,48117,29,,,1,67,,48124,29,,,1,27,,48116,29,,,1,67,,48125,29,,,1,25,,48128,29,,,1,30,,48126,29,,,1,70,,48140,29,,,1,30,,48115,29,,,1,72,,48141,29,,,1,30,,48114,29,,,1,68,,48142,29,,,1,15,,48113,29,,,1,82,,48127,29,,,1
2501,'4',929,,48150,29,,,1,71,,48159,29,,,1,30,,48160,29,,,1,70,,48161,29,,,1,30,,48162,29,,,1,70,,48163,29,,,1,30,,48164,29,,,1,70,,48165,29,,,1,30,,48166,29,,,1,70,,48167,29,,,1,30,,48168,29,,,1,70,,48169,29,,,1,28,,48151,29,,,1,27,,48149,29,,,1,67,,48152,29,,,1,27,,48148,29,,,1,64,,48153,29,,,1,27,,48147,29,,,1,67,,48154,29,,,1,27,,48146,29,,,1,67,,48155,29,,,1,25,,48158,29,,,1,30,,48156,29,,,1,70,,48170,29,,,1,30,,48145,29,,,1,72,,48171,29,,,1,30,,48144,29,,,1,68,,48172,29,,,1,15,,48143,29,,,1,82,,48157,29,,,1
2701,'11802',825,,48307,38,,,1,880,,48308,38,,,1
2701,'2',622,,48380,37,,,1,92,,48309,38,,,1,25,,48310,37,,,1,13,,48311,38,,,1,53,,48312,37,,,1,13,,48313,37,,,1,13,,48314,38,,,1,13,,48315,38,,,1,8,,48316,38,,,1,53,,48317,38,,,1,15,,48318,38,,,1,12,,48319,38,,,1,14,,48320,38,,,1,13,,48321,38,,,1,53,,48322,38,,,1,13,,48323,38,,,1,13,,48324,38,,,1,13,,48325,38,,,1,53,,48326,38,,,1,13,,48327,38,,,1,13,,48328,38,,,1,13,,48329,38,,,1,13,,48330,38,,,1,53,,48331,38,,,1,12,,48332,38,,,1,13,,48333,38,,,1,12,,48334,38,,,1,12,,48335,38,,,1,52,,48336,38,,,1,12,,48337,38,,,1,12,,48338,38,,,1,12,,48339,38,,,1,12,,48340,38,,,1,53,,48341,38,,,1,12,,48342,38,,,1,12,,48343,38,,,1,14,,48344,38,,,1,53,,48345,38,,,1,13,,48346,38,,,1,13,,48347,38,,,1,13,,48348,38,,,1,13,,48349,38,,,1,49,,48350,37,,,1,12,,48351,38,,,1,12,,48352,38,,,1,11,,48353,38,,,1,11,,48354,38,,,1,51,,48355,37,,,1,11,,48356,38,,,1,11,,48357,38,,,1,11,,48358,38,,,1,11,,48359,38,,,1,11,,48360,38,,,1,50,,48361,38,,,1,11,,48362,38,,,1,7,,48363,38,,,1,13,,48364,38,,,1,9,,48365,38,,,1,13,,48366,38,,,1,51,,48367,38,,,1,11,,48368,38,,,1,17,,48369,38,,,1,17,,48370,38,,,1,57,,48371,38,,,1,17,,48372,38,,,1,17,,48373,38,,,1,57,,48374,38,,,1,13,,48375,38,,,1,20,,48376,38,,,1,67,,48377,38,,,1,27,,48378,38,,,1,27,,48379,38,,,1
2701,'3',921,,48381,37,,,1,83,,48391,38,,,1,32,,48382,38,,,1,104,,48392,38,,,1,74,,48383,38,,,1,32,,48400,38,,,1,72,,48393,38,,,1,32,,48384,38,,,1,72,,48401,38,,,1,30,,48394,38,,,1,74,,48385,38,,,1,32,,48402,38,,,1,70,,48395,38,,,1,74,,48386,38,,,1,32,,48403,38,,,1,70,,48396,38,,,1,35,,48387,38,,,1,85,,48397,38,,,1,85,,48388,38,,,1,45,,48398,38,,,1,80,,48389,38,,,1,80,,48399,38,,,1,40,,48390,38,,,1,80,,48404,38,,,1
2701,'30',905,,48405,37,,,1,45,,48406,38,,,1,85,,48412,38,,,1,85,,48407,38,,,1,85,,48413,38,,,1,46,,48408,38,,,1,88,,48414,38,,,1,72,,48415,38,,,1,32,,48409,38,,,1,72,,48417,38,,,1,32,,48416,38,,,1,72,,48410,38,,,1,32,,48418,38,,,1,72,,48420,38,,,1,28,,48411,38,,,1,77,,48419,38,,,1,85,,48421,38,,,1,45,,48422,38,,,1
2701,'4',905,,48423,37,,,1,45,,48424,38,,,1,85,,48430,38,,,1,85,,48425,38,,,1,85,,48431,38,,,1,46,,48426,38,,,1,88,,48432,38,,,1,72,,48433,38,,,1,32,,48427,38,,,1,72,,48435,38,,,1,32,,48434,38,,,1,72,,48428,38,,,1,32,,48436,38,,,1,72,,48438,38,,,1,28,,48429,38,,,1,77,,48437,38,,,1,85,,48439,38,,,1,45,,48440,38,,,1
