1700,'11802',657,,46724,4,,,1,265,,46728,4,,,1
1700,'2',622,,46739,24,0,10 23 20,1,20,,46740,32,0,13 23 20,1,58,,46780,24,0,10 23 20,1,20,,46741,32,0,13 23 20,1,21,,46781,24,0,10 23 20,1,59,,46742,32,0,13 23 20,1,20,,46743,24,0,10 23 20,1,18,,46744,32,0,13 23 20,1,20,,46745,24,0,10 23 20,1,60,,46746,32,0,13 23 20,1,20,,46747,24,0,10 23 20,1,20,,46748,32,0,13 23 20,1,60,,46749,24,0,10 23 20,1,20,,46750,32,0,13 23 20,1,20,,46751,24,0,10 23 20,1,60,,46752,32,0,13 23 20,1,20,,46753,24,0,10 23 20,1,19,,46754,32,0,13 23 20,1,60,,46755,24,0,10 23 20,1,21,,46756,32,0,13 23 20,1,21,,46757,24,0,10 23 20,1,64,,46758,32,0,13 23 20,1,23,,46759,24,0,10 23 20,1,61,,46760,32,0,13 23 20,1,20,,46761,24,0,10 23 20,1,20,,46762,32,0,13 23 20,1,58,,46763,24,0,10 23 20,1,20,,46764,32,0,13 23 20,1,17,,46765,24,0,10 23 20,1,15,,46766,32,0,13 23 20,1,61,,46767,24,0,10 23 20,1,23,,46768,32,0,13 23 20,1,60,,46769,24,0,10 23 20,1,20,,46770,32,0,13 23 20,1,22,,46771,24,0,10 23 20,1,15,,46772,32,0,13 23 20,1,63,,46773,24,0,10 23 20,1,23,,46782,24,0,10 23 20,1,61,,46775,32,0,13 23 20,1,14,,46729,24,0,10 23 20,1,19,,46738,24,0,10 23 20,1,19,,46737,24,0,10 23 20,1,59,,46736,24,0,10 23 20,1,19,,46735,24,0,10 23 20,1,19,,46734,24,0,10 23 20,1,58,,46733,24,0,10 23 20,1,21,,46731,24,0,10 23 20,1,70,,46732,24,0,10 23 20,1,25,,46730,24,0,10 23 20,1,20,,46776,24,0,10 23 20,1,65,,46777,24,0,10 23 20,1,25,,46778,24,0,10 23 20,1,65,,46779,24,0,10 23 20,1,22,,46783,24,0,10 23 20,1,25,,46784,24,0,10 23 20,1
1700,'3',616,,46819,24,0,10 23 20,1,38,,46817,24,0,10 23 20,1,76,,46818,24,0,10 23 20,1,80,,46816,24,0,10 23 20,1,35,,46815,24,0,10 23 20,1,70,,46814,24,0,10 23 20,1,40,,46813,24,0,10 23 20,1,69,,46812,24,0,10 23 20,1,32,,46811,24,0,10 23 20,1,70,,46820,24,0,10 23 20,1,30,,46810,24,0,10 23 20,1,71,,46809,24,0,10 23 20,1,30,,46808,24,0,10 23 20,1,70,,46807,24,0,10 23 20,1,30,,46806,24,0,10 23 20,1,70,,46805,24,0,10 23 20,1,30,,46804,24,0,10 23 20,1,70,,46803,24,0,10 23 20,1,30,,46802,24,0,10 23 20,1,70,,46801,24,0,10 23 20,1,30,,46800,24,0,10 23 20,1,70,,46799,24,0,10 23 20,1,30,,46798,24,0,10 23 20,1,70,,46797,24,0,10 23 20,1,28,,46796,24,0,10 23 20,1,70,,46795,24,0,10 23 20,1,20,,46794,24,0,10 23 20,1,70,,46793,24,0,10 23 20,1,30,,46792,24,0,10 23 20,1,71,,46791,24,0,10 23 20,1,14,,46790,24,0,10 23 20,1,29,,46789,24,0,10 23 20,1,70,,46788,24,0,10 23 20,1,30,,46787,24,0,10 23 20,1,55,,46821,24,0,10 23 20,1,30,,46786,24,0,10 23 20,1,65,,46822,24,0,10 23 20,1,19,,46823,24,0,10 23 20,1,20,,46824,24,0,10 23 20,1
1700,'30',640,,46855,24,0,10 23 20,1,75,,46856,24,0,10 23 20,1,35,,46857,24,0,10 23 20,1,75,,46858,24,0,10 23 20,1,75,,46828,24,0,10 23 20,1,30,,46829,24,0,10 23 20,1,70,,46830,24,0,10 23 20,1,30,,46831,24,0,10 23 20,1,25,,46832,24,0,10 23 20,1,65,,46833,24,0,10 23 20,1,22,,46834,24,0,10 23 20,1,71,,46835,24,0,10 23 20,1,30,,46836,24,0,10 23 20,1,65,,46837,24,0,10 23 20,1,25,,46838,24,0,10 23 20,1,70,,46839,24,0,10 23 20,1,30,,46840,24,0,10 23 20,1,68,,46841,24,0,10 23 20,1,30,,46842,24,0,10 23 20,1,70,,46843,24,0,10 23 20,1,30,,46844,24,0,10 23 20,1,70,,46845,24,0,10 23 20,1,30,,46846,24,0,10 23 20,1,20,,46847,24,0,10 23 20,1,70,,46848,24,0,10 23 20,1,30,,46849,24,0,10 23 20,1,70,,46850,24,0,10 23 20,1,80,,46851,24,0,10 23 20,1,35,,46852,24,0,10 23 20,1,75,,46853,24,0,10 23 20,1,35,,46854,24,0,10 23 20,1,71,,46827,24,0,10 23 20,1,30,,46860,24,0,10 23 20,1,75,,46859,24,0,10 23 20,1
1700,'4',640,,46890,24,0,10 23 20,1,75,,46891,24,0,10 23 20,1,35,,46892,24,0,10 23 20,1,75,,46893,24,0,10 23 20,1,75,,46863,24,0,10 23 20,1,30,,46864,24,0,10 23 20,1,70,,46865,24,0,10 23 20,1,30,,46866,24,0,10 23 20,1,25,,46867,24,0,10 23 20,1,65,,46868,24,0,10 23 20,1,22,,46869,24,0,10 23 20,1,71,,46870,24,0,10 23 20,1,30,,46871,24,0,10 23 20,1,65,,46872,24,0,10 23 20,1,25,,46873,24,0,10 23 20,1,70,,46874,24,0,10 23 20,1,30,,46875,24,0,10 23 20,1,68,,46876,24,0,10 23 20,1,30,,46877,24,0,10 23 20,1,70,,46878,24,0,10 23 20,1,30,,46879,24,0,10 23 20,1,70,,46880,24,0,10 23 20,1,30,,46881,24,0,10 23 20,1,20,,46882,24,0,10 23 20,1,70,,46883,24,0,10 23 20,1,30,,46884,24,0,10 23 20,1,70,,46885,24,0,10 23 20,1,80,,46886,24,0,10 23 20,1,35,,46887,24,0,10 23 20,1,75,,46888,24,0,10 23 20,1,35,,46889,24,0,10 23 20,1,71,,46862,24,0,10 23 20,1,30,,46895,24,0,10 23 20,1,75,,46894,24,0,10 23 20,1
2000,'2',612,,47293,21,,,1,23,,47296,21,,,1,72,,47294,21,,,1,15,,47295,21,,,1,15,,47297,21,,,1,15,,47319,21,,,1,55,,47320,21,,,1,15,,47321,21,,,1,15,,47322,21,,,1,16,,47323,21,,,1,54,,47324,21,,,1,15,,47325,21,,,1,15,,47326,21,,,1,15,,47327,21,,,1,55,,47328,21,,,1,15,,47329,21,,,1,15,,47330,21,,,1,15,,47331,21,,,1,50,,47332,21,,,1,15,,47333,21,,,1,15,,47334,21,,,1,15,,47335,21,,,1,55,,47336,21,,,1,15,,47337,21,,,1,15,,47338,21,,,1,15,,47339,21,,,1,55,,47340,21,,,1,15,,47341,21,,,1,15,,47342,21,,,1,9,,47343,21,,,1,15,,47344,21,,,1,55,,47345,21,,,1,15,,47346,21,,,1,15,,47347,21,,,1,15,,47348,21,,,1,55,,47349,21,,,1,15,,47350,21,,,1,15,,47351,21,,,1,15,,47352,21,,,1,55,,47353,21,,,1,15,,47354,21,,,1,15,,47355,21,,,1,15,,47356,21,,,1,59,,47357,21,,,1,21,,47298,21,,,1,15,,47300,21,,,1,56,,47301,21,,,1,16,,47302,21,,,1,13,,47311,21,,,1,14,,47303,21,,,1,56,,47304,21,,,1,20,,47305,21,,,1,32,,47306,21,,,1,53,,47307,21,,,1,27,,47308,21,,,1,66,,47309,21,,,1,20,,47312,21,,,1,31,,47313,21,,,1,66,,47314,21,,,1,26,,47315,21,,,1,66,,47292,21,,,1,30,,47317,21,,,1,65,,47318,21,,,1,12,,47358,21,0,36,1,25,,47316,21,,,1,57,,47359,21,0,36,1
2000,'3',620,,47361,21,,,1,26,,47364,21,,,1,70,,47365,21,,,1,41,,47366,21,,,1,65,,47367,21,,,1,26,,47368,21,,,1,66,,47369,21,,,1,26,,47370,21,,,1,72,,47371,21,,,1,22,,47372,21,,,1,20,,47373,21,,,1,60,,47374,21,,,1,20,,47375,21,,,1,20,,47376,21,,,1,60,,47377,21,,,1,22,,47378,21,,,1,20,,47379,21,,,1,60,,47380,21,,,1,20,,47381,21,,,1,20,,47382,21,,,1,60,,47383,21,,,1,19,,47384,21,,,1,20,,47385,21,,,1,60,,47386,21,,,1,20,,47387,21,,,1,20,,47388,21,,,1,60,,47389,21,,,1,20,,47390,21,,,1,20,,47391,21,,,1,60,,47392,21,,,1,20,,47393,21,,,1,14,,47394,21,,,1,60,,47395,21,,,1,24,,47396,21,,,1,67,,47397,21,,,1,27,,47398,21,,,1,27,,47399,21,,,1,67,,47400,21,,,1,27,,47401,21,,,1,67,,47402,21,,,1,25,,47403,21,,,1,67,,47404,21,,,1,27,,47405,21,,,1,67,,47406,21,,,1,27,,47407,21,,,1,21,,47408,21,,,1,59,,47409,21,,,1,42,,47363,21,,,1
2000,'30',645,,47411,21,,,1,82,,47412,21,,,1,85,,47413,21,,,1,47,,47414,21,,,1,69,,47415,21,,,1,26,,47416,21,,,1,65,,47417,21,,,1,26,,47418,21,,,1,67,,47419,21,,,1,26,,47420,21,,,1,66,,47421,21,,,1,26,,47422,21,,,1,26,,47423,21,,,1,66,,47424,21,,,1,26,,47425,21,,,1,66,,47426,21,,,1,26,,47427,21,,,1,66,,47428,21,,,1,26,,47429,21,,,1,26,,47430,21,,,1,66,,47431,21,,,1,26,,47432,21,,,1,66,,47433,21,,,1,28,,47434,21,,,1,65,,47435,21,,,1,25,,47436,21,,,1,25,,47437,21,,,1,65,,47438,21,,,1,25,,47439,21,,,1,65,,47440,21,,,1,25,,47441,21,,,1,65,,47442,21,,,1,25,,47443,21,,,1,26,,47444,21,,,1,61,,47445,21,,,1,20,,47446,21,,,1,70,,47410,21,0,36,1
2000,'4',645,,47448,21,,,1,82,,47449,21,,,1,85,,47450,21,,,1,47,,47451,21,,,1,69,,47452,21,,,1,26,,47453,21,,,1,65,,47454,21,,,1,26,,47455,21,,,1,67,,47456,21,,,1,26,,47457,21,,,1,66,,47458,21,,,1,26,,47459,21,,,1,26,,47460,21,,,1,66,,47461,21,,,1,26,,47462,21,,,1,66,,47463,21,,,1,26,,47464,21,,,1,66,,47465,21,,,1,26,,47466,21,,,1,26,,47467,21,,,1,66,,47468,21,,,1,26,,47469,21,,,1,66,,47470,21,,,1,28,,47471,21,,,1,65,,47472,21,,,1,25,,47473,21,,,1,25,,47474,21,,,1,65,,47475,21,,,1,25,,47476,21,,,1,65,,47477,21,,,1,25,,47478,21,,,1,65,,47479,21,,,1,25,,47480,21,,,1,26,,47481,21,,,1,61,,47482,21,,,1,20,,47483,21,,,1,70,,47447,21,0,36,1
3301,'2',706,,48882,7,,,1,13,,48883,7,,,1,13,,48884,7,,,1,13,,48885,7,,,1,13,,48886,7,,,1,53,,48887,7,,,1,13,,48888,7,,,1,13,,48889,7,,,1,13,,48890,7,,,1,53,,48891,7,,,1,12,,48892,7,,,1,13,,48893,7,,,1,13,,48894,7,,,1,13,,48895,7,,,1,53,,48896,7,,,1,13,,48897,7,,,1,13,,48898,7,,,1,13,,48899,7,,,1,13,,48900,7,,,1,53,,48901,7,,,1,13,,48902,7,,,1,13,,48903,7,,,1,13,,48904,7,,,1,53,,48905,7,,,1,15,,48906,7,,,1,13,,48907,7,,,1,13,,48908,7,,,1,13,,48909,7,,,1,55,,48910,7,,,1,15,,48911,7,,,1,15,,48912,7,,,1,15,,48913,7,,,1,55,,48914,7,,,1,15,,48915,7,,,1,15,,48916,7,,,1,15,,48917,7,,,1,55,,48918,7,,,1,15,,48919,7,,,1,15,,48920,7,,,1,15,,48921,7,,,1,56,,48922,7,,,1,15,,48923,7,,,1,15,,48924,7,,,1,15,,48925,7,,,1,55,,48926,7,,,1,15,,48927,7,,,1,15,,48928,7,,,1,58,,48929,7,,,1,16,,48932,7,,,1,19,,48933,7,,,1,17,,48934,7,,,1,57,,48935,7,,,1,17,,48936,7,,,1,17,,48937,7,,,1,57,,48938,7,,,1,17,,48939,7,,,1,17,,48940,7,,,1,17,,48941,7,,,1,57,,48942,7,,,1,17,,48943,7,,,1,17,,48944,7,,,1,57,,48945,7,,,1,20,,48930,7,,,1
