201,'11802',721,,42903,25,0,13 24 25,1,35,,42905,19,0,10 24 25,1,68,,42904,25,0,13 24 25,1,30,,42906,19,0,10 24 25,1
201,'2',615,,42908,19,0,10 24 25,1,15,,42944,25,0,13 24 25,1,15,,42909,19,0,10 24 25,1,55,,42945,25,0,13 24 25,1,15,,42910,19,0,10 24 25,1,15,,42946,25,0,13 24 25,1,15,,42911,19,0,10 24 25,1,55,,42947,25,0,13 24 25,1,15,,42912,19,0,10 24 25,1,15,,42948,25,0,13 24 25,1,13,,42913,19,0,10 24 25,1,15,,42949,25,0,13 24 25,1,55,,42914,19,0,10 24 25,1,15,,42950,25,0,13 24 25,1,15,,42915,19,0,10 24 25,1,15,,42951,25,0,13 24 25,1,55,,42916,19,0,10 24 25,1,15,,42952,25,0,13 24 25,1,15,,42917,19,0,10 24 25,1,15,,42953,25,0,13 24 25,1,55,,42918,19,0,10 24 25,1,15,,42954,25,0,13 24 25,1,15,,42919,19,0,10 24 25,1,15,,42955,25,0,13 24 25,1,55,,42920,19,0,10 24 25,1,15,,42956,25,0,13 24 25,1,15,,42921,19,0,10 24 25,1,15,,42957,25,0,13 24 25,1,55,,42922,19,0,10 24 25,1,15,,42958,25,0,13 24 25,1,13,,42923,19,0,10 24 25,1,15,,42959,25,0,13 24 25,1,55,,42924,19,0,10 24 25,1,15,,42960,25,0,13 24 25,1,15,,42925,19,0,10 24 25,1,15,,42961,25,0,13 24 25,1,55,,42926,19,0,10 24 25,1,15,,42962,25,0,13 24 25,1,15,,42927,19,0,10 24 25,1,14,,42963,25,0,13 24 25,1,56,,42928,19,0,10 24 25,1,14,,42964,25,0,13 24 25,1,21,,42929,19,0,10 24 25,1,57,,42965,25,0,13 24 25,1,17,,42930,19,0,10 24 25,1,13,,42966,25,0,13 24 25,1,14,,42931,19,0,10 24 25,1,11,,42967,25,0,13 24 25,1,57,,42932,19,0,10 24 25,1,15,,42968,25,0,13 24 25,1,15,,42933,19,0,10 24 25,1,10,,42969,25,0,13 24 25,1,55,,42934,19,0,10 24 25,1,15,,42970,25,0,13 24 25,1,27,,42971,25,0,13 24 25,1,53,,42936,19,0,10 24 25,1,18,,42972,25,0,13 24 25,1,14,,42937,19,0,10 24 25,1,16,,42973,25,0,13 24 25,1,63,,42974,25,0,13 24 25,1,18,,42939,19,0,10 24 25,1,24,,42975,25,0,13 24 25,1,56,,42940,19,0,10 24 25,1,18,,42976,25,0,13 24 25,1,20,,42941,19,0,10 24 25,1,56,,42977,25,0,13 24 25,1,20,,42942,19,0,10 24 25,1,20,,42978,25,0,13 24 25,1,63,,42943,19,0,10 24 25,1,37,,42979,25,0,13 24 25,1,59,,42980,19,0,10 24 25,1
201,'3',618,,42983,25,0,13 24 25,1,30,,42984,19,0,10 24 25,1,70,,42985,25,0,13 24 25,1,29,,42986,19,0,10 24 25,1,53,,42987,25,0,13 24 25,1,15,,42988,19,0,10 24 25,1,10,,42989,25,0,13 24 25,1,15,,42990,19,0,10 24 25,1,10,,42991,25,0,13 24 25,1,55,,42992,19,0,10 24 25,1,15,,42993,25,0,13 24 25,1,15,,42994,19,0,10 24 25,1,14,,42995,25,0,13 24 25,1,53,,42996,19,0,10 24 25,1,9,,43039,1,,,1,6,,42997,25,0,13 24 25,1,15,,43018,19,0,10 24 25,1,15,,42998,25,0,13 24 25,1,55,,43019,19,0,10 24 25,1,15,,42999,25,0,13 24 25,1,15,,43020,19,0,10 24 25,1,16,,43000,25,0,13 24 25,1,10,,43021,19,0,10 24 25,1,55,,43001,25,0,13 24 25,1,10,,43022,19,0,10 24 25,1,15,,43002,25,0,13 24 25,1,15,,43023,19,0,10 24 25,1,55,,43003,25,0,13 24 25,1,15,,43024,19,0,10 24 25,1,15,,43004,25,0,13 24 25,1,15,,43025,19,0,10 24 25,1,55,,43005,25,0,13 24 25,1,10,,43026,19,0,10 24 25,1,10,,43006,25,0,13 24 25,1,15,,43027,19,0,10 24 25,1,15,,43007,25,0,13 24 25,1,55,,43028,19,0,10 24 25,1,15,,43008,25,0,13 24 25,1,15,,43029,19,0,10 24 25,1,15,,43009,25,0,13 24 25,1,55,,43030,19,0,10 24 25,1,15,,43010,25,0,13 24 25,1,10,,43031,19,0,10 24 25,1,15,,43011,25,0,13 24 25,1,55,,43032,19,0,10 24 25,1,10,,43012,25,0,13 24 25,1,15,,43033,19,0,10 24 25,1,15,,43013,25,0,13 24 25,1,57,,43034,19,0,10 24 25,1,10,,43014,25,0,13 24 25,1,15,,43035,19,0,10 24 25,1,15,,43015,25,0,13 24 25,1,55,,43036,19,0,10 24 25,1,15,,43016,25,0,13 24 25,1,15,,43037,19,0,10 24 25,1,15,,43017,25,0,13 24 25,1,55,,43038,19,0,10 24 25,1,15,,43040,25,0,13 24 25,1,15,,43041,19,0,10 24 25,1,15,,43042,25,0,13 24 25,1,65,,43047,19,0,10 24 25,1,30,,43043,25,0,13 24 25,1,70,,43048,19,0,10 24 25,1,27,,43044,25,0,13 24 25,1,71,,43049,19,0,10 24 25,1,30,,43045,25,0,13 24 25,1,70,,43050,19,0,10 24 25,1,38,,43046,25,0,13 24 25,1
201,'30',614,,43059,1,,,1,31,,43058,25,0,13 24 25,1,70,,43060,19,0,10 24 25,1,30,,43062,25,0,13 24 25,1,70,,43061,19,0,10 24 25,1,35,,43063,25,0,13 24 25,1,70,,43064,19,0,10 24 25,1,25,,43068,25,0,13 24 25,1,65,,43065,19,0,10 24 25,1,25,,43069,25,0,13 24 25,1,65,,43066,19,0,10 24 25,1,15,,43094,9,,,1,10,,43070,25,0,13 24 25,1,25,,43067,19,0,10 24 25,1,55,,43071,25,0,13 24 25,1,15,,43083,19,0,10 24 25,1,15,,43072,25,0,13 24 25,1,15,,43084,19,0,10 24 25,1,55,,43073,25,0,13 24 25,1,15,,43085,19,0,10 24 25,1,15,,43074,25,0,13 24 25,1,15,,43086,19,0,10 24 25,1,55,,43075,25,0,13 24 25,1,15,,43087,19,0,10 24 25,1,15,,43076,25,0,13 24 25,1,15,,43088,19,0,10 24 25,1,55,,43077,25,0,13 24 25,1,15,,43089,19,0,10 24 25,1,15,,43078,25,0,13 24 25,1,15,,43090,19,0,10 24 25,1,55,,43079,25,0,13 24 25,1,15,,43091,19,0,10 24 25,1,15,,43080,25,0,13 24 25,1,15,,43092,19,0,10 24 25,1,55,,43081,25,0,13 24 25,1,15,,43093,19,0,10 24 25,1,15,,43082,25,0,13 24 25,1,17,,43095,19,0,10 24 25,1,75,,43101,25,0,13 24 25,1,15,,43096,19,0,10 24 25,1,65,,43102,25,0,13 24 25,1,25,,43097,19,0,10 24 25,1,25,,43103,25,0,13 24 25,1,65,,43098,19,0,10 24 25,1,25,,43104,25,0,13 24 25,1,65,,43099,19,0,10 24 25,1,25,,43105,25,0,13 24 25,1,65,,43100,19,0,10 24 25,1,25,,43106,25,0,13 24 25,1,20,,43057,19,0,10 24 25,1
201,'4',614,,43113,1,,,1,31,,43112,25,0,13 24 25,1,70,,43114,19,0,10 24 25,1,30,,43116,25,0,13 24 25,1,70,,43115,19,0,10 24 25,1,35,,43117,25,0,13 24 25,1,70,,43118,19,0,10 24 25,1,25,,43122,25,0,13 24 25,1,65,,43119,19,0,10 24 25,1,25,,43123,25,0,13 24 25,1,65,,43120,19,0,10 24 25,1,15,,43148,9,,,1,10,,43124,25,0,13 24 25,1,25,,43121,19,0,10 24 25,1,55,,43125,25,0,13 24 25,1,15,,43137,19,0,10 24 25,1,15,,43126,25,0,13 24 25,1,15,,43138,19,0,10 24 25,1,55,,43127,25,0,13 24 25,1,15,,43139,19,0,10 24 25,1,15,,43128,25,0,13 24 25,1,15,,43140,19,0,10 24 25,1,55,,43129,25,0,13 24 25,1,15,,43141,19,0,10 24 25,1,15,,43130,25,0,13 24 25,1,15,,43142,19,0,10 24 25,1,55,,43131,25,0,13 24 25,1,15,,43143,19,0,10 24 25,1,15,,43132,25,0,13 24 25,1,15,,43144,19,0,10 24 25,1,55,,43133,25,0,13 24 25,1,15,,43145,19,0,10 24 25,1,15,,43134,25,0,13 24 25,1,15,,43146,19,0,10 24 25,1,55,,43135,25,0,13 24 25,1,15,,43147,19,0,10 24 25,1,15,,43136,25,0,13 24 25,1,17,,43149,19,0,10 24 25,1,75,,43155,25,0,13 24 25,1,15,,43150,19,0,10 24 25,1,65,,43156,25,0,13 24 25,1,25,,43151,19,0,10 24 25,1,25,,43157,25,0,13 24 25,1,65,,43152,19,0,10 24 25,1,25,,43158,25,0,13 24 25,1,65,,43153,19,0,10 24 25,1,25,,43159,25,0,13 24 25,1,65,,43154,19,0,10 24 25,1,25,,43160,25,0,13 24 25,1,20,,43111,19,0,10 24 25,1
1000,'11802',640,,44877,13,0,18 19 20,1,181,,44878,13,0,18 19 20,1,611,,44879,13,0,18 19 20,1,185,,44880,13,0,18 19 20,1,140,,44881,13,0,21 3 32,1
1000,'2',553,,44884,13,,,1,70,,44893,13,,,1,30,,44892,13,,,1,68,,44886,13,,,1,16,,44932,13,,,1,17,,44887,13,,,1,54,,44933,13,,,1,15,,44891,13,,,1,18,,44890,13,,,1,17,,44889,13,0,21 3 32,1,59,,44888,13,,,1,30,,44899,13,,,1,70,,44898,13,,,1,30,,44897,13,,,1,70,,44896,13,,,1,30,,44903,13,,,1,70,,44902,13,,,1,30,,44901,13,,,1,65,,44900,13,,,1,35,,44906,13,,,1,59,,44905,13,,,1,20,,44934,13,,,1,15,,44907,13,,,1,15,,44935,13,,,1,55,,44908,13,,,1,19,,44915,13,,,1,11,,44909,13,,,1,15,,44910,13,,,1,55,,44911,13,,,1,15,,44912,13,,,1,15,,44913,13,,,1,15,,44938,13,,,1,55,,44914,13,,,1,18,,44939,13,0,18 19 20,1,15,,44916,13,,,1,62,,44917,13,,,1,34,,44918,13,,,1,15,,44940,13,0,21 3 32,1,61,,44919,13,,,1,31,,44920,13,,,1,74,,44921,13,,,1,30,,44922,13,,,1,77,,44923,13,,,1,78,,44924,13,,,1,33,,44925,13,,,1,70,,44926,13,,,1,35,,44927,13,,,1,75,,44928,13,,,1,30,,44929,13,,,1,73,,44930,13,0,21 3 32,1,32,,44931,13,0,21 3 32,1
1000,'3',647,,44942,13,,,1,75,,44943,13,,,1,32,,44945,13,,,1,69,,44946,13,,,1,15,,44947,13,,,1,70,,44948,13,,,1,29,,44949,13,,,1,70,,44950,13,,,1,30,,44951,13,,,1,70,,44952,13,,,1,30,,44953,13,,,1,68,,44954,13,,,1,30,,44955,13,,,1,70,,44956,13,,,1,29,,44957,13,,,1,72,,44958,13,,,1,30,,44959,13,,,1,65,,44960,13,,,1,20,,44961,13,,,1,30,,44962,13,,,1,70,,44963,13,,,1,30,,44964,13,,,1,70,,44965,13,,,1,32,,44966,13,,,1,65,,44967,13,,,1,30,,44968,13,,,1,70,,44969,13,,,1,30,,44970,13,,,1,70,,44971,13,,,1,29,,44975,13,,,1,65,,44976,13,,,1,25,,44977,13,,,1,65,,44978,13,,,1,25,,44979,13,,,1,30,,44980,13,,,1,70,,44981,13,,,1,16,,44974,13,0,21 3 32,1,76,,44982,13,,,1,16,,44972,13,0,18 19 20,1,85,,44973,13,0,21 3 32,1
1000,'30',706,,45019,13,,,1,20,,44984,13,,,1,75,,45018,13,,,1,20,,44985,13,,,1,28,,44986,13,,,1,69,,44987,13,,,1,30,,44988,13,,,1,65,,44989,13,,,1,25,,44990,13,,,1,65,,44991,13,,,1,25,,44992,13,,,1,29,,44993,13,,,1,70,,44994,13,,,1,30,,44995,13,,,1,70,,44996,13,,,1,30,,44997,13,,,1,70,,44998,13,,,1,30,,44999,13,,,1,70,,45000,13,,,1,30,,45001,13,,,1,70,,45002,13,,,1,31,,45005,13,,,1,70,,45006,13,,,1,30,,45007,13,,,1,70,,45008,13,,,1,30,,45009,13,,,1,66,,45010,13,,,1,30,,45011,13,,,1,70,,45012,13,,,1,30,,45013,13,,,1,70,,45014,13,,,1,32,,45015,13,,,1,74,,45016,13,,,1,5,,45017,13,0,21 3 32,1,13,,45004,13,0,21 3 32,1,65,,45003,13,0,21 3 32,1
1000,'4',706,,45056,13,,,1,20,,45021,13,,,1,75,,45055,13,,,1,20,,45022,13,,,1,28,,45023,13,,,1,69,,45024,13,,,1,30,,45025,13,,,1,65,,45026,13,,,1,25,,45027,13,,,1,65,,45028,13,,,1,25,,45029,13,,,1,29,,45030,13,,,1,70,,45031,13,,,1,30,,45032,13,,,1,70,,45033,13,,,1,30,,45034,13,,,1,70,,45035,13,,,1,30,,45036,13,,,1,70,,45037,13,,,1,30,,45038,13,,,1,70,,45039,13,,,1,31,,45042,13,,,1,70,,45043,13,,,1,30,,45044,13,,,1,70,,45045,13,,,1,30,,45046,13,,,1,66,,45047,13,,,1,30,,45048,13,,,1,70,,45049,13,,,1,30,,45050,13,,,1,70,,45051,13,,,1,32,,45052,13,,,1,74,,45053,13,,,1,5,,45054,13,0,21 3 32,1,13,,45041,13,0,21 3 32,1,65,,45040,13,0,21 3 32,1
9501,'2',632,,50229,4,,,1,69,,50230,4,,,1,32,,50231,4,,,1,72,,50232,4,,,1,32,,50233,4,,,1,71,,50220,4,0,21 3 32,1,522,,50223,4,,,1,75,,50224,4,,,1,35,,50225,4,,,1,75,,50226,4,,,1,36,,50227,4,,,1,75,,50228,4,,,1,33,,50222,4,0,21 3 32,1
