1601,'2',544,,30187,23,,,0,13,,30186,23,,,0,59,,30185,40,,,0,22,,30190,40,,,0,18,,30191,40,,,0,58,,30192,40,,,0,23,,30193,40,,,0,10,,30194,40,,,0,56,,30195,40,,,0,16,,30196,40,,,0,16,,30197,40,,,0,16,,30198,40,,,0,56,,30199,40,,,0,13,,30200,40,,,0,18,,30201,40,,,0,62,,30202,40,,,0,18,,30203,40,,,0,18,,30204,40,,,0,18,,30205,40,,,0,58,,30206,40,,,0,18,,30207,40,,,0,18,,30208,40,,,0,58,,30209,40,,,0,20,,30210,40,,,0,16,,30211,40,,,0,10,,30212,40,,,0,56,,30213,40,,,0,16,,30214,40,,,0,16,,30215,40,,,0,16,,30216,40,,,0,56,,30217,40,,,0,18,,30218,40,,,0,6,,30219,40,,,0,15,,30220,40,,,0,55,,30221,40,,,0,15,,30222,40,,,0,15,,30223,40,,,0,15,,30224,40,,,0,55,,30225,40,,,0,15,,30226,40,,,0,18,,30227,40,,,0,15,,30228,40,,,0,55,,30229,40,,,0,15,,30230,40,,,0,15,,30231,40,,,0,15,,30232,40,,,0,55,,30233,40,,,0,28,,30234,40,,,0,19,,30236,40,,,0,63,,30237,40,,,0,22,,30238,40,,,0,62,,30239,40,,,0,22,,30240,40,,,0,22,,30241,40,,,0,62,,30242,40,,,0,19,,30243,40,,,0,77,,30245,40,,,0,25,,30246,40,,,0,25,,30247,40,,,0,65,,30248,40,,,0,25,,30249,40,,,0,65,,30250,40,,,0,23,,30251,40,,,0,23,,30188,40,,,0
1601,'3',608,,30310,23,,,0,25,,30311,23,,,0,12,,30252,40,,,0,65,,30253,40,,,0,25,,30254,40,,,0,65,,30255,40,,,0,25,,30256,40,,,0,25,,30257,40,,,0,65,,30258,40,,,0,25,,30259,40,,,0,60,,30312,23,,,0,6,,30260,40,,,0,24,,30261,40,,,0,21,,30262,40,,,0,61,,30263,40,,,0,16,,30264,40,,,0,18,,30313,23,,,0,3,,30265,40,,,0,61,,30266,40,,,0,15,,30267,40,,,0,15,,30268,40,,,0,15,,30269,40,,,0,55,,30270,40,,,0,10,,30271,40,,,0,15,,30272,40,,,0,15,,30273,40,,,0,55,,30274,40,,,0,16,,30275,40,,,0,15,,30276,40,,,0,15,,30277,40,,,0,55,,30278,40,,,0,15,,30279,40,,,0,15,,30280,40,,,0,15,,30281,40,,,0,55,,30282,40,,,0,15,,30283,40,,,0,15,,30284,40,,,0,15,,30285,40,,,0,55,,30286,40,,,0,15,,30287,40,,,0,15,,30288,40,,,0,15,,30289,40,,,0,54,,30290,40,,,0,16,,30291,40,,,0,20,,30292,40,,,0,60,,30293,40,,,0,20,,30294,40,,,0,20,,30295,40,,,0,60,,30296,40,,,0,20,,30297,40,,,0,20,,30298,40,,,0,60,,30299,40,,,0,20,,30300,40,,,0,26,,30301,40,,,0,65,,30302,40,,,0,25,,30303,40,,,0,65,,30304,40,,,0,25,,30305,40,,,0,21,,30306,40,,,0,63,,30307,40,,,0,29,,30308,40,,,0,70,,30309,40,,,0
1601,'30',647,,30350,23,,,0,73,,30314,40,,,0,35,,30315,40,,,0,75,,30316,40,,,0,20,,30351,23,,,0,55,,30317,40,,,0,33,,30318,40,,,0,65,,30319,40,,,0,30,,30320,40,,,0,70,,30321,40,,,0,30,,30322,40,,,0,70,,30323,40,,,0,11,,30352,23,,,0,21,,30324,40,,,0,22,,30326,40,,,0,63,,30327,40,,,0,22,,30325,40,,,0,62,,30328,40,,,0,22,,30329,40,,,0,22,,30330,40,,,0,62,,30331,40,,,0,22,,30332,40,,,0,22,,30333,40,,,0,62,,30334,40,,,0,22,,30335,40,,,0,62,,30336,40,,,0,17,,30337,40,,,0,30,,30338,40,,,0,70,,30339,40,,,0,30,,30340,40,,,0,70,,30341,40,,,0,30,,30342,40,,,0,70,,30343,40,,,0,30,,30344,40,,,0,70,,30345,40,,,0,30,,30346,40,,,0,69,,30347,40,,,0,30,,30348,40,,,0,70,,30349,40,,,0
1601,'4',647,,30389,23,,,0,73,,30353,40,,,0,35,,30354,40,,,0,75,,30355,40,,,0,20,,30390,23,,,0,55,,30356,40,,,0,33,,30357,40,,,0,65,,30358,40,,,0,30,,30359,40,,,0,70,,30360,40,,,0,30,,30361,40,,,0,70,,30362,40,,,0,11,,30391,23,,,0,21,,30363,40,,,0,22,,30365,40,,,0,63,,30366,40,,,0,22,,30364,40,,,0,62,,30367,40,,,0,22,,30368,40,,,0,22,,30369,40,,,0,62,,30370,40,,,0,22,,30371,40,,,0,22,,30372,40,,,0,62,,30373,40,,,0,22,,30374,40,,,0,62,,30375,40,,,0,17,,30376,40,,,0,30,,30377,40,,,0,70,,30378,40,,,0,30,,30379,40,,,0,70,,30380,40,,,0,30,,30381,40,,,0,70,,30382,40,,,0,30,,30383,40,,,0,70,,30384,40,,,0,30,,30385,40,,,0,69,,30386,40,,,0,30,,30387,40,,,0,70,,30388,40,,,0
1901,'2',614,,30839,20,,,0,33,,30840,20,,,0,67,,30841,20,,,0,30,,30842,20,,,0,75,,30843,20,,,0,19,,30844,20,,,0,67,,30845,20,,,0,26,,30846,20,,,0,27,,30847,20,,,0,69,,30848,20,,,0,27,,30849,20,,,0,67,,30850,20,,,0,27,,30851,20,,,0,67,,30852,20,,,0,27,,30853,20,,,0,67,,30854,20,,,0,25,,30855,20,,,0,67,,30856,20,,,0,27,,30857,20,,,0,27,,30858,20,,,0,70,,30859,20,,,0,28,,30860,20,,,0,69,,30861,20,,,0,28,,30862,20,,,0,68,,30863,20,,,0,28,,30864,20,,,0,68,,30865,20,,,0,26,,30866,20,,,0,67,,30867,20,,,0,27,,30868,20,,,0,67,,30869,20,,,0,27,,30870,20,,,0,27,,30871,20,,,0,66,,30872,20,,,0,27,,30873,20,,,0,67,,30874,20,,,0,27,,30875,20,,,0,61,,30876,20,,,0,45,,30877,20,,,0
1901,'3',801,,30878,4,,,0,16,,30880,20,,,0,36,,30881,20,,,0,69,,30882,20,,,0,32,,30883,20,,,0,72,,30884,20,,,0,32,,30885,20,,,0,74,,30886,20,,,0,72,,30887,20,,,0,32,,30888,20,,,0,72,,30889,20,,,0,32,,30890,20,,,0,67,,30891,20,,,0,22,,30892,20,,,0,20,,30893,20,,,0,69,,30894,20,,,0,32,,30895,20,,,0,67,,30896,20,,,0,27,,30897,20,,,0,67,,30898,20,,,0,11,,30899,20,0,9 3 37,0,28,,30900,20,,,0,74,,30901,20,,,0,29,,30902,20,,,0,68,,30903,20,,,0,36,,30904,20,,,0,72,,30905,20,,,0,75,,30906,20,,,0,29,,30907,20,0,9 3 37,0,72,,30908,20,0,9 3 37,0,21,,30879,20,0,9 3 37,0
1901,'30',830,,30930,20,,,0,74,,30910,20,,,0,35,,30924,20,,,0,75,,30911,20,,,0,35,,30912,20,,,0,75,,30913,20,,,0,35,,30928,20,,,0,81,,30914,20,,,0,80,,30915,20,,,0,80,,30916,20,,,0,40,,30917,20,,,0,80,,30925,20,,,0,80,,30918,20,,,0,40,,30919,20,,,0,76,,30929,20,,,0,35,,30920,20,,,0,76,,30921,20,,,0,75,,30926,20,,,0,35,,30927,20,0,9 3 37,0
1901,'4',830,,30951,20,,,0,74,,30931,20,,,0,35,,30945,20,,,0,75,,30932,20,,,0,35,,30933,20,,,0,75,,30934,20,,,0,35,,30949,20,,,0,81,,30935,20,,,0,80,,30936,20,,,0,80,,30937,20,,,0,40,,30938,20,,,0,80,,30946,20,,,0,80,,30939,20,,,0,40,,30940,20,,,0,76,,30950,20,,,0,35,,30941,20,,,0,76,,30942,20,,,0,75,,30947,20,,,0,35,,30948,20,0,9 3 37,0
2500,'2',628,,31510,28,,,0,22,,31511,28,,,0,68,,31512,28,,,0,27,,31513,28,,,0,66,,31514,28,,,0,20,,31515,28,,,0,20,,31516,28,,,0,60,,31517,28,,,0,20,,31518,28,,,0,20,,31519,28,,,0,60,,31520,28,,,0,20,,31521,28,,,0,20,,31522,28,,,0,60,,31523,28,,,0,20,,31524,28,,,0,20,,31525,28,,,0,60,,31526,28,,,0,20,,31527,28,,,0,20,,31528,28,,,0,60,,31529,28,,,0,20,,31530,28,,,0,20,,31531,28,,,0,60,,31532,28,,,0,25,,31533,28,,,0,20,,31534,28,,,0,60,,31535,28,,,0,20,,31536,28,,,0,20,,31537,28,,,0,60,,31538,28,,,0,22,,31539,28,,,0,21,,31540,28,,,0,61,,31541,28,,,0,21,,31542,28,,,0,61,,31543,28,,,0,21,,31544,28,,,0,14,,31545,28,,,0,20,,31546,28,,,0,60,,31547,28,,,0,20,,31548,28,,,0,20,,31549,28,,,0,60,,31550,28,,,0,20,,31551,28,,,0,14,,31552,28,,,0,60,,31553,28,,,0,19,,31554,28,,,0,25,,31555,28,,,0,65,,31556,28,,,0,25,,31557,28,,,0,65,,31558,28,,,0,25,,31559,28,,,0,65,,31560,28,,,0
2500,'3',643,,31561,28,,,0,63,,31592,28,,,0,24,,31562,28,,,0,25,,31593,28,,,0,66,,31563,28,,,0,24,,31564,28,,,0,67,,31565,28,,,0,26,,31566,28,,,0,70,,31567,28,,,0,23,,31568,28,,,0,70,,31569,28,,,0,27,,31570,28,,,0,30,,31571,28,,,0,68,,31572,28,,,0,25,,31573,28,,,0,70,,31574,28,,,0,25,,31575,28,,,0,70,,31576,28,,,0,27,,31577,28,,,0,70,,31578,28,,,0,30,,31579,28,,,0,70,,31580,28,,,0,30,,31581,28,,,0,70,,31582,28,,,0,30,,31583,28,,,0,69,,31584,28,,,0,28,,31585,28,,,0,70,,31586,28,,,0,30,,31587,28,,,0,68,,31594,28,,,0,27,,31588,28,,,0,68,,31595,28,,,0,25,,31589,28,,,0,25,,31596,28,,,0,65,,31590,28,,,0,25,,31597,28,,,0,65,,31591,28,,,0
2500,'30',905,,31606,28,,,0,25,,31613,28,,,0,70,,31614,28,,,0,30,,31615,28,,,0,70,,31616,28,,,0,30,,31617,28,,,0,70,,31618,28,,,0,30,,31619,28,,,0,70,,31620,28,,,0,30,,31621,28,,,0,70,,31622,28,,,0,30,,31623,28,,,0,70,,31607,28,,,0,30,,31605,28,,,0,27,,31609,28,,,0,67,,31604,28,,,0,27,,31608,28,,,0,67,,31603,28,,,0,22,,31610,28,,,0,67,,31602,28,,,0,27,,31611,28,,,0,24,,31612,28,,,0,70,,31601,28,,,0,28,,31624,28,,,0,70,,31600,28,,,0,33,,31625,28,,,0,70,,31599,28,,,0,30,,31626,28,,,0,65,,31598,28,,,0,30,,31627,28,,,0
2500,'4',905,,31636,28,,,0,25,,31643,28,,,0,70,,31644,28,,,0,30,,31645,28,,,0,70,,31646,28,,,0,30,,31647,28,,,0,70,,31648,28,,,0,30,,31649,28,,,0,70,,31650,28,,,0,30,,31651,28,,,0,70,,31652,28,,,0,30,,31653,28,,,0,70,,31637,28,,,0,30,,31635,28,,,0,27,,31639,28,,,0,67,,31634,28,,,0,27,,31638,28,,,0,67,,31633,28,,,0,22,,31640,28,,,0,67,,31632,28,,,0,27,,31641,28,,,0,24,,31642,28,,,0,70,,31631,28,,,0,28,,31654,28,,,0,70,,31630,28,,,0,33,,31655,28,,,0,70,,31629,28,,,0,30,,31656,28,,,0,65,,31628,28,,,0,30,,31657,28,,,0
3401,'2',623,,32520,55,0,14,0,83,,32523,55,0,14,0,34,,32506,55,0,14,0,86,,32507,55,0,14,0,82,,32509,55,0,14,0,42,,32508,55,0,14,0,81,,32510,55,0,14,0,80,,32511,55,0,14,0,45,,32512,55,0,14,0,80,,32513,55,0,14,0,80,,32514,55,0,14,0,40,,32515,55,0,14,0,78,,32516,55,0,14,0,82,,32517,55,0,14,0,40,,32518,55,0,14,0,80,,32519,55,0,14,0,79,,32524,55,0,14,0,40,,32525,55,0,14,0,80,,32526,55,0,14,0,74,,32527,55,0,14,0,42,,32528,55,0,14,0,80,,32529,55,0,14,0,80,,32533,55,0,14,0,36,,32530,55,0,14,0,82,,32531,55,0,14,0,80,,32521,55,0,14,0,40,,32522,55,0,14,0,80,,32532,55,0,14,0
3401,'3',851,,32534,55,0,14,0,76,,32544,55,0,14,0,81,,32543,55,0,14,0,40,,32535,55,0,14,0,85,,32536,55,0,14,0,85,,32537,55,0,14,0,41,,32538,55,0,14,0,80,,32539,55,0,14,0,80,,32540,55,0,14,0,40,,32541,55,0,14,0,80,,32542,55,0,14,0,80,,32545,55,0,14,0,40,,32546,55,0,14,0,80,,32547,55,0,14,0,78,,32548,55,0,14,0,40,,32549,55,0,14,0,80,,32550,55,0,14,0,79,,32551,55,0,14,0,40,,32552,55,0,14,0,79,,32553,55,0,14,0,80,,32554,55,0,14,0,40,,32555,55,0,14,0,80,,32556,55,0,14,0
3401,'30',1148,,32557,55,0,14,0,80,,32558,55,0,14,0,80,,32559,55,0,14,0,40,,32560,55,0,14,0,80,,32561,55,0,14,0,80,,32562,55,0,14,0,40,,32563,55,0,14,0,80,,32564,55,0,14,0,78,,32565,55,0,14,0,40,,32566,55,0,14,0,80,,32567,55,0,14,0,80,,32568,55,0,14,0,40,,32569,55,0,14,0,80,,32570,55,0,14,0,80,,32571,55,0,14,0
3401,'4',1148,,32572,55,0,14,0,80,,32573,55,0,14,0,80,,32574,55,0,14,0,40,,32575,55,0,14,0,80,,32576,55,0,14,0,80,,32577,55,0,14,0,40,,32578,55,0,14,0,80,,32579,55,0,14,0,78,,32580,55,0,14,0,40,,32581,55,0,14,0,80,,32582,55,0,14,0,80,,32583,55,0,14,0,40,,32584,55,0,14,0,80,,32585,55,0,14,0,80,,32586,55,0,14,0
