2000,'2',556,,30953,1,,,0,63,,30956,1,,,0,29,,30954,1,,,0,54,,30955,1,,,0,15,,30957,1,,,0,15,,30979,1,,,0,15,,30980,1,,,0,55,,30981,1,,,0,15,,30982,1,,,0,18,,30983,1,,,0,15,,30984,1,,,0,55,,30985,1,,,0,15,,30986,1,,,0,15,,30987,1,,,0,15,,30988,1,,,0,55,,30989,1,,,0,15,,30990,1,,,0,15,,30991,1,,,0,10,,30992,1,,,0,55,,30993,1,,,0,15,,30994,1,,,0,15,,30995,1,,,0,15,,30996,1,,,0,55,,30997,1,,,0,15,,30998,1,,,0,15,,30999,1,,,0,15,,31000,1,,,0,55,,31001,1,,,0,15,,31002,1,,,0,9,,31003,1,,,0,14,,31004,1,,,0,14,,31005,1,,,0,55,,31006,1,,,0,15,,31007,1,,,0,15,,31008,1,,,0,15,,31009,1,,,0,55,,31010,1,,,0,15,,31011,1,,,0,11,,31012,1,,,0,12,,31013,1,,,0,55,,31014,1,,,0,15,,31015,1,,,0,15,,31016,1,,,0,19,,31017,1,,,0,60,,30970,1,0,34 3 35,0,5,,30958,1,,,0,15,,30960,1,,,0,16,,30961,1,,,0,56,,30962,1,,,0,13,,30971,1,,,0,14,,30963,1,,,0,16,,30964,1,,,0,60,,30965,1,,,0,27,,30966,1,,,0,18,,30967,1,,,0,62,,30968,1,,,0,26,,30969,1,,,0,22,,30972,1,,,0,71,,30973,1,,,0,26,,30974,1,,,0,66,,30975,1,,,0,26,,30952,1,,,0,70,,30977,1,,,0,25,,30978,1,,,0,60,,31018,1,0,36,0,21,,30976,1,,,0,21,,31019,1,0,36,0,70,,31020,1,0,34 3 35,0
2000,'3',604,,31021,1,,,0,26,,31024,1,,,0,26,,31025,1,,,0,80,,31026,1,,,0,64,,31027,1,,,0,31,,31028,1,,,0,26,,31029,1,,,0,66,,31030,1,,,0,26,,31031,1,,,0,67,,31032,1,,,0,14,,31033,1,,,0,20,,31034,1,,,0,60,,31035,1,,,0,20,,31036,1,,,0,20,,31037,1,,,0,60,,31038,1,,,0,20,,31039,1,,,0,20,,31040,1,,,0,60,,31041,1,,,0,20,,31042,1,,,0,20,,31043,1,,,0,60,,31044,1,,,0,20,,31045,1,,,0,20,,31046,1,,,0,60,,31047,1,,,0,20,,31048,1,,,0,20,,31049,1,,,0,60,,31050,1,,,0,20,,31051,1,,,0,20,,31052,1,,,0,60,,31053,1,,,0,20,,31054,1,,,0,20,,31055,1,,,0,60,,31056,1,,,0,33,,31057,1,,,0,61,,31058,1,,,0,27,,31059,1,,,0,27,,31060,1,,,0,67,,31061,1,,,0,27,,31062,1,,,0,67,,31063,1,,,0,27,,31064,1,,,0,67,,31065,1,,,0,27,,31066,1,,,0,67,,31067,1,,,0,27,,31068,1,,,0,19,,31069,1,,,0,82,,31023,1,,,0
2000,'30',630,,31071,1,,,0,82,,31072,1,,,0,43,,31073,1,,,0,85,,31074,1,,,0,70,,31075,1,,,0,26,,31076,1,,,0,21,,31077,1,,,0,66,,31078,1,,,0,31,,31079,1,,,0,66,,31080,1,,,0,26,,31081,1,,,0,66,,31082,1,,,0,26,,31083,1,,,0,66,,31084,1,,,0,26,,31085,1,,,0,26,,31086,1,,,0,66,,31087,1,,,0,26,,31088,1,,,0,66,,31089,1,,,0,26,,31090,1,,,0,66,,31091,1,,,0,26,,31092,1,,,0,26,,31093,1,,,0,66,,31094,1,,,0,26,,31095,1,,,0,66,,31096,1,,,0,25,,31097,1,,,0,65,,31098,1,,,0,25,,31099,1,,,0,25,,31100,1,,,0,65,,31101,1,,,0,25,,31102,1,,,0,65,,31103,1,,,0,25,,31104,1,,,0,65,,31105,1,,,0,20,,31106,1,,,0,30,,31070,1,0,36,0
2000,'4',630,,31108,1,,,0,82,,31109,1,,,0,43,,31110,1,,,0,85,,31111,1,,,0,70,,31112,1,,,0,26,,31113,1,,,0,21,,31114,1,,,0,66,,31115,1,,,0,31,,31116,1,,,0,66,,31117,1,,,0,26,,31118,1,,,0,66,,31119,1,,,0,26,,31120,1,,,0,66,,31121,1,,,0,26,,31122,1,,,0,26,,31123,1,,,0,66,,31124,1,,,0,26,,31125,1,,,0,66,,31126,1,,,0,26,,31127,1,,,0,66,,31128,1,,,0,26,,31129,1,,,0,26,,31130,1,,,0,66,,31131,1,,,0,26,,31132,1,,,0,66,,31133,1,,,0,25,,31134,1,,,0,65,,31135,1,,,0,25,,31136,1,,,0,25,,31137,1,,,0,65,,31138,1,,,0,25,,31139,1,,,0,65,,31140,1,,,0,25,,31141,1,,,0,65,,31142,1,,,0,20,,31143,1,,,0,30,,31107,1,0,36,0
2001,'2',554,,31147,6,4,,0,65,,31146,6,4,,0,29,,31144,50,4,,0,54,,31148,6,4,,0,26,,31145,50,4,,0,15,,31149,50,4,,0,15,,31174,50,4,,0,55,,31175,50,4,,0,15,,31176,50,4,,0,15,,31177,50,4,,0,15,,31178,50,4,,0,55,,31179,50,4,,0,15,,31180,50,4,,0,15,,31181,50,4,,0,15,,31182,50,4,,0,55,,31183,50,4,,0,15,,31184,50,4,,0,13,,31185,50,4,,0,15,,31186,50,4,,0,55,,31187,50,4,,0,15,,31188,50,4,,0,15,,31189,50,4,,0,15,,31190,50,4,,0,55,,31191,50,4,,0,16,,31192,50,4,,0,15,,31193,50,4,,0,15,,31194,50,4,,0,55,,31195,50,4,,0,15,,31196,50,4,,0,15,,31197,50,4,,0,15,,31198,50,4,,0,55,,31199,50,4,,0,16,,31200,50,4,,0,15,,31201,50,4,,0,15,,31202,50,4,,0,55,,31203,50,4,,0,15,,31204,50,4,,0,15,,31205,50,4,,0,15,,31206,50,4,,0,55,,31207,50,4,,0,16,,31208,50,4,,0,15,,31209,50,4,,0,60,,31150,50,4,,0,10,,31151,50,4,,0,15,,31152,50,4,,0,15,,31153,50,4,,0,15,,31154,50,4,,0,55,,31155,50,4,,0,12,,31156,50,4,,0,16,,31157,50,4,,0,60,,31158,50,4,,0,24,,31159,50,4,,0,20,,31160,50,4,,0,60,,31161,50,4,,0,25,,31162,50,4,,0,20,,31163,50,4,,0,70,,31164,50,4,,0,32,,31165,50,4,,0,66,,31166,50,4,,0,26,,31167,50,4,,0,66,,31168,50,4,,0,26,,31169,50,4,,0,66,,31170,50,4,,0,15,,31172,50,4,,0,27,,31173,50,4,,0,70,,31171,50,4,,0
2001,'3',648,,31210,50,4,,0,75,,31212,50,4,,0,28,,31213,50,4,,0,75,,31214,50,4,,0,28,,31215,50,4,,0,62,,31216,50,4,,0,30,,31217,50,4,,0,66,,31218,50,4,,0,26,,31219,50,4,,0,65,,31220,50,4,,0,20,,31221,50,4,,0,20,,31222,50,4,,0,60,,31223,50,4,,0,20,,31224,50,4,,0,20,,31225,50,4,,0,64,,31226,50,4,,0,20,,31227,50,4,,0,20,,31228,50,4,,0,60,,31229,50,4,,0,20,,31230,50,4,,0,20,,31231,50,4,,0,55,,31232,50,4,,0,20,,31233,50,4,,0,20,,31234,50,4,,0,60,,31235,50,4,,0,20,,31236,50,4,,0,20,,31237,50,4,,0,60,,31238,50,4,,0,20,,31239,50,4,,0,20,,31240,50,4,,0,60,,31241,50,4,,0,20,,31242,50,4,,0,18,,31243,50,4,,0,60,,31244,50,4,,0,27,,31245,50,4,,0,27,,31246,50,4,,0,67,,31247,50,4,,0,27,,31248,50,4,,0,67,,31249,50,4,,0,24,,31250,50,4,,0,67,,31251,50,4,,0,27,,31252,50,4,,0,67,,31253,50,4,,0,27,,31254,50,4,,0,22,,31255,50,4,,0,72,,31256,50,4,,0,23,,31257,50,4,,0,72,,31211,50,4,,0
2001,'30',712,,31258,50,4,,0,40,,31260,50,4,,0,81,,31261,50,4,,0,69,,31262,50,4,,0,25,,31263,50,4,,0,20,,31264,50,4,,0,66,,31265,50,4,,0,31,,31266,50,4,,0,66,,31267,50,4,,0,26,,31268,50,4,,0,66,,31269,50,4,,0,26,,31270,50,4,,0,27,,31271,50,4,,0,66,,31272,50,4,,0,26,,31273,50,4,,0,66,,31274,50,4,,0,26,,31275,50,4,,0,66,,31276,50,4,,0,26,,31277,50,4,,0,26,,31278,50,4,,0,66,,31279,50,4,,0,26,,31280,50,4,,0,66,,31281,50,4,,0,25,,31282,50,4,,0,66,,31283,50,4,,0,26,,31284,50,4,,0,26,,31285,50,4,,0,65,,31286,50,4,,0,25,,31287,50,4,,0,65,,31288,50,4,,0,25,,31289,50,4,,0,65,,31290,50,4,,0,25,,31291,50,4,,0,25,,31292,50,4,,0,65,,31293,50,4,,0,27,,31294,50,4,,0,75,,31259,50,4,,0
2001,'4',712,,31295,50,4,,0,40,,31297,50,4,,0,81,,31298,50,4,,0,69,,31299,50,4,,0,25,,31300,50,4,,0,20,,31301,50,4,,0,66,,31302,50,4,,0,31,,31303,50,4,,0,66,,31304,50,4,,0,26,,31305,50,4,,0,66,,31306,50,4,,0,26,,31307,50,4,,0,27,,31308,50,4,,0,66,,31309,50,4,,0,26,,31310,50,4,,0,66,,31311,50,4,,0,26,,31312,50,4,,0,66,,31313,50,4,,0,26,,31314,50,4,,0,26,,31315,50,4,,0,66,,31316,50,4,,0,26,,31317,50,4,,0,66,,31318,50,4,,0,25,,31319,50,4,,0,66,,31320,50,4,,0,26,,31321,50,4,,0,26,,31322,50,4,,0,65,,31323,50,4,,0,25,,31324,50,4,,0,65,,31325,50,4,,0,25,,31326,50,4,,0,65,,31327,50,4,,0,25,,31328,50,4,,0,25,,31329,50,4,,0,65,,31330,50,4,,0,27,,31331,50,4,,0,75,,31296,50,4,,0
2700,'2',635,,31810,34,,,0,70,,31811,34,,,0,32,,31807,34,,,0,16,,31808,34,,,0,56,,31819,34,,,0,14,,31852,34,,,0,17,,31812,34,,,0,16,,31836,34,,,0,57,,31828,34,,,0,16,,31844,34,,,0,15,,31820,34,,,0,56,,31851,34,,,0,15,,31813,34,,,0,17,,31837,34,,,0,17,,31829,34,,,0,56,,31845,34,,,0,15,,31821,34,,,0,16,,31850,34,,,0,15,,31814,34,,,0,57,,31838,34,,,0,17,,31830,34,,,0,17,,31846,34,,,0,15,,31822,34,,,0,56,,31853,34,,,0,15,,31815,34,,,0,16,,31839,34,,,0,57,,31831,34,,,0,17,,31847,34,,,0,15,,31823,34,,,0,13,,31854,34,,,0,55,,31816,34,,,0,16,,31840,34,,,0,20,,31832,34,,,0,17,,31848,34,,,0,55,,31824,34,,,0,13,,31855,34,,,0,15,,31817,34,,,0,13,,31809,34,,,0,59,,31841,34,,,0,20,,31833,34,,,0,18,,31849,34,,,0,54,,31825,34,,,0,13,,31856,34,,,0,15,,31818,34,,,0,5,,31858,34,,,0,21,,31842,34,,,0,60,,31834,34,,,0,26,,31826,34,,,0,13,,31857,34,,,0,60,,31859,34,,,0,20,,31843,34,,,0,21,,31835,34,,,0,66,,31827,34,,,0,13,,31864,34,,,0,14,,31860,34,,,0,70,,31861,34,,,0,30,,31862,34,,,0,70,,31863,34,,,0
2700,'3',927,,31865,34,,,0,29,,31867,34,,,0,98,,31876,34,,,0,76,,31868,34,,,0,72,,31886,34,,,0,32,,31877,34,,,0,72,,31869,34,,,0,32,,31866,34,,,0,72,,31878,34,,,0,34,,31870,34,,,0,72,,31885,34,,,0,30,,31879,34,,,0,74,,31871,34,,,0,32,,31887,34,,,0,70,,31880,34,,,0,34,,31872,34,,,0,72,,31888,34,,,0,18,,31881,34,,,0,85,,31873,34,,,0,85,,31882,34,,,0,85,,31874,34,,,0,40,,31883,34,,,0,80,,31875,34,,,0,80,,31884,34,,,0
2700,'30',909,,31889,34,,,0,45,,31896,34,,,0,85,,31890,34,,,0,85,,31897,34,,,0,85,,31891,34,,,0,48,,31898,34,,,0,72,,31900,34,,,0,27,,31892,34,,,0,77,,31899,34,,,0,72,,31901,34,,,0,32,,31893,34,,,0,72,,31902,34,,,0,32,,31904,34,,,0,72,,31894,34,,,0,36,,31903,34,,,0,86,,31895,34,,,0,85,,31906,34,,,0,85,,31905,34,,,0
2700,'4',909,,31907,34,,,0,45,,31914,34,,,0,85,,31908,34,,,0,85,,31915,34,,,0,85,,31909,34,,,0,48,,31916,34,,,0,72,,31918,34,,,0,27,,31910,34,,,0,77,,31917,34,,,0,72,,31919,34,,,0,32,,31911,34,,,0,72,,31920,34,,,0,32,,31922,34,,,0,72,,31912,34,,,0,36,,31921,34,,,0,86,,31913,34,,,0,85,,31924,34,,,0,85,,31923,34,,,0
