600,'2',608,,35275,26,,,1,28,,35274,26,,,1,81,,35276,26,,,1,25,,35277,26,,,1,60,,35278,26,,,1,25,,35279,26,,,1,25,,35280,26,,,1,66,,35281,26,,,1,30,,35282,26,,,1,70,,35283,26,,,1,25,,35284,26,,,1,70,,35285,26,,,1,30,,35286,26,,,1,70,,35287,26,,,1,25,,35288,26,,,1,70,,35289,26,,,1,30,,35290,26,,,1,70,,35291,26,,,1,30,,35292,26,,,1,65,,35293,26,,,1,30,,35294,26,,,1,25,,35295,26,,,1,71,,35296,26,,,1,30,,35297,26,,,1,70,,35298,26,,,1,30,,35299,26,,,1,63,,35300,26,,,1,25,,35301,26,,,1,65,,35302,26,,,1,25,,35303,26,,,1,65,,35304,26,,,1,25,,35305,26,,,1,24,,35306,26,,,1,64,,35307,26,,,1,25,,35308,26,,,1,65,,35309,26,,,1,25,,35310,26,,,1,25,,35311,26,,,1,65,,35312,26,,,1,25,,35313,26,,,1,67,,35314,26,,,1,25,,35315,26,,,1,69,,35316,26,,,1
600,'3',602,,35317,9,,,1,33,,35318,26,,,1,67,,35319,26,,,1,35,,35320,26,,,1,75,,35321,26,,,1,35,,35322,26,,,1,75,,35323,26,,,1,26,,35325,9,,,1,9,,35324,26,,,1,72,,35326,26,,,1,28,,35327,26,,,1,65,,35328,26,,,1,25,,35329,26,,,1,64,,35330,26,,,1,18,,35331,26,,,1,20,,35332,26,,,1,58,,35333,26,,,1,20,,35334,26,,,1,19,,35335,26,,,1,61,,35336,26,,,1,20,,35337,26,,,1,20,,35338,26,,,1,60,,35339,26,,,1,20,,35340,26,,,1,20,,35341,26,,,1,60,,35342,26,,,1,20,,35343,26,,,1,20,,35344,26,,,1,60,,35345,26,,,1,20,,35346,26,,,1,20,,35347,26,,,1,60,,35348,26,,,1,20,,35349,26,,,1,15,,35350,26,,,1,65,,35351,26,,,1,25,,35352,26,,,1,25,,35353,26,,,1,65,,35354,26,,,1,25,,35355,26,,,1,65,,35356,26,,,1,25,,35357,26,,,1,79,,35358,26,,,1,33,,35359,26,,,1,76,,35360,26,,,1,76,,35361,26,,,1,36,,35362,26,,,1,69,,35363,26,,,1
600,'30',856,,35364,9,,,1,68,,35365,9,,,1,35,,35366,26,,,1,75,,35367,26,,,1,75,,35368,26,,,1,35,,35369,26,,,1,70,,35370,9,,,1,15,,35371,26,,,1,74,,35372,26,,,1,25,,35373,26,,,1,25,,35374,26,,,1,65,,35375,26,,,1,25,,35376,26,,,1,65,,35377,26,,,1,25,,35378,26,,,1,25,,35379,26,,,1,65,,35380,26,,,1,25,,35381,26,,,1,65,,35382,26,,,1,26,,35383,26,,,1,63,,35384,26,,,1,25,,35385,26,,,1,77,,35386,26,,,1,35,,35387,26,,,1,75,,35388,26,,,1,35,,35389,26,,,1,75,,35390,26,,,1,35,,35391,26,,,1,73,,35392,26,,,1,74,,35393,26,,,1
600,'4',856,,35394,9,,,1,68,,35395,9,,,1,35,,35396,26,,,1,75,,35397,26,,,1,75,,35398,26,,,1,35,,35399,26,,,1,70,,35423,9,,,1,15,,35400,26,,,1,74,,35401,26,,,1,25,,35402,26,,,1,25,,35403,26,,,1,65,,35404,26,,,1,25,,35405,26,,,1,65,,35406,26,,,1,25,,35407,26,,,1,25,,35408,26,,,1,65,,35409,26,,,1,25,,35410,26,,,1,65,,35411,26,,,1,26,,35412,26,,,1,63,,35413,26,,,1,25,,35414,26,,,1,77,,35415,26,,,1,35,,35416,26,,,1,75,,35417,26,,,1,35,,35418,26,,,1,75,,35419,26,,,1,35,,35420,26,,,1,73,,35421,26,,,1,74,,35422,26,,,1
1301,'2',636,,37057,55,0,10 14 20,1,7,,37058,29,,,1,15,,37059,55,0,10 14 20,1,57,,37060,29,,,1,10,,37061,55,0,10 14 20,1,15,,37062,29,,,1,15,,37063,55,0,10 14 20,1,55,,37064,29,,,1,15,,37065,55,0,10 14 20,1,15,,37066,29,,,1,15,,37067,55,0,10 14 20,1,56,,37068,29,,,1,10,,37069,55,0,10 14 20,1,15,,37070,33,,,1,15,,37071,55,0,10 14 20,1,55,,37072,33,,,1,15,,37073,55,0,10 14 20,1,15,,37074,33,,,1,15,,37075,55,0,10 14 20,1,55,,37076,33,,,1,10,,37077,55,0,10 14 20,1,15,,37078,33,,,1,15,,37079,55,0,10 14 20,1,55,,37080,33,,,1,16,,37081,55,0,10 14 20,1,15,,37082,33,,,1,15,,37083,55,0,10 14 20,1,55,,37084,33,,,1,15,,37085,55,0,10 14 20,1,15,,37086,33,,,1,15,,37087,55,0,10 14 20,1,55,,37088,33,,,1,15,,37089,55,0,10 14 20,1,15,,37090,29,,,1,15,,37091,55,0,10 14 20,1,55,,37092,29,,,1,15,,37093,55,0,10 14 20,1,15,,37094,29,,,1,21,,37095,55,0,10 14 20,1,55,,37096,29,,,1,17,,37097,55,0,10 14 20,1,15,,37098,29,,,1,15,,37099,55,0,10 14 20,1,55,,37100,29,,,1,13,,37101,55,0,10 14 20,1,13,,37102,29,,,1,15,,37103,55,0,10 14 20,1,54,,37104,29,,,1,12,,37105,55,0,10 14 20,1,20,,37107,29,,,1,20,,37111,29,,,1,60,,37108,55,0,10 14 20,1,15,,37112,29,,,1,15,,37109,55,0,10 14 20,1,60,,37113,29,,,1,20,,37110,55,0,10 14 20,1,20,,37114,29,,,1,60,,37115,55,0,10 14 20,1,25,,37118,29,,,1,70,,37116,55,0,10 14 20,1,30,,37119,29,,,1,25,,37117,55,0,10 14 20,1,65,,37120,29,,,1,18,,37121,55,0,10 14 20,1,74,,37123,29,,,1,29,,37122,55,0,10 14 20,1,64,,37124,29,,,1
1301,'3',634,,37125,55,0,10 14 20,1,75,,37126,29,,,1,35,,37127,55,0,10 14 20,1,62,,37128,29,,,1,16,,37132,55,0,10 14 20,1,16,,37129,29,,,1,16,,37133,55,0,10 14 20,1,56,,37130,29,,,1,16,,37134,29,,,1,16,,37131,55,0,10 14 20,1,16,,37135,29,,,1,56,,37136,55,0,10 14 20,1,15,,37137,29,,,1,10,,37153,55,0,10 14 20,1,15,,37138,29,,,1,55,,37154,55,0,10 14 20,1,15,,37139,29,,,1,15,,37155,55,0,10 14 20,1,15,,37140,29,,,1,56,,37156,55,0,10 14 20,1,15,,37141,29,,,1,15,,37157,55,0,10 14 20,1,15,,37142,29,,,1,55,,37158,55,0,10 14 20,1,15,,37143,29,,,1,10,,37159,55,0,10 14 20,1,15,,37144,29,,,1,55,,37160,55,0,10 14 20,1,15,,37145,29,,,1,15,,37161,55,0,10 14 20,1,15,,37146,29,,,1,55,,37162,55,0,10 14 20,1,15,,37147,29,,,1,15,,37163,55,0,10 14 20,1,15,,37148,29,,,1,50,,37164,55,0,10 14 20,1,15,,37149,29,,,1,15,,37165,55,0,10 14 20,1,15,,37150,29,,,1,55,,37166,55,0,10 14 20,1,15,,37151,29,,,1,15,,37167,55,0,10 14 20,1,15,,37152,29,,,1,55,,37168,55,0,10 14 20,1,15,,37173,29,,,1,15,,37169,55,0,10 14 20,1,15,,37174,29,,,1,60,,37170,55,0,10 14 20,1,20,,37175,29,,,1,20,,37171,55,0,10 14 20,1,60,,37176,29,,,1,20,,37172,55,0,10 14 20,1,20,,37177,29,,,1,60,,37178,55,0,10 14 20,1,24,,37182,29,,,1,30,,37179,55,0,10 14 20,1,70,,37183,29,,,1,20,,37180,55,0,10 14 20,1,65,,37184,29,,,1,30,,37181,55,0,10 14 20,1,69,,37185,29,,,1,42,,37187,55,0,10 14 20,1,51,,37186,29,,,1
1301,'30',708,,37209,55,0,10 14 20,1,35,,37211,29,,,1,75,,37210,55,0,10 14 20,1,35,,37212,29,,,1,69,,37213,11,,,1,6,,37208,55,0,10 14 20,1,30,,37207,29,,,1,71,,37196,55,0,10 14 20,1,30,,37206,29,,,1,65,,37195,55,0,10 14 20,1,30,,37205,29,,,1,70,,37194,55,0,10 14 20,1,30,,37204,29,,,1,70,,37193,55,0,10 14 20,1,30,,37203,29,,,1,70,,37192,55,0,10 14 20,1,30,,37202,29,,,1,70,,37191,55,0,10 14 20,1,30,,37201,29,,,1,65,,37190,55,0,10 14 20,1,30,,37200,29,,,1,70,,37189,55,0,10 14 20,1,30,,37199,29,,,1,70,,37188,55,0,10 14 20,1,28,,37198,29,,,1,65,,37214,55,0,10 14 20,1,30,,37218,29,,,1,65,,37215,55,0,10 14 20,1,25,,37219,29,,,1,15,,37216,55,0,10 14 20,1,70,,37220,29,,,1,30,,37217,55,0,10 14 20,1,71,,37221,29,,,1,37,,37222,55,0,10 14 20,1,51,,37197,29,,,1
1301,'4',708,,37244,55,0,10 14 20,1,35,,37246,29,,,1,75,,37245,55,0,10 14 20,1,35,,37247,29,,,1,69,,37248,11,,,1,6,,37243,55,0,10 14 20,1,30,,37242,29,,,1,71,,37231,55,0,10 14 20,1,30,,37241,29,,,1,65,,37230,55,0,10 14 20,1,30,,37240,29,,,1,70,,37229,55,0,10 14 20,1,30,,37239,29,,,1,70,,37228,55,0,10 14 20,1,30,,37238,29,,,1,70,,37227,55,0,10 14 20,1,30,,37237,29,,,1,70,,37226,55,0,10 14 20,1,30,,37236,29,,,1,65,,37225,55,0,10 14 20,1,30,,37235,29,,,1,70,,37224,55,0,10 14 20,1,30,,37234,29,,,1,70,,37223,55,0,10 14 20,1,28,,37233,29,,,1,65,,37249,55,0,10 14 20,1,30,,37253,29,,,1,65,,37250,55,0,10 14 20,1,25,,37254,29,,,1,15,,37251,55,0,10 14 20,1,70,,37255,29,,,1,30,,37252,55,0,10 14 20,1,71,,37256,29,,,1,37,,37257,55,0,10 14 20,1,51,,37232,29,,,1
10600,'3302',712,,41852,11,,,1,20,,41867,11,,,1,21,,41853,11,,,1,60,,41868,11,,,1,25,,41854,11,,,1,20,,41869,11,,,1,65,,41855,11,,,1,20,,41870,11,,,1,65,,41856,11,,,1,25,,41871,11,,,1,20,,41857,11,,,1,65,,41872,11,,,1,20,,41858,11,,,1,20,,41873,11,,,1,65,,41859,11,,,1,21,,41874,11,,,1,65,,41860,11,,,1,20,,41875,11,,,1,25,,41861,11,,,1,61,,41876,11,,,1,26,,41862,11,,,1,60,,41877,11,,,1,25,,41863,11,,,1,20,,41878,11,,,1,65,,41864,11,,,1,22,,41879,11,,,1,70,,41865,11,,,1,20,,41880,11,,,1,10,,41882,11,,,1,25,,41866,11,,,1,57,,41881,11,,,1,10,,41883,11,,,1,20,,41888,11,,,1,59,,41884,11,,,1,18,,41889,11,,,1,22,,41885,11,,,1,58,,41890,11,,,1,22,,41886,11,,,1,18,,41891,11,,,1,62,,41887,11,,,1,17,,41892,11,,,1,38,,41893,11,,,1,81,,41894,11,,,1,80,,41895,11,,,1,80,,41896,11,,,1
10600,'3602',722,,41897,11,,,1,20,,41912,11,,,1,61,,41898,11,,,1,20,,41913,11,,,1,25,,41899,11,,,1,60,,41914,11,,,1,25,,41900,11,,,1,20,,41915,11,,,1,65,,41901,11,,,1,25,,41916,11,,,1,60,,41902,11,,,1,25,,41917,11,,,1,20,,41903,11,,,1,60,,41918,11,,,1,26,,41904,11,,,1,20,,41919,11,,,1,65,,41905,11,,,1,20,,41920,11,,,1,65,,41906,11,,,1,21,,41921,11,,,1,26,,41907,11,,,1,60,,41922,11,,,1,25,,41908,11,,,1,20,,41923,11,,,1,67,,41909,11,,,1,25,,41924,11,,,1,65,,41910,11,,,1,35,,41925,11,,,1,60,,41911,11,,,1,27,,41926,11,,,1,20,,41927,11,,,1,58,,41928,11,,,1,20,,41929,11,,,1,21,,41930,11,,,1,58,,41931,11,,,1,22,,41932,11,,,1,18,,41933,11,,,1
10600,'3903',1110,,41934,11,,,1,41,,41935,11,,,1,86,,41936,11,,,1,80,,41937,11,,,1,40,,41938,11,,,1,82,,41939,11,,,1,85,,41940,11,,,1,85,,41941,11,,,1,92,,41942,11,,,1,50,,41943,11,,,1,81,,41944,11,,,1,80,,41945,11,,,1,40,,41946,11,,,1,80,,41947,11,,,1,79,,41948,11,,,1,39,,41949,11,,,1,80,,41950,11,,,1
10600,'6404',1110,,41951,11,,,1,41,,41952,11,,,1,86,,41953,11,,,1,80,,41954,11,,,1,40,,41955,11,,,1,82,,41956,11,,,1,85,,41957,11,,,1,85,,41958,11,,,1,92,,41959,11,,,1,50,,41960,11,,,1,81,,41961,11,,,1,80,,41962,11,,,1,40,,41963,11,,,1,80,,41964,11,,,1,79,,41965,11,,,1,39,,41966,11,,,1
