1000,'2',621,,44882,62,,,1,15,,44883,62,,,1,15,,44884,77,,,1,55,,44885,62,,,1,15,,44893,77,,,1,15,,44894,62,,,1,20,,44892,77,,,1,55,,44895,62,,,1,21,,44886,77,,,1,19,,44932,77,,,1,57,,44887,77,,,1,14,,44933,77,,,1,15,,44891,77,,,1,18,,44890,77,,,1,69,,44888,77,,,1,30,,44899,77,,,1,70,,44898,77,,,1,30,,44897,77,,,1,71,,44896,77,,,1,32,,44903,77,,,1,52,,44904,62,,,1,28,,44902,77,,,1,13,,44936,62,,,1,57,,44901,77,,,1,19,,44900,77,,,1,11,,44937,62,,,1,22,,44906,77,,,1,63,,44905,77,,,1,18,,44934,77,,,1,16,,44907,77,,,1,55,,44935,77,,,1,19,,44908,77,,,1,18,,44915,77,,,1,52,,44909,77,,,1,18,,44910,77,,,1,17,,44911,77,,,1,17,,44912,77,,,1,56,,44913,77,,,1,15,,44938,77,,,1,12,,44914,77,,,1,73,,44916,77,,,1,12,,44917,77,,,1,33,,44918,77,,,1,73,,44919,77,,,1,30,,44920,77,,,1,70,,44921,77,,,1,75,,44922,77,,,1,22,,44923,77,,,1,78,,44924,77,,,1,33,,44925,77,,,1,70,,44926,77,,,1,35,,44927,77,,,1,75,,44928,77,,,1,30,,44929,77,,,1
1000,'3',628,,44944,62,,,1,75,,44941,62,,,1,35,,44942,77,,,1,77,,44943,77,,,1,37,,44945,77,,,1,70,,44946,77,,,1,15,,44947,77,,,1,71,,44948,77,,,1,32,,44949,77,,,1,70,,44950,77,,,1,30,,44951,77,,,1,71,,44952,77,,,1,41,,44953,77,,,1,70,,44954,77,,,1,30,,44955,77,,,1,70,,44956,77,,,1,31,,44957,77,,,1,70,,44958,77,,,1,30,,44959,77,,,1,65,,44960,77,,,1,12,,44961,77,,,1,70,,44962,77,,,1,30,,44963,77,,,1,70,,44964,77,,,1,26,,44965,77,,,1,28,,44966,77,,,1,65,,44967,77,,,1,30,,44968,77,,,1,70,,44969,77,,,1,30,,44970,77,,,1,68,,44971,77,,,1,30,,44975,77,,,1,64,,44976,77,,,1,25,,44977,77,,,1,65,,44978,77,,,1,25,,44979,77,,,1,30,,44980,77,,,1,61,,44981,77,,,1,87,,44982,77,,,1
1000,'30',722,,44983,62,,,1,37,,45019,77,,,1,60,,44984,77,,,1,37,,45018,77,,,1,60,,44985,77,,,1,30,,44986,77,,,1,70,,44987,77,,,1,30,,44988,77,,,1,65,,44989,77,,,1,25,,44990,77,,,1,65,,44991,77,,,1,28,,44992,77,,,1,71,,44993,77,,,1,30,,44994,77,,,1,70,,44995,77,,,1,30,,44996,77,,,1,70,,44997,77,,,1,30,,44998,77,,,1,70,,44999,77,,,1,30,,45000,77,,,1,70,,45001,77,,,1,29,,45002,77,,,1,29,,45005,77,,,1,70,,45006,77,,,1,30,,45007,77,,,1,70,,45008,77,,,1,30,,45009,77,,,1,66,,45010,77,,,1,30,,45011,77,,,1,70,,45012,77,,,1,26,,45013,77,,,1,70,,45014,77,,,1,32,,45015,77,,,1,70,,45016,77,,,1
1000,'4',722,,45020,62,,,1,37,,45056,77,,,1,60,,45021,77,,,1,37,,45055,77,,,1,60,,45022,77,,,1,30,,45023,77,,,1,70,,45024,77,,,1,30,,45025,77,,,1,65,,45026,77,,,1,25,,45027,77,,,1,65,,45028,77,,,1,28,,45029,77,,,1,71,,45030,77,,,1,30,,45031,77,,,1,70,,45032,77,,,1,30,,45033,77,,,1,70,,45034,77,,,1,30,,45035,77,,,1,70,,45036,77,,,1,30,,45037,77,,,1,70,,45038,77,,,1,29,,45039,77,,,1,29,,45042,77,,,1,70,,45043,77,,,1,30,,45044,77,,,1,70,,45045,77,,,1,30,,45046,77,,,1,66,,45047,77,,,1,30,,45048,77,,,1,70,,45049,77,,,1,26,,45050,77,,,1,70,,45051,77,,,1,32,,45052,77,,,1,70,,45053,77,,,1
2701,'11802',749,,48307,5,,,1,876,,48308,5,,,1
2701,'2',546,,48380,4,,,1,92,,48309,5,,,1,65,,48310,4,,,1,13,,48311,5,,,1,13,,48312,4,,,1,13,,48313,4,,,1,13,,48314,5,,,1,53,,48315,5,,,1,8,,48316,5,,,1,13,,48317,5,,,1,13,,48318,5,,,1,12,,48319,5,,,1,54,,48320,5,,,1,13,,48321,5,,,1,13,,48322,5,,,1,13,,48323,5,,,1,53,,48324,5,,,1,13,,48325,5,,,1,13,,48326,5,,,1,13,,48327,5,,,1,13,,48328,5,,,1,53,,48329,5,,,1,13,,48330,5,,,1,13,,48331,5,,,1,13,,48332,5,,,1,12,,48333,5,,,1,52,,48334,5,,,1,12,,48335,5,,,1,12,,48336,5,,,1,12,,48337,5,,,1,12,,48338,5,,,1,52,,48339,5,,,1,12,,48340,5,,,1,12,,48341,5,,,1,12,,48342,5,,,1,12,,48343,5,,,1,53,,48344,5,,,1,13,,48345,5,,,1,13,,48346,5,,,1,13,,48347,5,,,1,53,,48348,5,,,1,13,,48349,5,,,1,9,,48350,4,,,1,12,,48351,5,,,1,12,,48352,5,,,1,11,,48353,5,,,1,51,,48354,5,,,1,11,,48355,4,,,1,11,,48356,5,,,1,11,,48357,5,,,1,11,,48358,5,,,1,51,,48359,5,,,1,11,,48360,5,,,1,11,,48361,5,,,1,11,,48362,5,,,1,7,,48363,5,,,1,14,,48364,5,,,1,51,,48365,5,,,1,13,,48366,5,,,1,11,,48367,5,,,1,11,,48368,5,,,1,57,,48369,5,,,1,17,,48370,5,,,1,17,,48371,5,,,1,17,,48372,5,,,1,57,,48373,5,,,1,17,,48374,5,,,1,17,,48375,5,,,1,63,,48376,5,,,1,27,,48377,5,,,1,67,,48378,5,,,1,27,,48379,5,,,1
2701,'3',852,,48381,4,,,1,83,,48391,5,,,1,71,,48382,5,,,1,104,,48392,5,,,1,33,,48383,5,,,1,72,,48400,5,,,1,32,,48393,5,,,1,72,,48384,5,,,1,32,,48401,5,,,1,71,,48394,5,,,1,34,,48385,5,,,1,72,,48402,5,,,1,30,,48395,5,,,1,74,,48386,5,,,1,72,,48403,5,,,1,30,,48396,5,,,1,75,,48387,5,,,1,45,,48397,5,,,1,85,,48388,5,,,1,85,,48398,5,,,1,84,,48389,5,,,1,40,,48399,5,,,1,80,,48390,5,,,1,80,,48404,5,,,1
2701,'30',834,,48405,4,,,1,85,,48406,5,,,1,85,,48412,5,,,1,45,,48407,5,,,1,85,,48413,5,,,1,86,,48408,5,,,1,88,,48414,5,,,1,32,,48415,5,,,1,72,,48409,5,,,1,32,,48417,5,,,1,72,,48416,5,,,1,32,,48410,5,,,1,72,,48418,5,,,1,32,,48420,5,,,1,70,,48411,5,,,1,37,,48419,5,,,1,85,,48421,5,,,1,85,,48422,5,,,1
2701,'4',834,,48423,4,,,1,85,,48424,5,,,1,85,,48430,5,,,1,45,,48425,5,,,1,85,,48431,5,,,1,86,,48426,5,,,1,88,,48432,5,,,1,32,,48433,5,,,1,72,,48427,5,,,1,32,,48435,5,,,1,72,,48434,5,,,1,32,,48428,5,,,1,72,,48436,5,,,1,32,,48438,5,,,1,70,,48429,5,,,1,37,,48437,5,,,1,85,,48439,5,,,1,85,,48440,5,,,1
12700,'3302',651,,50785,14,,,1,89,,50786,14,,,1,18,,50787,14,,,1,94,,50788,14,,,1,58,,50789,14,,,1,91,,50790,14,,,1,23,,50791,14,,,1,86,,50792,14,,,1,23,,50793,14,,,1,86,,50794,14,,,1,23,,50795,14,,,1,86,,50796,14,,,1,24,,50797,14,,,1,86,,50798,14,,,1,70,,50799,14,,,1,45,,50800,14,,,1,71,,50801,14,,,1,88,,50802,14,,,1,36,,50803,14,,,1,77,,50804,14,,,1,77,,50805,14,,,1,34,,50806,14,,,1,74,,50807,14,,,1,34,,50808,14,,,1,101,,50809,14,,,1,104,,50810,14,,,1,101,,50811,14,,,1
12700,'3602',613,,50812,14,,,1,91,,50813,14,,,1,16,,50814,14,,,1,96,,50815,14,,,1,18,,50816,14,,,1,103,,50817,14,,,1,110,,50818,14,,,1,109,,50819,14,,,1,149,,50820,14,,,1,103,,50821,14,,,1,15,,50822,14,,,1,30,,50823,14,,,1,70,,50824,14,,,1,15,,50825,14,,,1,70,,50826,14,,,1,32,,50827,14,,,1,16,,50828,14,,,1,72,,50829,14,,,1
12700,'3903',611,,50830,14,,,1,100,,50831,14,,,1,103,,50832,14,,,1,102,,50833,14,,,1,102,,50834,14,,,1,34,,50835,14,,,1,74,,50836,14,,,1,74,,50837,14,,,1,35,,50838,14,,,1,75,,50839,14,,,1,35,,50840,14,,,1,76,,50841,14,,,1,35,,50842,14,,,1,75,,50843,14,,,1,75,,50844,14,,,1,35,,50845,14,,,1,75,,50846,14,,,1,35,,50847,14,,,1,75,,50848,14,,,1,74,,50849,14,,,1,34,,50850,14,,,1,74,,50851,14,,,1,34,,50852,14,,,1,102,,50853,14,,,1,102,,50854,14,,,1,102,,50855,14,,,1
12700,'6404',701,,50856,4,,,1,102,,50857,14,,,1,102,,50858,14,,,1,34,,50859,14,,,1,74,,50860,14,,,1,34,,50861,14,,,1,74,,50862,14,,,1,34,,50863,14,,,1,75,,50864,14,,,1,74,,50865,14,,,1,34,,50866,14,,,1,74,,50867,14,,,1,34,,50868,14,,,1,74,,50869,14,,,1,34,,50870,14,,,1,74,,50871,14,,,1,73,,50872,14,,,1,28,,50873,14,,,1,77,,50874,14,,,1,101,,50875,14,,,1,101,,50876,14,,,1,101,,50877,14,,,1,101,,50878,14,,,1
