600,'2',612,,43919,33,,,1,28,,43918,33,,,1,83,,43920,33,,,1,25,,43921,33,,,1,60,,43922,33,,,1,25,,43923,33,,,1,25,,43924,33,,,1,65,,43925,33,,,1,30,,43926,33,,,1,70,,43927,33,,,1,25,,43928,33,,,1,70,,43929,33,,,1,30,,43930,33,,,1,70,,43931,33,,,1,25,,43932,33,,,1,70,,43933,33,,,1,30,,43934,33,,,1,72,,43935,33,,,1,30,,43936,33,,,1,65,,43937,33,,,1,30,,43938,33,,,1,65,,43939,33,,,1,31,,43940,33,,,1,70,,43941,33,,,1,30,,43942,33,,,1,70,,43943,33,,,1,21,,43944,33,,,1,25,,43945,33,,,1,65,,43946,33,,,1,25,,43947,33,,,1,65,,43948,33,,,1,25,,43949,33,,,1,24,,43950,33,,,1,64,,43951,33,,,1,25,,43952,33,,,1,65,,43953,33,,,1,25,,43954,33,,,1,65,,43955,33,,,1,25,,43956,33,,,1,25,,43957,33,,,1,67,,43958,33,,,1,25,,43959,33,,,1,69,,43960,33,,,1
600,'3',605,,43961,16,,,1,33,,43962,33,,,1,67,,43963,33,,,1,35,,43964,33,,,1,77,,43965,33,,,1,35,,43966,33,,,1,75,,43967,33,,,1,24,,43969,16,,,1,51,,43968,33,,,1,32,,43970,33,,,1,68,,43971,33,,,1,25,,43972,33,,,1,25,,43973,33,,,1,64,,43974,33,,,1,18,,43975,33,,,1,20,,43976,33,,,1,58,,43977,33,,,1,20,,43978,33,,,1,19,,43979,33,,,1,61,,43980,33,,,1,20,,43981,33,,,1,20,,43982,33,,,1,60,,43983,33,,,1,20,,43984,33,,,1,20,,43985,33,,,1,60,,43986,33,,,1,20,,43987,33,,,1,20,,43988,33,,,1,60,,43989,33,,,1,20,,43990,33,,,1,20,,43991,33,,,1,60,,43992,33,,,1,20,,43993,33,,,1,15,,43994,33,,,1,65,,43995,33,,,1,25,,43996,33,,,1,65,,43997,33,,,1,25,,43998,33,,,1,25,,43999,33,,,1,65,,44000,33,,,1,25,,44001,33,,,1,79,,44002,33,,,1,33,,44003,33,,,1,76,,44004,33,,,1,76,,44005,33,,,1,36,,44006,33,,,1,69,,44007,33,,,1
600,'30',901,,44008,16,,,1,28,,44009,16,,,1,75,,44010,33,,,1,35,,44011,33,,,1,75,,44012,33,,,1,35,,44013,33,,,1,70,,44014,16,,,1,15,,44015,33,,,1,74,,44016,33,,,1,25,,44017,33,,,1,25,,44018,33,,,1,65,,44019,33,,,1,25,,44020,33,,,1,65,,44021,33,,,1,25,,44022,33,,,1,65,,44023,33,,,1,25,,44024,33,,,1,25,,44025,33,,,1,65,,44026,33,,,1,25,,44027,33,,,1,63,,44028,33,,,1,25,,44029,33,,,1,77,,44030,33,,,1,35,,44031,33,,,1,75,,44032,33,,,1,35,,44033,33,,,1,75,,44034,33,,,1,75,,44035,33,,,1,33,,44036,33,,,1,74,,44037,33,,,1
600,'4',901,,44038,16,,,1,28,,44039,16,,,1,75,,44040,33,,,1,35,,44041,33,,,1,75,,44042,33,,,1,35,,44043,33,,,1,70,,44067,16,,,1,15,,44044,33,,,1,74,,44045,33,,,1,25,,44046,33,,,1,25,,44047,33,,,1,65,,44048,33,,,1,25,,44049,33,,,1,65,,44050,33,,,1,25,,44051,33,,,1,65,,44052,33,,,1,25,,44053,33,,,1,25,,44054,33,,,1,65,,44055,33,,,1,25,,44056,33,,,1,63,,44057,33,,,1,25,,44058,33,,,1,77,,44059,33,,,1,35,,44060,33,,,1,75,,44061,33,,,1,35,,44062,33,,,1,75,,44063,33,,,1,75,,44064,33,,,1,33,,44065,33,,,1,74,,44066,33,,,1
1300,'11802',821,,45507,8,,,1,728,,45508,8,,,1,168,,45509,8,,,1
1300,'2',614,,45511,8,0,10 18 19 20,1,18,,45512,8,,,1,14,,45513,8,0,10 18 19 20,1,13,,45514,8,,,1,49,,45515,8,0,10 18 19 20,1,15,,45516,8,,,1,15,,45517,8,0,10 18 19 20,1,15,,45518,8,,,1,55,,45519,8,0,10 18 19 20,1,15,,45520,8,,,1,15,,45521,8,0,10 18 19 20,1,15,,45522,8,,,1,55,,45523,8,0,10 18 19 20,1,15,,45524,8,,,1,15,,45525,8,0,10 18 19 20,1,10,,45526,8,,,1,55,,45527,8,0,10 18 19 20,1,15,,45528,8,,,1,15,,45529,8,0,10 18 19 20,1,15,,45530,8,,,1,55,,45531,8,0,10 18 19 20,1,15,,45532,8,,,1,15,,45533,8,0,10 18 19 20,1,10,,45534,8,,,1,15,,45535,8,0,10 18 19 20,1,55,,45536,8,,,1,15,,45537,8,0,10 18 19 20,1,15,,45538,8,,,1,15,,45539,8,0,10 18 19 20,1,55,,45540,8,,,1,15,,45541,8,0,10 18 19 20,1,15,,45542,8,,,1,14,,45543,8,0,10 18 19 20,1,56,,45544,8,,,1,15,,45545,8,0,10 18 19 20,1,15,,45546,8,,,1,15,,45547,8,0,10 18 19 20,1,55,,45548,8,,,1,15,,45549,8,0,10 18 19 20,1,15,,45550,8,,,1,12,,45551,8,0,10 18 19 20,1,54,,45552,8,,,1,15,,45553,8,0,10 18 19 20,1,15,,45554,8,,,1,15,,45555,8,0,10 18 19 20,1,55,,45556,8,,,1,15,,45557,8,0,10 18 19 20,1,15,,45558,8,,,1,18,,45559,8,0,10 18 19 20,1,60,,45564,8,,,1,20,,45560,8,0,10 18 19 20,1,20,,45565,8,,,1,60,,45561,8,0,10 18 19 20,1,20,,45566,8,,,1,20,,45562,8,0,10 18 19 20,1,60,,45567,8,,,1,20,,45563,8,,,1,72,,45568,8,0,10 18 19 20,1,25,,45571,8,,,1,25,,45569,8,0,10 18 19 20,1,67,,45572,8,,,1,33,,45570,8,0,10 18 19 20,1,70,,45573,8,,,1,28,,45575,8,0,10 18 19 20,1,87,,45574,8,,,1
1300,'3',614,,45580,8,0,10 18 19 20,1,38,,45581,8,,,1,75,,45582,8,0,10 18 19 20,1,73,,45583,8,,,1,11,,45587,8,0,10 18 19 20,1,16,,45584,8,,,1,16,,45588,8,0,10 18 19 20,1,16,,45585,8,,,1,56,,45589,8,,,1,16,,45586,8,0,10 18 19 20,1,16,,45590,8,,,1,55,,45591,8,0,10 18 19 20,1,15,,45596,8,,,1,15,,45592,8,0,10 18 19 20,1,15,,45597,8,,,1,55,,45593,8,0,10 18 19 20,1,15,,45598,8,,,1,15,,45594,8,0,10 18 19 20,1,15,,45599,8,,,1,54,,45595,8,,,1,15,,45600,8,0,10 18 19 20,1,15,,45609,8,,,1,15,,45601,8,0,10 18 19 20,1,55,,45610,8,,,1,15,,45602,8,0,10 18 19 20,1,15,,45611,8,,,1,15,,45603,8,0,10 18 19 20,1,55,,45612,8,,,1,15,,45604,8,0,10 18 19 20,1,15,,45613,8,,,1,15,,45605,8,0,10 18 19 20,1,55,,45614,8,,,1,15,,45606,8,0,10 18 19 20,1,15,,45615,8,,,1,15,,45607,8,0,10 18 19 20,1,55,,45616,8,,,1,15,,45608,8,0,10 18 19 20,1,10,,45617,8,,,1,15,,45620,8,0,10 18 19 20,1,15,,45618,8,,,1,55,,45621,8,0,10 18 19 20,1,15,,45619,8,,,1,15,,45622,8,,,1,13,,45623,8,0,10 18 19 20,1,55,,45647,8,,,1,15,,45627,8,,,1,15,,45624,8,0,10 18 19 20,1,20,,45628,8,,,1,55,,45625,8,0,10 18 19 20,1,20,,45629,8,,,1,20,,45626,8,0,10 18 19 20,1,60,,45630,8,,,1,20,,45634,8,,,1,71,,45631,8,0,10 18 19 20,1,25,,45635,8,,,1,25,,45632,8,0,10 18 19 20,1,70,,45636,8,,,1,30,,45633,8,0,10 18 19 20,1,59,,45637,8,,,1,20,,45638,8,0,10 18 19 20,1,73,,45640,8,,,1,37,,45639,8,0,10 18 19 20,1
1300,'30',642,,45670,8,,,1,83,,45672,8,0,10 18 19 20,1,75,,45671,8,,,1,35,,45673,8,0,10 18 19 20,1,75,,45658,8,,,1,30,,45669,8,0,10 18 19 20,1,15,,45657,8,,,1,70,,45668,8,0,10 18 19 20,1,30,,45656,8,,,1,70,,45667,8,0,10 18 19 20,1,24,,45655,8,,,1,70,,45666,8,0,10 18 19 20,1,30,,45654,8,,,1,70,,45665,8,0,10 18 19 20,1,30,,45653,8,,,1,70,,45664,8,0,10 18 19 20,1,30,,45652,8,,,1,70,,45663,8,0,10 18 19 20,1,30,,45651,8,,,1,70,,45662,8,0,10 18 19 20,1,30,,45650,8,,,1,70,,45661,8,0,10 18 19 20,1,25,,45649,8,,,1,70,,45660,8,0,10 18 19 20,1,31,,45648,8,,,1,67,,45674,8,0,10 18 19 20,1,20,,45677,8,,,1,70,,45675,8,0,10 18 19 20,1,30,,45678,8,,,1,70,,45676,8,0,10 18 19 20,1,30,,45679,8,0,10 18 19 20,1,71,,45680,8,,,1,42,,45659,8,0,10 18 19 20,1
1300,'4',642,,45703,8,,,1,83,,45705,8,0,10 18 19 20,1,75,,45704,8,,,1,35,,45706,8,0,10 18 19 20,1,75,,45691,8,,,1,30,,45702,8,0,10 18 19 20,1,15,,45690,8,,,1,70,,45701,8,0,10 18 19 20,1,30,,45689,8,,,1,70,,45700,8,0,10 18 19 20,1,24,,45688,8,,,1,70,,45699,8,0,10 18 19 20,1,30,,45687,8,,,1,70,,45698,8,0,10 18 19 20,1,30,,45686,8,,,1,70,,45697,8,0,10 18 19 20,1,30,,45685,8,,,1,70,,45696,8,0,10 18 19 20,1,30,,45684,8,,,1,70,,45695,8,0,10 18 19 20,1,30,,45683,8,,,1,70,,45694,8,0,10 18 19 20,1,25,,45682,8,,,1,70,,45693,8,0,10 18 19 20,1,31,,45681,8,,,1,67,,45707,8,0,10 18 19 20,1,20,,45710,8,,,1,70,,45708,8,0,10 18 19 20,1,30,,45711,8,,,1,70,,45709,8,0,10 18 19 20,1,30,,45712,8,0,10 18 19 20,1,71,,45713,8,,,1,42,,45692,8,0,10 18 19 20,1
3400,'2',625,,48948,38,0,14,1,79,,48949,38,0,14,1,35,,48964,38,0,14,1,80,,48959,38,0,14,1,82,,48958,38,0,14,1,41,,48960,38,0,14,1,80,,48950,38,0,14,1,80,,48951,38,0,14,1,40,,48952,38,0,14,1,85,,48953,38,0,14,1,80,,48954,38,0,14,1,40,,48955,38,0,14,1,83,,48956,38,0,14,1,80,,48957,38,0,14,1,40,,48965,38,0,14,1,78,,48966,38,0,14,1,80,,48967,38,0,14,1,40,,48968,38,0,14,1,78,,48969,38,0,14,1,80,,48970,38,0,14,1,40,,48976,38,0,14,1,80,,48971,38,0,14,1,80,,48972,38,0,14,1,39,,48973,38,0,14,1,80,,48975,38,0,14,1,80,,48974,38,0,14,1,40,,48961,38,0,14,1
3400,'3',811,,48986,38,0,14,1,39,,48984,38,0,14,1,80,,48985,38,0,14,1,82,,48977,38,0,14,1,42,,48978,38,0,14,1,80,,48979,38,0,14,1,80,,48980,38,0,14,1,40,,48981,38,0,14,1,80,,48982,38,0,14,1,80,,48983,38,0,14,1,42,,48987,38,0,14,1,80,,48988,38,0,14,1,80,,48989,38,0,14,1,40,,48990,38,0,14,1,80,,48991,38,0,14,1,80,,48992,38,0,14,1,42,,48993,38,0,14,1,80,,48994,38,0,14,1,80,,48995,38,0,14,1,40,,48996,38,0,14,1,74,,48997,38,0,14,1,80,,48998,38,0,14,1,40,,48999,38,0,14,1
3400,'30',1025,,49000,38,0,14,1,80,,49001,38,0,14,1,40,,49002,38,0,14,1,80,,49003,38,0,14,1,80,,49004,38,0,14,1,40,,49005,38,0,14,1,77,,49006,38,0,14,1,80,,49007,38,0,14,1,40,,49008,38,0,14,1,80,,49009,38,0,14,1,80,,49010,38,0,14,1,40,,49011,38,0,14,1,80,,49012,38,0,14,1,80,,49013,38,0,14,1,40,,49014,38,0,14,1,80,,49015,38,0,14,1,80,,49016,38,0,14,1
3400,'4',1025,,49017,38,0,14,1,80,,49018,38,0,14,1,40,,49019,38,0,14,1,80,,49020,38,0,14,1,80,,49021,38,0,14,1,40,,49022,38,0,14,1,77,,49023,38,0,14,1,80,,49024,38,0,14,1,40,,49025,38,0,14,1,80,,49026,38,0,14,1,80,,49027,38,0,14,1,40,,49028,38,0,14,1,80,,49029,38,0,14,1,80,,49030,38,0,14,1,40,,49031,38,0,14,1,80,,49032,38,0,14,1,80,,49033,38,0,14,1
