101,'2',603,,26155,5,,,0,26,,26157,5,,,0,13,,26144,48,0,10 11 63,0,17,,26156,5,,,0,44,,26145,49,0,13 11 63,0,20,,26146,48,0,10 11 63,0,15,,26151,49,0,13 11 63,0,15,,26147,48,0,10 11 63,0,55,,26152,49,0,13 11 63,0,10,,26148,48,0,10 11 63,0,15,,26153,49,0,13 11 63,0,15,,26149,48,0,10 11 63,0,54,,26154,49,0,13 11 63,0,15,,26150,48,0,10 11 63,0,20,,26158,49,0,13 11 63,0,20,,26165,48,0,10 11 63,0,60,,26159,49,0,13 11 63,0,20,,26166,48,0,10 11 63,0,20,,26160,49,0,13 11 63,0,60,,26167,48,0,10 11 63,0,15,,26161,49,0,13 11 63,0,20,,26168,48,0,10 11 63,0,61,,26162,49,0,13 11 63,0,20,,26169,48,0,10 11 63,0,20,,26163,49,0,13 11 63,0,60,,26170,48,0,10 11 63,0,20,,26164,49,0,13 11 63,0,18,,26171,48,0,10 11 63,0,53,,26196,5,,,0,8,,26173,49,0,13 11 63,0,17,,26177,48,0,10 11 63,0,15,,26174,49,0,13 11 63,0,15,,26178,48,0,10 11 63,0,55,,26175,49,0,13 11 63,0,15,,26179,48,0,10 11 63,0,15,,26176,49,0,13 11 63,0,15,,26180,48,0,10 11 63,0,55,,26181,49,0,13 11 63,0,16,,26185,48,0,10 11 63,0,16,,26182,49,0,13 11 63,0,56,,26186,48,0,10 11 63,0,16,,26183,49,0,13 11 63,0,16,,26187,48,0,10 11 63,0,16,,26184,49,0,13 11 63,0,56,,26188,48,0,10 11 63,0,24,,26189,49,0,13 11 63,0,25,,26193,48,0,10 11 63,0,66,,26190,49,0,13 11 63,0,24,,26194,48,0,10 11 63,0,66,,26191,49,0,13 11 63,0,24,,26195,48,0,10 11 63,0,66,,26192,49,0,13 11 63,0,29,,26198,48,0,10 11 63,0,70,,26201,49,0,13 11 63,0,30,,26199,48,0,10 11 63,0,70,,26202,49,0,13 11 63,0,30,,26200,48,0,10 11 63,0,70,,26203,49,0,13 11 63,0,21,,26205,48,0,10 11 63,0
101,'3',612,,26215,5,,,0,29,,26208,48,0,10 11 63,0,80,,26210,49,0,13 11 63,0,38,,26209,48,0,10 11 63,0,65,,26211,49,0,13 11 63,0,25,,26213,48,0,10 11 63,0,70,,26212,49,0,13 11 63,0,30,,26214,48,0,10 11 63,0,66,,26257,5,,,0,4,,26216,49,0,13 11 63,0,20,,26228,48,0,10 11 63,0,20,,26217,49,0,13 11 63,0,60,,26229,48,0,10 11 63,0,20,,26218,49,0,13 11 63,0,15,,26230,48,0,10 11 63,0,61,,26219,49,0,13 11 63,0,19,,26231,48,0,10 11 63,0,21,,26220,49,0,13 11 63,0,59,,26232,48,0,10 11 63,0,16,,26221,49,0,13 11 63,0,19,,26233,48,0,10 11 63,0,61,,26222,49,0,13 11 63,0,20,,26234,48,0,10 11 63,0,20,,26223,49,0,13 11 63,0,60,,26235,48,0,10 11 63,0,15,,26224,49,0,13 11 63,0,20,,26236,48,0,10 11 63,0,60,,26225,49,0,13 11 63,0,20,,26237,48,0,10 11 63,0,20,,26226,49,0,13 11 63,0,60,,26238,48,0,10 11 63,0,15,,26227,49,0,13 11 63,0,20,,26239,48,0,10 11 63,0,60,,26240,49,0,13 11 63,0,22,,26241,48,0,10 11 63,0,30,,26247,49,0,13 11 63,0,70,,26242,48,0,10 11 63,0,30,,26248,49,0,13 11 63,0,70,,26243,48,0,10 11 63,0,30,,26249,49,0,13 11 63,0,67,,26244,48,0,10 11 63,0,30,,26250,49,0,13 11 63,0,70,,26245,48,0,10 11 63,0,30,,26251,49,0,13 11 63,0,65,,26246,48,0,10 11 63,0,30,,26252,49,0,13 11 63,0,67,,26254,48,0,10 11 63,0
101,'30',834,,26265,5,,,0,15,,26258,49,0,13 11 63,0,72,,26262,48,0,10 11 63,0,32,,26259,49,0,13 11 63,0,72,,26263,48,0,10 11 63,0,32,,26260,49,0,13 11 63,0,72,,26264,48,0,10 11 63,0,27,,26261,49,0,13 11 63,0,65,,26266,48,0,10 11 63,0,25,,26273,49,0,13 11 63,0,60,,26267,48,0,10 11 63,0,25,,26274,49,0,13 11 63,0,25,,26268,48,0,10 11 63,0,65,,26275,49,0,13 11 63,0,25,,26269,48,0,10 11 63,0,65,,26276,49,0,13 11 63,0,25,,26270,48,0,10 11 63,0,65,,26277,49,0,13 11 63,0,25,,26271,48,0,10 11 63,0,25,,26278,49,0,13 11 63,0,64,,26272,48,0,10 11 63,0,25,,26279,49,0,13 11 63,0,65,,26280,48,0,10 11 63,0,30,,26286,49,0,13 11 63,0,70,,26281,48,0,10 11 63,0,30,,26287,49,0,13 11 63,0,70,,26282,48,0,10 11 63,0,30,,26288,49,0,13 11 63,0,70,,26283,48,0,10 11 63,0,30,,26289,49,0,13 11 63,0,69,,26284,48,0,10 11 63,0,30,,26290,49,0,13 11 63,0,78,,26285,48,0,10 11 63,0
101,'4',834,,26301,5,,,0,15,,26294,49,0,13 11 63,0,72,,26298,48,0,10 11 63,0,32,,26295,49,0,13 11 63,0,72,,26299,48,0,10 11 63,0,32,,26296,49,0,13 11 63,0,72,,26300,48,0,10 11 63,0,27,,26297,49,0,13 11 63,0,65,,26302,48,0,10 11 63,0,25,,26309,49,0,13 11 63,0,60,,26303,48,0,10 11 63,0,25,,26310,49,0,13 11 63,0,25,,26304,48,0,10 11 63,0,65,,26311,49,0,13 11 63,0,25,,26305,48,0,10 11 63,0,65,,26312,49,0,13 11 63,0,25,,26306,48,0,10 11 63,0,65,,26313,49,0,13 11 63,0,25,,26307,48,0,10 11 63,0,25,,26314,49,0,13 11 63,0,64,,26308,48,0,10 11 63,0,25,,26315,49,0,13 11 63,0,65,,26316,48,0,10 11 63,0,30,,26322,49,0,13 11 63,0,70,,26317,48,0,10 11 63,0,30,,26323,49,0,13 11 63,0,70,,26318,48,0,10 11 63,0,30,,26324,49,0,13 11 63,0,70,,26319,48,0,10 11 63,0,30,,26325,49,0,13 11 63,0,69,,26320,48,0,10 11 63,0,30,,26326,49,0,13 11 63,0,78,,26321,48,0,10 11 63,0
1601,'2',536,,30187,13,,,0,13,,30186,13,,,0,59,,30185,30,,,0,19,,30190,30,,,0,18,,30191,30,,,0,58,,30192,30,,,0,22,,30193,30,,,0,9,,30194,30,,,0,16,,30195,30,,,0,56,,30196,30,,,0,16,,30197,30,,,0,16,,30198,30,,,0,16,,30199,30,,,0,55,,30200,30,,,0,18,,30201,30,,,0,22,,30202,30,,,0,58,,30203,30,,,0,18,,30204,30,,,0,18,,30205,30,,,0,58,,30206,30,,,0,18,,30207,30,,,0,18,,30208,30,,,0,18,,30209,30,,,0,58,,30210,30,,,0,16,,30211,30,,,0,10,,30212,30,,,0,16,,30213,30,,,0,56,,30214,30,,,0,16,,30215,30,,,0,16,,30216,30,,,0,16,,30217,30,,,0,57,,30218,30,,,0,6,,30219,30,,,0,15,,30220,30,,,0,15,,30221,30,,,0,55,,30222,30,,,0,15,,30223,30,,,0,15,,30224,30,,,0,15,,30225,30,,,0,55,,30226,30,,,0,17,,30227,30,,,0,15,,30228,30,,,0,15,,30229,30,,,0,55,,30230,30,,,0,15,,30231,30,,,0,15,,30232,30,,,0,15,,30233,30,,,0,70,,30234,30,,,0,19,,30236,30,,,0,63,,30237,30,,,0,22,,30238,30,,,0,22,,30239,30,,,0,62,,30240,30,,,0,22,,30241,30,,,0,22,,30242,30,,,0,63,,30243,30,,,0,37,,30245,30,,,0,65,,30246,30,,,0,25,,30247,30,,,0,65,,30248,30,,,0,25,,30249,30,,,0,65,,30250,30,,,0,23,,30251,30,,,0,23,,30188,30,,,0
1601,'3',559,,30310,13,,,0,65,,30311,13,,,0,12,,30252,30,,,0,65,,30253,30,,,0,25,,30254,30,,,0,25,,30255,30,,,0,65,,30256,30,,,0,25,,30257,30,,,0,65,,30258,30,,,0,25,,30259,30,,,0,19,,30312,13,,,0,6,,30260,30,,,0,63,,30261,30,,,0,21,,30262,30,,,0,61,,30263,30,,,0,16,,30264,30,,,0,18,,30313,13,,,0,3,,30265,30,,,0,21,,30266,30,,,0,55,,30267,30,,,0,15,,30268,30,,,0,15,,30269,30,,,0,15,,30270,30,,,0,50,,30271,30,,,0,15,,30272,30,,,0,15,,30273,30,,,0,15,,30274,30,,,0,56,,30275,30,,,0,15,,30276,30,,,0,15,,30277,30,,,0,15,,30278,30,,,0,55,,30279,30,,,0,15,,30280,30,,,0,15,,30281,30,,,0,15,,30282,30,,,0,55,,30283,30,,,0,15,,30284,30,,,0,15,,30285,30,,,0,15,,30286,30,,,0,55,,30287,30,,,0,15,,30288,30,,,0,15,,30289,30,,,0,15,,30290,30,,,0,57,,30291,30,,,0,20,,30292,30,,,0,20,,30293,30,,,0,60,,30294,30,,,0,20,,30295,30,,,0,20,,30296,30,,,0,60,,30297,30,,,0,20,,30298,30,,,0,20,,30299,30,,,0,61,,30300,30,,,0,26,,30301,30,,,0,65,,30302,30,,,0,25,,30303,30,,,0,25,,30304,30,,,0,65,,30305,30,,,0,21,,30306,30,,,0,65,,30307,30,,,0,29,,30308,30,,,0,70,,30309,30,,,0
1601,'30',639,,30350,13,,,0,73,,30314,30,,,0,35,,30315,30,,,0,75,,30316,30,,,0,20,,30351,13,,,0,15,,30317,30,,,0,72,,30318,30,,,0,25,,30319,30,,,0,70,,30320,30,,,0,30,,30321,30,,,0,70,,30322,30,,,0,30,,30323,30,,,0,52,,30352,13,,,0,18,,30324,30,,,0,22,,30326,30,,,0,63,,30327,30,,,0,22,,30325,30,,,0,22,,30328,30,,,0,62,,30329,30,,,0,22,,30330,30,,,0,22,,30331,30,,,0,62,,30332,30,,,0,22,,30333,30,,,0,62,,30334,30,,,0,22,,30335,30,,,0,22,,30336,30,,,0,59,,30337,30,,,0,30,,30338,30,,,0,70,,30339,30,,,0,30,,30340,30,,,0,70,,30341,30,,,0,30,,30342,30,,,0,70,,30343,30,,,0,30,,30344,30,,,0,70,,30345,30,,,0,30,,30346,30,,,0,70,,30347,30,,,0,30,,30348,30,,,0,70,,30349,30,,,0
1601,'4',639,,30389,13,,,0,73,,30353,30,,,0,35,,30354,30,,,0,75,,30355,30,,,0,20,,30390,13,,,0,15,,30356,30,,,0,72,,30357,30,,,0,25,,30358,30,,,0,70,,30359,30,,,0,30,,30360,30,,,0,70,,30361,30,,,0,30,,30362,30,,,0,52,,30391,13,,,0,18,,30363,30,,,0,22,,30365,30,,,0,63,,30366,30,,,0,22,,30364,30,,,0,22,,30367,30,,,0,62,,30368,30,,,0,22,,30369,30,,,0,22,,30370,30,,,0,62,,30371,30,,,0,22,,30372,30,,,0,62,,30373,30,,,0,22,,30374,30,,,0,22,,30375,30,,,0,59,,30376,30,,,0,30,,30377,30,,,0,70,,30378,30,,,0,30,,30379,30,,,0,70,,30380,30,,,0,30,,30381,30,,,0,70,,30382,30,,,0,30,,30383,30,,,0,70,,30384,30,,,0,30,,30385,30,,,0,70,,30386,30,,,0,30,,30387,30,,,0,70,,30388,30,,,0
2701,'2',706,,31934,22,,,0,13,,31926,21,,,0,18,,31927,22,,,0,13,,31925,21,,,0,60,,31944,22,,,0,16,,31961,22,,,0,16,,31935,22,,,0,15,,31969,22,,,0,56,,31928,22,,,0,16,,31953,22,,,0,17,,31945,22,,,0,56,,31962,22,,,0,15,,31936,22,,,0,16,,31968,22,,,0,15,,31929,22,,,0,57,,31954,22,,,0,17,,31946,22,,,0,16,,31963,22,,,0,15,,31937,22,,,0,56,,31970,22,,,0,15,,31930,22,,,0,17,,31955,22,,,0,17,,31947,22,,,0,57,,31964,22,,,0,15,,31938,22,,,0,16,,31971,22,,,0,55,,31931,22,,,0,16,,31956,22,,,0,20,,31948,22,,,0,17,,31965,22,,,0,55,,31939,22,,,0,13,,31972,22,,,0,15,,31932,22,,,0,16,,31957,22,,,0,60,,31949,22,,,0,18,,31966,22,,,0,14,,31940,22,,,0,13,,31973,22,,,0,55,,31933,22,,,0,13,,31977,22,,,0,19,,31958,22,,,0,60,,31950,22,,,0,18,,31967,22,,,0,9,,31941,22,,,0,13,,31974,22,,,0,60,,31976,22,,,0,20,,31959,22,,,0,21,,31951,22,,,0,66,,31942,22,,,0,13,,31975,22,,,0,20,,31978,22,,,0,60,,31960,22,,,0,18,,31952,22,,,0,26,,31943,22,,,0,67,,31979,22,,,0,30,,31980,22,,,0
2701,'3',908,,31981,21,,,0,43,,31991,22,,,0,72,,31982,22,,,0,104,,31992,22,,,0,74,,31983,22,,,0,32,,32000,22,,,0,72,,31993,22,,,0,32,,31984,22,,,0,72,,32001,22,,,0,31,,31994,22,,,0,74,,31985,22,,,0,32,,32002,22,,,0,70,,31995,22,,,0,34,,31986,22,,,0,72,,32003,22,,,0,30,,31996,22,,,0,75,,31987,22,,,0,85,,31997,22,,,0,45,,31988,22,,,0,85,,31998,22,,,0,82,,31989,22,,,0,80,,31999,22,,,0,40,,31990,22,,,0,80,,32004,22,,,0
2701,'30',853,,32005,21,,,0,85,,32006,22,,,0,85,,32012,22,,,0,85,,32007,22,,,0,45,,32013,22,,,0,85,,32008,22,,,0,88,,32014,22,,,0,32,,32015,22,,,0,72,,32009,22,,,0,72,,32017,22,,,0,32,,32016,22,,,0,72,,32010,22,,,0,32,,32018,22,,,0,72,,32020,22,,,0,29,,32011,22,,,0,77,,32019,22,,,0,85,,32021,22,,,0,45,,32022,22,,,0
2701,'4',853,,32023,21,,,0,85,,32024,22,,,0,85,,32030,22,,,0,85,,32025,22,,,0,45,,32031,22,,,0,85,,32026,22,,,0,88,,32032,22,,,0,32,,32033,22,,,0,72,,32027,22,,,0,72,,32035,22,,,0,32,,32034,22,,,0,72,,32028,22,,,0,32,,32036,22,,,0,72,,32038,22,,,0,29,,32029,22,,,0,77,,32037,22,,,0,85,,32039,22,,,0,45,,32040,22,,,0
