400,'11802',1510,,43357,27,0,13 18 19 20,1,249,,43358,27,0,10 18 19 20,1
400,'2',630,2,43385,27,0,13 18 19 20,1,80,,43384,27,0,10 18 19 20,1,15,,43383,27,0,13 18 19 20,1,15,,43382,27,0,10 18 19 20,1,15,,43381,27,0,13 18 19 20,1,55,,43380,27,0,10 18 19 20,1,15,,43379,27,0,13 18 19 20,1,15,,43378,27,0,10 18 19 20,1,15,,43377,27,0,13 18 19 20,1,60,,43376,27,0,10 18 19 20,1,20,,43375,27,0,13 18 19 20,1,20,,43374,27,0,10 18 19 20,1,60,,43373,27,0,13 18 19 20,1,20,,43372,27,0,10 18 19 20,1,20,,43371,27,0,13 18 19 20,1,60,,43370,27,0,10 18 19 20,1,20,,43369,27,0,13 18 19 20,1,20,,43368,27,0,10 18 19 20,1,60,,43367,27,0,13 18 19 20,1,20,,43366,27,0,10 18 19 20,1,20,,43365,27,0,13 18 19 20,1,60,,43364,27,0,10 18 19 20,1,20,,43363,27,0,13 18 19 20,1,17,,43362,27,0,10 18 19 20,1,55,,43387,27,0,13 18 19 20,1,10,,43388,27,0,10 18 19 20,1,15,,43396,27,0,13 18 19 20,1,15,,43389,27,0,10 18 19 20,1,55,,43397,27,0,13 18 19 20,1,15,,43390,27,0,10 18 19 20,1,15,,43398,27,0,13 18 19 20,1,15,,43391,27,0,10 18 19 20,1,55,,43399,27,0,13 18 19 20,1,15,,43392,27,0,10 18 19 20,1,15,,43400,27,0,13 18 19 20,1,10,,43393,27,0,10 18 19 20,1,15,,43401,27,0,13 18 19 20,1,55,,43394,27,0,10 18 19 20,1,10,,43402,27,0,13 18 19 20,1,15,,43395,27,0,10 18 19 20,1,10,,43403,27,0,13 18 19 20,1,60,,43404,27,0,10 18 19 20,1,20,,43405,27,0,13 18 19 20,1,15,,43409,27,0,10 18 19 20,1,60,,43406,27,0,13 18 19 20,1,20,,43410,27,0,10 18 19 20,1,20,,43407,27,0,13 18 19 20,1,60,,43411,27,0,10 18 19 20,1,20,,43408,27,0,13 18 19 20,1,17,,43412,27,0,10 18 19 20,1,15,,43413,27,0,13 18 19 20,1,65,,43416,27,0,10 18 19 20,1,30,,43414,27,0,13 18 19 20,1,70,,43417,27,0,10 18 19 20,1,30,,43415,27,0,13 18 19 20,1,70,,43418,27,0,10 18 19 20,1,40,,43419,27,0,13 18 19 20,1,141,42,43420,27,0,13 18 19 20,1
400,'3',615,,43423,27,0,13 18 19 20,1,15,2,43422,27,0,10 18 19 20,1,70,,43425,27,0,13 18 19 20,1,30,,43432,27,0,10 18 19 20,1,70,,43426,27,0,13 18 19 20,1,30,,43433,27,0,10 18 19 20,1,70,,43427,27,0,13 18 19 20,1,30,,43434,27,0,10 18 19 20,1,70,,43428,27,0,13 18 19 20,1,30,,43435,27,0,10 18 19 20,1,70,,43429,27,0,13 18 19 20,1,30,,43436,27,0,10 18 19 20,1,70,,43430,27,0,13 18 19 20,1,27,,43437,27,0,10 18 19 20,1,29,,43431,27,0,13 18 19 20,1,63,,43438,27,0,10 18 19 20,1,20,,43443,27,0,13 18 19 20,1,65,,43439,27,0,10 18 19 20,1,25,,43444,27,0,13 18 19 20,1,25,,43440,27,0,10 18 19 20,1,65,,43445,27,0,13 18 19 20,1,25,,43441,27,0,10 18 19 20,1,65,,43446,27,0,13 18 19 20,1,25,,43442,27,0,10 18 19 20,1,25,,43447,27,0,13 18 19 20,1,65,,43454,27,0,10 18 19 20,1,25,,43450,27,0,13 18 19 20,1,65,,43455,27,0,10 18 19 20,1,25,,43451,27,0,13 18 19 20,1,65,,43456,27,0,10 18 19 20,1,25,,43452,27,0,13 18 19 20,1,25,,43457,27,0,10 18 19 20,1,65,,43453,27,0,13 18 19 20,1,25,,43458,27,0,10 18 19 20,1,61,,43459,27,0,13 18 19 20,1,30,,43462,27,0,10 18 19 20,1,75,,43460,27,0,13 18 19 20,1,30,,43463,27,0,10 18 19 20,1,70,,43461,27,0,13 18 19 20,1,30,,43464,27,0,10 18 19 20,1,66,,43448,27,0,13 18 19 20,1,94,,43449,27,0,10 18 19 20,1
400,'30',700,42,43495,27,0,13 18 19 20,1,40,,43496,27,0,10 18 19 20,1,80,,43497,27,0,13 18 19 20,1,85,,43467,27,0,10 18 19 20,1,35,,43468,27,0,13 18 19 20,1,65,,43469,27,0,10 18 19 20,1,30,,43470,27,0,13 18 19 20,1,70,,43471,27,0,10 18 19 20,1,30,,43472,27,0,13 18 19 20,1,70,,43473,27,0,10 18 19 20,1,26,,43474,27,0,13 18 19 20,1,70,,43475,27,0,10 18 19 20,1,30,,43476,27,0,13 18 19 20,1,70,,43477,27,0,10 18 19 20,1,30,,43478,27,0,13 18 19 20,1,70,,43479,27,0,10 18 19 20,1,30,,43480,27,0,13 18 19 20,1,70,,43481,27,0,10 18 19 20,1,30,,43482,27,0,13 18 19 20,1,70,,43483,27,0,10 18 19 20,1,30,,43484,27,0,13 18 19 20,1,70,,43485,27,0,10 18 19 20,1,32,,43486,27,0,13 18 19 20,1,70,,43487,27,0,10 18 19 20,1,30,,43488,27,0,13 18 19 20,1,70,,43489,27,0,10 18 19 20,1,30,,43490,27,0,13 18 19 20,1,70,,43491,27,0,10 18 19 20,1,30,,43492,27,0,13 18 19 20,1,70,,43493,27,0,10 18 19 20,1,26,,43494,27,0,13 18 19 20,1,29,,43465,27,0,10 18 19 20,1
400,'4',700,42,43528,27,0,13 18 19 20,1,40,,43529,27,0,10 18 19 20,1,80,,43530,27,0,13 18 19 20,1,85,,43500,27,0,10 18 19 20,1,35,,43501,27,0,13 18 19 20,1,65,,43502,27,0,10 18 19 20,1,30,,43503,27,0,13 18 19 20,1,70,,43504,27,0,10 18 19 20,1,30,,43505,27,0,13 18 19 20,1,70,,43506,27,0,10 18 19 20,1,26,,43507,27,0,13 18 19 20,1,70,,43508,27,0,10 18 19 20,1,30,,43509,27,0,13 18 19 20,1,70,,43510,27,0,10 18 19 20,1,30,,43511,27,0,13 18 19 20,1,70,,43512,27,0,10 18 19 20,1,30,,43513,27,0,13 18 19 20,1,70,,43514,27,0,10 18 19 20,1,30,,43515,27,0,13 18 19 20,1,70,,43516,27,0,10 18 19 20,1,30,,43517,27,0,13 18 19 20,1,70,,43518,27,0,10 18 19 20,1,32,,43519,27,0,13 18 19 20,1,70,,43520,27,0,10 18 19 20,1,30,,43521,27,0,13 18 19 20,1,70,,43522,27,0,10 18 19 20,1,30,,43523,27,0,13 18 19 20,1,70,,43524,27,0,10 18 19 20,1,30,,43525,27,0,13 18 19 20,1,70,,43526,27,0,10 18 19 20,1,26,,43527,27,0,13 18 19 20,1,71,42,43498,27,0,10 18 19 20,1
601,'2',630,2,44069,16,,,1,75,,44071,16,,,1,35,,44072,16,,,1,65,,44073,16,,,1,25,,44074,16,,,1,25,,44075,16,,,1,70,,44077,16,,,1,25,,44078,16,,,1,70,,44079,16,,,1,30,,44080,16,,,1,65,,44081,16,,,1,30,,44082,16,,,1,70,,44083,16,,,1,30,,44084,16,,,1,70,,44085,16,,,1,25,,44086,16,,,1,70,,44087,16,,,1,30,,44088,16,,,1,70,,44089,16,,,1,30,,44090,16,,,1,70,,44091,16,,,1,25,,44092,16,,,1,70,,44093,16,,,1,30,,44094,16,,,1,69,,44095,16,,,1,25,,44096,16,,,1,25,,44097,16,,,1,65,,44098,16,,,1,25,,44099,16,,,1,61,,44100,16,,,1,25,,44101,16,,,1,25,,44102,16,,,1,65,,44103,16,,,1,25,,44104,16,,,1,65,,44105,16,,,1,25,,44106,16,,,1,65,,44107,16,,,1,25,,44108,16,,,1,26,,44109,16,,,1,67,,44110,16,,,1,83,,44111,16,,,1
601,'3',618,,44113,16,,,1,33,,44114,16,,,1,75,,44115,16,,,1,75,,44116,16,,,1,35,,44117,16,,,1,75,,44118,16,,,1,35,,44119,16,,,1,65,,44120,16,,,1,20,,44121,16,,,1,70,,44122,16,,,1,25,,44123,16,,,1,20,,44124,16,,,1,70,,44126,16,,,1,20,,44127,16,,,1,20,,44128,16,,,1,60,,44129,16,,,1,20,,44130,16,,,1,20,,44131,16,,,1,60,,44132,16,,,1,20,,44133,16,,,1,20,,44134,16,,,1,60,,44135,16,,,1,20,,44136,16,,,1,20,,44137,16,,,1,60,,44138,16,,,1,20,,44139,16,,,1,20,,44140,16,,,1,60,,44141,16,,,1,20,,44142,16,,,1,20,,44143,16,,,1,59,,44144,16,,,1,20,,44146,16,,,1,15,,44145,16,4,,1,61,,44147,16,,,1,25,,44148,16,,,1,65,,44149,16,,,1,25,,44150,16,,,1,28,,44151,16,,,1,57,,44152,16,4,,1,24,,44153,16,,,1,70,,44154,16,,,1,36,,44155,16,,,1,76,,44156,16,,,1,36,,44157,16,,,1,73,,44158,16,,,1,75,,44159,16,,,1
601,'30',916,,44160,16,,,1,33,,44161,16,,,1,75,,44162,16,,,1,35,,44163,16,,,1,78,,44164,16,,,1,79,,44165,16,,,1,25,,44166,16,,,1,65,,44167,16,,,1,25,,44168,16,,,1,25,,44169,16,,,1,65,,44170,16,,,1,25,,44171,16,,,1,65,,44172,16,,,1,25,,44173,16,,,1,65,,44174,16,,,1,25,,44175,16,,,1,25,,44176,16,,,1,69,,44177,16,,,1,25,,44178,16,,,1,14,,44179,16,4,,1,63,,44180,16,,,1,32,,44181,16,,,1,75,,44182,16,,,1,75,,44183,16,,,1,35,,44184,16,,,1,75,,44185,16,,,1,35,,44186,16,,,1,74,,44187,16,,,1,77,42,44189,16,,,1,31,,44188,16,4,,1
601,'4',916,,44190,16,,,1,33,,44191,16,,,1,75,,44192,16,,,1,35,,44193,16,,,1,78,,44194,16,,,1,79,,44195,16,,,1,25,,44196,16,,,1,65,,44197,16,,,1,25,,44198,16,,,1,25,,44199,16,,,1,65,,44200,16,,,1,25,,44201,16,,,1,65,,44202,16,,,1,25,,44203,16,,,1,65,,44204,16,,,1,25,,44205,16,,,1,25,,44206,16,,,1,69,,44207,16,,,1,25,,44208,16,,,1,14,,44209,16,4,,1,63,,44210,16,,,1,32,,44211,16,,,1,75,,44212,16,,,1,75,,44213,16,,,1,35,,44214,16,,,1,75,,44215,16,,,1,35,,44216,16,,,1,74,,44217,16,,,1,77,42,44219,16,,,1,31,,44218,16,4,,1
1500,'2',630,2,45918,36,0,13 28 3 8,1,20,,45919,36,0,13 28 3 8,1,61,,45923,36,0,10 29,1,15,,45920,36,0,13 28 3 8,1,16,,45924,36,0,10 29,1,11,,45921,36,0,13 28 3 8,1,56,,45925,36,0,10 29,1,16,,45922,36,0,13 28 3 8,1,16,,45926,36,0,10 29,1,16,,45927,36,0,13 28 3 8,1,55,,45944,36,0,10 29,1,15,,45928,36,0,13 28 3 8,1,15,,45945,36,0,10 29,1,15,,45929,36,0,13 28 3 8,1,55,,45946,36,0,10 29,1,15,,45930,36,0,13 28 3 8,1,15,,45947,36,0,10 29,1,15,,45931,36,0,13 28 3 8,1,55,,45948,36,0,10 29,1,15,,45932,36,0,13 28 3 8,1,15,,45949,36,0,10 29,1,15,,45933,36,0,13 28 3 8,1,55,,45950,36,0,10 29,1,15,,45934,36,0,13 28 3 8,1,15,,45951,36,0,10 29,1,15,,45935,36,0,13 28 3 8,1,55,,45952,36,0,10 29,1,15,,45936,36,0,13 28 3 8,1,15,,45953,36,0,10 29,1,15,,45937,36,0,13 28 3 8,1,54,,45954,36,0,10 29,1,15,,45938,36,0,13 28 3 8,1,15,,45955,36,0,10 29,1,15,,45939,36,0,13 28 3 8,1,50,,45956,36,0,10 29,1,15,,45940,36,0,13 28 3 8,1,15,,45957,36,0,10 29,1,14,,45941,36,0,13 28 3 8,1,58,,45958,36,0,10 29,1,15,,45942,36,0,13 28 3 8,1,17,,45959,36,0,10 29,1,17,,45943,36,0,13 28 3 8,1,57,,45960,36,0,10 29,1,15,,45961,36,0,13 28 3 8,1,17,,45962,36,0,10 29,1,56,,45963,36,0,13 28 3 8,1,19,,45965,36,0,10 29,1,14,,45966,36,0,13 28 3 8,1,66,,45967,36,0,10 29,1,20,,45968,36,0,13 28 3 8,1,20,,45969,36,0,10 29,1,65,,45970,36,0,13 28 3 8,1,30,,45971,36,0,10 29,1,70,,45972,36,0,13 28 3 8,1,26,,45973,36,0,10 29,1,70,,45974,36,0,13 28 3 8,1,30,,45975,36,0,10 29,1,70,,45976,36,0,13 28 3 8,1,30,,45977,36,0,10 29,1,70,,45978,36,0,13 28 3 8,1,30,2,45979,36,0,10 29,1,68,,45964,36,0,13 28 3 8,1
1500,'3',630,2,45985,36,0,10 29,1,25,,45986,36,0,13 28 3 8,1,70,,45987,36,0,10 29,1,30,,45988,36,0,13 28 3 8,1,65,,45990,36,0,10 29,1,30,,45989,36,0,13 28 3 8,1,70,,45991,36,0,10 29,1,30,,45992,36,0,13 28 3 8,1,70,,45993,36,0,10 29,1,20,,46005,36,0,13 28 3 8,1,15,,45994,36,0,10 29,1,60,,46006,36,0,13 28 3 8,1,20,,45995,36,0,10 29,1,20,,46007,36,0,13 28 3 8,1,60,,45996,36,0,10 29,1,20,,46008,36,0,13 28 3 8,1,20,,45997,36,0,10 29,1,60,,46009,36,0,13 28 3 8,1,20,,45998,36,0,10 29,1,20,,46010,36,0,13 28 3 8,1,60,,45999,36,0,10 29,1,20,,46011,36,0,13 28 3 8,1,20,,46000,36,0,10 29,1,60,,46012,36,0,13 28 3 8,1,20,,46001,36,0,10 29,1,20,,46013,36,0,13 28 3 8,1,60,,46002,36,0,10 29,1,20,,46014,36,0,13 28 3 8,1,20,,46003,36,0,10 29,1,60,,46015,36,0,13 28 3 8,1,18,,46004,36,0,13 28 3 8,1,22,,46016,36,0,10 29,1,70,,46022,36,0,13 28 3 8,1,30,,46017,36,0,10 29,1,70,,46023,36,0,13 28 3 8,1,30,,46018,36,0,10 29,1,70,,46024,36,0,13 28 3 8,1,30,,46019,36,0,10 29,1,65,,46025,36,0,13 28 3 8,1,30,,46020,36,0,10 29,1,65,,46026,36,0,13 28 3 8,1,25,,46021,36,0,10 29,1,70,,46027,36,0,13 28 3 8,1,26,,46029,36,0,10 29,1,70,,46033,36,0,10 29,1,94,42,46028,36,0,10 29,1
1500,'30',630,,46071,36,0,10 29,1,70,42,46034,36,0,13 28 3 8,1,23,,46070,36,0,10 29,1,27,,46069,36,0,13 28 3 8,1,65,,46035,36,0,10 29,1,34,,46036,36,0,13 28 3 8,1,68,,46037,36,0,10 29,1,22,,46038,36,0,13 28 3 8,1,62,,46039,36,0,10 29,1,30,,46040,36,0,13 28 3 8,1,70,,46041,36,0,10 29,1,25,,46042,36,0,13 28 3 8,1,27,,46043,36,0,10 29,1,70,,46044,36,0,13 28 3 8,1,30,,46045,36,0,10 29,1,70,,46046,36,0,13 28 3 8,1,30,,46047,36,0,10 29,1,70,,46048,36,0,13 28 3 8,1,30,,46049,36,0,10 29,1,70,,46050,36,0,13 28 3 8,1,30,,46051,36,0,10 29,1,70,,46052,36,0,13 28 3 8,1,30,,46053,36,0,10 29,1,70,,46054,36,0,13 28 3 8,1,30,,46055,36,0,10 29,1,70,,46056,36,0,13 28 3 8,1,25,,46057,36,0,10 29,1,70,,46058,36,0,13 28 3 8,1,25,,46059,36,0,10 29,1,70,,46060,36,0,13 28 3 8,1,30,,46061,36,0,10 29,1,65,,46062,36,0,13 28 3 8,1,30,,46063,36,0,10 29,1,67,,46064,36,0,13 28 3 8,1,29,,46065,36,0,10 29,1,66,42,46066,36,0,13 28 3 8,1
1500,'4',630,,46109,36,0,10 29,1,70,42,46072,36,0,13 28 3 8,1,23,,46108,36,0,10 29,1,27,,46107,36,0,13 28 3 8,1,65,,46073,36,0,10 29,1,34,,46074,36,0,13 28 3 8,1,68,,46075,36,0,10 29,1,22,,46076,36,0,13 28 3 8,1,62,,46077,36,0,10 29,1,30,,46078,36,0,13 28 3 8,1,70,,46079,36,0,10 29,1,25,,46080,36,0,13 28 3 8,1,27,,46081,36,0,10 29,1,70,,46082,36,0,13 28 3 8,1,30,,46083,36,0,10 29,1,70,,46084,36,0,13 28 3 8,1,30,,46085,36,0,10 29,1,70,,46086,36,0,13 28 3 8,1,30,,46087,36,0,10 29,1,70,,46088,36,0,13 28 3 8,1,30,,46089,36,0,10 29,1,70,,46090,36,0,13 28 3 8,1,30,,46091,36,0,10 29,1,70,,46092,36,0,13 28 3 8,1,30,,46093,36,0,10 29,1,70,,46094,36,0,13 28 3 8,1,25,,46095,36,0,10 29,1,70,,46096,36,0,13 28 3 8,1,25,,46097,36,0,10 29,1,70,,46098,36,0,13 28 3 8,1,30,,46099,36,0,10 29,1,65,,46100,36,0,13 28 3 8,1,30,,46101,36,0,10 29,1,67,,46102,36,0,13 28 3 8,1,29,,46103,36,0,10 29,1,66,42,46104,36,0,13 28 3 8,1
10401,'3302',751,,50511,27,,,1,70,,50512,27,,,1,32,,50513,27,,,1,71,,50514,27,,,1,30,,50515,27,,,1,70,,50516,27,,,1,29,,50517,27,,,1,71,,50518,27,,,1,28,,50519,27,,,1,73,,50520,27,,,1,27,,50521,27,,,1,72,,50522,27,,,1,24,,50523,27,,,1,69,,50524,27,,,1,30,,50525,27,,,1,72,,50526,27,,,1,29,,50527,27,,,1,70,,50528,27,,,1,31,,50529,27,,,1,73,,50530,27,,,1,31,,50531,27,,,1,67,,50532,27,,,1
10401,'3903',1023,,50549,27,,,1,21,,50535,27,,,1,70,,50536,27,,,1,27,,50537,27,,,1,71,,50538,27,,,1,20,,50539,27,,,1,70,,50540,27,,,1,25,,50541,27,,,1,29,,50542,27,,,1,68,,50543,27,,,1,31,,50544,27,,,1,70,,50545,27,,,1,30,,50546,27,,,1,69,,50547,27,,,1,30,,50548,27,,,1,70,,50534,27,,,1,30,,50533,27,,,1
