401,'11802',717,,43532,36,0,13 40 41,1,42,,43531,36,0,13 40 41,1
401,'2',554,,43559,30,0,10 40 41,1,76,2,43558,36,0,13 40 41,1,9,,43600,30,0,10 40 41,1,71,,43557,30,0,10 40 41,1,15,,43556,36,0,13 40 41,1,12,,43555,2,,,1,15,,43554,30,0,10 40 41,1,55,,43553,30,0,10 40 41,1,15,,43552,36,0,13 40 41,1,15,,43551,30,0,10 40 41,1,15,,43550,36,0,13 40 41,1,55,,43549,30,0,10 40 41,1,15,,43548,36,0,13 40 41,1,15,,43547,30,0,10 40 41,1,15,,43546,36,0,13 40 41,1,60,,43545,30,0,10 40 41,1,20,,43544,36,0,13 40 41,1,20,,43543,30,0,10 40 41,1,60,,43542,36,0,13 40 41,1,21,,43541,30,0,10 40 41,1,20,,43540,36,0,13 40 41,1,59,,43539,30,0,10 40 41,1,20,,43538,36,0,13 40 41,1,20,,43537,30,0,10 40 41,1,60,,43536,36,0,13 40 41,1,20,,43535,30,0,10 40 41,1,19,,43534,36,0,13 40 41,1,61,,43533,30,0,10 40 41,1,15,,43562,36,0,13 40 41,1,19,,43570,30,0,10 40 41,1,55,,43563,36,0,13 40 41,1,15,,43571,30,0,10 40 41,1,15,,43564,36,0,13 40 41,1,15,,43572,30,0,10 40 41,1,55,,43565,36,0,13 40 41,1,15,,43573,30,0,10 40 41,1,15,,43566,36,0,13 40 41,1,15,,43574,30,0,10 40 41,1,55,,43567,36,0,13 40 41,1,15,,43575,30,0,10 40 41,1,15,,43568,36,0,13 40 41,1,15,,43576,30,0,10 40 41,1,10,,43569,36,0,13 40 41,1,60,,43579,30,0,10 40 41,1,21,,43584,36,0,13 40 41,1,20,,43580,30,0,10 40 41,1,60,,43585,36,0,13 40 41,1,20,,43581,30,0,10 40 41,1,20,,43586,36,0,13 40 41,1,60,,43582,30,0,10 40 41,1,20,,43587,36,0,13 40 41,1,70,,43583,30,0,10 40 41,1,33,,43588,36,0,13 40 41,1,70,,43591,30,0,10 40 41,1,30,,43589,36,0,13 40 41,1,70,,43592,30,0,10 40 41,1,30,,43590,36,0,13 40 41,1,70,,43593,30,0,10 40 41,1,90,43,43594,36,0,13 40 41,1
401,'3',630,2,43601,30,0,10 40 41,1,70,,43602,36,0,13 40 41,1,20,,43609,30,0,10 40 41,1,30,,43603,36,0,13 40 41,1,70,,43610,30,0,10 40 41,1,30,,43604,36,0,13 40 41,1,70,,43611,30,0,10 40 41,1,30,,43605,36,0,13 40 41,1,70,,43612,30,0,10 40 41,1,30,,43606,36,0,13 40 41,1,70,,43613,30,0,10 40 41,1,30,,43607,36,0,13 40 41,1,70,,43614,30,0,10 40 41,1,30,,43608,36,0,13 40 41,1,66,,43615,30,0,10 40 41,1,27,,43621,36,0,13 40 41,1,65,,43616,30,0,10 40 41,1,25,,43622,36,0,13 40 41,1,25,,43617,30,0,10 40 41,1,65,,43623,36,0,13 40 41,1,25,,43618,30,0,10 40 41,1,65,,43624,36,0,13 40 41,1,25,,43619,30,0,10 40 41,1,65,,43625,36,0,13 40 41,1,25,,43620,30,0,10 40 41,1,25,,43633,36,0,13 40 41,1,65,,43629,30,0,10 40 41,1,25,,43634,36,0,13 40 41,1,65,,43630,30,0,10 40 41,1,25,,43635,36,0,13 40 41,1,25,,43631,30,0,10 40 41,1,65,,43636,36,0,13 40 41,1,25,,43632,30,0,10 40 41,1,65,,43637,36,0,13 40 41,1,17,,43638,30,0,10 40 41,1,70,,43642,36,0,13 40 41,1,30,,43639,30,0,10 40 41,1,70,,43643,36,0,13 40 41,1,30,,43640,30,0,10 40 41,1,70,,43644,36,0,13 40 41,1,28,,43641,30,0,10 40 41,1,72,43,43627,36,0,13 40 41,1
401,'30',700,42,43677,30,0,10 40 41,1,45,,43676,36,0,13 40 41,1,85,,43675,30,0,10 40 41,1,85,,43646,36,0,13 40 41,1,85,,43647,30,0,10 40 41,1,30,,43648,36,0,13 40 41,1,24,,43649,30,0,10 40 41,1,70,,43650,36,0,13 40 41,1,27,,43651,30,0,10 40 41,1,70,,43652,36,0,13 40 41,1,29,,43653,30,0,10 40 41,1,72,,43654,36,0,13 40 41,1,30,,43655,30,0,10 40 41,1,70,,43656,36,0,13 40 41,1,30,,43657,30,0,10 40 41,1,70,,43658,36,0,13 40 41,1,30,,43659,30,0,10 40 41,1,70,,43660,36,0,13 40 41,1,30,,43661,30,0,10 40 41,1,70,,43662,36,0,13 40 41,1,30,,43663,30,0,10 40 41,1,70,,43664,36,0,13 40 41,1,30,,43665,30,0,10 40 41,1,70,,43666,36,0,13 40 41,1,28,,43667,30,0,10 40 41,1,72,,43668,36,0,13 40 41,1,30,,43669,30,0,10 40 41,1,72,,43670,36,0,13 40 41,1,28,,43671,30,0,10 40 41,1,70,,43672,36,0,13 40 41,1,78,42,43645,30,0,10 40 41,1
401,'4',700,42,43710,30,0,10 40 41,1,45,,43709,36,0,13 40 41,1,85,,43708,30,0,10 40 41,1,85,,43679,36,0,13 40 41,1,85,,43680,30,0,10 40 41,1,30,,43681,36,0,13 40 41,1,24,,43682,30,0,10 40 41,1,70,,43683,36,0,13 40 41,1,27,,43684,30,0,10 40 41,1,70,,43685,36,0,13 40 41,1,29,,43686,30,0,10 40 41,1,72,,43687,36,0,13 40 41,1,30,,43688,30,0,10 40 41,1,70,,43689,36,0,13 40 41,1,30,,43690,30,0,10 40 41,1,70,,43691,36,0,13 40 41,1,30,,43692,30,0,10 40 41,1,70,,43693,36,0,13 40 41,1,30,,43694,30,0,10 40 41,1,70,,43695,36,0,13 40 41,1,30,,43696,30,0,10 40 41,1,70,,43697,36,0,13 40 41,1,30,,43698,30,0,10 40 41,1,70,,43699,36,0,13 40 41,1,28,,43700,30,0,10 40 41,1,72,,43701,36,0,13 40 41,1,30,,43702,30,0,10 40 41,1,72,,43703,36,0,13 40 41,1,28,,43704,30,0,10 40 41,1,70,,43705,36,0,13 40 41,1,78,42,43678,30,0,10 40 41,1
600,'2',602,,43919,18,,,1,28,2,43918,18,,,1,80,,43920,18,,,1,25,,43921,18,,,1,20,,43922,18,,,1,65,,43923,18,,,1,25,,43924,18,,,1,65,,43925,18,,,1,30,,43926,18,,,1,70,,43927,18,,,1,25,,43928,18,,,1,70,,43929,18,,,1,30,,43930,18,,,1,70,,43931,18,,,1,25,,43932,18,,,1,70,,43933,18,,,1,30,,43934,18,,,1,70,,43935,18,,,1,30,,43936,18,,,1,25,,43937,18,,,1,70,,43938,18,,,1,25,,43939,18,,,1,70,,43940,18,,,1,30,,43941,18,,,1,70,,43942,18,,,1,30,,43943,18,,,1,65,,43944,18,,,1,25,,43945,18,,,1,65,,43946,18,,,1,25,,43947,18,,,1,25,,43948,18,,,1,65,,43949,18,,,1,24,,43950,18,,,1,65,,43951,18,,,1,25,,43952,18,,,1,25,,43953,18,,,1,65,,43954,18,,,1,25,,43955,18,,,1,65,,43956,18,,,1,25,,43957,18,,,1,67,,43958,18,,,1,25,,43959,18,,,1,69,,43960,18,,,1
600,'3',557,,43961,1,,,1,73,,43962,18,,,1,27,,43963,18,,,1,75,,43964,18,,,1,75,,43965,18,,,1,35,,43966,18,,,1,75,,43967,18,,,1,26,,43969,1,,,1,9,,43968,18,,,1,71,,43970,18,,,1,28,,43971,18,,,1,65,,43972,18,,,1,25,,43973,18,,,1,64,,43974,18,,,1,18,,43975,18,,,1,20,,43976,18,,,1,58,,43977,18,,,1,20,,43978,18,,,1,19,,43979,18,,,1,60,,43980,18,,,1,20,,43981,18,,,1,20,,43982,18,,,1,60,,43983,18,,,1,20,,43984,18,,,1,20,,43985,18,,,1,60,,43986,18,,,1,20,,43987,18,,,1,20,,43988,18,,,1,60,,43989,18,,,1,20,,43990,18,,,1,20,,43991,18,,,1,60,,43992,18,,,1,20,,43993,18,,,1,15,,43994,18,,,1,65,,43995,18,,,1,25,,43996,18,,,1,25,,43997,18,,,1,65,,43998,18,,,1,25,,43999,18,,,1,65,,44000,18,,,1,26,,44001,18,,,1,79,,44002,18,,,1,33,,44003,18,,,1,76,,44004,18,,,1,36,,44005,18,,,1,76,,44006,18,,,1,69,,44007,18,,,1
600,'30',847,2,44008,1,,,1,68,,44009,1,,,1,37,,44010,18,,,1,75,,44011,18,,,1,75,,44012,18,,,1,35,,44013,18,,,1,70,,44014,1,,,1,16,,44015,18,,,1,34,,44016,18,,,1,65,,44017,18,,,1,25,,44018,18,,,1,65,,44019,18,,,1,25,,44020,18,,,1,65,,44021,18,,,1,25,,44022,18,,,1,25,,44023,18,,,1,65,,44024,18,,,1,25,,44025,18,,,1,65,,44026,18,,,1,26,,44027,18,,,1,23,,44028,18,,,1,65,,44029,18,,,1,37,,44030,18,,,1,75,,44031,18,,,1,75,,44032,18,,,1,35,,44033,18,,,1,75,,44034,18,,,1,35,,44035,18,,,1,73,,44036,18,,,1,74,42,44037,18,,,1
600,'4',847,2,44038,1,,,1,68,,44039,1,,,1,37,,44040,18,,,1,75,,44041,18,,,1,75,,44042,18,,,1,35,,44043,18,,,1,70,,44067,1,,,1,16,,44044,18,,,1,34,,44045,18,,,1,65,,44046,18,,,1,25,,44047,18,,,1,65,,44048,18,,,1,25,,44049,18,,,1,65,,44050,18,,,1,25,,44051,18,,,1,25,,44052,18,,,1,65,,44053,18,,,1,25,,44054,18,,,1,65,,44055,18,,,1,26,,44056,18,,,1,23,,44057,18,,,1,65,,44058,18,,,1,37,,44059,18,,,1,75,,44060,18,,,1,75,,44061,18,,,1,35,,44062,18,,,1,75,,44063,18,,,1,35,,44064,18,,,1,73,,44065,18,,,1,74,42,44066,18,,,1
1301,'11802',756,,45714,21,,,1,852,,45715,21,,,1,96,,45716,21,,,1
1301,'2',630,3,45717,47,0,10 14 20,1,7,,45718,21,,,1,15,,45719,47,0,10 14 20,1,56,,45720,21,,,1,10,,45721,47,0,10 14 20,1,15,,45722,21,,,1,15,,45723,47,0,10 14 20,1,55,,45724,21,,,1,15,,45725,47,0,10 14 20,1,15,,45726,21,,,1,15,,45727,47,0,10 14 20,1,55,,45728,21,,,1,10,,45729,47,0,10 14 20,1,15,,45730,25,,,1,15,,45731,47,0,10 14 20,1,15,,45732,25,,,1,55,,45733,47,0,10 14 20,1,15,,45734,25,,,1,15,,45735,47,0,10 14 20,1,15,,45736,25,,,1,50,,45737,47,0,10 14 20,1,15,,45738,25,,,1,15,,45739,47,0,10 14 20,1,15,,45740,25,,,1,55,,45741,47,0,10 14 20,1,15,,45742,25,,,1,15,,45743,47,0,10 14 20,1,15,,45744,25,,,1,55,,45745,47,0,10 14 20,1,15,,45746,25,,,1,15,,45747,47,0,10 14 20,1,15,,45748,25,,,1,55,,45749,47,0,10 14 20,1,15,,45750,21,,,1,15,,45751,47,0,10 14 20,1,15,,45752,21,,,1,55,,45753,47,0,10 14 20,1,15,,45754,21,,,1,21,,45755,47,0,10 14 20,1,15,,45756,21,,,1,55,,45757,47,0,10 14 20,1,15,,45758,21,,,1,15,,45759,47,0,10 14 20,1,15,,45760,21,,,1,53,,45761,47,0,10 14 20,1,13,,45762,21,,,1,15,,45763,47,0,10 14 20,1,15,,45764,21,,,1,55,,45765,47,0,10 14 20,1,20,,45767,21,,,1,20,,45771,21,,,1,60,,45768,47,0,10 14 20,1,15,,45772,21,,,1,15,,45769,47,0,10 14 20,1,60,,45773,21,,,1,20,,45770,47,0,10 14 20,1,20,,45774,21,,,1,60,,45775,47,0,10 14 20,1,25,,45778,21,,,1,30,,45776,47,0,10 14 20,1,70,,45779,21,,,1,25,,45777,47,0,10 14 20,1,65,,45780,21,,,1,18,,45781,47,0,10 14 20,1,74,,45783,21,,,1,30,,45782,47,0,10 14 20,1,63,42,45784,21,,,1
1301,'3',630,2,45785,47,0,10 14 20,1,75,,45786,21,,,1,35,,45787,47,0,10 14 20,1,60,,45788,21,,,1,16,,45792,47,0,10 14 20,1,16,,45789,21,,,1,16,,45793,47,0,10 14 20,1,56,,45790,21,,,1,16,,45794,21,,,1,16,,45791,47,0,10 14 20,1,16,,45795,21,,,1,55,,45796,47,0,10 14 20,1,15,,45797,21,,,1,10,,45813,47,0,10 14 20,1,15,,45798,21,,,1,55,,45814,47,0,10 14 20,1,15,,45799,21,,,1,15,,45815,47,0,10 14 20,1,15,,45800,21,,,1,55,,45816,47,0,10 14 20,1,15,,45801,21,,,1,15,,45817,47,0,10 14 20,1,15,,45802,21,,,1,55,,45818,47,0,10 14 20,1,15,,45803,21,,,1,10,,45819,47,0,10 14 20,1,15,,45804,21,,,1,15,,45820,47,0,10 14 20,1,55,,45805,21,,,1,15,,45821,47,0,10 14 20,1,15,,45806,21,,,1,15,,45822,47,0,10 14 20,1,55,,45807,21,,,1,15,,45823,47,0,10 14 20,1,15,,45808,21,,,1,10,,45824,47,0,10 14 20,1,55,,45809,21,,,1,15,,45825,47,0,10 14 20,1,15,,45810,21,,,1,15,,45826,47,0,10 14 20,1,55,,45811,21,,,1,15,,45827,47,0,10 14 20,1,15,,45812,21,,,1,15,,45828,47,0,10 14 20,1,55,,45833,21,,,1,15,,45829,47,0,10 14 20,1,15,,45834,21,,,1,20,,45830,47,0,10 14 20,1,60,,45835,21,,,1,20,,45831,47,0,10 14 20,1,20,,45836,21,,,1,60,,45832,47,0,10 14 20,1,20,,45837,21,,,1,20,,45838,47,0,10 14 20,1,65,,45842,21,,,1,30,,45839,47,0,10 14 20,1,70,,45843,21,,,1,20,,45840,47,0,10 14 20,1,65,,45844,21,,,1,30,,45841,47,0,10 14 20,1,70,,45845,21,,,1,42,,45847,47,0,10 14 20,1,51,42,45846,21,,,1
1301,'30',700,42,45869,47,0,10 14 20,1,35,,45871,21,,,1,75,,45870,47,0,10 14 20,1,35,,45872,21,,,1,69,,45873,3,,,1,6,,45868,47,0,10 14 20,1,30,,45867,21,,,1,71,,45856,47,0,10 14 20,1,30,,45866,21,,,1,65,,45855,47,0,10 14 20,1,30,,45865,21,,,1,70,,45854,47,0,10 14 20,1,30,,45864,21,,,1,70,,45853,47,0,10 14 20,1,30,,45863,21,,,1,70,,45852,47,0,10 14 20,1,30,,45862,21,,,1,70,,45851,47,0,10 14 20,1,30,,45861,21,,,1,65,,45850,47,0,10 14 20,1,30,,45860,21,,,1,70,,45849,47,0,10 14 20,1,30,,45859,21,,,1,70,,45848,47,0,10 14 20,1,30,,45858,21,,,1,65,,45874,47,0,10 14 20,1,30,,45878,21,,,1,65,,45875,47,0,10 14 20,1,25,,45879,21,,,1,15,,45876,47,0,10 14 20,1,70,,45880,21,,,1,30,,45877,47,0,10 14 20,1,71,,45881,21,,,1,37,,45882,47,0,10 14 20,1,51,42,45857,21,,,1
1301,'4',700,42,45904,47,0,10 14 20,1,35,,45906,21,,,1,75,,45905,47,0,10 14 20,1,35,,45907,21,,,1,69,,45908,3,,,1,6,,45903,47,0,10 14 20,1,30,,45902,21,,,1,71,,45891,47,0,10 14 20,1,30,,45901,21,,,1,65,,45890,47,0,10 14 20,1,30,,45900,21,,,1,70,,45889,47,0,10 14 20,1,30,,45899,21,,,1,70,,45888,47,0,10 14 20,1,30,,45898,21,,,1,70,,45887,47,0,10 14 20,1,30,,45897,21,,,1,70,,45886,47,0,10 14 20,1,30,,45896,21,,,1,65,,45885,47,0,10 14 20,1,30,,45895,21,,,1,70,,45884,47,0,10 14 20,1,30,,45894,21,,,1,70,,45883,47,0,10 14 20,1,30,,45893,21,,,1,65,,45909,47,0,10 14 20,1,30,,45913,21,,,1,65,,45910,47,0,10 14 20,1,25,,45914,21,,,1,15,,45911,47,0,10 14 20,1,70,,45915,21,,,1,30,,45912,47,0,10 14 20,1,71,,45916,21,,,1,37,,45917,47,0,10 14 20,1,51,42,45892,21,,,1
1501,'2',630,2,46113,39,0,10 26 27,1,20,,46114,37,0,13 26 27,1,60,,46115,39,0,10 26 27,1,16,,46116,37,0,13 26 27,1,16,,46119,39,0,10 26 27,1,11,,46117,37,0,13 26 27,1,56,,46120,39,0,10 26 27,1,16,,46118,37,0,13 26 27,1,16,,46121,39,0,10 26 27,1,16,,46122,37,0,13 26 27,1,55,,46140,39,0,10 26 27,1,15,,46123,37,0,13 26 27,1,15,,46141,39,0,10 26 27,1,15,,46124,37,0,13 26 27,1,55,,46142,39,0,10 26 27,1,15,,46125,37,0,13 26 27,1,15,,46143,39,0,10 26 27,1,15,,46126,37,0,13 26 27,1,55,,46144,39,0,10 26 27,1,15,,46127,37,0,13 26 27,1,15,,46145,39,0,10 26 27,1,15,,46128,37,0,13 26 27,1,55,,46146,39,0,10 26 27,1,15,,46129,37,0,13 26 27,1,15,,46147,39,0,10 26 27,1,15,,46130,37,0,13 26 27,1,55,,46148,39,0,10 26 27,1,15,,46131,37,0,13 26 27,1,15,,46149,39,0,10 26 27,1,13,,46132,37,0,13 26 27,1,57,,46150,39,0,10 26 27,1,15,,46133,37,0,13 26 27,1,15,,46151,39,0,10 26 27,1,15,,46134,37,0,13 26 27,1,55,,46152,39,0,10 26 27,1,15,,46135,37,0,13 26 27,1,15,,46153,39,0,10 26 27,1,15,,46136,37,0,13 26 27,1,55,,46154,39,0,10 26 27,1,15,,46137,37,0,13 26 27,1,17,,46155,39,0,10 26 27,1,13,,46138,37,0,13 26 27,1,55,,46156,39,0,10 26 27,1,15,,46139,37,0,13 26 27,1,15,,46159,39,0,10 26 27,1,15,,46160,37,0,13 26 27,1,60,,46161,39,0,10 26 27,1,20,,46162,37,0,13 26 27,1,20,,46174,39,0,10 26 27,1,75,,46163,37,0,13 26 27,1,70,,46164,39,0,10 26 27,1,20,,46165,37,0,13 26 27,1,18,,46166,39,0,10 26 27,1,64,,46167,37,0,13 26 27,1,30,,46168,39,0,10 26 27,1,70,,46169,37,0,13 26 27,1,30,,46170,39,0,10 26 27,1,70,,46171,37,0,13 26 27,1,30,,46172,39,0,10 26 27,1,72,2,46173,37,0,13 26 27,1,23,,46177,39,0,10 26 27,1,71,,46176,37,0,13 26 27,1
1501,'3',630,2,46182,37,0,13 26 27,1,90,,46183,39,0,10 26 27,1,35,,46184,37,0,13 26 27,1,70,,46185,39,0,10 26 27,1,30,,46187,37,0,13 26 27,1,70,,46186,39,0,10 26 27,1,30,,46188,37,0,13 26 27,1,60,,46189,39,0,10 26 27,1,20,,46190,37,0,13 26 27,1,20,,46191,37,0,13 26 27,1,60,,46192,39,0,10 26 27,1,20,,46203,37,0,13 26 27,1,20,,46193,39,0,10 26 27,1,60,,46204,37,0,13 26 27,1,20,,46194,39,0,10 26 27,1,20,,46205,37,0,13 26 27,1,60,,46195,39,0,10 26 27,1,20,,46206,37,0,13 26 27,1,20,,46196,39,0,10 26 27,1,60,,46207,37,0,13 26 27,1,20,,46197,39,0,10 26 27,1,20,,46208,37,0,13 26 27,1,60,,46198,39,0,10 26 27,1,20,,46209,37,0,13 26 27,1,20,,46199,39,0,10 26 27,1,60,,46210,37,0,13 26 27,1,20,,46200,39,0,10 26 27,1,20,,46211,37,0,13 26 27,1,60,,46201,39,0,10 26 27,1,15,,46212,37,0,13 26 27,1,25,,46202,39,0,10 26 27,1,70,,46213,37,0,13 26 27,1,30,,46219,39,0,10 26 27,1,70,,46214,37,0,13 26 27,1,30,,46220,39,0,10 26 27,1,70,,46215,37,0,13 26 27,1,30,,46221,39,0,10 26 27,1,65,,46216,37,0,13 26 27,1,30,,46222,39,0,10 26 27,1,65,,46217,37,0,13 26 27,1,30,,46223,39,0,10 26 27,1,65,,46218,37,0,13 26 27,1,25,,46224,39,0,10 26 27,1,70,,46225,37,0,13 26 27,1,95,42,46226,39,0,10 26 27,1
1501,'30',632,,46267,39,0,10 26 27,1,25,,46268,37,0,13 26 27,1,64,2,46231,39,0,10 26 27,1,26,,46232,37,0,13 26 27,1,70,,46266,39,0,10 26 27,1,23,,46265,37,0,13 26 27,1,67,,46233,39,0,10 26 27,1,31,,46234,37,0,13 26 27,1,70,,46235,39,0,10 26 27,1,22,,46236,37,0,13 26 27,1,70,,46237,39,0,10 26 27,1,25,,46238,37,0,13 26 27,1,30,,46239,39,0,10 26 27,1,70,,46240,37,0,13 26 27,1,28,,46241,39,0,10 26 27,1,70,,46242,37,0,13 26 27,1,30,,46243,39,0,10 26 27,1,70,,46244,37,0,13 26 27,1,30,,46245,39,0,10 26 27,1,70,,46246,37,0,13 26 27,1,30,,46247,39,0,10 26 27,1,70,,46248,37,0,13 26 27,1,30,,46249,39,0,10 26 27,1,70,,46250,37,0,13 26 27,1,30,,46251,39,0,10 26 27,1,70,,46252,37,0,13 26 27,1,26,,46253,39,0,10 26 27,1,70,,46254,37,0,13 26 27,1,30,,46255,39,0,10 26 27,1,65,,46256,37,0,13 26 27,1,25,,46257,39,0,10 26 27,1,70,,46258,37,0,13 26 27,1,30,,46259,39,0,10 26 27,1,61,,46260,37,0,13 26 27,1,30,,46261,39,0,10 26 27,1,70,42,46262,37,0,13 26 27,1
1501,'4',632,,46306,39,0,10 26 27,1,25,,46307,37,0,13 26 27,1,64,2,46270,39,0,10 26 27,1,26,,46271,37,0,13 26 27,1,70,,46305,39,0,10 26 27,1,23,,46304,37,0,13 26 27,1,67,,46272,39,0,10 26 27,1,31,,46273,37,0,13 26 27,1,70,,46274,39,0,10 26 27,1,22,,46275,37,0,13 26 27,1,70,,46276,39,0,10 26 27,1,25,,46277,37,0,13 26 27,1,30,,46278,39,0,10 26 27,1,70,,46279,37,0,13 26 27,1,28,,46280,39,0,10 26 27,1,70,,46281,37,0,13 26 27,1,30,,46282,39,0,10 26 27,1,70,,46283,37,0,13 26 27,1,30,,46284,39,0,10 26 27,1,70,,46285,37,0,13 26 27,1,30,,46286,39,0,10 26 27,1,70,,46287,37,0,13 26 27,1,30,,46288,39,0,10 26 27,1,70,,46289,37,0,13 26 27,1,30,,46290,39,0,10 26 27,1,70,,46291,37,0,13 26 27,1,26,,46292,39,0,10 26 27,1,70,,46293,37,0,13 26 27,1,30,,46294,39,0,10 26 27,1,65,,46295,37,0,13 26 27,1,25,,46296,39,0,10 26 27,1,70,,46297,37,0,13 26 27,1,30,,46298,39,0,10 26 27,1,61,,46299,37,0,13 26 27,1,30,,46300,39,0,10 26 27,1,70,42,46301,37,0,13 26 27,1
9001,'11802',924,,49574,10,4,,1
9001,'2',643,,49575,10,,,1,59,,49576,10,,,1,20,,49577,10,,,1,10,,49578,10,,,1,20,,49579,10,,,1,55,,49580,10,,,1,15,,49581,10,,,1,15,,49582,10,,,1,15,,49583,10,,,1,55,,49584,10,,,1,14,,49585,10,,,1,15,,49586,10,,,1,15,,49587,10,,,1,55,,49588,10,,,1,15,,49589,10,,,1,15,,49590,10,,,1,15,,49591,10,,,1,55,,49592,10,,,1,15,,49593,10,,,1,15,,49594,10,,,1,15,,49595,10,,,1,55,,49596,10,,,1,16,,49597,10,,,1,15,,49598,10,,,1,15,,49599,10,,,1,55,,49600,10,,,1,15,,49601,10,,,1,15,,49602,10,,,1,15,,49603,10,,,1,55,,49604,10,,,1,15,,49605,10,,,1,15,,49606,10,,,1,15,,49607,10,,,1,55,,49608,10,,,1,14,,49609,10,,,1,14,,49610,10,,,1,14,,49611,10,,,1,59,,49612,10,,,1,9,,49613,10,,,1,16,,49614,10,,,1,15,,49615,10,,,1,55,,49616,10,,,1,15,,49617,10,,,1,15,,49618,10,,,1,14,,49629,10,4,,1,56,,49619,10,,,1,19,,49620,10,4,,1,17,,49621,10,,,1,20,,49622,10,,,1,74,,49623,10,,,1,67,,49624,10,,,1,27,,49625,10,,,1,27,,49626,10,,,1,65,,49627,10,,,1,22,,49628,10,4,,1
9001,'3',831,,49648,10,,,1,70,,49649,10,,,1,30,,49650,10,,,1,70,,49651,10,,,1,21,,49652,10,,,1,25,,49647,10,,,1,65,,49646,10,,,1,25,,49645,10,,,1,65,,49644,10,,,1,24,,49643,10,,,1,25,,49642,10,,,1,65,,49641,10,,,1,25,,49640,10,,,1,65,,49639,10,,,1,26,,49638,10,,,1,25,,49637,10,,,1,65,,49636,10,,,1,25,,49635,10,,,1,65,,49634,10,,,1,25,,49633,10,,,1,65,,49632,10,,,1,25,,49631,10,,,1,25,,49630,10,,,1
9001,'4',1001,,49654,10,,,1,20,,49655,10,,,1,20,,49656,10,,,1,60,,49657,10,,,1,20,,49658,10,,,1,20,,49659,10,,,1,60,,49660,10,,,1,16,,49679,10,,,1,16,,49661,10,,,1,16,,49662,10,,,1,56,,49663,10,,,1,16,,49664,10,,,1,16,,49665,10,,,1,16,,49666,10,,,1,56,,49667,10,,,1,16,,49668,10,,,1,16,,49669,10,,,1,16,,49670,10,,,1,56,,49671,10,,,1,16,,49672,10,,,1,16,,49673,10,,,1,56,,49674,10,,,1,16,,49675,10,,,1,16,,49676,10,,,1,16,,49677,10,,,1,56,,49678,10,,,1,17,,49680,10,,,1,21,,49681,10,,,1,61,,49682,10,,,1,25,,49683,10,,,1,18,,49653,10,,,1,65,,49684,10,,,1
10400,'3302',711,,50469,1,,,1,27,,50470,1,,,1,69,,50471,7,,,1,30,,50472,7,,,1,72,,50473,7,,,1,30,,50474,7,,,1,70,,50475,7,,,1,30,,50476,7,,,1,69,,50477,7,,,1,31,,50478,7,,,1,68,,50479,7,,,1,32,,50480,7,,,1,67,,50481,7,,,1,32,,50482,7,,,1,65,,50483,7,,,1,29,,50484,7,,,1,71,,50485,7,,,1,32,,50486,7,,,1,69,,50487,7,,,1,30,,50488,7,,,1,71,,50489,7,,,1,33,,50490,7,,,1,71,,50491,7,,,1,26,,50492,7,,,1
10400,'3903',1008,,50510,1,,,1,27,,50495,7,,,1,21,,50496,7,,,1,70,,50497,7,,,1,27,,50498,7,,,1,70,,50499,7,,,1,20,,50500,7,,,1,70,,50501,7,,,1,25,,50502,7,,,1,71,,50503,7,,,1,28,,50504,7,,,1,71,,50505,7,,,1,30,,50506,7,,,1,70,,50507,7,,,1,29,,50508,7,,,1,70,,50509,7,,,1,30,,50494,7,,,1,70,,50493,7,,,1
10600,'11802',822,,50550,3,,,1,85,,50551,3,,,1,649,,50552,3,,,1,90,,50553,3,,,1
10600,'3302',705,,50554,3,,,1,20,,50569,3,,,1,21,,50555,3,,,1,60,,50570,3,,,1,25,,50556,3,,,1,20,,50571,3,,,1,65,,50557,3,,,1,20,,50572,3,,,1,65,,50558,3,,,1,25,,50573,3,,,1,20,,50559,3,,,1,65,,50574,3,,,1,20,,50560,3,,,1,20,,50575,3,,,1,65,,50561,3,,,1,21,,50576,3,,,1,65,,50562,3,,,1,20,,50577,3,,,1,25,,50563,3,,,1,60,,50578,3,,,1,26,,50564,3,,,1,20,,50579,3,,,1,65,,50565,3,,,1,20,,50580,3,,,1,65,,50566,3,,,1,20,,50581,3,,,1,30,,50567,3,,,1,60,,50582,3,,,1,10,,50584,3,,,1,25,,50568,3,,,1,60,,50583,3,,,1,10,,50585,3,,,1,20,,50590,3,,,1,19,,50586,3,,,1,58,,50591,3,,,1,22,,50587,3,,,1,18,,50592,3,,,1,62,,50588,3,,,1,18,,50593,3,,,1,22,,50589,3,,,1,58,,50594,3,,,1,38,,50595,3,,,1,81,,50596,3,,,1,80,,50597,3,,,1,40,,50598,3,,,1
10600,'3602',715,,50599,3,,,1,20,,50614,3,,,1,21,,50600,3,,,1,60,,50615,3,,,1,25,,50601,3,,,1,60,,50616,3,,,1,25,,50602,3,,,1,20,,50617,3,,,1,65,,50603,3,,,1,25,,50618,3,,,1,20,,50604,3,,,1,65,,50619,3,,,1,20,,50605,3,,,1,60,,50620,3,,,1,26,,50606,3,,,1,20,,50621,3,,,1,65,,50607,3,,,1,20,,50622,3,,,1,25,,50608,3,,,1,60,,50623,3,,,1,26,,50609,3,,,1,60,,50624,3,,,1,25,,50610,3,,,1,20,,50625,3,,,1,65,,50611,3,,,1,25,,50626,3,,,1,65,,50612,3,,,1,35,,50627,3,,,1,20,,50613,3,,,1,70,,50628,3,,,1,20,,50629,3,,,1,58,,50630,3,,,1,20,,50631,3,,,1,21,,50632,3,,,1,58,,50633,3,,,1,22,,50634,3,,,1,18,,50635,3,,,1
10600,'3903',1103,,50636,3,,,1,41,,50637,3,,,1,86,,50638,3,,,1,80,,50639,3,,,1,40,,50640,3,,,1,81,,50641,3,,,1,85,,50642,3,,,1,85,,50643,3,,,1,50,,50644,3,,,1,90,,50645,3,,,1,84,,50646,3,,,1,80,,50647,3,,,1,40,,50648,3,,,1,80,,50649,3,,,1,80,,50650,3,,,1,39,,50651,3,,,1,80,,50652,3,,,1
10600,'6404',1103,,50653,3,,,1,41,,50654,3,,,1,86,,50655,3,,,1,80,,50656,3,,,1,40,,50657,3,,,1,81,,50658,3,,,1,85,,50659,3,,,1,85,,50660,3,,,1,50,,50661,3,,,1,90,,50662,3,,,1,84,,50663,3,,,1,80,,50664,3,,,1,40,,50665,3,,,1,80,,50666,3,,,1,80,,50667,3,,,1,39,,50668,3,,,1
