401,'11802',730,,43532,55,0,13 40 41,1,82,,43531,55,0,13 40 41,1
401,'2',605,,43559,49,0,10 40 41,1,36,,43558,55,0,13 40 41,1,11,,43600,49,0,10 40 41,1,71,,43557,49,0,10 40 41,1,15,,43556,55,0,13 40 41,1,10,,43555,21,,,1,57,,43554,49,0,10 40 41,1,15,,43553,49,0,10 40 41,1,15,,43552,55,0,13 40 41,1,15,,43551,49,0,10 40 41,1,55,,43550,55,0,13 40 41,1,15,,43549,49,0,10 40 41,1,15,,43548,55,0,13 40 41,1,15,,43547,49,0,10 40 41,1,55,,43546,55,0,13 40 41,1,20,,43545,49,0,10 40 41,1,20,,43544,55,0,13 40 41,1,60,,43543,49,0,10 40 41,1,20,,43542,55,0,13 40 41,1,21,,43541,49,0,10 40 41,1,61,,43540,55,0,13 40 41,1,20,,43539,49,0,10 40 41,1,20,,43538,55,0,13 40 41,1,60,,43537,49,0,10 40 41,1,20,,43536,55,0,13 40 41,1,20,,43535,49,0,10 40 41,1,60,,43534,55,0,13 40 41,1,21,,43533,49,0,10 40 41,1,15,,43562,55,0,13 40 41,1,59,,43570,49,0,10 40 41,1,15,,43563,55,0,13 40 41,1,15,,43571,49,0,10 40 41,1,15,,43564,55,0,13 40 41,1,55,,43572,49,0,10 40 41,1,16,,43565,55,0,13 40 41,1,15,,43573,49,0,10 40 41,1,15,,43566,55,0,13 40 41,1,55,,43574,49,0,10 40 41,1,15,,43567,55,0,13 40 41,1,15,,43575,49,0,10 40 41,1,15,,43568,55,0,13 40 41,1,55,,43576,49,0,10 40 41,1,9,,43569,55,0,13 40 41,1,17,,43579,49,0,10 40 41,1,21,,43584,55,0,13 40 41,1,60,,43580,49,0,10 40 41,1,20,,43585,55,0,13 40 41,1,20,,43581,49,0,10 40 41,1,60,,43586,55,0,13 40 41,1,20,,43582,49,0,10 40 41,1,20,,43587,55,0,13 40 41,1,68,,43583,49,0,10 40 41,1,33,,43588,55,0,13 40 41,1,70,,43591,49,0,10 40 41,1,30,,43589,55,0,13 40 41,1,70,,43592,49,0,10 40 41,1,30,,43590,55,0,13 40 41,1,70,,43593,49,0,10 40 41,1,90,,43594,55,0,13 40 41,1
401,'3',640,,43601,49,0,10 40 41,1,70,,43602,55,0,13 40 41,1,20,,43609,49,0,10 40 41,1,70,,43603,55,0,13 40 41,1,32,,43610,49,0,10 40 41,1,70,,43604,55,0,13 40 41,1,30,,43611,49,0,10 40 41,1,70,,43605,55,0,13 40 41,1,32,,43612,49,0,10 40 41,1,70,,43606,55,0,13 40 41,1,30,,43613,49,0,10 40 41,1,70,,43607,55,0,13 40 41,1,30,,43614,49,0,10 40 41,1,70,,43608,55,0,13 40 41,1,26,,43615,49,0,10 40 41,1,27,,43621,55,0,13 40 41,1,66,,43616,49,0,10 40 41,1,25,,43622,55,0,13 40 41,1,65,,43617,49,0,10 40 41,1,25,,43623,55,0,13 40 41,1,65,,43618,49,0,10 40 41,1,25,,43624,55,0,13 40 41,1,25,,43619,49,0,10 40 41,1,65,,43625,55,0,13 40 41,1,25,,43620,49,0,10 40 41,1,65,,43633,55,0,13 40 41,1,25,,43629,49,0,10 40 41,1,25,,43634,55,0,13 40 41,1,65,,43630,49,0,10 40 41,1,25,,43635,55,0,13 40 41,1,65,,43631,49,0,10 40 41,1,25,,43636,55,0,13 40 41,1,65,,43632,49,0,10 40 41,1,23,,43637,55,0,13 40 41,1,17,,43638,49,0,10 40 41,1,70,,43642,55,0,13 40 41,1,30,,43639,49,0,10 40 41,1,70,,43643,55,0,13 40 41,1,30,,43640,49,0,10 40 41,1,70,,43644,55,0,13 40 41,1,28,,43641,49,0,10 40 41,1,72,,43627,55,0,13 40 41,1
401,'30',710,,43677,49,0,10 40 41,1,45,,43676,55,0,13 40 41,1,85,,43675,49,0,10 40 41,1,87,,43646,55,0,13 40 41,1,85,,43647,49,0,10 40 41,1,30,,43648,55,0,13 40 41,1,64,,43649,49,0,10 40 41,1,30,,43650,55,0,13 40 41,1,67,,43651,49,0,10 40 41,1,31,,43652,55,0,13 40 41,1,69,,43653,49,0,10 40 41,1,32,,43654,55,0,13 40 41,1,70,,43655,49,0,10 40 41,1,30,,43656,55,0,13 40 41,1,70,,43657,49,0,10 40 41,1,30,,43658,55,0,13 40 41,1,70,,43659,49,0,10 40 41,1,30,,43660,55,0,13 40 41,1,70,,43661,49,0,10 40 41,1,29,,43662,55,0,13 40 41,1,70,,43663,49,0,10 40 41,1,30,,43664,55,0,13 40 41,1,70,,43665,49,0,10 40 41,1,30,,43666,55,0,13 40 41,1,68,,43667,49,0,10 40 41,1,32,,43668,55,0,13 40 41,1,70,,43669,49,0,10 40 41,1,32,,43670,55,0,13 40 41,1,68,,43671,49,0,10 40 41,1,29,,43672,55,0,13 40 41,1,78,,43645,49,0,10 40 41,1
401,'4',710,,43710,49,0,10 40 41,1,45,,43709,55,0,13 40 41,1,85,,43708,49,0,10 40 41,1,87,,43679,55,0,13 40 41,1,85,,43680,49,0,10 40 41,1,30,,43681,55,0,13 40 41,1,64,,43682,49,0,10 40 41,1,30,,43683,55,0,13 40 41,1,67,,43684,49,0,10 40 41,1,31,,43685,55,0,13 40 41,1,69,,43686,49,0,10 40 41,1,32,,43687,55,0,13 40 41,1,70,,43688,49,0,10 40 41,1,30,,43689,55,0,13 40 41,1,70,,43690,49,0,10 40 41,1,30,,43691,55,0,13 40 41,1,70,,43692,49,0,10 40 41,1,30,,43693,55,0,13 40 41,1,70,,43694,49,0,10 40 41,1,29,,43695,55,0,13 40 41,1,70,,43696,49,0,10 40 41,1,30,,43697,55,0,13 40 41,1,70,,43698,49,0,10 40 41,1,30,,43699,55,0,13 40 41,1,68,,43700,49,0,10 40 41,1,32,,43701,55,0,13 40 41,1,70,,43702,49,0,10 40 41,1,32,,43703,55,0,13 40 41,1,68,,43704,49,0,10 40 41,1,29,,43705,55,0,13 40 41,1,78,,43678,49,0,10 40 41,1
1700,'11802',713,,46724,27,,,1,226,,46728,27,,,1
1700,'2',636,,46739,47,0,10 23 20,1,20,,46740,55,0,13 23 20,1,60,,46780,47,0,10 23 20,1,20,,46741,55,0,13 23 20,1,21,,46781,47,0,10 23 20,1,59,,46742,55,0,13 23 20,1,20,,46743,47,0,10 23 20,1,18,,46744,55,0,13 23 20,1,61,,46745,47,0,10 23 20,1,20,,46746,55,0,13 23 20,1,20,,46747,47,0,10 23 20,1,60,,46748,55,0,13 23 20,1,20,,46749,47,0,10 23 20,1,20,,46750,55,0,13 23 20,1,60,,46751,47,0,10 23 20,1,20,,46752,55,0,13 23 20,1,20,,46753,47,0,10 23 20,1,60,,46754,55,0,13 23 20,1,20,,46755,47,0,10 23 20,1,21,,46756,55,0,13 23 20,1,61,,46757,47,0,10 23 20,1,25,,46758,55,0,13 23 20,1,63,,46759,47,0,10 23 20,1,21,,46760,55,0,13 23 20,1,20,,46761,47,0,10 23 20,1,60,,46762,55,0,13 23 20,1,18,,46763,47,0,10 23 20,1,20,,46764,55,0,13 23 20,1,57,,46765,47,0,10 23 20,1,15,,46766,55,0,13 23 20,1,21,,46767,47,0,10 23 20,1,63,,46768,55,0,13 23 20,1,20,,46769,47,0,10 23 20,1,20,,46770,55,0,13 23 20,1,62,,46771,47,0,10 23 20,1,12,,46772,55,0,13 23 20,1,23,,46773,47,0,10 23 20,1,63,,46782,47,0,10 23 20,1,21,,46775,55,0,13 23 20,1,14,,46729,47,0,10 23 20,1,19,,46738,47,0,10 23 20,1,59,,46737,47,0,10 23 20,1,19,,46736,47,0,10 23 20,1,19,,46735,47,0,10 23 20,1,59,,46734,47,0,10 23 20,1,17,,46733,47,0,10 23 20,1,21,,46731,47,0,10 23 20,1,70,,46732,47,0,10 23 20,1,25,,46730,47,0,10 23 20,1,60,,46776,47,0,10 23 20,1,25,,46777,47,0,10 23 20,1,25,,46778,47,0,10 23 20,1,65,,46779,47,0,10 23 20,1,22,,46783,47,0,10 23 20,1,65,,46784,47,0,10 23 20,1
1700,'3',629,,46819,47,0,10 23 20,1,79,,46817,47,0,10 23 20,1,36,,46818,47,0,10 23 20,1,80,,46816,47,0,10 23 20,1,35,,46815,47,0,10 23 20,1,70,,46814,47,0,10 23 20,1,82,,46813,47,0,10 23 20,1,31,,46812,47,0,10 23 20,1,72,,46811,47,0,10 23 20,1,30,,46820,47,0,10 23 20,1,71,,46810,47,0,10 23 20,1,31,,46809,47,0,10 23 20,1,70,,46808,47,0,10 23 20,1,30,,46807,47,0,10 23 20,1,70,,46806,47,0,10 23 20,1,30,,46805,47,0,10 23 20,1,70,,46804,47,0,10 23 20,1,30,,46803,47,0,10 23 20,1,70,,46802,47,0,10 23 20,1,30,,46801,47,0,10 23 20,1,70,,46800,47,0,10 23 20,1,30,,46799,47,0,10 23 20,1,67,,46798,47,0,10 23 20,1,30,,46797,47,0,10 23 20,1,68,,46796,47,0,10 23 20,1,30,,46795,47,0,10 23 20,1,60,,46794,47,0,10 23 20,1,30,,46793,47,0,10 23 20,1,70,,46792,47,0,10 23 20,1,30,,46791,47,0,10 23 20,1,14,,46790,47,0,10 23 20,1,69,,46789,47,0,10 23 20,1,30,,46788,47,0,10 23 20,1,70,,46787,47,0,10 23 20,1,15,,46821,47,0,10 23 20,1,30,,46786,47,0,10 23 20,1,63,,46822,47,0,10 23 20,1,19,,46823,47,0,10 23 20,1,60,,46824,47,0,10 23 20,1
1700,'30',656,,46855,47,0,10 23 20,1,75,,46856,47,0,10 23 20,1,75,,46857,47,0,10 23 20,1,35,,46858,47,0,10 23 20,1,75,,46828,47,0,10 23 20,1,30,,46829,47,0,10 23 20,1,70,,46830,47,0,10 23 20,1,30,,46831,47,0,10 23 20,1,65,,46832,47,0,10 23 20,1,25,,46833,47,0,10 23 20,1,22,,46834,47,0,10 23 20,1,72,,46835,47,0,10 23 20,1,70,,46836,47,0,10 23 20,1,25,,46837,47,0,10 23 20,1,25,,46838,47,0,10 23 20,1,70,,46839,47,0,10 23 20,1,30,,46840,47,0,10 23 20,1,68,,46841,47,0,10 23 20,1,30,,46842,47,0,10 23 20,1,70,,46843,47,0,10 23 20,1,30,,46844,47,0,10 23 20,1,70,,46845,47,0,10 23 20,1,30,,46846,47,0,10 23 20,1,60,,46847,47,0,10 23 20,1,28,,46848,47,0,10 23 20,1,70,,46849,47,0,10 23 20,1,30,,46850,47,0,10 23 20,1,80,,46851,47,0,10 23 20,1,35,,46852,47,0,10 23 20,1,75,,46853,47,0,10 23 20,1,75,,46854,47,0,10 23 20,1,31,,46827,47,0,10 23 20,1,70,,46860,47,0,10 23 20,1,35,,46859,47,0,10 23 20,1
1700,'4',656,,46890,47,0,10 23 20,1,75,,46891,47,0,10 23 20,1,75,,46892,47,0,10 23 20,1,35,,46893,47,0,10 23 20,1,75,,46863,47,0,10 23 20,1,30,,46864,47,0,10 23 20,1,70,,46865,47,0,10 23 20,1,30,,46866,47,0,10 23 20,1,65,,46867,47,0,10 23 20,1,25,,46868,47,0,10 23 20,1,22,,46869,47,0,10 23 20,1,72,,46870,47,0,10 23 20,1,70,,46871,47,0,10 23 20,1,25,,46872,47,0,10 23 20,1,25,,46873,47,0,10 23 20,1,70,,46874,47,0,10 23 20,1,30,,46875,47,0,10 23 20,1,68,,46876,47,0,10 23 20,1,30,,46877,47,0,10 23 20,1,70,,46878,47,0,10 23 20,1,30,,46879,47,0,10 23 20,1,70,,46880,47,0,10 23 20,1,30,,46881,47,0,10 23 20,1,60,,46882,47,0,10 23 20,1,28,,46883,47,0,10 23 20,1,70,,46884,47,0,10 23 20,1,30,,46885,47,0,10 23 20,1,80,,46886,47,0,10 23 20,1,35,,46887,47,0,10 23 20,1,75,,46888,47,0,10 23 20,1,75,,46889,47,0,10 23 20,1,31,,46862,47,0,10 23 20,1,70,,46895,47,0,10 23 20,1,35,,46894,47,0,10 23 20,1
10400,'3302',726,,50469,20,,,1,27,,50470,20,,,1,69,,50471,26,,,1,30,,50472,26,,,1,72,,50473,26,,,1,30,,50474,26,,,1,70,,50475,26,,,1,30,,50476,26,,,1,69,,50477,26,,,1,31,,50478,26,,,1,68,,50479,26,,,1,32,,50480,26,,,1,67,,50481,26,,,1,32,,50482,26,,,1,66,,50483,26,,,1,29,,50484,26,,,1,71,,50485,26,,,1,32,,50486,26,,,1,71,,50487,26,,,1,30,,50488,26,,,1,71,,50489,26,,,1,33,,50490,26,,,1,68,,50491,26,,,1,26,,50492,26,,,1
10400,'3903',1021,,50510,20,,,1,29,,50495,26,,,1,61,,50496,26,,,1,30,,50497,26,,,1,67,,50498,26,,,1,30,,50499,26,,,1,20,,50500,26,,,1,70,,50501,26,,,1,25,,50502,26,,,1,71,,50503,26,,,1,28,,50504,26,,,1,71,,50505,26,,,1,30,,50506,26,,,1,70,,50507,26,,,1,29,,50508,26,,,1,70,,50509,26,,,1,30,,50494,26,,,1,70,,50493,26,,,1
