100,'2',631,,25958,28,0,13 9 15,0,20,,25959,28,0,10 16 17,0,58,,25960,28,0,13 9 15,0,18,,25965,28,0,10 16 17,0,15,,25961,28,0,13 9 15,0,15,,25966,28,0,10 16 17,0,55,,25962,28,0,13 9 15,0,15,,25967,28,0,10 16 17,0,15,,25963,28,0,13 9 15,0,15,,25968,28,0,10 16 17,0,59,,25964,28,0,13 9 15,0,15,,25973,28,0,10 16 17,0,20,,25980,28,0,13 9 15,0,55,,25974,28,0,10 16 17,0,20,,25981,28,0,13 9 15,0,20,,25975,28,0,10 16 17,0,60,,25982,28,0,13 9 15,0,20,,25976,28,0,10 16 17,0,20,,25983,28,0,13 9 15,0,60,,25977,28,0,10 16 17,0,20,,25984,28,0,13 9 15,0,20,,25978,28,0,10 16 17,0,60,,25985,28,0,13 9 15,0,20,,25979,28,0,10 16 17,0,20,,25986,28,0,13 9 15,0,61,,25988,28,0,10 16 17,0,15,,25992,28,0,13 9 15,0,11,,25989,28,0,10 16 17,0,15,,25993,28,0,13 9 15,0,55,,25990,28,0,10 16 17,0,15,,25994,28,0,13 9 15,0,15,,25991,28,0,10 16 17,0,15,,25995,28,0,13 9 15,0,55,,25996,28,0,10 16 17,0,16,,26000,28,0,13 9 15,0,16,,25997,28,0,10 16 17,0,16,,26001,28,0,13 9 15,0,56,,25998,28,0,10 16 17,0,16,,26002,28,0,13 9 15,0,16,,25999,28,0,10 16 17,0,16,,26003,28,0,13 9 15,0,66,,26004,28,0,10 16 17,0,18,,26008,28,0,13 9 15,0,65,,26005,28,0,10 16 17,0,25,,26009,28,0,13 9 15,0,25,,26006,28,0,10 16 17,0,65,,26010,28,0,13 9 15,0,25,,26007,28,0,10 16 17,0,60,,26013,28,0,13 9 15,0,25,,26016,28,0,10 16 17,0,30,,26014,28,0,13 9 15,0,70,,26017,28,0,10 16 17,0,30,,26015,28,0,13 9 15,0,70,,26018,28,0,10 16 17,0,72,,26019,28,0,13 9 15,0
100,'3',631,,26022,28,0,10 16 17,0,80,,26024,28,0,13 9 15,0,40,,26023,28,0,10 16 17,0,71,,26025,28,0,13 9 15,0,30,,26027,28,0,10 16 17,0,70,,26026,28,0,13 9 15,0,25,,26028,28,0,10 16 17,0,70,,26031,28,0,13 9 15,0,20,,26043,28,0,10 16 17,0,15,,26032,28,0,13 9 15,0,60,,26044,28,0,10 16 17,0,20,,26033,28,0,13 9 15,0,20,,26045,28,0,10 16 17,0,60,,26034,28,0,13 9 15,0,15,,26046,28,0,10 16 17,0,20,,26035,28,0,13 9 15,0,60,,26047,28,0,10 16 17,0,20,,26036,28,0,13 9 15,0,20,,26048,28,0,10 16 17,0,60,,26037,28,0,13 9 15,0,15,,26049,28,0,10 16 17,0,20,,26038,28,0,13 9 15,0,60,,26050,28,0,10 16 17,0,20,,26039,28,0,13 9 15,0,20,,26051,28,0,10 16 17,0,60,,26040,28,0,13 9 15,0,15,,26052,28,0,10 16 17,0,20,,26041,28,0,13 9 15,0,20,,26053,28,0,10 16 17,0,60,,26042,28,0,13 9 15,0,20,,26054,28,0,10 16 17,0,20,,26055,28,0,13 9 15,0,70,,26062,28,0,10 16 17,0,25,,26056,28,0,13 9 15,0,70,,26063,28,0,10 16 17,0,30,,26057,28,0,13 9 15,0,70,,26064,28,0,10 16 17,0,30,,26058,28,0,13 9 15,0,70,,26065,28,0,10 16 17,0,30,,26059,28,0,13 9 15,0,65,,26066,28,0,10 16 17,0,30,,26060,28,0,13 9 15,0,70,,26067,28,0,10 16 17,0,30,,26061,28,0,13 9 15,0,61,,26069,28,0,10 16 17,0
100,'30',857,,26072,28,0,10 16 17,0,67,,26075,28,0,13 9 15,0,27,,26073,28,0,10 16 17,0,72,,26076,28,0,13 9 15,0,32,,26074,28,0,10 16 17,0,72,,26077,28,0,13 9 15,0,32,,26079,28,0,10 16 17,0,65,,26080,28,0,13 9 15,0,25,,26087,28,0,10 16 17,0,65,,26081,28,0,13 9 15,0,25,,26088,28,0,10 16 17,0,65,,26082,28,0,13 9 15,0,25,,26089,28,0,10 16 17,0,25,,26083,28,0,13 9 15,0,65,,26090,28,0,10 16 17,0,25,,26084,28,0,13 9 15,0,65,,26091,28,0,10 16 17,0,25,,26085,28,0,13 9 15,0,20,,26092,28,0,10 16 17,0,65,,26086,28,0,13 9 15,0,20,,26093,28,0,10 16 17,0,70,,26095,28,0,13 9 15,0,30,,26100,28,0,10 16 17,0,70,,26096,28,0,13 9 15,0,30,,26101,28,0,10 16 17,0,70,,26097,28,0,13 9 15,0,30,,26102,28,0,10 16 17,0,70,,26098,28,0,13 9 15,0,30,,26103,28,0,10 16 17,0,70,,26099,28,0,13 9 15,0,25,,26104,28,0,10 16 17,0,67,,26105,28,0,13 9 15,0
100,'4',857,,26108,28,0,10 16 17,0,67,,26111,28,0,13 9 15,0,27,,26109,28,0,10 16 17,0,72,,26112,28,0,13 9 15,0,32,,26110,28,0,10 16 17,0,72,,26113,28,0,13 9 15,0,32,,26115,28,0,10 16 17,0,65,,26116,28,0,13 9 15,0,25,,26123,28,0,10 16 17,0,65,,26117,28,0,13 9 15,0,25,,26124,28,0,10 16 17,0,65,,26118,28,0,13 9 15,0,25,,26125,28,0,10 16 17,0,25,,26119,28,0,13 9 15,0,65,,26126,28,0,10 16 17,0,25,,26120,28,0,13 9 15,0,65,,26127,28,0,10 16 17,0,25,,26121,28,0,13 9 15,0,20,,26128,28,0,10 16 17,0,65,,26122,28,0,13 9 15,0,20,,26129,28,0,10 16 17,0,70,,26131,28,0,13 9 15,0,30,,26136,28,0,10 16 17,0,70,,26132,28,0,13 9 15,0,30,,26137,28,0,10 16 17,0,70,,26133,28,0,13 9 15,0,30,,26138,28,0,10 16 17,0,70,,26134,28,0,13 9 15,0,30,,26139,28,0,10 16 17,0,70,,26135,28,0,13 9 15,0,25,,26140,28,0,10 16 17,0,67,,26141,28,0,13 9 15,0
301,'2',553,,26936,4,,,0,95,,26937,4,,,0,70,,26938,4,,,0,33,,26939,4,,,0,67,,26940,4,,,0,30,,26941,4,,,0,70,,26942,4,,,0,30,,26943,4,,,0,70,,26944,4,,,0,30,,26945,4,,,0,70,,26946,4,,,0,30,,26947,4,,,0,70,,26948,4,,,0,30,,26949,4,,,0,70,,26950,4,,,0,30,,26951,4,,,0,71,,26952,4,,,0,30,,26953,4,,,0,70,,26954,4,,,0,30,,26955,4,,,0,70,,26956,4,,,0,30,,26957,4,,,0,70,,26958,4,,,0,30,,26959,4,,,0,68,,26960,4,,,0,28,,26964,4,,,0,70,,26965,4,,,0,30,,26966,4,,,0,70,,26967,4,,,0,30,,26968,4,,,0,70,,26969,4,,,0,26,,26970,4,,,0,70,,26971,4,,,0,30,,26972,4,,,0,70,,26973,4,,,0,19,,26961,4,,,0
301,'3',703,,26974,4,,,0,100,,26975,4,,,0,102,,26976,4,,,0,104,,26977,4,,,0,31,,26981,4,,,0,75,,26982,4,,,0,35,,26983,4,,,0,75,,26984,4,,,0,75,,26985,4,,,0,35,,26986,4,,,0,75,,26987,4,,,0,35,,26988,4,,,0,75,,26989,4,,,0,35,,26990,4,,,0,75,,26991,4,,,0,75,,26992,4,,,0,35,,26993,4,,,0,74,,26994,4,,,0,100,,26995,4,,,0,100,,26996,4,,,0,100,,26997,4,,,0,100,,26998,4,,,0,108,,26978,4,,,0
301,'30',923,,26999,4,,,0,87,,27000,4,,,0,47,,27001,4,,,0,87,,27002,4,,,0,87,,27003,4,,,0,87,,27004,4,,,0,87,,27005,4,,,0,47,,27006,4,,,0,87,,27007,4,,,0,87,,27008,4,,,0,87,,27009,4,,,0,87,,27010,4,,,0,47,,27011,4,,,0,107,,27012,4,,,0,100,,27013,4,,,0,100,,27014,4,,,0,102,,27015,4,,,0
301,'4',923,,27016,4,,,0,87,,27017,4,,,0,47,,27018,4,,,0,87,,27019,4,,,0,87,,27020,4,,,0,87,,27021,4,,,0,87,,27022,4,,,0,47,,27023,4,,,0,87,,27024,4,,,0,87,,27025,4,,,0,87,,27026,4,,,0,87,,27027,4,,,0,47,,27028,4,,,0,107,,27029,4,,,0,100,,27030,4,,,0,100,,27031,4,,,0,102,,27032,4,,,0
501,'2',632,,27483,44,0,10 23 20,0,72,,27484,48,0,13 36,0,30,,27485,44,0,10 23 20,0,70,,27486,48,0,13 36,0,32,,27487,44,0,10 23 20,0,68,,27497,48,0,13 36,0,30,,27488,44,0,10 23 20,0,70,,27498,48,0,13 36,0,30,,27489,44,0,10 23 20,0,70,,27499,48,0,13 36,0,30,,27490,44,0,10 23 20,0,70,,27500,48,0,13 36,0,30,,27491,44,0,10 23 20,0,70,,27501,48,0,13 36,0,30,,27492,44,0,10 23 20,0,71,,27502,48,0,13 36,0,30,,27493,44,0,10 23 20,0,70,,27503,48,0,13 36,0,30,,27494,44,0,10 23 20,0,70,,27504,48,0,13 36,0,30,,27495,44,0,10 23 20,0,70,,27505,48,0,13 36,0,32,,27496,44,0,10 23 20,0,69,,27506,48,0,13 36,0,30,,27507,44,0,10 23 20,0,78,,27512,44,0,10 23 20,0,30,,27513,44,0,10 23 20,0,70,,27514,44,0,10 23 20,0,30,,27515,44,0,10 23 20,0,68,,27516,44,0,10 23 20,0,29,,27517,44,0,10 23 20,0,70,,27518,44,0,10 23 20,0,24,,27519,44,0,10 23 20,0,71,,27520,44,0,10 23 20,0,98,,27521,44,0,10 23 20,0
501,'3',633,,27523,44,0,10 23 20,0,100,,27524,44,0,10 23 20,0,100,,27525,44,0,10 23 20,0,107,,27526,44,0,10 23 20,0,81,,27530,44,0,10 23 20,0,35,,27537,48,0,13 36,0,75,,27531,44,0,10 23 20,0,76,,27538,48,0,13 36,0,35,,27532,44,0,10 23 20,0,75,,27539,48,0,13 36,0,35,,27533,44,0,10 23 20,0,75,,27540,48,0,13 36,0,75,,27534,44,0,10 23 20,0,35,,27541,48,0,13 36,0,75,,27535,44,0,10 23 20,0,35,,27542,48,0,13 36,0,75,,27536,44,0,10 23 20,0,35,,27543,48,0,13 36,0,73,,27544,44,0,10 23 20,0,75,,27545,48,0,13 36,0,38,,27546,44,0,10 23 20,0,100,,27547,44,0,10 23 20,0,100,,27548,44,0,10 23 20,0,110,,27549,44,0,10 23 20,0,150,,27527,44,0,10 23 20,0
501,'30',900,,27551,44,0,10 23 20,0,47,,27552,44,0,10 23 20,0,87,,27553,44,0,10 23 20,0,87,,27554,44,0,10 23 20,0,87,,27555,44,0,10 23 20,0,47,,27556,44,0,10 23 20,0,87,,27557,44,0,10 23 20,0,87,,27558,44,0,10 23 20,0,87,,27559,44,0,10 23 20,0,87,,27560,44,0,10 23 20,0,47,,27561,44,0,10 23 20,0,87,,27562,44,0,10 23 20,0,87,,27563,44,0,10 23 20,0,100,,27564,44,0,10 23 20,0,100,,27565,44,0,10 23 20,0,95,,27566,44,0,10 23 20,0,95,,27567,44,0,10 23 20,0,88,,27568,44,0,10 23 20,0
501,'4',900,,27570,44,0,10 23 20,0,47,,27571,44,0,10 23 20,0,87,,27572,44,0,10 23 20,0,87,,27573,44,0,10 23 20,0,87,,27574,44,0,10 23 20,0,47,,27575,44,0,10 23 20,0,87,,27576,44,0,10 23 20,0,87,,27577,44,0,10 23 20,0,87,,27578,44,0,10 23 20,0,87,,27579,44,0,10 23 20,0,47,,27580,44,0,10 23 20,0,87,,27581,44,0,10 23 20,0,87,,27582,44,0,10 23 20,0,100,,27583,44,0,10 23 20,0,100,,27584,44,0,10 23 20,0,95,,27585,44,0,10 23 20,0,95,,27586,44,0,10 23 20,0,88,,27587,44,0,10 23 20,0
