701,'2',645,,35721,53,,,1,60,,35722,53,,,1,38,,35723,53,,,1,65,,35724,53,,,1,20,,35725,53,,,1,20,,35726,53,,,1,60,,35727,53,,,1,19,,35728,53,,,1,30,,35729,53,,,1,55,,35730,53,,,1,30,,35731,53,,,1,70,,35732,53,,,1,30,,35733,53,,,1,71,,35734,53,,,1,31,,35735,53,,,1,70,,35736,53,,,1,30,,35737,53,,,1,70,,35738,53,,,1,25,,35739,53,,,1,20,,35740,53,,,1,60,,35741,53,,,1,20,,35742,53,,,1,20,,35743,53,,,1,63,,35744,53,,,1,20,,35745,53,,,1,60,,35746,53,,,1,20,,35747,53,,,1,20,,35748,53,,,1,60,,35749,53,,,1,15,,35750,53,,,1,25,,35751,53,,,1,65,,35752,53,,,1,25,,35753,53,,,1,25,,35754,53,,,1,65,,35755,53,,,1,30,,35756,53,,,1,78,,35757,53,,,1,70,,35758,53,,,1,30,,35759,53,,,1,70,,35760,53,,,1,30,,35761,53,,,1,70,,35762,53,,,1
701,'3',646,,35805,53,,,1,77,,35806,53,,,1,30,,35804,53,,,1,73,,35768,53,,,1,30,,35769,53,,,1,65,,35770,53,,,1,30,,35771,53,,,1,71,,35772,53,,,1,25,,35773,53,,,1,65,,35774,53,,,1,30,,35775,53,,,1,71,,35776,53,,,1,25,,35777,53,,,1,65,,35778,53,,,1,30,,35779,53,,,1,70,,35780,53,,,1,29,,35781,53,,,1,70,,35782,53,,,1,30,,35783,53,,,1,70,,35784,53,,,1,30,,35785,53,,,1,70,,35786,53,,,1,30,,35787,53,,,1,70,,35788,53,,,1,30,,35789,53,,,1,70,,35790,53,,,1,25,,35791,53,,,1,25,,35792,53,,,1,70,,35793,53,,,1,25,,35794,53,,,1,61,,35795,53,,,1,29,,35796,53,,,1,70,,35797,53,,,1,30,,35798,53,,,1,70,,35799,53,,,1,30,,35800,53,,,1,70,,35801,53,,,1
701,'30',917,,35807,53,,,1,25,,35808,53,,,1,75,,35809,53,,,1,20,,35810,53,,,1,65,,35811,53,,,1,30,,35812,53,,,1,70,,35813,53,,,1,27,,35814,53,,,1,25,,35815,53,,,1,70,,35816,53,,,1,30,,35817,53,,,1,70,,35818,53,,,1,25,,35819,53,,,1,70,,35820,53,,,1,30,,35821,53,,,1,70,,35822,53,,,1,30,,35823,53,,,1,69,,35824,53,,,1,30,,35825,53,,,1,70,,35826,53,,,1,30,,35827,53,,,1,70,,35829,53,,,1,30,,35830,53,,,1,70,,35831,53,,,1,30,,35832,53,,,1,70,,35833,53,,,1,30,,35834,53,,,1,67,,35837,53,,,1,30,,35838,53,,,1,70,,35835,53,,,1
701,'4',917,,35839,53,,,1,25,,35840,53,,,1,75,,35841,53,,,1,20,,35842,53,,,1,65,,35843,53,,,1,30,,35844,53,,,1,70,,35845,53,,,1,27,,35846,53,,,1,25,,35847,53,,,1,70,,35848,53,,,1,30,,35849,53,,,1,70,,35850,53,,,1,25,,35851,53,,,1,70,,35852,53,,,1,30,,35853,53,,,1,70,,35854,53,,,1,30,,35855,53,,,1,69,,35856,53,,,1,30,,35857,53,,,1,70,,35858,53,,,1,30,,35859,53,,,1,70,,35861,53,,,1,30,,35862,53,,,1,70,,35863,53,,,1,30,,35864,53,,,1,70,,35865,53,,,1,30,,35866,53,,,1,67,,35869,53,,,1,30,,35870,53,,,1,70,,35867,53,,,1
1001,'2',552,,36409,25,,,1,56,,36456,25,,,1,16,,36408,25,,,1,16,,36457,25,,,1,16,,36413,25,,,1,57,,36412,25,,,1,16,,36411,25,,,1,15,,36410,25,,,1,57,,36419,25,0,21 3 22,1,16,,36418,25,,,1,14,,36417,25,0,21 3 22,1,18,,36416,25,,,1,62,,36415,25,,,1,35,,36414,25,,,1,70,,36421,25,,,1,20,,36423,25,,,1,73,,36422,25,,,1,30,,36420,25,,,1,70,,36426,25,,,1,32,,36425,25,,,1,70,,36424,25,,,1,35,,36428,25,,,1,58,,36427,25,,,1,23,,36429,25,,,1,17,,36458,25,,,1,57,,36430,25,,,1,19,,36459,25,,,1,13,,36431,25,,,1,14,,36460,25,,,1,55,,36432,25,,,1,18,,36433,25,,,1,19,,36461,25,,,1,61,,36434,25,,,1,12,,36462,25,0,21 3 22,1,17,,36435,25,,,1,18,,36439,25,,,1,54,,36436,25,0,21 3 22,1,17,,36437,25,,,1,11,,36440,25,0,21 3 22,1,24,,36438,25,,,1,55,,36441,25,0,21 3 22,1,28,,36442,25,,,1,64,,36443,25,0,21 3 22,1,17,,36444,25,,,1,33,,36445,25,,,1,73,,36446,25,,,1,24,,36463,25,,,1,70,,36447,25,,,1,37,,36448,25,,,1,65,,36449,25,,,1,28,,36450,25,,,1,70,,36451,25,,,1,31,,36452,25,,,1,75,,36453,25,0,21 3 22,1
1001,'3',649,,36468,25,,,1,70,,36467,25,,,1,33,,36471,25,,,1,69,,36472,25,,,1,30,,36473,25,,,1,65,,36474,25,,,1,29,,36475,25,,,1,68,,36476,25,,,1,25,,36477,25,,,1,70,,36478,25,,,1,29,,36479,25,,,1,69,,36480,25,,,1,30,,36481,25,,,1,70,,36482,25,,,1,30,,36483,25,,,1,15,,36484,25,,,1,70,,36485,25,,,1,30,,36486,25,,,1,70,,36487,25,,,1,30,,36488,25,,,1,70,,36489,25,,,1,30,,36490,25,,,1,70,,36491,25,,,1,35,,36492,25,,,1,70,,36493,25,,,1,30,,36494,25,,,1,70,,36495,25,,,1,25,,36496,25,,,1,65,,36497,25,,,1,32,,36498,25,,,1,66,,36499,25,,,1,30,,36500,25,,,1,65,,36501,25,,,1,30,,36505,25,,,1,70,,36506,25,,,1,25,,36507,25,,,1,17,,36504,25,0,21 3 22,1,72,,36508,25,,,1,24,,36502,25,0,21 3 22,1
1001,'30',712,,36509,25,,,1,31,,36546,25,,,1,64,,36510,25,,,1,27,,36545,25,,,1,21,,36511,25,,,1,60,,36512,25,,,1,30,,36513,25,,,1,65,,36514,25,,,1,30,,36515,25,,,1,70,,36516,25,,,1,29,,36518,25,,,1,69,,36519,25,,,1,25,,36520,25,,,1,70,,36521,25,,,1,30,,36522,25,,,1,70,,36523,25,,,1,30,,36524,25,,,1,70,,36525,25,,,1,30,,36526,25,,,1,70,,36527,25,,,1,30,,36528,25,,,1,67,,36529,25,,,1,30,,36530,25,,,1,28,,36541,25,,,1,69,,36531,25,,,1,25,,36534,25,,,1,70,,36535,25,,,1,30,,36536,25,,,1,70,,36537,25,,,1,32,,36538,25,,,1,68,,36539,25,,,1,20,,36540,25,,,1,67,,36542,25,,,1,30,,36533,25,0,21 3 22,1,70,,36532,25,0,21 3 22,1
1001,'4',712,,36547,25,,,1,31,,36584,25,,,1,64,,36548,25,,,1,27,,36583,25,,,1,21,,36549,25,,,1,60,,36550,25,,,1,30,,36551,25,,,1,65,,36552,25,,,1,30,,36553,25,,,1,70,,36554,25,,,1,29,,36556,25,,,1,69,,36557,25,,,1,25,,36558,25,,,1,70,,36559,25,,,1,30,,36560,25,,,1,70,,36561,25,,,1,30,,36562,25,,,1,70,,36563,25,,,1,30,,36564,25,,,1,70,,36565,25,,,1,30,,36566,25,,,1,67,,36567,25,,,1,30,,36568,25,,,1,28,,36579,25,,,1,69,,36569,25,,,1,25,,36572,25,,,1,70,,36573,25,,,1,30,,36574,25,,,1,70,,36575,25,,,1,32,,36576,25,,,1,68,,36577,25,,,1,20,,36578,25,,,1,67,,36580,25,,,1,30,,36571,25,0,21 3 22,1,70,,36570,25,0,21 3 22,1
2400,'2',628,,39004,38,,,1,22,,39005,38,,,1,70,,39006,38,,,1,34,,39007,38,,,1,70,,39008,38,,,1,30,,39009,38,,,1,70,,39010,38,,,1,28,,39011,38,,,1,70,,39012,38,,,1,30,,39013,38,,,1,70,,39014,38,,,1,30,,39015,38,,,1,70,,39016,38,,,1,30,,39017,38,,,1,70,,39018,38,,,1,30,,39019,38,,,1,70,,39020,38,,,1,36,,39021,38,,,1,70,,39022,38,,,1,73,,39023,38,,,1,31,,39029,38,,,1,76,,39026,38,,,1,33,,39027,38,,,1,73,,39028,38,,,1,26,,39030,38,,,1,69,,39031,38,,,1,32,,39032,38,,,1,70,,39033,38,,,1,30,,39034,38,,,1,70,,39035,38,0,42 20,1
2400,'3',634,,39053,29,,,1,71,,39052,38,,,1,40,,39051,38,,,1,80,,39037,38,,,1,80,,39044,38,,,1,40,,39038,38,,,1,80,,39045,38,,,1,82,,39039,38,,,1,37,,39046,38,,,1,83,,39040,38,,,1,80,,39047,38,,,1,45,,39041,38,,,1,84,,39048,38,,,1,84,,39042,38,,,1,86,,39049,38,,,1,44,,39043,38,,,1,86,,39050,38,,,1,84,,39054,38,,,1,80,,39055,38,,,1,44,,39056,38,,,1,80,,39057,38,,,1
2400,'30',717,,39060,29,,,1,30,,39059,38,,,1,82,,39061,38,,,1,82,,39062,38,,,1,42,,39063,38,,,1,80,,39064,38,,,1,80,,39065,38,,,1,40,,39066,38,,,1,83,,39067,38,,,1,80,,39068,38,,,1,40,,39069,38,,,1,80,,39070,38,,,1,80,,39071,38,,,1,40,,39072,38,,,1,80,,39073,38,,,1,80,,39074,38,,,1,41,,39075,38,,,1,80,,39076,38,,,1,80,,39077,38,,,1,40,,39078,38,,,1,80,,39079,38,,,1
2400,'4',717,,39082,29,,,1,30,,39081,38,,,1,82,,39083,38,,,1,82,,39084,38,,,1,42,,39085,38,,,1,80,,39086,38,,,1,80,,39087,38,,,1,40,,39088,38,,,1,83,,39089,38,,,1,80,,39090,38,,,1,40,,39091,38,,,1,80,,39092,38,,,1,80,,39093,38,,,1,40,,39094,38,,,1,80,,39095,38,,,1,80,,39096,38,,,1,41,,39097,38,,,1,80,,39098,38,,,1,80,,39099,38,,,1,40,,39100,38,,,1,80,,39101,38,,,1
12701,'3302',730,,42175,20,,,1,93,,42176,20,,,1,18,,42177,20,,,1,94,,42178,20,,,1,21,,42179,20,,,1,88,,42180,20,,,1,63,,42181,20,,,1,46,,42182,20,,,1,63,,42183,20,,,1,86,,42184,20,,,1,23,,42185,20,,,1,86,,42186,20,,,1,30,,42187,20,,,1,85,,42188,20,,,1,30,,42189,20,,,1,88,,42190,20,,,1,72,,42191,20,,,1,88,,42192,20,,,1,28,,42193,20,,,1,77,,42194,20,,,1,34,,42195,20,,,1,74,,42196,20,,,1,34,,42197,20,,,1,74,,42198,20,,,1,98,,42199,20,,,1,104,,42200,20,,,1,98,,42201,20,,,1
12701,'3602',651,,42202,20,,,1,96,,42203,20,,,1,58,,42204,20,,,1,54,,42205,20,,,1,58,,42206,20,,,1,103,,42207,20,,,1,110,,42208,20,,,1,109,,42209,20,,,1,111,,42210,20,,,1,76,,42211,20,,,1,30,,42212,20,,,1,55,,42213,20,,,1,30,,42214,20,,,1,71,,42215,20,,,1,16,,42216,20,,,1,72,,42217,20,,,1,32,,42218,20,,,1,16,,42219,20,,,1
12701,'3903',649,,42220,20,,,1,99,,42221,20,,,1,103,,42222,20,,,1,102,,42223,20,,,1,73,,42224,20,,,1,74,,42225,20,,,1,34,,42226,20,,,1,74,,42227,20,,,1,36,,42228,20,,,1,75,,42229,20,,,1,35,,42230,20,,,1,76,,42231,20,,,1,76,,42232,20,,,1,35,,42233,20,,,1,75,,42234,20,,,1,35,,42235,20,,,1,75,,42236,20,,,1,77,,42237,20,,,1,32,,42238,20,,,1,74,,42239,20,,,1,34,,42240,20,,,1,74,,42241,20,,,1,34,,42242,20,,,1,72,,42245,20,,,1,102,,42243,20,,,1,102,,42244,20,,,1
12701,'6404',738,,42246,20,,,1,102,,42247,20,,,1,78,,42268,9,,,1,28,,42248,20,,,1,74,,42249,20,,,1,34,,42250,20,,,1,74,,42251,20,,,1,74,,42252,20,,,1,36,,42253,20,,,1,74,,42254,20,,,1,34,,42255,20,,,1,74,,42256,20,,,1,34,,42257,20,,,1,74,,42258,20,,,1,74,,42259,20,,,1,34,,42260,20,,,1,74,,42261,20,,,1,31,,42262,20,,,1,104,,42263,20,,,1,101,,42264,20,,,1,101,,42265,20,,,1,101,,42266,20,,,1,101,,42267,20,,,1
