201,'11802',750,,42903,57,0,13 24 25,1,75,,42905,51,0,10 24 25,1,29,,42904,57,0,13 24 25,1,70,,42906,51,0,10 24 25,1
201,'2',644,,42908,51,0,10 24 25,1,15,,42944,57,0,13 24 25,1,55,,42909,51,0,10 24 25,1,15,,42945,57,0,13 24 25,1,15,,42910,51,0,10 24 25,1,15,,42946,57,0,13 24 25,1,55,,42911,51,0,10 24 25,1,15,,42947,57,0,13 24 25,1,15,,42912,51,0,10 24 25,1,15,,42948,57,0,13 24 25,1,54,,42913,51,0,10 24 25,1,15,,42949,57,0,13 24 25,1,15,,42914,51,0,10 24 25,1,15,,42950,57,0,13 24 25,1,55,,42915,51,0,10 24 25,1,15,,42951,57,0,13 24 25,1,15,,42916,51,0,10 24 25,1,15,,42952,57,0,13 24 25,1,55,,42917,51,0,10 24 25,1,15,,42953,57,0,13 24 25,1,15,,42918,51,0,10 24 25,1,15,,42954,57,0,13 24 25,1,55,,42919,51,0,10 24 25,1,15,,42955,57,0,13 24 25,1,15,,42920,51,0,10 24 25,1,15,,42956,57,0,13 24 25,1,55,,42921,51,0,10 24 25,1,15,,42957,57,0,13 24 25,1,15,,42922,51,0,10 24 25,1,15,,42958,57,0,13 24 25,1,55,,42923,51,0,10 24 25,1,15,,42959,57,0,13 24 25,1,15,,42924,51,0,10 24 25,1,15,,42960,57,0,13 24 25,1,55,,42925,51,0,10 24 25,1,15,,42961,57,0,13 24 25,1,15,,42926,51,0,10 24 25,1,15,,42962,57,0,13 24 25,1,59,,42927,51,0,10 24 25,1,15,,42963,57,0,13 24 25,1,15,,42928,51,0,10 24 25,1,55,,42964,57,0,13 24 25,1,20,,42929,51,0,10 24 25,1,18,,42965,57,0,13 24 25,1,16,,42930,51,0,10 24 25,1,54,,42966,57,0,13 24 25,1,5,,42931,51,0,10 24 25,1,11,,42967,57,0,13 24 25,1,17,,42932,51,0,10 24 25,1,15,,42968,57,0,13 24 25,1,55,,42933,51,0,10 24 25,1,10,,42969,57,0,13 24 25,1,15,,42934,51,0,10 24 25,1,15,,42970,57,0,13 24 25,1,67,,42971,57,0,13 24 25,1,13,,42936,51,0,10 24 25,1,12,,42972,57,0,13 24 25,1,14,,42937,51,0,10 24 25,1,56,,42973,57,0,13 24 25,1,23,,42974,57,0,13 24 25,1,18,,42939,51,0,10 24 25,1,64,,42975,57,0,13 24 25,1,16,,42940,51,0,10 24 25,1,18,,42976,57,0,13 24 25,1,55,,42941,51,0,10 24 25,1,21,,42977,57,0,13 24 25,1,15,,42942,51,0,10 24 25,1,60,,42978,57,0,13 24 25,1,23,,42943,51,0,10 24 25,1,77,,42979,57,0,13 24 25,1,19,,42980,51,0,10 24 25,1
201,'3',639,,42983,57,0,13 24 25,1,70,,42984,51,0,10 24 25,1,30,,42985,57,0,13 24 25,1,72,,42986,51,0,10 24 25,1,15,,42987,57,0,13 24 25,1,15,,42988,51,0,10 24 25,1,10,,42989,57,0,13 24 25,1,55,,42990,51,0,10 24 25,1,10,,42991,57,0,13 24 25,1,15,,42992,51,0,10 24 25,1,15,,42993,57,0,13 24 25,1,55,,42994,51,0,10 24 25,1,15,,42995,57,0,13 24 25,1,15,,42996,51,0,10 24 25,1,10,,43039,33,,,1,5,,42997,57,0,13 24 25,1,55,,43018,51,0,10 24 25,1,15,,42998,57,0,13 24 25,1,15,,43019,51,0,10 24 25,1,15,,42999,57,0,13 24 25,1,55,,43020,51,0,10 24 25,1,15,,43000,57,0,13 24 25,1,10,,43021,51,0,10 24 25,1,15,,43001,57,0,13 24 25,1,10,,43022,51,0,10 24 25,1,55,,43002,57,0,13 24 25,1,15,,43023,51,0,10 24 25,1,15,,43003,57,0,13 24 25,1,15,,43024,51,0,10 24 25,1,55,,43004,57,0,13 24 25,1,16,,43025,51,0,10 24 25,1,15,,43005,57,0,13 24 25,1,10,,43026,51,0,10 24 25,1,10,,43006,57,0,13 24 25,1,55,,43027,51,0,10 24 25,1,15,,43007,57,0,13 24 25,1,15,,43028,51,0,10 24 25,1,15,,43008,57,0,13 24 25,1,55,,43029,51,0,10 24 25,1,15,,43009,57,0,13 24 25,1,15,,43030,51,0,10 24 25,1,15,,43010,57,0,13 24 25,1,50,,43031,51,0,10 24 25,1,15,,43011,57,0,13 24 25,1,15,,43032,51,0,10 24 25,1,10,,43012,57,0,13 24 25,1,55,,43033,51,0,10 24 25,1,14,,43013,57,0,13 24 25,1,15,,43034,51,0,10 24 25,1,10,,43014,57,0,13 24 25,1,15,,43035,51,0,10 24 25,1,55,,43015,57,0,13 24 25,1,15,,43036,51,0,10 24 25,1,15,,43016,57,0,13 24 25,1,15,,43037,51,0,10 24 25,1,55,,43017,57,0,13 24 25,1,15,,43038,51,0,10 24 25,1,15,,43040,57,0,13 24 25,1,15,,43041,51,0,10 24 25,1,55,,43042,57,0,13 24 25,1,25,,43047,51,0,10 24 25,1,70,,43043,57,0,13 24 25,1,30,,43048,51,0,10 24 25,1,67,,43044,57,0,13 24 25,1,30,,43049,51,0,10 24 25,1,70,,43045,57,0,13 24 25,1,30,,43050,51,0,10 24 25,1,78,,43046,57,0,13 24 25,1
201,'30',639,,43059,33,,,1,72,,43058,57,0,13 24 25,1,30,,43060,51,0,10 24 25,1,70,,43062,57,0,13 24 25,1,30,,43061,51,0,10 24 25,1,75,,43063,57,0,13 24 25,1,30,,43064,51,0,10 24 25,1,65,,43068,57,0,13 24 25,1,25,,43065,51,0,10 24 25,1,65,,43069,57,0,13 24 25,1,25,,43066,51,0,10 24 25,1,15,,43094,41,,,1,10,,43070,57,0,13 24 25,1,66,,43067,51,0,10 24 25,1,15,,43071,57,0,13 24 25,1,15,,43083,51,0,10 24 25,1,55,,43072,57,0,13 24 25,1,15,,43084,51,0,10 24 25,1,15,,43073,57,0,13 24 25,1,15,,43085,51,0,10 24 25,1,55,,43074,57,0,13 24 25,1,15,,43086,51,0,10 24 25,1,15,,43075,57,0,13 24 25,1,15,,43087,51,0,10 24 25,1,55,,43076,57,0,13 24 25,1,15,,43088,51,0,10 24 25,1,15,,43077,57,0,13 24 25,1,15,,43089,51,0,10 24 25,1,55,,43078,57,0,13 24 25,1,15,,43090,51,0,10 24 25,1,15,,43079,57,0,13 24 25,1,15,,43091,51,0,10 24 25,1,55,,43080,57,0,13 24 25,1,15,,43092,51,0,10 24 25,1,15,,43081,57,0,13 24 25,1,15,,43093,51,0,10 24 25,1,55,,43082,57,0,13 24 25,1,14,,43095,51,0,10 24 25,1,35,,43101,57,0,13 24 25,1,55,,43096,51,0,10 24 25,1,25,,43102,57,0,13 24 25,1,25,,43097,51,0,10 24 25,1,65,,43103,57,0,13 24 25,1,25,,43098,51,0,10 24 25,1,65,,43104,57,0,13 24 25,1,25,,43099,51,0,10 24 25,1,65,,43105,57,0,13 24 25,1,25,,43100,51,0,10 24 25,1,25,,43106,57,0,13 24 25,1,60,,43057,51,0,10 24 25,1
201,'4',639,,43113,33,,,1,72,,43112,57,0,13 24 25,1,30,,43114,51,0,10 24 25,1,70,,43116,57,0,13 24 25,1,30,,43115,51,0,10 24 25,1,75,,43117,57,0,13 24 25,1,30,,43118,51,0,10 24 25,1,65,,43122,57,0,13 24 25,1,25,,43119,51,0,10 24 25,1,65,,43123,57,0,13 24 25,1,25,,43120,51,0,10 24 25,1,15,,43148,41,,,1,10,,43124,57,0,13 24 25,1,66,,43121,51,0,10 24 25,1,15,,43125,57,0,13 24 25,1,15,,43137,51,0,10 24 25,1,55,,43126,57,0,13 24 25,1,15,,43138,51,0,10 24 25,1,15,,43127,57,0,13 24 25,1,15,,43139,51,0,10 24 25,1,55,,43128,57,0,13 24 25,1,15,,43140,51,0,10 24 25,1,15,,43129,57,0,13 24 25,1,15,,43141,51,0,10 24 25,1,55,,43130,57,0,13 24 25,1,15,,43142,51,0,10 24 25,1,15,,43131,57,0,13 24 25,1,15,,43143,51,0,10 24 25,1,55,,43132,57,0,13 24 25,1,15,,43144,51,0,10 24 25,1,15,,43133,57,0,13 24 25,1,15,,43145,51,0,10 24 25,1,55,,43134,57,0,13 24 25,1,15,,43146,51,0,10 24 25,1,15,,43135,57,0,13 24 25,1,15,,43147,51,0,10 24 25,1,55,,43136,57,0,13 24 25,1,14,,43149,51,0,10 24 25,1,35,,43155,57,0,13 24 25,1,55,,43150,51,0,10 24 25,1,25,,43156,57,0,13 24 25,1,25,,43151,51,0,10 24 25,1,65,,43157,57,0,13 24 25,1,25,,43152,51,0,10 24 25,1,65,,43158,57,0,13 24 25,1,25,,43153,51,0,10 24 25,1,65,,43159,57,0,13 24 25,1,25,,43154,51,0,10 24 25,1,25,,43160,57,0,13 24 25,1,60,,43111,51,0,10 24 25,1
2701,'11802',758,,48307,12,,,1,877,,48308,12,,,1
2701,'2',555,,48380,11,,,1,92,,48309,12,,,1,65,,48310,11,,,1,13,,48311,12,,,1,13,,48312,11,,,1,13,,48313,11,,,1,53,,48314,12,,,1,13,,48315,12,,,1,8,,48316,12,,,1,13,,48317,12,,,1,13,,48318,12,,,1,52,,48319,12,,,1,14,,48320,12,,,1,13,,48321,12,,,1,13,,48322,12,,,1,13,,48323,12,,,1,53,,48324,12,,,1,13,,48325,12,,,1,13,,48326,12,,,1,13,,48327,12,,,1,53,,48328,12,,,1,13,,48329,12,,,1,13,,48330,12,,,1,13,,48331,12,,,1,13,,48332,12,,,1,52,,48333,12,,,1,12,,48334,12,,,1,12,,48335,12,,,1,12,,48336,12,,,1,12,,48337,12,,,1,52,,48338,12,,,1,12,,48339,12,,,1,12,,48340,12,,,1,12,,48341,12,,,1,12,,48342,12,,,1,52,,48343,12,,,1,14,,48344,12,,,1,13,,48345,12,,,1,13,,48346,12,,,1,13,,48347,12,,,1,53,,48348,12,,,1,13,,48349,12,,,1,9,,48350,11,,,1,12,,48351,12,,,1,12,,48352,12,,,1,51,,48353,12,,,1,11,,48354,12,,,1,11,,48355,11,,,1,11,,48356,12,,,1,11,,48357,12,,,1,51,,48358,12,,,1,11,,48359,12,,,1,11,,48360,12,,,1,11,,48361,12,,,1,11,,48362,12,,,1,7,,48363,12,,,1,53,,48364,12,,,1,9,,48365,12,,,1,13,,48366,12,,,1,11,,48367,12,,,1,11,,48368,12,,,1,57,,48369,12,,,1,17,,48370,12,,,1,17,,48371,12,,,1,17,,48372,12,,,1,57,,48373,12,,,1,17,,48374,12,,,1,17,,48375,12,,,1,62,,48376,12,,,1,27,,48377,12,,,1,67,,48378,12,,,1,27,,48379,12,,,1
2701,'3',858,,48381,11,,,1,83,,48391,12,,,1,71,,48382,12,,,1,104,,48392,12,,,1,33,,48383,12,,,1,72,,48400,12,,,1,32,,48393,12,,,1,72,,48384,12,,,1,32,,48401,12,,,1,71,,48394,12,,,1,74,,48385,12,,,1,32,,48402,12,,,1,70,,48395,12,,,1,34,,48386,12,,,1,72,,48403,12,,,1,30,,48396,12,,,1,75,,48387,12,,,1,85,,48397,12,,,1,45,,48388,12,,,1,85,,48398,12,,,1,84,,48389,12,,,1,40,,48399,12,,,1,80,,48390,12,,,1,80,,48404,12,,,1
2701,'30',841,,48405,11,,,1,85,,48406,12,,,1,85,,48412,12,,,1,45,,48407,12,,,1,85,,48413,12,,,1,85,,48408,12,,,1,88,,48414,12,,,1,32,,48415,12,,,1,72,,48409,12,,,1,32,,48417,12,,,1,72,,48416,12,,,1,32,,48410,12,,,1,72,,48418,12,,,1,32,,48420,12,,,1,70,,48411,12,,,1,77,,48419,12,,,1,45,,48421,12,,,1,85,,48422,12,,,1
2701,'4',841,,48423,11,,,1,85,,48424,12,,,1,85,,48430,12,,,1,45,,48425,12,,,1,85,,48431,12,,,1,85,,48426,12,,,1,88,,48432,12,,,1,32,,48433,12,,,1,72,,48427,12,,,1,32,,48435,12,,,1,72,,48434,12,,,1,32,,48428,12,,,1,72,,48436,12,,,1,32,,48438,12,,,1,70,,48429,12,,,1,77,,48437,12,,,1,45,,48439,12,,,1,85,,48440,12,,,1
3401,'2',556,3,49048,22,0,14,1,79,3,49051,22,0,14,1,78,3,49034,22,0,14,1,42,3,49035,22,0,14,1,82,3,49037,22,0,14,1,83,3,49036,22,0,14,1,81,43,49038,22,0,14,1,40,3,49039,22,0,14,1,85,3,49040,22,0,14,1,80,3,49041,22,0,14,1,40,3,49042,22,0,14,1,80,3,49043,22,0,14,1,78,3,49044,22,0,14,1,41,3,49045,22,0,14,1,80,3,49046,22,0,14,1,80,3,49047,22,0,14,1,37,,49052,22,0,14,1,80,,49053,22,0,14,1,80,,49054,22,0,14,1,39,3,49055,22,0,14,1,82,3,49056,22,0,14,1,80,3,49057,22,0,14,1,40,3,49061,22,0,14,1,78,3,49058,22,0,14,1,82,3,49059,22,0,14,1,40,3,49049,22,0,14,1,80,3,49050,22,0,14,1,79,43,49060,22,0,14,1
3401,'3',826,3,49062,22,0,14,1,76,43,49072,22,0,14,1,40,3,49071,22,0,14,1,80,3,49063,22,0,14,1,85,3,49064,22,0,14,1,45,3,49065,22,0,14,1,81,3,49066,22,0,14,1,80,3,49067,22,0,14,1,40,3,49068,22,0,14,1,80,3,49069,22,0,14,1,80,3,49070,22,0,14,1,40,3,49073,22,0,14,1,80,3,49074,22,0,14,1,80,3,49075,22,0,14,1,39,3,49076,22,0,14,1,80,3,49077,22,0,14,1,80,3,49078,22,0,14,1,40,3,49079,22,0,14,1,80,3,49080,22,0,14,1,79,3,49081,22,0,14,1,40,3,49082,22,0,14,1,80,3,49083,22,0,14,1,80,3,49084,22,0,14,1
3401,'30',1122,3,49085,22,0,14,1,80,43,49086,22,0,14,1,40,3,49087,22,0,14,1,80,3,49088,22,0,14,1,80,43,49089,22,0,14,1,40,3,49090,22,0,14,1,80,3,49091,22,0,14,1,80,43,49092,22,0,14,1,38,3,49093,22,0,14,1,80,3,49094,22,0,14,1,80,43,49095,22,0,14,1,40,3,49096,22,0,14,1,80,3,49097,22,0,14,1,80,43,49098,22,0,14,1,40,3,49099,22,0,14,1
3401,'4',1122,3,49100,22,0,14,1,80,43,49101,22,0,14,1,40,3,49102,22,0,14,1,80,3,49103,22,0,14,1,80,43,49104,22,0,14,1,40,3,49105,22,0,14,1,80,3,49106,22,0,14,1,80,43,49107,22,0,14,1,38,3,49108,22,0,14,1,80,3,49109,22,0,14,1,80,43,49110,22,0,14,1,40,3,49111,22,0,14,1,80,3,49112,22,0,14,1,80,43,49113,22,0,14,1,40,3,49114,22,0,14,1
9401,'11802',855,,50182,17,,,1
9401,'2',729,,50183,17,,,1,26,,50184,17,,,1,66,,50185,17,,,1,26,,50186,17,,,1,67,,50187,17,,,1,26,,50188,17,,,1,66,,50189,17,,,1,313,,50190,17,,,1,21,,50191,17,,,1,61,,50192,17,,,1,20,,50193,17,,,1,21,,50194,17,,,1,61,,50195,17,,,1,21,,50196,17,,,1,21,,50197,17,,,1,61,,50198,17,,,1,25,,50199,17,,,1,23,,50200,17,,,1,63,,50201,17,,,1,23,,50202,17,,,1,63,,50203,17,,,1
10201,'11802',917,,50351,13,,,1,21,,50352,13,,,1,808,,50353,13,,,1
10201,'3302',615,,50413,13,,,1,22,,50412,13,,,1,65,,50411,13,,,1,25,,50410,13,,,1,25,,50409,13,,,1,60,,50363,13,,,1,10,,50362,13,,,1,20,,50361,13,,,1,61,,50360,13,,,1,10,,50359,13,,,1,19,,50358,13,,,1,21,,50357,13,,,1,50,,50356,13,,,1,20,,50355,13,,,1,20,,50354,13,,,1,6,,50364,13,,,1,57,,50365,13,,,1,22,,50366,13,,,1,11,,50367,13,,,1,11,,50368,13,,,1,62,,50369,13,,,1,11,,50370,13,,,1,11,,50371,13,,,1,22,,50372,13,,,1,51,,50373,13,,,1,11,,50374,13,,,1,22,,50375,13,,,1,11,,50376,13,,,1,51,,50377,13,,,1,22,,50378,13,,,1,11,,50379,13,,,1,13,,50380,13,,,1,65,,50381,13,,,1,12,,50382,13,,,1,12,,50383,13,,,1,64,,50384,13,,,1,13,,50385,13,,,1,12,,50386,13,,,1,24,,50387,13,,,1,52,,50388,13,,,1,12,,50389,13,,,1,24,,50390,13,,,1,12,,50391,13,,,1,52,,50392,13,,,1,28,,50393,13,,,1,12,,50394,13,,,1,70,,50395,13,,,1,15,,50396,13,,,1,30,,50397,13,,,1,55,,50398,13,,,1,30,,50399,13,,,1,14,,50400,13,,,1,67,,50401,13,,,1,20,,50402,13,,,1,60,,50403,13,,,1,20,,50404,13,,,1,20,,50405,13,,,1,60,,50406,13,,,1,20,,50407,13,,,1,20,,50408,13,,,1
10201,'3602',832,,50419,13,,,1,20,,50418,13,,,1,69,,50417,13,,,1,22,,50416,13,,,1,70,,50415,13,,,1,20,,50414,13,,,1,84,,50420,13,,,1,84,,50421,13,,,1,44,,50422,13,,,1,84,,50423,13,,,1,84,,50424,13,,,1,88,,50425,13,,,1,48,,50426,13,,,1,89,,50427,13,,,1,88,,50428,13,,,1,86,,50429,13,,,1,45,,50430,13,,,1,85,,50431,13,,,1,85,,50432,13,,,1
10201,'3903',1132,,50433,13,,,1,82,,50434,13,,,1,44,,50435,13,,,1,80,,50436,13,,,1,80,,50437,13,,,1,41,,50438,13,,,1,80,,50439,13,,,1,83,,50440,13,,,1,84,,50441,13,,,1,45,,50442,13,,,1,80,,50443,13,,,1,80,,50444,13,,,1,40,,50445,13,,,1,80,,50446,13,,,1,77,,50447,13,,,1,34,,50448,13,,,1,75,,50449,13,,,1,35,,50450,13,,,1,75,,50451,13,,,1
10201,'6404',1132,,50452,13,,,1,82,,50453,13,,,1,44,,50454,13,,,1,80,,50455,13,,,1,80,,50456,13,,,1,41,,50457,13,,,1,80,,50458,13,,,1,83,,50459,13,,,1,84,,50460,13,,,1,45,,50461,13,,,1,80,,50462,13,,,1,80,,50463,13,,,1,40,,50464,13,,,1,80,,50465,13,,,1,77,,50466,13,,,1,34,,50467,13,,,1,75,,50468,13,,,1
12700,'3302',658,,50785,21,,,1,91,,50786,21,,,1,58,,50787,21,,,1,94,,50788,21,,,1,18,,50789,21,,,1,91,,50790,21,,,1,23,,50791,21,,,1,86,,50792,21,,,1,23,,50793,21,,,1,86,,50794,21,,,1,23,,50795,21,,,1,86,,50796,21,,,1,64,,50797,21,,,1,47,,50798,21,,,1,70,,50799,21,,,1,85,,50800,21,,,1,32,,50801,21,,,1,88,,50802,21,,,1,36,,50803,21,,,1,75,,50804,21,,,1,77,,50805,21,,,1,34,,50806,21,,,1,74,,50807,21,,,1,34,,50808,21,,,1,99,,50809,21,,,1,104,,50810,21,,,1,101,,50811,21,,,1
12700,'3602',620,,50812,21,,,1,93,,50813,21,,,1,16,,50814,21,,,1,96,,50815,21,,,1,18,,50816,21,,,1,103,,50817,21,,,1,110,,50818,21,,,1,149,,50819,21,,,1,109,,50820,21,,,1,104,,50821,21,,,1,15,,50822,21,,,1,70,,50823,21,,,1,30,,50824,21,,,1,15,,50825,21,,,1,71,,50826,21,,,1,32,,50827,21,,,1,56,,50828,21,,,1,32,,50829,21,,,1
12700,'3903',618,,50830,21,,,1,100,,50831,21,,,1,103,,50832,21,,,1,102,,50833,21,,,1,104,,50834,21,,,1,74,,50835,21,,,1,34,,50836,21,,,1,74,,50837,21,,,1,36,,50838,21,,,1,75,,50839,21,,,1,35,,50840,21,,,1,76,,50841,21,,,1,75,,50842,21,,,1,35,,50843,21,,,1,75,,50844,21,,,1,35,,50845,21,,,1,75,,50846,21,,,1,75,,50847,21,,,1,33,,50848,21,,,1,74,,50849,21,,,1,34,,50850,21,,,1,74,,50851,21,,,1,34,,50852,21,,,1,101,,50853,21,,,1,102,,50854,21,,,1,102,,50855,21,,,1
12700,'6404',708,,50856,11,,,1,102,,50857,21,,,1,103,,50858,21,,,1,34,,50859,21,,,1,74,,50860,21,,,1,34,,50861,21,,,1,74,,50862,21,,,1,74,,50863,21,,,1,35,,50864,21,,,1,74,,50865,21,,,1,34,,50866,21,,,1,74,,50867,21,,,1,34,,50868,21,,,1,74,,50869,21,,,1,74,,50870,21,,,1,34,,50871,21,,,1,73,,50872,21,,,1,28,,50873,21,,,1,77,,50874,21,,,1,101,,50875,21,,,1,101,,50876,21,,,1,101,,50877,21,,,1,101,,50878,21,,,1
