900,'2',630,4,44515,3,,,1,17,,44516,3,,,1,57,,44517,3,,,1,16,,44518,3,,,1,16,,44519,3,,,1,16,,44520,3,,,1,54,,44521,3,,,1,16,,44522,3,,,1,15,,44523,3,,,1,17,,44524,3,,,1,55,,44525,3,,,1,15,,44526,3,,,1,15,,44527,3,,,1,15,,44528,3,,,1,55,,44529,3,,,1,15,,44530,3,,,1,15,,44531,3,,,1,15,,44532,3,,,1,55,,44533,3,,,1,15,,44534,3,,,1,15,,44535,3,,,1,15,,44536,3,,,1,55,,44537,3,,,1,15,,44538,3,,,1,15,,44539,3,,,1,15,,44540,3,,,1,55,,44541,3,,,1,15,,44542,3,,,1,15,,44543,3,,,1,15,,44544,3,,,1,55,,44545,3,,,1,15,,44546,3,,,1,15,,44547,3,,,1,15,,44548,3,,,1,55,,44549,3,,,1,15,,44550,3,,,1,15,,44551,3,,,1,15,,44552,3,,,1,55,,44553,3,,,1,15,,44554,3,,,1,15,,44555,3,,,1,15,,44556,3,,,1,55,,44557,3,,,1,15,,44558,3,,,1,15,,44559,3,,,1,15,,44560,3,,,1,55,,44561,3,,,1,22,,44562,3,,,1,69,,44563,3,,,1,22,,44564,3,,,1,22,,44565,3,,,1,62,,44566,3,,,1,22,,44567,3,,,1,22,,44568,3,,,1,65,,44569,3,,,1,29,,44570,3,,,1,72,,44571,3,,,1,32,,44572,3,,,1,72,,44573,3,,,1,37,,44575,3,,,1,143,44,44574,3,,,1
900,'3',532,,44618,2,,,1,68,,44621,2,,,1,30,,44582,3,,,1,70,,44620,3,,,1,30,,44583,3,,,1,72,,44619,3,,,1,29,,44584,3,,,1,75,,44585,3,,,1,32,,44586,3,,,1,20,,44587,2,,,1,67,,44588,3,,,1,25,,44589,3,,,1,65,,44590,3,,,1,22,,44591,3,,,1,65,,44592,3,,,1,25,,44593,3,,,1,29,,44594,3,,,1,61,,44595,3,,,1,25,,44596,3,,,1,68,,44597,3,,,1,22,,44598,3,,,1,25,,44599,3,,,1,65,,44600,3,,,1,25,,44601,3,,,1,65,,44602,3,,,1,25,,44603,3,,,1,65,,44604,3,,,1,25,,44605,3,,,1,25,,44606,3,,,1,64,,44607,3,,,1,84,,44608,3,,,1,25,,44609,3,,,1,78,,44610,3,,,1,35,,44611,3,,,1,75,,44612,3,,,1,35,,44613,3,,,1,75,,44614,3,,,1,35,,44615,3,,,1,75,,44616,3,,,1,75,,44617,3,,,1
900,'30',605,,44625,2,,,1,25,,44622,3,,,1,80,,44658,3,,,1,35,,44623,3,,,1,75,,44657,3,,,1,36,,44624,3,,,1,75,,44626,3,,,1,73,,44627,3,,,1,33,,44628,3,,,1,73,,44629,3,,,1,33,,44630,3,,,1,61,,44631,2,,,1,18,,44632,3,,,1,28,,44633,3,,,1,63,,44634,3,,,1,23,,44635,3,,,1,23,,44636,3,,,1,63,,44637,3,,,1,23,,44638,3,,,1,63,,44639,3,,,1,23,,44640,3,,,1,23,,44641,3,,,1,63,,44642,3,,,1,23,,44643,3,,,1,63,,44644,3,,,1,23,,44645,3,,,1,23,,44646,3,,,1,65,,44647,3,,,1,35,,44648,3,,,1,70,,44649,3,,,1,30,,44650,3,,,1,70,,44651,3,,,1,30,,44652,3,,,1,70,,44653,3,,,1,30,,44654,3,,,1,70,,44655,3,,,1,81,,44656,3,,,1
900,'4',605,,44662,2,,,1,25,,44659,3,,,1,80,,44695,3,,,1,35,,44660,3,,,1,75,,44694,3,,,1,36,,44661,3,,,1,75,,44663,3,,,1,73,,44664,3,,,1,33,,44665,3,,,1,73,,44666,3,,,1,33,,44667,3,,,1,61,,44668,2,,,1,18,,44669,3,,,1,28,,44670,3,,,1,63,,44671,3,,,1,23,,44672,3,,,1,23,,44673,3,,,1,63,,44674,3,,,1,23,,44675,3,,,1,63,,44676,3,,,1,23,,44677,3,,,1,23,,44678,3,,,1,63,,44679,3,,,1,23,,44680,3,,,1,63,,44681,3,,,1,23,,44682,3,,,1,23,,44683,3,,,1,65,,44684,3,,,1,35,,44685,3,,,1,70,,44686,3,,,1,30,,44687,3,,,1,70,,44688,3,,,1,30,,44689,3,,,1,70,,44690,3,,,1,30,,44691,3,,,1,70,,44692,3,,,1,81,,44693,3,,,1
1200,'2',630,,45239,1,,,1,29,,45240,1,,,1,68,,45241,1,,,1,30,,45242,1,,,1,70,,45243,1,,,1,30,,45244,1,,,1,70,,45245,1,,,1,30,,45246,1,,,1,70,,45247,1,,,1,30,,45248,1,,,1,70,,45249,1,,,1,30,,45250,1,,,1,70,,45251,1,,,1,30,,45252,1,,,1,70,,45253,1,,,1,30,,45254,1,,,1,70,,45255,1,,,1,25,,45256,1,,,1,56,,45257,1,,,1,25,,45258,1,,,1,25,,45259,1,,,1,65,,45260,1,,,1,27,,45261,1,,,1,65,,45262,1,,,1,25,,45263,1,,,1,65,,45264,1,,,1,25,,45265,1,,,1,28,,45266,1,,,1,70,,45267,1,,,1,30,,45268,1,,,1,70,,45269,1,,,1,30,,45274,1,,,1,70,,45270,1,,,1,30,,45271,1,,,1,70,,45275,1,,,1,30,,45272,1,,,1,70,,45276,1,,,1,29,,45273,1,,,1
1200,'3',630,,45277,1,,,1,70,,45309,1,,,1,30,,45278,1,,,1,70,,45308,1,,,1,30,,45279,1,,,1,70,,45307,1,,,1,25,,45280,1,,,1,25,,45306,1,,,1,70,,45281,1,,,1,30,,45305,1,,,1,70,,45282,1,,,1,30,,45304,1,,,1,70,,45283,1,,,1,35,,45284,1,,,1,75,,45285,1,,,1,75,,45286,1,,,1,35,,45287,1,,,1,75,,45288,1,,,1,35,,45289,1,,,1,75,,45290,1,,,1,75,,45291,1,,,1,35,,45292,1,,,1,65,,45293,1,,,1,33,,45294,1,,,1,67,,45295,1,,,1,33,,45296,1,,,1,67,,45297,1,,,1,33,,45298,1,,,1,67,,45299,1,,,1,33,,45300,1,,,1,67,,45301,1,,,1,33,,45302,1,,,1,67,,45303,1,,,1,33,,45310,1,,,1,67,,45311,1,,,1
1200,'30',830,,45340,1,,,1,70,,45325,1,,,1,30,,45327,1,,,1,23,,45313,1,,,1,70,,45328,1,,,1,30,,45324,1,,,1,70,,45329,1,,,1,24,,45323,1,,,1,70,,45330,1,,,1,24,,45322,1,,,1,64,,45339,1,,,1,31,,45321,1,,,1,64,,45334,1,,,1,30,,45320,1,,,1,70,,45335,1,,,1,30,,45319,1,,,1,70,,45336,1,,,1,30,,45318,1,,,1,70,,45337,1,,,1,30,,45317,1,,,1,70,,45338,1,,,1,30,,45316,1,,,1,70,,45331,1,,,1,30,,45315,1,,,1,70,,45332,1,,,1,30,,45312,1,,,1,70,,45333,1,,,1,30,,45314,1,,,1
1200,'4',830,,45369,1,,,1,70,,45354,1,,,1,30,,45356,1,,,1,23,,45342,1,,,1,70,,45357,1,,,1,30,,45353,1,,,1,70,,45358,1,,,1,24,,45352,1,,,1,70,,45359,1,,,1,24,,45351,1,,,1,64,,45368,1,,,1,31,,45350,1,,,1,64,,45363,1,,,1,30,,45349,1,,,1,70,,45364,1,,,1,30,,45348,1,,,1,70,,45365,1,,,1,30,,45347,1,,,1,70,,45366,1,,,1,30,,45346,1,,,1,70,,45367,1,,,1,30,,45345,1,,,1,70,,45360,1,,,1,30,,45344,1,,,1,70,,45361,1,,,1,30,,45341,1,,,1,70,,45362,1,,,1,30,,45343,1,,,1
1201,'2',626,,45371,35,4,,1,33,,45370,35,4,,1,68,,45372,35,4,,1,30,,45373,35,4,,1,70,,45374,35,4,,1,30,,45375,35,4,,1,70,,45376,35,4,,1,30,,45377,35,4,,1,70,,45378,35,4,,1,30,,45379,35,4,,1,70,,45380,35,4,,1,30,,45381,35,4,,1,70,,45382,35,4,,1,30,,45383,35,4,,1,70,,45384,35,4,,1,30,,45385,35,4,,1,70,,45386,35,4,,1,25,,45387,35,4,,1,56,,45388,35,4,,1,25,,45389,35,4,,1,25,,45390,35,4,,1,65,,45391,35,4,,1,27,,45392,35,4,,1,65,,45393,35,4,,1,25,,45394,35,4,,1,65,,45395,35,4,,1,25,,45396,35,4,,1,28,,45398,35,4,,1,70,,45399,35,4,,1,30,,45400,35,4,,1,70,,45401,35,4,,1,30,,45402,35,4,,1,70,,45407,35,4,,1,30,,45406,35,4,,1,70,,45408,35,4,,1,30,,45403,35,4,,1,70,,45409,35,4,,1,29,,45404,35,4,,1
1201,'3',630,,45411,35,4,,1,70,,45433,35,4,,1,30,,45412,35,4,,1,70,,45432,35,4,,1,30,,45413,35,4,,1,70,,45431,35,4,,1,25,,45414,35,4,,1,25,,45430,35,4,,1,70,,45415,35,4,,1,30,,45429,35,4,,1,70,,45416,35,4,,1,30,,45428,35,4,,1,70,,45417,35,4,,1,35,,45427,35,4,,1,75,,45418,35,4,,1,75,,45419,35,4,,1,35,,45420,35,4,,1,75,,45421,35,4,,1,35,,45422,35,4,,1,75,,45423,35,4,,1,75,,45424,35,4,,1,35,,45425,35,4,,1,65,,45426,35,4,,1,33,,45434,35,4,,1,67,,45440,35,4,,1,33,,45435,35,4,,1,67,,45441,35,4,,1,33,,45436,35,4,,1,67,,45442,35,4,,1,33,,45437,35,4,,1,67,,45443,35,4,,1,33,,45438,35,4,,1,67,,45444,35,4,,1,33,,45439,35,4,,1,67,,45445,35,4,,1,25,,45446,35,4,,1
1201,'30',830,,45462,35,4,,1,70,,45461,35,4,,1,30,,45463,35,4,,1,23,,45448,35,4,,1,70,,45464,35,4,,1,30,,45460,35,4,,1,70,,45465,35,4,,1,24,,45459,35,4,,1,70,,45466,35,4,,1,24,,45458,35,4,,1,64,,45467,35,4,,1,31,,45457,35,4,,1,64,,45468,35,4,,1,30,,45456,35,4,,1,70,,45469,35,4,,1,30,,45455,35,4,,1,70,,45470,35,4,,1,30,,45454,35,4,,1,70,,45471,35,4,,1,30,,45453,35,4,,1,70,,45472,35,4,,1,30,,45452,35,4,,1,70,,45473,35,4,,1,30,,45451,35,4,,1,70,,45474,35,4,,1,30,,45450,35,4,,1,70,,45475,35,4,,1,30,,45447,35,4,,1,70,,45476,35,4,,1
1201,'4',830,,45492,35,4,,1,70,,45491,35,4,,1,30,,45493,35,4,,1,23,,45478,35,4,,1,70,,45494,35,4,,1,30,,45490,35,4,,1,70,,45495,35,4,,1,24,,45489,35,4,,1,70,,45496,35,4,,1,24,,45488,35,4,,1,64,,45497,35,4,,1,31,,45487,35,4,,1,64,,45498,35,4,,1,30,,45486,35,4,,1,70,,45499,35,4,,1,30,,45485,35,4,,1,70,,45500,35,4,,1,30,,45484,35,4,,1,70,,45501,35,4,,1,30,,45483,35,4,,1,70,,45502,35,4,,1,30,,45482,35,4,,1,70,,45503,35,4,,1,30,,45481,35,4,,1,70,,45504,35,4,,1,30,,45480,35,4,,1,70,,45505,35,4,,1,30,,45477,35,4,,1,70,,45506,35,4,,1
1900,'2',602,,47066,3,,,1,30,,47065,3,,,1,73,,47067,3,,,1,12,,47068,3,,,1,27,,47069,3,,,1,67,,47070,3,,,1,27,,47071,3,,,1,69,,47072,3,,,1,25,,47073,3,,,1,27,,47074,3,,,1,67,,47075,3,,,1,27,,47076,3,,,1,67,,47077,3,,,1,27,,47078,3,,,1,67,,47079,3,,,1,27,,47080,3,,,1,67,,47081,3,,,1,27,,47082,3,,,1,24,,47083,3,,,1,67,,47084,3,,,1,27,,47085,3,,,1,71,,47086,3,,,1,27,,47087,3,,,1,70,,47088,3,,,1,28,,47089,3,,,1,69,,47090,3,,,1,28,,47091,3,,,1,68,,47092,3,,,1,28,,47093,3,,,1,68,,47094,3,,,1,24,,47095,3,,,1,67,,47096,3,,,1,27,,47097,3,,,1,27,,47098,3,,,1,67,,47099,3,,,1,27,,47100,3,,,1,87,,47101,3,,,1,67,,47102,3,,,1,36,,47064,3,0,40 3 52,1
1900,'3',803,,47115,3,,,1,32,,47116,3,,,1,72,,47105,3,,,1,32,,47106,3,,,1,73,,47107,3,,,1,32,,47108,3,,,1,72,,47109,3,,,1,32,,47110,3,,,1,72,,47111,3,,,1,32,,47112,3,,,1,72,,47113,3,,,1,32,,47114,3,,,1,70,,47117,3,,,1,27,,47118,3,,,1,64,,47119,3,,,1,27,,47120,3,,,1,67,,47121,3,,,1,27,,47122,3,,,1,67,,47123,3,,,1,27,,47124,3,,,1,27,,47125,3,,,1,79,,47126,3,,,1,72,,47127,3,,,1,32,,47128,3,,,1,72,,47129,3,,,1,32,,47130,3,,,1,71,,47131,3,,,1,35,,47132,3,,,1
1900,'30',803,,47140,3,,,1,35,,47150,3,,,1,75,,47136,3,,,1,35,,47137,3,,,1,75,,47151,3,,,1,35,,47138,3,,,1,75,,47139,3,,,1,79,,47141,3,,,1,40,,47142,3,,,1,80,,47152,3,,,1,80,,47143,3,,,1,40,,47144,3,,,1,80,,47145,3,,,1,80,,47146,3,,,1,40,,47153,3,,,1,75,,47147,3,,,1,75,,47148,3,,,1,35,,47154,3,,,1,75,,47149,3,,,1,35,,47155,3,,,1
1900,'4',803,,47161,3,,,1,35,,47171,3,,,1,75,,47157,3,,,1,35,,47158,3,,,1,75,,47172,3,,,1,35,,47159,3,,,1,75,,47160,3,,,1,79,,47162,3,,,1,40,,47163,3,,,1,80,,47173,3,,,1,80,,47164,3,,,1,40,,47165,3,,,1,80,,47166,3,,,1,80,,47167,3,,,1,40,,47174,3,,,1,75,,47168,3,,,1,75,,47169,3,,,1,35,,47175,3,,,1,75,,47170,3,,,1,35,,47176,3,,,1
2001,'2',630,7,47484,28,,,1,80,,47485,28,,,1,15,,47489,28,,,1,15,,47514,28,,,1,15,,47515,28,,,1,55,,47516,28,,,1,15,,47517,28,,,1,15,,47518,28,,,1,15,,47519,28,,,1,55,,47520,28,,,1,15,,47521,28,,,1,15,,47522,28,,,1,15,,47523,28,,,1,55,,47524,28,,,1,13,,47525,28,,,1,15,,47526,28,,,1,15,,47527,28,,,1,55,,47528,28,,,1,15,,47529,28,,,1,15,,47530,28,,,1,15,,47531,28,,,1,55,,47532,28,,,1,15,,47533,28,,,1,15,,47534,28,,,1,15,,47535,28,,,1,55,,47536,28,,,1,15,,47537,28,,,1,15,,47538,28,,,1,15,,47539,28,,,1,55,,47540,28,,,1,15,,47541,28,,,1,15,,47542,28,,,1,15,,47543,28,,,1,55,,47544,28,,,1,15,,47545,28,,,1,15,,47546,28,,,1,15,,47547,28,,,1,55,,47548,28,,,1,15,,47549,28,,,1,20,,47490,28,,,1,10,,47491,28,,,1,55,,47492,28,,,1,15,,47493,28,,,1,15,,47494,28,,,1,15,,47495,28,,,1,54,,47496,28,,,1,16,,47497,28,,,1,20,,47498,28,,,1,64,,47499,28,,,1,20,,47500,28,,,1,20,,47501,28,,,1,65,,47502,28,,,1,20,,47503,28,,,1,71,,47504,28,,,1,32,,47505,28,,,1,66,,47506,28,,,1,26,,47507,28,,,1,26,,47508,28,,,1,66,,47509,28,,,1,26,,47510,28,,,1,58,,47512,28,,,1,27,,47513,28,,,1,70,44,47511,28,,,1
2001,'3',630,,47550,28,,,1,75,,47552,28,,,1,28,,47553,28,,,1,75,,47554,28,,,1,27,,47555,28,,,1,22,,47556,28,,,1,70,,47557,28,,,1,26,,47558,28,,,1,66,,47559,28,,,1,23,,47560,28,,,1,60,,47561,28,,,1,20,,47562,28,,,1,20,,47563,28,,,1,60,,47564,28,,,1,20,,47565,28,,,1,23,,47566,28,,,1,60,,47567,28,,,1,20,,47568,28,,,1,20,,47569,28,,,1,60,,47570,28,,,1,20,,47571,28,,,1,16,,47572,28,,,1,60,,47573,28,,,1,20,,47574,28,,,1,20,,47575,28,,,1,60,,47576,28,,,1,20,,47577,28,,,1,20,,47578,28,,,1,60,,47579,28,,,1,20,,47580,28,,,1,20,,47581,28,,,1,60,,47582,28,,,1,18,,47583,28,,,1,20,,47584,28,,,1,67,,47585,28,,,1,27,,47586,28,,,1,67,,47587,28,,,1,27,,47588,28,,,1,27,,47589,28,,,1,66,,47590,28,,,1,27,,47591,28,,,1,67,,47592,28,,,1,27,,47593,28,,,1,67,,47594,28,,,1,22,,47595,28,,,1,72,,47596,28,,,1,26,,47597,28,,,1,72,,47551,28,,,1
2001,'30',653,,47598,28,,,1,80,,47600,28,,,1,81,,47601,28,,,1,29,,47602,28,,,1,65,,47603,28,,,1,20,,47604,28,,,1,26,,47605,28,,,1,71,,47606,28,,,1,26,,47607,28,,,1,66,,47608,28,,,1,26,,47609,28,,,1,66,,47610,28,,,1,27,,47611,28,,,1,66,,47612,28,,,1,26,,47613,28,,,1,26,,47614,28,,,1,66,,47615,28,,,1,26,,47616,28,,,1,66,,47617,28,,,1,26,,47618,28,,,1,66,,47619,28,,,1,26,,47620,28,,,1,26,,47621,28,,,1,65,,47622,28,,,1,26,,47623,28,,,1,66,,47624,28,,,1,26,,47625,28,,,1,65,,47626,28,,,1,25,,47627,28,,,1,25,,47628,28,,,1,65,,47629,28,,,1,25,,47630,28,,,1,65,,47631,28,,,1,25,,47632,28,,,1,25,,47633,28,,,1,66,,47634,28,,,1,75,,47599,28,,,1
2001,'4',653,,47635,28,,,1,80,,47637,28,,,1,81,,47638,28,,,1,29,,47639,28,,,1,65,,47640,28,,,1,20,,47641,28,,,1,26,,47642,28,,,1,71,,47643,28,,,1,26,,47644,28,,,1,66,,47645,28,,,1,26,,47646,28,,,1,66,,47647,28,,,1,27,,47648,28,,,1,66,,47649,28,,,1,26,,47650,28,,,1,26,,47651,28,,,1,66,,47652,28,,,1,26,,47653,28,,,1,66,,47654,28,,,1,26,,47655,28,,,1,66,,47656,28,,,1,26,,47657,28,,,1,26,,47658,28,,,1,65,,47659,28,,,1,26,,47660,28,,,1,66,,47661,28,,,1,26,,47662,28,,,1,65,,47663,28,,,1,25,,47664,28,,,1,25,,47665,28,,,1,65,,47666,28,,,1,25,,47667,28,,,1,65,,47668,28,,,1,25,,47669,28,,,1,25,,47670,28,,,1,66,,47671,28,,,1,75,,47636,28,,,1
