101,'2',631,,33829,4,0,13 11 63,1,71,,33835,4,0,13 11 63,1,30,,33836,4,0,13 11 63,1,25,,33837,4,0,13 11 63,1,70,,33838,4,0,13 11 63,1,78,,33842,4,0,13 11 63,1,40,,33843,4,0,13 11 63,1,80,,33844,4,0,13 11 63,1,75,,33845,4,0,13 11 63,1,40,,33846,4,0,13 11 63,1,80,,33847,4,0,13 11 63,1,80,,33848,4,0,13 11 63,1,38,,33857,4,0,13 11 63,1,68,,33858,4,0,13 11 63,1,30,,33859,4,0,13 11 63,1,70,,33860,4,0,13 11 63,1,30,,33865,4,0,13 11 63,1,72,,33866,4,0,13 11 63,1,32,,33867,4,0,13 11 63,1,72,,33868,4,0,13 11 63,1,20,,33881,4,0,13 9 15 3 43,1,27,,33873,4,0,13 11 63,1,90,,33874,4,0,13 11 63,1,90,,33875,4,0,13 11 63,1,90,,33876,4,0,13 11 63,1,77,,33888,4,0,13 9 15 3 43,1,25,,33885,4,0,13 11 63,1,100,,33886,4,0,13 11 63,1,100,,33887,4,0,13 11 63,1
101,'3',653,,33894,4,0,13 11 63,1,103,,33895,4,0,13 11 63,1,95,,33896,4,0,13 11 63,1,99,,33900,4,0,13 11 63,1,80,,33901,4,0,13 11 63,1,80,,33902,4,0,13 11 63,1,35,,33903,4,0,13 11 63,1,80,,33904,4,0,13 11 63,1,75,,33905,4,0,13 11 63,1,40,,33906,4,0,13 11 63,1,81,,33907,4,0,13 11 63,1,35,,33908,4,0,13 11 63,1,80,,33909,4,0,13 11 63,1,80,,33910,4,0,13 11 63,1,35,,33911,4,0,13 11 63,1,80,,33924,4,0,13 11 63,1,69,,33937,4,0,13 9 15 3 43,1,21,,33931,4,0,13 11 63,1,100,,33932,4,0,13 11 63,1,100,,33933,4,0,13 11 63,1,101,,33934,4,0,13 11 63,1,100,,33935,4,0,13 11 63,1,95,,33936,4,0,13 11 63,1,88,,33939,4,0,13 9 15 3 43,1
101,'30',818,,33942,4,0,13 11 63,1,104,,33943,4,0,13 11 63,1,104,,33944,4,0,13 11 63,1,99,,33945,4,0,13 11 63,1,88,,33957,4,0,13 11 63,1,45,,33958,4,0,13 11 63,1,90,,33959,4,0,13 11 63,1,90,,33960,4,0,13 11 63,1,90,,33961,4,0,13 11 63,1,90,,33962,4,0,13 11 63,1,92,,33963,4,0,13 11 63,1,95,,33970,4,0,13 11 63,1,100,,33971,4,0,13 11 63,1,100,,33972,4,0,13 11 63,1,100,,33973,4,0,13 11 63,1,102,,33974,4,0,13 11 63,1,46,,33976,4,0,13 9 15 3 43,1
101,'4',818,,33978,4,0,13 11 63,1,104,,33979,4,0,13 11 63,1,104,,33980,4,0,13 11 63,1,99,,33981,4,0,13 11 63,1,88,,33993,4,0,13 11 63,1,45,,33994,4,0,13 11 63,1,90,,33995,4,0,13 11 63,1,90,,33996,4,0,13 11 63,1,90,,33997,4,0,13 11 63,1,90,,33998,4,0,13 11 63,1,92,,33999,4,0,13 11 63,1,95,,34006,4,0,13 11 63,1,100,,34007,4,0,13 11 63,1,100,,34008,4,0,13 11 63,1,100,,34009,4,0,13 11 63,1,102,,34010,4,0,13 11 63,1,46,,34012,4,0,13 9 15 3 43,1
1601,'2',551,,37858,3,,,1,57,,37862,3,,,1,18,,37863,3,,,1,18,,37864,3,,,1,59,,37865,3,,,1,9,,37866,3,,,1,16,,37867,3,,,1,16,,37868,3,,,1,56,,37869,3,,,1,16,,37870,3,,,1,16,,37871,3,,,1,16,,37872,3,,,1,58,,37873,3,,,1,22,,37874,3,,,1,18,,37875,3,,,1,58,,37876,3,,,1,18,,37877,3,,,1,18,,37878,3,,,1,18,,37879,3,,,1,58,,37880,3,,,1,18,,37881,3,,,1,17,,37882,3,,,1,56,,37883,3,,,1,10,,37884,3,,,1,16,,37885,3,,,1,16,,37886,3,,,1,56,,37887,3,,,1,16,,37888,3,,,1,16,,37889,3,,,1,14,,37890,3,,,1,6,,37891,3,,,1,55,,37892,3,,,1,15,,37893,3,,,1,15,,37894,3,,,1,15,,37895,3,,,1,55,,37896,3,,,1,15,,37897,3,,,1,15,,37898,3,,,1,14,,37899,3,,,1,55,,37900,3,,,1,15,,37901,3,,,1,15,,37902,3,,,1,15,,37903,3,,,1,55,,37904,3,,,1,15,,37905,3,,,1,15,,37907,3,0,5 3 6,1,63,,37906,3,,,1,19,,37908,3,,,1,23,,37909,3,,,1,62,,37910,3,,,1,22,,37911,3,,,1,22,,37912,3,,,1,62,,37913,3,,,1,22,,37914,3,,,1,64,,37915,3,,,1,17,,37916,3,0,5 3 6,1,20,,37917,3,,,1,65,,37918,3,,,1,25,,37919,3,,,1,25,,37920,3,,,1,65,,37921,3,,,1,25,,37922,3,,,1,63,,37923,3,,,1,23,,37860,3,,,1,25,,37861,3,0,5 3 6,1
1601,'3',620,,37924,3,,,1,25,,37925,3,,,1,65,,37926,3,,,1,25,,37927,3,,,1,24,,37928,3,,,1,65,,37929,3,,,1,25,,37930,3,,,1,65,,37931,3,,,1,25,,37932,3,,,1,20,,37933,3,,,1,61,,37934,3,,,1,21,,37935,3,,,1,16,,37936,3,,,1,61,,37937,3,,,1,21,,37938,3,,,1,15,,37939,3,,,1,55,,37940,3,,,1,15,,37941,3,,,1,15,,37942,3,,,1,10,,37943,3,,,1,55,,37944,3,,,1,15,,37945,3,,,1,15,,37946,3,,,1,15,,37947,3,,,1,55,,37948,3,,,1,15,,37949,3,,,1,15,,37950,3,,,1,15,,37951,3,,,1,55,,37952,3,,,1,15,,37953,3,,,1,15,,37954,3,,,1,15,,37955,3,,,1,55,,37956,3,,,1,15,,37957,3,,,1,15,,37958,3,,,1,15,,37959,3,,,1,55,,37960,3,,,1,15,,37961,3,,,1,15,,37962,3,,,1,20,,37963,3,,,1,60,,37964,3,,,1,20,,37965,3,,,1,20,,37966,3,,,1,60,,37967,3,,,1,20,,37968,3,,,1,20,,37969,3,,,1,60,,37970,3,,,1,20,,37971,3,,,1,22,,37972,3,,,1,66,,37973,3,,,1,25,,37974,3,,,1,65,,37975,3,,,1,25,,37976,3,,,1,65,,37977,3,,,1,21,,37978,3,,,1,25,,37979,3,,,1,69,,37980,3,,,1,30,,37981,3,,,1
1601,'30',655,,37986,3,,,1,75,,37987,3,,,1,75,,37988,3,,,1,35,,37989,3,,,1,69,,37990,3,,,1,25,,37991,3,,,1,70,,37992,3,,,1,30,,37993,3,,,1,70,,37994,3,,,1,30,,37995,3,,,1,69,,37996,3,,,1,22,,37998,3,,,1,23,,37999,3,,,1,62,,37997,3,,,1,22,,38000,3,,,1,22,,38001,3,,,1,62,,38002,3,,,1,22,,38003,3,,,1,62,,38004,3,,,1,22,,38005,3,,,1,22,,38006,3,,,1,62,,38007,3,,,1,22,,38008,3,,,1,21,,38009,3,,,1,70,,38010,3,,,1,30,,38011,3,,,1,70,,38012,3,,,1,30,,38013,3,,,1,70,,38014,3,,,1,30,,38015,3,,,1,70,,38016,3,,,1,30,,38017,3,,,1,70,,38018,3,,,1,31,,38019,3,,,1,70,,38020,3,,,1,30,,38021,3,,,1
1601,'4',655,,38025,3,,,1,75,,38026,3,,,1,75,,38027,3,,,1,35,,38028,3,,,1,69,,38029,3,,,1,25,,38030,3,,,1,70,,38031,3,,,1,30,,38032,3,,,1,70,,38033,3,,,1,30,,38034,3,,,1,69,,38035,3,,,1,22,,38037,3,,,1,23,,38038,3,,,1,62,,38036,3,,,1,22,,38039,3,,,1,22,,38040,3,,,1,62,,38041,3,,,1,22,,38042,3,,,1,62,,38043,3,,,1,22,,38044,3,,,1,22,,38045,3,,,1,62,,38046,3,,,1,22,,38047,3,,,1,21,,38048,3,,,1,70,,38049,3,,,1,30,,38050,3,,,1,70,,38051,3,,,1,30,,38052,3,,,1,70,,38053,3,,,1,30,,38054,3,,,1,70,,38055,3,,,1,30,,38056,3,,,1,70,,38057,3,,,1,31,,38058,3,,,1,70,,38059,3,,,1,30,,38060,3,,,1
2400,'2',610,,39004,12,,,1,22,,39005,12,,,1,70,,39006,12,,,1,31,,39007,12,,,1,70,,39008,12,,,1,30,,39009,12,,,1,70,,39010,12,,,1,30,,39011,12,,,1,70,,39012,12,,,1,30,,39013,12,,,1,70,,39014,12,,,1,30,,39015,12,,,1,70,,39016,12,,,1,29,,39017,12,,,1,70,,39018,12,,,1,30,,39019,12,,,1,70,,39020,12,,,1,31,,39021,12,,,1,70,,39022,12,,,1,30,,39023,12,,,1,70,,39029,12,,,1,34,,39026,12,,,1,73,,39027,12,,,1,33,,39028,12,,,1,74,,39030,12,,,1,33,,39031,12,,,1,72,,39032,12,,,1,30,,39033,12,,,1,70,,39034,12,,,1,30,,39035,12,0,42 20,1
2400,'3',616,,39053,3,,,1,33,,39052,12,,,1,80,,39051,12,,,1,80,,39037,12,,,1,40,,39044,12,,,1,80,,39038,12,,,1,80,,39045,12,,,1,40,,39039,12,,,1,77,,39046,12,,,1,83,,39040,12,,,1,39,,39047,12,,,1,85,,39041,12,,,1,86,,39048,12,,,1,84,,39042,12,,,1,46,,39049,12,,,1,84,,39043,12,,,1,86,,39050,12,,,1,84,,39054,12,,,1,40,,39055,12,,,1,84,,39056,12,,,1,80,,39057,12,,,1
2400,'30',659,,39060,3,,,1,71,,39059,12,,,1,82,,39061,12,,,1,42,,39062,12,,,1,80,,39063,12,,,1,80,,39064,12,,,1,40,,39065,12,,,1,80,,39066,12,,,1,82,,39067,12,,,1,40,,39068,12,,,1,80,,39069,12,,,1,80,,39070,12,,,1,40,,39071,12,,,1,80,,39072,12,,,1,80,,39073,12,,,1,40,,39074,12,,,1,82,,39075,12,,,1,80,,39076,12,,,1,40,,39077,12,,,1,80,,39078,12,,,1,80,,39079,12,,,1
2400,'4',659,,39082,3,,,1,71,,39081,12,,,1,82,,39083,12,,,1,42,,39084,12,,,1,80,,39085,12,,,1,80,,39086,12,,,1,40,,39087,12,,,1,80,,39088,12,,,1,82,,39089,12,,,1,40,,39090,12,,,1,80,,39091,12,,,1,80,,39092,12,,,1,40,,39093,12,,,1,80,,39094,12,,,1,80,,39095,12,,,1,40,,39096,12,,,1,82,,39097,12,,,1,80,,39098,12,,,1,40,,39099,12,,,1,80,,39100,12,,,1,80,,39101,12,,,1
