401,'2',555,,27230,32,0,10 40 41,0,76,,27229,38,0,13 40 41,0,81,,27228,32,0,10 40 41,0,15,,27227,38,0,13 40 41,0,11,,27226,4,,,0,16,,27225,32,0,10 40 41,0,55,,27224,32,0,10 40 41,0,15,,27223,38,0,13 40 41,0,15,,27222,32,0,10 40 41,0,15,,27221,38,0,13 40 41,0,55,,27220,32,0,10 40 41,0,15,,27219,38,0,13 40 41,0,15,,27218,32,0,10 40 41,0,15,,27217,38,0,13 40 41,0,60,,27216,32,0,10 40 41,0,20,,27215,38,0,13 40 41,0,20,,27214,32,0,10 40 41,0,60,,27213,38,0,13 40 41,0,21,,27212,32,0,10 40 41,0,20,,27211,38,0,13 40 41,0,59,,27210,32,0,10 40 41,0,20,,27209,38,0,13 40 41,0,20,,27208,32,0,10 40 41,0,60,,27207,38,0,13 40 41,0,20,,27206,32,0,10 40 41,0,19,,27205,38,0,13 40 41,0,61,,27204,32,0,10 40 41,0,15,,27234,38,0,13 40 41,0,19,,27242,32,0,10 40 41,0,55,,27235,38,0,13 40 41,0,15,,27243,32,0,10 40 41,0,15,,27236,38,0,13 40 41,0,15,,27244,32,0,10 40 41,0,56,,27237,38,0,13 40 41,0,15,,27245,32,0,10 40 41,0,15,,27238,38,0,13 40 41,0,15,,27246,32,0,10 40 41,0,55,,27239,38,0,13 40 41,0,15,,27247,32,0,10 40 41,0,15,,27240,38,0,13 40 41,0,15,,27248,32,0,10 40 41,0,10,,27241,38,0,13 40 41,0,59,,27251,32,0,10 40 41,0,21,,27256,38,0,13 40 41,0,20,,27252,32,0,10 40 41,0,60,,27257,38,0,13 40 41,0,20,,27253,32,0,10 40 41,0,20,,27258,38,0,13 40 41,0,60,,27254,32,0,10 40 41,0,20,,27259,38,0,13 40 41,0,69,,27255,32,0,10 40 41,0,33,,27260,38,0,13 40 41,0,70,,27263,32,0,10 40 41,0,30,,27261,38,0,13 40 41,0,70,,27264,32,0,10 40 41,0,30,,27262,38,0,13 40 41,0,70,,27265,32,0,10 40 41,0,90,,27266,38,0,13 40 41,0
401,'3',631,,27272,32,0,10 40 41,0,70,,27273,38,0,13 40 41,0,20,,27280,32,0,10 40 41,0,30,,27274,38,0,13 40 41,0,70,,27281,32,0,10 40 41,0,30,,27275,38,0,13 40 41,0,70,,27282,32,0,10 40 41,0,30,,27276,38,0,13 40 41,0,71,,27283,32,0,10 40 41,0,30,,27277,38,0,13 40 41,0,70,,27284,32,0,10 40 41,0,30,,27278,38,0,13 40 41,0,70,,27285,32,0,10 40 41,0,30,,27279,38,0,13 40 41,0,66,,27286,32,0,10 40 41,0,27,,27292,38,0,13 40 41,0,65,,27287,32,0,10 40 41,0,25,,27293,38,0,13 40 41,0,65,,27288,32,0,10 40 41,0,25,,27294,38,0,13 40 41,0,25,,27289,32,0,10 40 41,0,65,,27295,38,0,13 40 41,0,25,,27290,32,0,10 40 41,0,65,,27296,38,0,13 40 41,0,25,,27291,32,0,10 40 41,0,25,,27304,38,0,13 40 41,0,65,,27300,32,0,10 40 41,0,25,,27305,38,0,13 40 41,0,65,,27301,32,0,10 40 41,0,25,,27306,38,0,13 40 41,0,65,,27302,32,0,10 40 41,0,25,,27307,38,0,13 40 41,0,25,,27303,32,0,10 40 41,0,65,,27308,38,0,13 40 41,0,17,,27309,32,0,10 40 41,0,70,,27313,38,0,13 40 41,0,30,,27310,32,0,10 40 41,0,70,,27314,38,0,13 40 41,0,30,,27311,32,0,10 40 41,0,70,,27315,38,0,13 40 41,0,28,,27312,32,0,10 40 41,0,72,,27298,38,0,13 40 41,0
401,'30',701,,27348,32,0,10 40 41,0,45,,27347,38,0,13 40 41,0,85,,27346,32,0,10 40 41,0,85,,27317,38,0,13 40 41,0,85,,27318,32,0,10 40 41,0,30,,27319,38,0,13 40 41,0,24,,27320,32,0,10 40 41,0,70,,27321,38,0,13 40 41,0,27,,27322,32,0,10 40 41,0,71,,27323,38,0,13 40 41,0,29,,27324,32,0,10 40 41,0,72,,27325,38,0,13 40 41,0,30,,27326,32,0,10 40 41,0,70,,27327,38,0,13 40 41,0,30,,27328,32,0,10 40 41,0,70,,27329,38,0,13 40 41,0,30,,27330,32,0,10 40 41,0,70,,27331,38,0,13 40 41,0,30,,27332,32,0,10 40 41,0,69,,27333,38,0,13 40 41,0,30,,27334,32,0,10 40 41,0,70,,27335,38,0,13 40 41,0,30,,27336,32,0,10 40 41,0,70,,27337,38,0,13 40 41,0,28,,27338,32,0,10 40 41,0,72,,27339,38,0,13 40 41,0,30,,27340,32,0,10 40 41,0,72,,27341,38,0,13 40 41,0,28,,27342,32,0,10 40 41,0,70,,27343,38,0,13 40 41,0,78,,27316,32,0,10 40 41,0
401,'4',701,,27381,32,0,10 40 41,0,45,,27380,38,0,13 40 41,0,85,,27379,32,0,10 40 41,0,85,,27350,38,0,13 40 41,0,85,,27351,32,0,10 40 41,0,30,,27352,38,0,13 40 41,0,24,,27353,32,0,10 40 41,0,70,,27354,38,0,13 40 41,0,27,,27355,32,0,10 40 41,0,71,,27356,38,0,13 40 41,0,29,,27357,32,0,10 40 41,0,72,,27358,38,0,13 40 41,0,30,,27359,32,0,10 40 41,0,70,,27360,38,0,13 40 41,0,30,,27361,32,0,10 40 41,0,70,,27362,38,0,13 40 41,0,30,,27363,32,0,10 40 41,0,70,,27364,38,0,13 40 41,0,30,,27365,32,0,10 40 41,0,69,,27366,38,0,13 40 41,0,30,,27367,32,0,10 40 41,0,70,,27368,38,0,13 40 41,0,30,,27369,32,0,10 40 41,0,70,,27370,38,0,13 40 41,0,28,,27371,32,0,10 40 41,0,72,,27372,38,0,13 40 41,0,30,,27373,32,0,10 40 41,0,72,,27374,38,0,13 40 41,0,28,,27375,32,0,10 40 41,0,70,,27376,38,0,13 40 41,0,78,,27349,32,0,10 40 41,0
600,'2',604,,27590,20,,,0,28,,27589,20,,,0,80,,27591,20,,,0,25,,27592,20,,,0,20,,27593,20,,,0,65,,27594,20,,,0,25,,27595,20,,,0,65,,27596,20,,,0,30,,27597,20,,,0,70,,27598,20,,,0,25,,27599,20,,,0,70,,27600,20,,,0,30,,27601,20,,,0,70,,27602,20,,,0,25,,27603,20,,,0,70,,27604,20,,,0,30,,27605,20,,,0,70,,27606,20,,,0,30,,27607,20,,,0,25,,27608,20,,,0,70,,27609,20,,,0,25,,27610,20,,,0,71,,27611,20,,,0,30,,27612,20,,,0,70,,27613,20,,,0,30,,27614,20,,,0,64,,27615,20,,,0,25,,27616,20,,,0,65,,27617,20,,,0,25,,27618,20,,,0,25,,27619,20,,,0,65,,27620,20,,,0,24,,27621,20,,,0,60,,27622,20,,,0,35,,27623,20,,,0,75,,27624,20,,,0,35,,27625,20,,,0,70,,27626,20,,,0,80,,27627,20,,,0
600,'3',558,,27672,3,,,0,73,,27673,20,,,0,25,,27671,20,,,0,70,,27628,20,,,0,26,,27670,20,,,0,70,,27629,20,,,0,30,,27630,20,,,0,75,,27631,20,,,0,19,,27637,3,,,0,57,,27632,20,,,0,27,,27633,20,,,0,25,,27634,20,,,0,65,,27635,20,,,0,28,,27636,20,,,0,66,,27638,20,,,0,18,,27639,20,,,0,18,,27640,20,,,0,58,,27641,20,,,0,20,,27642,20,,,0,18,,27643,20,,,0,58,,27644,20,,,0,25,,27645,20,,,0,20,,27646,20,,,0,60,,27647,20,,,0,20,,27648,20,,,0,23,,27649,20,,,0,60,,27650,20,,,0,20,,27651,20,,,0,20,,27652,20,,,0,60,,27653,20,,,0,20,,27654,20,,,0,20,,27655,20,,,0,65,,27656,20,,,0,14,,27657,20,,,0,17,,27658,20,,,0,66,,27659,20,,,0,20,,27660,20,,,0,25,,27661,20,,,0,65,,27662,20,,,0,24,,27663,20,,,0,61,,27664,20,,,0,35,,27665,20,,,0,75,,27666,20,,,0,35,,27667,20,,,0,75,,27668,20,,,0,75,,27669,20,,,0
600,'30',850,,27674,3,,,0,68,,27675,3,,,0,36,,27676,20,,,0,75,,27677,20,,,0,75,,27678,20,,,0,35,,27679,20,,,0,70,,27680,3,,,0,16,,27681,20,,,0,34,,27682,20,,,0,65,,27683,20,,,0,25,,27684,20,,,0,65,,27685,20,,,0,25,,27686,20,,,0,65,,27687,20,,,0,25,,27688,20,,,0,25,,27689,20,,,0,65,,27690,20,,,0,25,,27691,20,,,0,65,,27692,20,,,0,26,,27693,20,,,0,23,,27694,20,,,0,65,,27695,20,,,0,77,,27696,20,,,0,35,,27697,20,,,0,75,,27698,20,,,0,35,,27699,20,,,0,75,,27700,20,,,0,35,,27701,20,,,0,73,,27702,20,,,0,74,,27703,20,,,0
600,'4',850,,27704,3,,,0,68,,27705,3,,,0,36,,27706,20,,,0,75,,27707,20,,,0,75,,27708,20,,,0,35,,27709,20,,,0,70,,27733,3,,,0,16,,27710,20,,,0,34,,27711,20,,,0,65,,27712,20,,,0,25,,27713,20,,,0,65,,27714,20,,,0,25,,27715,20,,,0,65,,27716,20,,,0,25,,27717,20,,,0,25,,27718,20,,,0,65,,27719,20,,,0,25,,27720,20,,,0,65,,27721,20,,,0,26,,27722,20,,,0,23,,27723,20,,,0,65,,27724,20,,,0,77,,27725,20,,,0,35,,27726,20,,,0,75,,27727,20,,,0,35,,27728,20,,,0,75,,27729,20,,,0,35,,27730,20,,,0,73,,27731,20,,,0,74,,27732,20,,,0
1301,'2',631,,29385,50,0,10 14 20,0,7,,29386,24,,,0,15,,29387,50,0,10 14 20,0,57,,29388,24,,,0,10,,29389,50,0,10 14 20,0,15,,29390,24,,,0,15,,29391,50,0,10 14 20,0,55,,29392,24,,,0,15,,29393,50,0,10 14 20,0,15,,29394,24,,,0,15,,29395,50,0,10 14 20,0,55,,29396,24,,,0,10,,29397,50,0,10 14 20,0,15,,29398,28,,,0,15,,29399,50,0,10 14 20,0,55,,29400,28,,,0,15,,29401,50,0,10 14 20,0,15,,29402,28,,,0,15,,29403,50,0,10 14 20,0,55,,29404,28,,,0,10,,29405,50,0,10 14 20,0,15,,29406,28,,,0,15,,29407,50,0,10 14 20,0,15,,29408,28,,,0,55,,29409,50,0,10 14 20,0,15,,29410,28,,,0,15,,29411,50,0,10 14 20,0,15,,29412,28,,,0,55,,29413,50,0,10 14 20,0,15,,29414,28,,,0,15,,29415,50,0,10 14 20,0,15,,29416,28,,,0,55,,29417,50,0,10 14 20,0,15,,29418,24,,,0,15,,29419,50,0,10 14 20,0,15,,29420,24,,,0,55,,29421,50,0,10 14 20,0,15,,29422,24,,,0,21,,29423,50,0,10 14 20,0,55,,29424,24,,,0,16,,29425,50,0,10 14 20,0,15,,29426,24,,,0,15,,29427,50,0,10 14 20,0,55,,29428,24,,,0,13,,29429,50,0,10 14 20,0,13,,29430,24,,,0,15,,29431,50,0,10 14 20,0,15,,29432,24,,,0,54,,29433,50,0,10 14 20,0,20,,29435,24,,,0,20,,29439,24,,,0,60,,29436,50,0,10 14 20,0,15,,29440,24,,,0,15,,29437,50,0,10 14 20,0,60,,29441,24,,,0,20,,29438,50,0,10 14 20,0,20,,29442,24,,,0,60,,29443,50,0,10 14 20,0,25,,29446,24,,,0,30,,29444,50,0,10 14 20,0,70,,29447,24,,,0,25,,29445,50,0,10 14 20,0,65,,29448,24,,,0,18,,29449,50,0,10 14 20,0,74,,29451,24,,,0,29,,29450,50,0,10 14 20,0,64,,29452,24,,,0
1301,'3',631,,29453,50,0,10 14 20,0,75,,29454,24,,,0,35,,29455,50,0,10 14 20,0,60,,29456,24,,,0,16,,29460,50,0,10 14 20,0,16,,29457,24,,,0,16,,29461,50,0,10 14 20,0,56,,29458,24,,,0,16,,29462,24,,,0,16,,29459,50,0,10 14 20,0,16,,29463,24,,,0,56,,29464,50,0,10 14 20,0,15,,29465,24,,,0,10,,29481,50,0,10 14 20,0,15,,29466,24,,,0,55,,29482,50,0,10 14 20,0,15,,29467,24,,,0,15,,29483,50,0,10 14 20,0,15,,29468,24,,,0,55,,29484,50,0,10 14 20,0,15,,29469,24,,,0,15,,29485,50,0,10 14 20,0,15,,29470,24,,,0,55,,29486,50,0,10 14 20,0,15,,29471,24,,,0,10,,29487,50,0,10 14 20,0,15,,29472,24,,,0,15,,29488,50,0,10 14 20,0,55,,29473,24,,,0,15,,29489,50,0,10 14 20,0,15,,29474,24,,,0,15,,29490,50,0,10 14 20,0,55,,29475,24,,,0,15,,29491,50,0,10 14 20,0,15,,29476,24,,,0,10,,29492,50,0,10 14 20,0,55,,29477,24,,,0,15,,29493,50,0,10 14 20,0,15,,29478,24,,,0,15,,29494,50,0,10 14 20,0,55,,29479,24,,,0,15,,29495,50,0,10 14 20,0,15,,29480,24,,,0,15,,29496,50,0,10 14 20,0,55,,29501,24,,,0,15,,29497,50,0,10 14 20,0,15,,29502,24,,,0,20,,29498,50,0,10 14 20,0,60,,29503,24,,,0,20,,29499,50,0,10 14 20,0,20,,29504,24,,,0,60,,29500,50,0,10 14 20,0,20,,29505,24,,,0,20,,29506,50,0,10 14 20,0,65,,29510,24,,,0,30,,29507,50,0,10 14 20,0,70,,29511,24,,,0,20,,29508,50,0,10 14 20,0,65,,29512,24,,,0,30,,29509,50,0,10 14 20,0,70,,29513,24,,,0,42,,29515,50,0,10 14 20,0,51,,29514,24,,,0
1301,'30',702,,29537,50,0,10 14 20,0,35,,29539,24,,,0,75,,29538,50,0,10 14 20,0,35,,29540,24,,,0,69,,29541,5,,,0,6,,29536,50,0,10 14 20,0,30,,29535,24,,,0,71,,29524,50,0,10 14 20,0,30,,29534,24,,,0,65,,29523,50,0,10 14 20,0,30,,29533,24,,,0,70,,29522,50,0,10 14 20,0,30,,29532,24,,,0,70,,29521,50,0,10 14 20,0,30,,29531,24,,,0,70,,29520,50,0,10 14 20,0,30,,29530,24,,,0,70,,29519,50,0,10 14 20,0,30,,29529,24,,,0,65,,29518,50,0,10 14 20,0,30,,29528,24,,,0,70,,29517,50,0,10 14 20,0,30,,29527,24,,,0,70,,29516,50,0,10 14 20,0,29,,29526,24,,,0,65,,29542,50,0,10 14 20,0,30,,29546,24,,,0,65,,29543,50,0,10 14 20,0,25,,29547,24,,,0,15,,29544,50,0,10 14 20,0,70,,29548,24,,,0,30,,29545,50,0,10 14 20,0,71,,29549,24,,,0,37,,29550,50,0,10 14 20,0,51,,29525,24,,,0
1301,'4',702,,29572,50,0,10 14 20,0,35,,29574,24,,,0,75,,29573,50,0,10 14 20,0,35,,29575,24,,,0,69,,29576,5,,,0,6,,29571,50,0,10 14 20,0,30,,29570,24,,,0,71,,29559,50,0,10 14 20,0,30,,29569,24,,,0,65,,29558,50,0,10 14 20,0,30,,29568,24,,,0,70,,29557,50,0,10 14 20,0,30,,29567,24,,,0,70,,29556,50,0,10 14 20,0,30,,29566,24,,,0,70,,29555,50,0,10 14 20,0,30,,29565,24,,,0,70,,29554,50,0,10 14 20,0,30,,29564,24,,,0,65,,29553,50,0,10 14 20,0,30,,29563,24,,,0,70,,29552,50,0,10 14 20,0,30,,29562,24,,,0,70,,29551,50,0,10 14 20,0,29,,29561,24,,,0,65,,29577,50,0,10 14 20,0,30,,29581,24,,,0,65,,29578,50,0,10 14 20,0,25,,29582,24,,,0,15,,29579,50,0,10 14 20,0,70,,29583,24,,,0,30,,29580,50,0,10 14 20,0,71,,29584,24,,,0,37,,29585,50,0,10 14 20,0,51,,29560,24,,,0
1501,'2',631,,29781,41,0,10 26 27,0,20,,29782,39,0,13 26 27,0,60,,29783,41,0,10 26 27,0,16,,29784,39,0,13 26 27,0,16,,29787,41,0,10 26 27,0,11,,29785,39,0,13 26 27,0,56,,29788,41,0,10 26 27,0,16,,29786,39,0,13 26 27,0,16,,29789,41,0,10 26 27,0,16,,29790,39,0,13 26 27,0,55,,29808,41,0,10 26 27,0,15,,29791,39,0,13 26 27,0,15,,29809,41,0,10 26 27,0,15,,29792,39,0,13 26 27,0,55,,29810,41,0,10 26 27,0,15,,29793,39,0,13 26 27,0,15,,29811,41,0,10 26 27,0,15,,29794,39,0,13 26 27,0,55,,29812,41,0,10 26 27,0,15,,29795,39,0,13 26 27,0,15,,29813,41,0,10 26 27,0,15,,29796,39,0,13 26 27,0,55,,29814,41,0,10 26 27,0,15,,29797,39,0,13 26 27,0,15,,29815,41,0,10 26 27,0,15,,29798,39,0,13 26 27,0,55,,29816,41,0,10 26 27,0,15,,29799,39,0,13 26 27,0,15,,29817,41,0,10 26 27,0,13,,29800,39,0,13 26 27,0,58,,29818,41,0,10 26 27,0,15,,29801,39,0,13 26 27,0,15,,29819,41,0,10 26 27,0,15,,29802,39,0,13 26 27,0,55,,29820,41,0,10 26 27,0,15,,29803,39,0,13 26 27,0,15,,29821,41,0,10 26 27,0,15,,29804,39,0,13 26 27,0,56,,29822,41,0,10 26 27,0,15,,29805,39,0,13 26 27,0,17,,29823,41,0,10 26 27,0,53,,29806,39,0,13 26 27,0,15,,29824,41,0,10 26 27,0,15,,29807,39,0,13 26 27,0,13,,29827,41,0,10 26 27,0,16,,29828,39,0,13 26 27,0,59,,29829,41,0,10 26 27,0,21,,29830,39,0,13 26 27,0,19,,29842,41,0,10 26 27,0,76,,29831,39,0,13 26 27,0,69,,29832,41,0,10 26 27,0,21,,29833,39,0,13 26 27,0,17,,29834,41,0,10 26 27,0,65,,29835,39,0,13 26 27,0,29,,29836,41,0,10 26 27,0,70,,29837,39,0,13 26 27,0,30,,29838,41,0,10 26 27,0,70,,29839,39,0,13 26 27,0,30,,29840,41,0,10 26 27,0,72,,29841,39,0,13 26 27,0,23,,29845,41,0,10 26 27,0,71,,29844,39,0,13 26 27,0
1501,'3',631,,29850,39,0,13 26 27,0,90,,29851,41,0,10 26 27,0,35,,29852,39,0,13 26 27,0,70,,29853,41,0,10 26 27,0,30,,29855,39,0,13 26 27,0,70,,29854,41,0,10 26 27,0,30,,29856,39,0,13 26 27,0,60,,29857,41,0,10 26 27,0,20,,29858,39,0,13 26 27,0,20,,29859,39,0,13 26 27,0,60,,29860,41,0,10 26 27,0,20,,29871,39,0,13 26 27,0,20,,29861,41,0,10 26 27,0,60,,29872,39,0,13 26 27,0,20,,29862,41,0,10 26 27,0,20,,29873,39,0,13 26 27,0,60,,29863,41,0,10 26 27,0,20,,29874,39,0,13 26 27,0,20,,29864,41,0,10 26 27,0,60,,29875,39,0,13 26 27,0,20,,29865,41,0,10 26 27,0,20,,29876,39,0,13 26 27,0,60,,29866,41,0,10 26 27,0,20,,29877,39,0,13 26 27,0,20,,29867,41,0,10 26 27,0,60,,29878,39,0,13 26 27,0,20,,29868,41,0,10 26 27,0,20,,29879,39,0,13 26 27,0,60,,29869,41,0,10 26 27,0,15,,29880,39,0,13 26 27,0,25,,29870,41,0,10 26 27,0,70,,29881,39,0,13 26 27,0,30,,29887,41,0,10 26 27,0,70,,29882,39,0,13 26 27,0,30,,29888,41,0,10 26 27,0,70,,29883,39,0,13 26 27,0,30,,29889,41,0,10 26 27,0,65,,29884,39,0,13 26 27,0,30,,29890,41,0,10 26 27,0,65,,29885,39,0,13 26 27,0,30,,29891,41,0,10 26 27,0,65,,29886,39,0,13 26 27,0,25,,29892,41,0,10 26 27,0,70,,29893,39,0,13 26 27,0,95,,29894,41,0,10 26 27,0
1501,'30',633,,29935,41,0,10 26 27,0,25,,29936,39,0,13 26 27,0,64,,29899,41,0,10 26 27,0,26,,29900,39,0,13 26 27,0,70,,29934,41,0,10 26 27,0,23,,29933,39,0,13 26 27,0,67,,29901,41,0,10 26 27,0,31,,29902,39,0,13 26 27,0,70,,29903,41,0,10 26 27,0,22,,29904,39,0,13 26 27,0,70,,29905,41,0,10 26 27,0,25,,29906,39,0,13 26 27,0,30,,29907,41,0,10 26 27,0,70,,29908,39,0,13 26 27,0,28,,29909,41,0,10 26 27,0,70,,29910,39,0,13 26 27,0,30,,29911,41,0,10 26 27,0,70,,29912,39,0,13 26 27,0,30,,29913,41,0,10 26 27,0,70,,29914,39,0,13 26 27,0,30,,29915,41,0,10 26 27,0,70,,29916,39,0,13 26 27,0,30,,29917,41,0,10 26 27,0,70,,29918,39,0,13 26 27,0,30,,29919,41,0,10 26 27,0,70,,29920,39,0,13 26 27,0,26,,29921,41,0,10 26 27,0,70,,29922,39,0,13 26 27,0,30,,29923,41,0,10 26 27,0,65,,29924,39,0,13 26 27,0,25,,29925,41,0,10 26 27,0,70,,29926,39,0,13 26 27,0,30,,29927,41,0,10 26 27,0,61,,29928,39,0,13 26 27,0,30,,29929,41,0,10 26 27,0,70,,29930,39,0,13 26 27,0
1501,'4',633,,29974,41,0,10 26 27,0,25,,29975,39,0,13 26 27,0,64,,29938,41,0,10 26 27,0,26,,29939,39,0,13 26 27,0,70,,29973,41,0,10 26 27,0,23,,29972,39,0,13 26 27,0,67,,29940,41,0,10 26 27,0,31,,29941,39,0,13 26 27,0,70,,29942,41,0,10 26 27,0,22,,29943,39,0,13 26 27,0,70,,29944,41,0,10 26 27,0,25,,29945,39,0,13 26 27,0,30,,29946,41,0,10 26 27,0,70,,29947,39,0,13 26 27,0,28,,29948,41,0,10 26 27,0,70,,29949,39,0,13 26 27,0,30,,29950,41,0,10 26 27,0,70,,29951,39,0,13 26 27,0,30,,29952,41,0,10 26 27,0,70,,29953,39,0,13 26 27,0,30,,29954,41,0,10 26 27,0,70,,29955,39,0,13 26 27,0,30,,29956,41,0,10 26 27,0,70,,29957,39,0,13 26 27,0,30,,29958,41,0,10 26 27,0,70,,29959,39,0,13 26 27,0,26,,29960,41,0,10 26 27,0,70,,29961,39,0,13 26 27,0,30,,29962,41,0,10 26 27,0,65,,29963,39,0,13 26 27,0,25,,29964,41,0,10 26 27,0,70,,29965,39,0,13 26 27,0,30,,29966,41,0,10 26 27,0,61,,29967,39,0,13 26 27,0,30,,29968,41,0,10 26 27,0,70,,29969,39,0,13 26 27,0
