1001,'11802',738,,45057,23,,,1,790,,45060,23,,,1,185,,45061,23,,,1
1001,'2',639,,45063,72,,,1,17,,45110,72,,,1,56,,45062,72,,,1,13,,45111,72,,,1,16,,45067,72,,,1,18,,45066,72,,,1,56,,45065,72,,,1,15,,45064,72,,,1,17,,45073,72,0,21 3 22,1,56,,45072,72,,,1,14,,45071,72,0,21 3 22,1,25,,45070,72,,,1,63,,45069,72,,,1,35,,45068,72,,,1,70,,45075,72,,,1,20,,45077,72,,,1,70,,45076,72,,,1,30,,45074,72,,,1,76,,45080,72,,,1,22,,45079,72,,,1,28,,45078,72,,,1,67,,45118,23,,,1,15,,45082,72,,,1,18,,45081,72,,,1,62,,45083,72,,,1,21,,45112,72,,,1,17,,45084,72,,,1,54,,45113,72,,,1,16,,45085,72,,,1,15,,45114,72,,,1,18,,45086,72,,,1,60,,45087,72,,,1,18,,45115,72,,,1,18,,45088,72,,,1,52,,45116,72,0,21 3 22,1,8,,45089,72,,,1,22,,45093,72,,,1,19,,45090,72,0,21 3 22,1,51,,45091,72,,,1,6,,45094,72,0,21 3 22,1,28,,45092,72,,,1,18,,45095,72,0,21 3 22,1,59,,45096,72,,,1,26,,45097,72,0,21 3 22,1,12,,45098,72,,,1,78,,45099,72,,,1,73,,45100,72,,,1,20,,45117,72,,,1,75,,45101,72,,,1,35,,45102,72,,,1,65,,45103,72,,,1,18,,45104,72,,,1,30,,45105,72,,,1,71,,45106,72,,,1,35,,45107,72,0,21 3 22,1
1001,'3',723,,45122,72,,,1,30,,45121,72,,,1,76,,45125,72,,,1,30,,45126,72,,,1,70,,45127,72,,,1,25,,45128,72,,,1,72,,45129,72,,,1,30,,45130,72,,,1,65,,45131,72,,,1,30,,45132,72,,,1,71,,45133,72,,,1,30,,45134,72,,,1,70,,45135,72,,,1,30,,45136,72,,,1,70,,45137,72,,,1,15,,45138,72,,,1,70,,45139,72,,,1,30,,45140,72,,,1,70,,45141,72,,,1,30,,45142,72,,,1,70,,45143,72,,,1,30,,45144,72,,,1,70,,45145,72,,,1,29,,45146,72,,,1,70,,45147,72,,,1,30,,45148,72,,,1,70,,45149,72,,,1,25,,45150,72,,,1,25,,45151,72,,,1,69,,45152,72,,,1,25,,45153,72,,,1,70,,45154,72,,,1,25,,45155,72,,,1,70,,45159,72,,,1,30,,45160,72,,,1,65,,45161,72,,,1,13,,45158,72,0,21 3 22,1,32,,45162,72,,,1,62,,45156,72,0,21 3 22,1
1001,'30',749,,45163,72,,,1,73,,45200,72,,,1,22,,45164,72,,,1,69,,45199,72,,,1,21,,45165,72,,,1,20,,45166,72,,,1,70,,45167,72,,,1,25,,45168,72,,,1,70,,45169,72,,,1,30,,45170,72,,,1,72,,45172,72,,,1,30,,45173,72,,,1,65,,45174,72,,,1,30,,45175,72,,,1,70,,45176,72,,,1,30,,45177,72,,,1,70,,45178,72,,,1,30,,45179,72,,,1,70,,45180,72,,,1,30,,45181,72,,,1,75,,45182,72,,,1,25,,45183,72,,,1,70,,45184,72,,,1,28,,45195,72,,,1,69,,45185,72,,,1,25,,45188,72,,,1,70,,45189,72,,,1,30,,45190,72,,,1,70,,45191,72,,,1,36,,45192,72,,,1,64,,45193,72,,,1,13,,45194,72,,,1,26,,45196,72,,,1,66,,45187,72,0,21 3 22,1,30,,45186,72,0,21 3 22,1
1001,'4',749,,45201,72,,,1,73,,45238,72,,,1,22,,45202,72,,,1,69,,45237,72,,,1,21,,45203,72,,,1,20,,45204,72,,,1,70,,45205,72,,,1,25,,45206,72,,,1,70,,45207,72,,,1,30,,45208,72,,,1,72,,45210,72,,,1,30,,45211,72,,,1,65,,45212,72,,,1,30,,45213,72,,,1,70,,45214,72,,,1,30,,45215,72,,,1,70,,45216,72,,,1,30,,45217,72,,,1,70,,45218,72,,,1,30,,45219,72,,,1,75,,45220,72,,,1,25,,45221,72,,,1,70,,45222,72,,,1,28,,45233,72,,,1,69,,45223,72,,,1,25,,45226,72,,,1,70,,45227,72,,,1,30,,45228,72,,,1,70,,45229,72,,,1,36,,45230,72,,,1,64,,45231,72,,,1,13,,45232,72,,,1,26,,45234,72,,,1,66,,45225,72,0,21 3 22,1,30,,45224,72,0,21 3 22,1
2401,'11802',1635,,47773,34,,,1
2401,'2',648,2,47775,34,,,1,70,2,47776,34,,,1,29,2,47777,34,,,1,71,2,47778,34,,,1,30,2,47779,34,,,1,70,2,47780,34,,,1,30,2,47781,34,,,1,70,2,47782,34,,,1,30,2,47783,34,,,1,70,2,47784,34,,,1,30,2,47785,34,,,1,70,2,47786,34,,,1,30,3,47787,34,,,1,70,3,47788,34,,,1,30,3,47789,34,,,1,70,3,47790,34,,,1,29,,47791,34,,,1,71,,47792,34,,,1,30,,47793,34,,,1,73,,47794,34,,,1,32,,47797,34,,,1,73,,47798,34,,,1,33,,47799,34,,,1,73,,47800,34,,,1,72,2,47801,34,,,1,30,2,47802,34,,,1,70,2,47803,34,,,1,30,2,47804,34,,,1,70,2,47805,34,,,1,20,2,47806,34,,,1
2401,'3',713,,47822,34,,,1,40,,47821,34,,,1,80,,47807,34,,,1,80,,47808,34,,,1,40,,47815,34,,,1,79,,47809,34,,,1,78,,47816,34,,,1,42,,47810,34,,,1,78,,47817,34,,,1,85,,47811,34,,,1,85,,47818,34,,,1,44,,47812,34,,,1,86,,47819,34,,,1,84,,47813,34,,,1,86,41,47820,34,,,1,44,,47814,34,,,1,80,,47824,34,,,1,84,,47825,34,,,1,40,,47826,34,,,1,84,,47827,34,,,1
2401,'30',758,3,47828,34,,,1,82,7,47830,34,,,1,81,8,47831,34,,,1,80,45,47832,34,,,1,40,5,47833,34,,,1,80,5,47834,34,,,1,79,44,47835,34,,,1,40,2,47836,34,,,1,80,,47837,34,,,1,80,,47838,34,,,1,40,,47839,34,,,1,80,,47840,34,,,1,80,,47841,34,,,1,40,,47842,34,,,1,80,,47843,34,,,1,82,,47844,34,,,1,40,,47845,34,,,1,80,,47846,34,,,1,80,,47847,34,,,1,40,,47848,34,,,1
2401,'4',758,3,47850,34,,,1,82,7,47852,34,,,1,81,8,47853,34,,,1,80,45,47854,34,,,1,40,5,47855,34,,,1,80,5,47856,34,,,1,79,44,47857,34,,,1,40,2,47858,34,,,1,80,,47859,34,,,1,80,,47860,34,,,1,40,,47861,34,,,1,80,,47862,34,,,1,80,,47863,34,,,1,40,,47864,34,,,1,80,,47865,34,,,1,82,,47866,34,,,1,40,,47867,34,,,1,80,,47868,34,,,1,80,,47869,34,,,1,40,,47870,34,,,1
