701,'2',644,,28029,51,,,0,60,,28030,51,,,0,38,,28031,51,,,0,65,,28032,51,,,0,20,,28033,51,,,0,20,,28034,51,,,0,60,,28035,51,,,0,19,,28036,51,,,0,30,,28037,51,,,0,55,,28038,51,,,0,30,,28039,51,,,0,70,,28040,51,,,0,30,,28041,51,,,0,70,,28042,51,,,0,31,,28043,51,,,0,70,,28044,51,,,0,30,,28045,51,,,0,70,,28046,51,,,0,25,,28047,51,,,0,20,,28048,51,,,0,60,,28049,51,,,0,20,,28050,51,,,0,20,,28051,51,,,0,63,,28052,51,,,0,20,,28053,51,,,0,60,,28054,51,,,0,20,,28055,51,,,0,20,,28056,51,,,0,60,,28057,51,,,0,16,,28058,51,,,0,25,,28059,51,,,0,65,,28060,51,,,0,25,,28061,51,,,0,25,,28062,51,,,0,65,,28063,51,,,0,30,,28064,51,,,0,78,,28065,51,,,0,30,,28066,51,,,0,70,,28067,51,,,0,30,,28068,51,,,0,70,,28069,51,,,0,30,,28070,51,,,0
701,'3',645,,28113,51,,,0,76,,28114,51,,,0,31,,28112,51,,,0,73,,28076,51,,,0,30,,28077,51,,,0,65,,28078,51,,,0,30,,28079,51,,,0,70,,28080,51,,,0,25,,28081,51,,,0,65,,28082,51,,,0,30,,28083,51,,,0,71,,28084,51,,,0,25,,28085,51,,,0,65,,28086,51,,,0,30,,28087,51,,,0,70,,28088,51,,,0,29,,28089,51,,,0,70,,28090,51,,,0,30,,28091,51,,,0,70,,28092,51,,,0,30,,28093,51,,,0,70,,28094,51,,,0,30,,28095,51,,,0,70,,28096,51,,,0,30,,28097,51,,,0,70,,28098,51,,,0,25,,28099,51,,,0,25,,28100,51,,,0,70,,28101,51,,,0,25,,28102,51,,,0,62,,28103,51,,,0,29,,28104,51,,,0,70,,28105,51,,,0,30,,28106,51,,,0,70,,28107,51,,,0,30,,28108,51,,,0,70,,28109,51,,,0
701,'30',915,,28115,51,,,0,25,,28116,51,,,0,75,,28117,51,,,0,20,,28118,51,,,0,65,,28119,51,,,0,30,,28120,51,,,0,70,,28121,51,,,0,27,,28122,51,,,0,25,,28123,51,,,0,70,,28124,51,,,0,30,,28125,51,,,0,70,,28126,51,,,0,25,,28127,51,,,0,70,,28128,51,,,0,30,,28129,51,,,0,70,,28130,51,,,0,30,,28131,51,,,0,69,,28132,51,,,0,30,,28133,51,,,0,70,,28134,51,,,0,30,,28135,51,,,0,70,,28137,51,,,0,30,,28138,51,,,0,70,,28139,51,,,0,30,,28140,51,,,0,70,,28141,51,,,0,30,,28142,51,,,0,68,,28145,51,,,0,30,,28146,51,,,0,70,,28143,51,,,0
701,'4',915,,28147,51,,,0,25,,28148,51,,,0,75,,28149,51,,,0,20,,28150,51,,,0,65,,28151,51,,,0,30,,28152,51,,,0,70,,28153,51,,,0,27,,28154,51,,,0,25,,28155,51,,,0,70,,28156,51,,,0,30,,28157,51,,,0,70,,28158,51,,,0,25,,28159,51,,,0,70,,28160,51,,,0,30,,28161,51,,,0,70,,28162,51,,,0,30,,28163,51,,,0,69,,28164,51,,,0,30,,28165,51,,,0,70,,28166,51,,,0,30,,28167,51,,,0,70,,28169,51,,,0,30,,28170,51,,,0,70,,28171,51,,,0,30,,28172,51,,,0,70,,28173,51,,,0,30,,28174,51,,,0,68,,28177,51,,,0,30,,28178,51,,,0,70,,28175,51,,,0
1001,'2',551,,28727,23,,,0,56,,28774,23,,,0,16,,28726,23,,,0,16,,28775,23,,,0,16,,28731,23,,,0,57,,28730,23,,,0,16,,28729,23,,,0,15,,28728,23,,,0,57,,28737,23,0,21 3 22,0,16,,28736,23,,,0,14,,28735,23,0,21 3 22,0,18,,28734,23,,,0,62,,28733,23,,,0,35,,28732,23,,,0,70,,28739,23,,,0,20,,28741,23,,,0,73,,28740,23,,,0,30,,28738,23,,,0,70,,28744,23,,,0,32,,28743,23,,,0,70,,28742,23,,,0,35,,28746,23,,,0,58,,28745,23,,,0,23,,28747,23,,,0,17,,28776,23,,,0,57,,28748,23,,,0,18,,28777,23,,,0,14,,28749,23,,,0,13,,28778,23,,,0,55,,28750,23,,,0,19,,28751,23,,,0,19,,28779,23,,,0,20,,28752,23,,,0,52,,28780,23,0,21 3 22,0,18,,28753,23,,,0,17,,28757,23,,,0,14,,28754,23,0,21 3 22,0,58,,28755,23,,,0,11,,28758,23,0,21 3 22,0,24,,28756,23,,,0,55,,28759,23,0,21 3 22,0,28,,28760,23,,,0,24,,28761,23,0,21 3 22,0,57,,28762,23,,,0,33,,28763,23,,,0,73,,28764,23,,,0,24,,28781,23,,,0,70,,28765,23,,,0,37,,28766,23,,,0,65,,28767,23,,,0,28,,28768,23,,,0,70,,28769,23,,,0,31,,28770,23,,,0,75,,28771,23,0,21 3 22,0
1001,'3',648,,28796,23,,,0,70,,28795,23,,,0,33,,28799,23,,,0,69,,28800,23,,,0,30,,28801,23,,,0,65,,28802,23,,,0,29,,28803,23,,,0,68,,28804,23,,,0,25,,28805,23,,,0,70,,28806,23,,,0,29,,28807,23,,,0,69,,28808,23,,,0,30,,28809,23,,,0,70,,28810,23,,,0,30,,28811,23,,,0,15,,28812,23,,,0,70,,28813,23,,,0,30,,28814,23,,,0,70,,28815,23,,,0,30,,28816,23,,,0,70,,28817,23,,,0,30,,28818,23,,,0,70,,28819,23,,,0,35,,28820,23,,,0,70,,28821,23,,,0,30,,28822,23,,,0,70,,28823,23,,,0,25,,28824,23,,,0,65,,28825,23,,,0,32,,28826,23,,,0,66,,28827,23,,,0,30,,28828,23,,,0,65,,28829,23,,,0,30,,28833,23,,,0,70,,28834,23,,,0,25,,28835,23,,,0,17,,28832,23,0,21 3 22,0,73,,28836,23,,,0,24,,28830,23,0,21 3 22,0
1001,'30',711,,28837,23,,,0,31,,28874,23,,,0,64,,28838,23,,,0,27,,28873,23,,,0,21,,28839,23,,,0,60,,28840,23,,,0,30,,28841,23,,,0,65,,28842,23,,,0,30,,28843,23,,,0,70,,28844,23,,,0,29,,28846,23,,,0,69,,28847,23,,,0,25,,28848,23,,,0,70,,28849,23,,,0,30,,28850,23,,,0,70,,28851,23,,,0,30,,28852,23,,,0,70,,28853,23,,,0,30,,28854,23,,,0,70,,28855,23,,,0,30,,28856,23,,,0,27,,28857,23,,,0,70,,28858,23,,,0,28,,28869,23,,,0,69,,28859,23,,,0,25,,28862,23,,,0,70,,28863,23,,,0,30,,28864,23,,,0,70,,28865,23,,,0,32,,28866,23,,,0,68,,28867,23,,,0,20,,28868,23,,,0,67,,28870,23,,,0,30,,28861,23,0,21 3 22,0,70,,28860,23,0,21 3 22,0
1001,'4',711,,28875,23,,,0,31,,28912,23,,,0,64,,28876,23,,,0,27,,28911,23,,,0,21,,28877,23,,,0,60,,28878,23,,,0,30,,28879,23,,,0,65,,28880,23,,,0,30,,28881,23,,,0,70,,28882,23,,,0,29,,28884,23,,,0,69,,28885,23,,,0,25,,28886,23,,,0,70,,28887,23,,,0,30,,28888,23,,,0,70,,28889,23,,,0,30,,28890,23,,,0,70,,28891,23,,,0,30,,28892,23,,,0,70,,28893,23,,,0,30,,28894,23,,,0,27,,28895,23,,,0,70,,28896,23,,,0,28,,28907,23,,,0,69,,28897,23,,,0,25,,28900,23,,,0,70,,28901,23,,,0,30,,28902,23,,,0,70,,28903,23,,,0,32,,28904,23,,,0,68,,28905,23,,,0,20,,28906,23,,,0,67,,28908,23,,,0,30,,28899,23,0,21 3 22,0,70,,28898,23,0,21 3 22,0
1501,'2',627,,29782,9,0,13 26 27,0,31,,29784,9,0,13 26 27,0,67,,29785,9,0,13 26 27,0,32,,29786,9,0,13 26 27,0,72,,29790,9,0,13 26 27,0,74,,29791,9,0,13 26 27,0,30,,29792,9,0,13 26 27,0,70,,29793,9,0,13 26 27,0,30,,29794,9,0,13 26 27,0,70,,29795,9,0,13 26 27,0,30,,29796,9,0,13 26 27,0,71,,29797,9,0,13 26 27,0,30,,29798,9,0,13 26 27,0,70,,29799,9,0,13 26 27,0,28,,29800,9,0,13 26 27,0,69,,29801,9,0,13 26 27,0,30,,29802,9,0,13 26 27,0,70,,29803,9,0,13 26 27,0,30,,29804,9,0,13 26 27,0,71,,29805,9,0,13 26 27,0,30,,29806,9,0,13 26 27,0,70,,29807,9,0,13 26 27,0,30,,29828,9,0,13 26 27,0,80,,29830,9,0,13 26 27,0,95,,29831,9,0,13 26 27,0,51,,29833,9,0,13 26 27,0,82,,29835,9,0,13 26 27,0,102,,29837,9,0,13 26 27,0,100,,29839,9,0,13 26 27,0,101,,29841,9,0,13 26 27,0,96,,29844,9,0,13 26 27,0
1501,'3',607,,29850,9,0,13 26 27,0,127,,29852,9,0,13 26 27,0,98,,29855,9,0,13 26 27,0,100,,29856,9,0,13 26 27,0,79,,29858,9,0,13 26 27,0,20,,29859,9,0,13 26 27,0,80,,29871,9,0,13 26 27,0,41,,29872,9,0,13 26 27,0,80,,29873,9,0,13 26 27,0,80,,29874,9,0,13 26 27,0,40,,29875,9,0,13 26 27,0,80,,29876,9,0,13 26 27,0,80,,29877,9,0,13 26 27,0,40,,29878,9,0,13 26 27,0,80,,29879,9,0,13 26 27,0,75,,29880,9,0,13 26 27,0,95,,29881,9,0,13 26 27,0,100,,29882,9,0,13 26 27,0,100,,29883,9,0,13 26 27,0,57,,29884,9,0,13 26 27,0,95,,29885,9,0,13 26 27,0,95,,29886,9,0,13 26 27,0,95,,29893,9,0,13 26 27,0
1501,'30',635,,29936,9,0,13 26 27,0,90,,29900,9,0,13 26 27,0,93,,29933,9,0,13 26 27,0,98,,29902,9,0,13 26 27,0,92,,29904,9,0,13 26 27,0,95,,29906,9,0,13 26 27,0,99,,29908,9,0,13 26 27,0,98,,29910,9,0,13 26 27,0,100,,29912,9,0,13 26 27,0,100,,29914,9,0,13 26 27,0,100,,29916,9,0,13 26 27,0,101,,29918,9,0,13 26 27,0,100,,29920,9,0,13 26 27,0,56,,29922,9,0,13 26 27,0,95,,29924,9,0,13 26 27,0,95,,29926,9,0,13 26 27,0,91,,29928,9,0,13 26 27,0,99,,29930,9,0,13 26 27,0
1501,'4',635,,29975,9,0,13 26 27,0,90,,29939,9,0,13 26 27,0,93,,29972,9,0,13 26 27,0,98,,29941,9,0,13 26 27,0,92,,29943,9,0,13 26 27,0,95,,29945,9,0,13 26 27,0,99,,29947,9,0,13 26 27,0,98,,29949,9,0,13 26 27,0,100,,29951,9,0,13 26 27,0,100,,29953,9,0,13 26 27,0,100,,29955,9,0,13 26 27,0,101,,29957,9,0,13 26 27,0,100,,29959,9,0,13 26 27,0,56,,29961,9,0,13 26 27,0,95,,29963,9,0,13 26 27,0,95,,29965,9,0,13 26 27,0,91,,29967,9,0,13 26 27,0,99,,29969,9,0,13 26 27,0
2400,'2',627,,31332,36,,,0,22,,31333,36,,,0,70,,31334,36,,,0,34,,31335,36,,,0,70,,31336,36,,,0,30,,31337,36,,,0,70,,31338,36,,,0,28,,31339,36,,,0,70,,31340,36,,,0,30,,31341,36,,,0,70,,31342,36,,,0,30,,31343,36,,,0,70,,31344,36,,,0,30,,31345,36,,,0,70,,31346,36,,,0,30,,31347,36,,,0,70,,31348,36,,,0,36,,31349,36,,,0,70,,31350,36,,,0,73,,31351,36,,,0,31,,31357,36,,,0,76,,31354,36,,,0,33,,31355,36,,,0,73,,31356,36,,,0,25,,31358,36,,,0,69,,31359,36,,,0,32,,31360,36,,,0,70,,31361,36,,,0,30,,31362,36,,,0,70,,31363,36,0,42 20,0
2400,'3',632,,31381,27,,,0,72,,31380,36,,,0,40,,31379,36,,,0,80,,31365,36,,,0,80,,31372,36,,,0,40,,31366,36,,,0,80,,31373,36,,,0,81,,31367,36,,,0,37,,31374,36,,,0,83,,31368,36,,,0,81,,31375,36,,,0,45,,31369,36,,,0,84,,31376,36,,,0,84,,31370,36,,,0,86,,31377,36,,,0,44,,31371,36,,,0,86,,31378,36,,,0,84,,31382,36,,,0,40,,31383,36,,,0,84,,31384,36,,,0,80,,31385,36,,,0
2400,'30',715,,31403,27,,,0,30,,31402,36,,,0,80,,31401,36,,,0,80,,31400,36,,,0,40,,31399,36,,,0,80,,31387,36,,,0,80,,31393,36,,,0,40,,31388,36,,,0,83,,31394,36,,,0,79,,31389,36,,,0,41,,31395,36,,,0,79,,31390,36,,,0,81,,31396,36,,,0,39,,31391,36,,,0,81,,31397,36,,,0,79,,31392,36,,,0
2400,'4',715,,31421,27,,,0,30,,31420,36,,,0,80,,31419,36,,,0,80,,31418,36,,,0,40,,31417,36,,,0,80,,31405,36,,,0,80,,31411,36,,,0,40,,31406,36,,,0,83,,31412,36,,,0,79,,31407,36,,,0,41,,31413,36,,,0,79,,31408,36,,,0,81,,31414,36,,,0,39,,31409,36,,,0,81,,31415,36,,,0,79,,31410,36,,,0
