700,'2',605,,44222,2,,,1,27,,44223,2,,,1,25,,44224,2,,,1,60,,44225,2,,,1,20,,44226,2,,,1,20,,44227,2,,,1,60,,44228,2,,,1,21,,44229,2,,,1,66,,44230,2,,,1,30,,44231,2,,,1,70,,44232,2,,,1,25,,44233,2,,,1,30,,44234,2,,,1,70,,44235,2,,,1,29,,44236,2,,,1,70,,44237,2,,,1,30,,44238,2,,,1,70,,44240,2,,,1,25,,44241,2,,,1,60,,44242,2,,,1,20,,44243,2,,,1,20,,44244,2,,,1,60,,44245,2,,,1,20,,44246,2,,,1,19,,44247,2,,,1,60,,44248,2,,,1,20,,44249,2,,,1,25,,44250,2,,,1,55,,44251,2,,,1,20,,44252,2,,,1,68,,44253,2,,,1,25,,44254,2,,,1,25,,44255,2,,,1,65,,44256,2,,,1,25,,44257,2,,,1,65,,44258,2,,,1,25,,44259,2,,,1,79,,44260,2,,,1,30,,44261,2,,,1,70,,44262,2,,,1,30,,44263,2,,,1,70,,44264,2,,,1,27,,44265,2,,,1
700,'3',610,,44301,2,,,1,29,,44302,2,,,1,70,,44300,2,,,1,39,,44266,2,,,1,66,,44299,2,,,1,30,,44267,2,,,1,65,,44268,2,,,1,25,,44269,2,,,1,71,,44270,2,,,1,30,,44271,2,,,1,65,,44272,2,,,1,25,,44273,2,,,1,29,,44274,2,,,1,70,,44275,2,,,1,30,,44276,2,,,1,65,,44277,2,,,1,30,,44278,2,,,1,70,,44279,2,,,1,30,,44280,2,,,1,70,,44281,2,,,1,30,,44282,2,,,1,70,,44283,2,,,1,30,,44284,2,,,1,70,,44285,2,,,1,26,,44286,2,,,1,71,,44287,2,,,1,30,,44288,2,,,1,70,,44289,2,,,1,25,,44290,2,,,1,70,,44291,2,,,1,31,,44292,2,,,1,71,,44293,2,,,1,28,,44294,2,,,1,72,,44295,2,,,1,30,,44296,2,,,1,70,,44297,2,,,1,30,,44298,2,,,1
700,'30',840,,44304,2,,,1,85,,44306,2,,,1,30,,44307,2,,,1,70,,44308,2,,,1,25,,44309,2,,,1,65,,44310,2,,,1,29,,44311,2,,,1,70,,44312,2,,,1,30,,44313,2,,,1,65,,44314,2,,,1,30,,44315,2,,,1,70,,44316,2,,,1,30,,44317,2,,,1,65,,44318,2,,,1,30,,44319,2,,,1,70,,44320,2,,,1,22,,44321,2,,,1,30,,44322,2,,,1,70,,44323,2,,,1,30,,44324,2,,,1,70,,44325,2,,,1,30,,44326,2,,,1,70,,44327,2,,,1,30,,44328,2,,,1,70,,44329,2,,,1,30,,44330,2,,,1,70,,44331,2,,,1,33,,44333,2,,,1,85,,44332,2,,,1
700,'4',840,,44335,2,,,1,85,,44337,2,,,1,30,,44338,2,,,1,70,,44339,2,,,1,25,,44340,2,,,1,65,,44341,2,,,1,29,,44342,2,,,1,70,,44343,2,,,1,30,,44344,2,,,1,65,,44345,2,,,1,30,,44346,2,,,1,70,,44347,2,,,1,30,,44348,2,,,1,65,,44349,2,,,1,30,,44350,2,,,1,70,,44351,2,,,1,22,,44352,2,,,1,30,,44353,2,,,1,70,,44354,2,,,1,30,,44355,2,,,1,70,,44356,2,,,1,30,,44357,2,,,1,70,,44358,2,,,1,30,,44359,2,,,1,70,,44360,2,,,1,30,,44361,2,,,1,70,,44362,2,,,1,33,,44364,2,,,1,85,,44363,2,,,1
1000,'2',610,,44882,50,,,1,15,,44883,50,,,1,15,,44884,65,,,1,15,,44885,50,,,1,55,,44893,65,,,1,15,,44894,50,,,1,20,,44892,65,,,1,55,,44895,50,,,1,18,,44886,65,,,1,19,,44932,65,,,1,17,,44887,65,,,1,54,,44933,65,,,1,15,,44891,65,,,1,18,,44890,65,,,1,69,,44888,65,,,1,30,,44899,65,,,1,70,,44898,65,,,1,30,,44897,65,,,1,70,,44896,65,,,1,32,,44903,65,,,1,14,,44904,50,,,1,66,,44902,65,,,1,14,,44936,50,,,1,16,,44901,65,,,1,60,,44900,65,,,1,14,,44937,50,,,1,19,,44906,65,,,1,63,,44905,65,,,1,18,,44934,65,,,1,16,,44907,65,,,1,15,,44935,65,,,1,59,,44908,65,,,1,16,,44915,65,,,1,14,,44909,65,,,1,56,,44910,65,,,1,16,,44911,65,,,1,18,,44912,65,,,1,15,,44913,65,,,1,55,,44938,65,,,1,12,,44914,65,,,1,33,,44916,65,,,1,56,,44917,65,,,1,33,,44918,65,,,1,73,,44919,65,,,1,30,,44920,65,,,1,70,,44921,65,,,1,35,,44922,65,,,1,65,,44923,65,,,1,38,,44924,65,,,1,73,,44925,65,,,1,30,,44926,65,,,1,75,,44927,65,,,1,75,,44928,65,,,1,30,,44929,65,,,1
1000,'3',618,,44944,50,,,1,35,,44941,50,,,1,75,,44942,65,,,1,75,,44943,65,,,1,37,,44945,65,,,1,70,,44946,65,,,1,15,,44947,65,,,1,30,,44948,65,,,1,72,,44949,65,,,1,30,,44950,65,,,1,70,,44951,65,,,1,30,,44952,65,,,1,81,,44953,65,,,1,70,,44954,65,,,1,30,,44955,65,,,1,70,,44956,65,,,1,31,,44957,65,,,1,70,,44958,65,,,1,30,,44959,65,,,1,65,,44960,65,,,1,12,,44961,65,,,1,30,,44962,65,,,1,70,,44963,65,,,1,30,,44964,65,,,1,67,,44965,65,,,1,28,,44966,65,,,1,65,,44967,65,,,1,30,,44968,65,,,1,70,,44969,65,,,1,30,,44970,65,,,1,70,,44971,65,,,1,30,,44975,65,,,1,65,,44976,65,,,1,25,,44977,65,,,1,25,,44978,65,,,1,65,,44979,65,,,1,30,,44980,65,,,1,62,,44981,65,,,1,47,,44982,65,,,1
1000,'30',712,,44983,50,,,1,37,,45019,65,,,1,60,,44984,65,,,1,35,,45018,65,,,1,60,,44985,65,,,1,30,,44986,65,,,1,70,,44987,65,,,1,30,,44988,65,,,1,25,,44989,65,,,1,65,,44990,65,,,1,25,,44991,65,,,1,66,,44992,65,,,1,31,,44993,65,,,1,70,,44994,65,,,1,30,,44995,65,,,1,70,,44996,65,,,1,30,,44997,65,,,1,70,,44998,65,,,1,30,,44999,65,,,1,70,,45000,65,,,1,30,,45001,65,,,1,70,,45002,65,,,1,29,,45005,65,,,1,70,,45006,65,,,1,30,,45007,65,,,1,70,,45008,65,,,1,30,,45009,65,,,1,66,,45010,65,,,1,30,,45011,65,,,1,70,,45012,65,,,1,28,,45013,65,,,1,70,,45014,65,,,1,32,,45015,65,,,1,70,,45016,65,,,1
1000,'4',712,,45020,50,,,1,37,,45056,65,,,1,60,,45021,65,,,1,35,,45055,65,,,1,60,,45022,65,,,1,30,,45023,65,,,1,70,,45024,65,,,1,30,,45025,65,,,1,25,,45026,65,,,1,65,,45027,65,,,1,25,,45028,65,,,1,66,,45029,65,,,1,31,,45030,65,,,1,70,,45031,65,,,1,30,,45032,65,,,1,70,,45033,65,,,1,30,,45034,65,,,1,70,,45035,65,,,1,30,,45036,65,,,1,70,,45037,65,,,1,30,,45038,65,,,1,70,,45039,65,,,1,29,,45042,65,,,1,70,,45043,65,,,1,30,,45044,65,,,1,70,,45045,65,,,1,30,,45046,65,,,1,66,,45047,65,,,1,30,,45048,65,,,1,70,,45049,65,,,1,28,,45050,65,,,1,70,,45051,65,,,1,32,,45052,65,,,1,70,,45053,65,,,1
2401,'11802',1608,,47773,9,,,1
2401,'2',623,,47775,9,,,1,30,,47776,9,,,1,69,,47777,9,,,1,31,,47778,9,,,1,70,,47779,9,,,1,30,,47780,9,,,1,70,,47781,9,,,1,30,,47782,9,,,1,70,,47783,9,,,1,30,,47784,9,,,1,70,,47785,9,,,1,30,,47786,9,,,1,70,,47787,9,,,1,30,,47788,9,,,1,70,,47789,9,,,1,30,,47790,9,,,1,67,,47791,9,,,1,31,,47792,9,,,1,70,,47793,9,,,1,30,,47794,9,,,1,75,,47797,9,,,1,33,,47798,9,,,1,73,,47799,9,,,1,73,,47800,9,,,1,37,,47801,9,,,1,70,,47802,9,,,1,30,,47803,9,,,1,70,,47804,9,,,1,30,,47805,9,,,1,60,,47806,9,,,1
2401,'3',651,,47822,9,,,1,80,,47821,9,,,1,80,,47807,9,,,1,40,,47808,9,,,1,80,,47815,9,,,1,80,,47809,9,,,1,38,,47816,9,,,1,82,,47810,9,,,1,75,,47817,9,,,1,44,,47811,9,,,1,86,,47818,9,,,1,87,,47812,9,,,1,85,,47819,9,,,1,44,,47813,9,,,1,86,,47820,9,,,1,84,,47814,9,,,1,80,,47824,9,,,1,44,,47825,9,,,1,80,,47826,9,,,1,84,,47827,9,,,1
2401,'30',733,,47828,9,,,1,82,,47830,9,,,1,40,,47831,9,,,1,80,,47832,9,,,1,80,,47833,9,,,1,40,,47834,9,,,1,80,,47835,9,,,1,81,,47836,9,,,1,42,,47837,9,,,1,80,,47838,9,,,1,80,,47839,9,,,1,40,,47840,9,,,1,80,,47841,9,,,1,80,,47842,9,,,1,40,,47843,9,,,1,83,,47844,9,,,1,80,,47845,9,,,1,80,,47846,9,,,1,40,,47847,9,,,1,80,,47848,9,,,1
2401,'4',733,,47850,9,,,1,82,,47852,9,,,1,40,,47853,9,,,1,80,,47854,9,,,1,80,,47855,9,,,1,40,,47856,9,,,1,80,,47857,9,,,1,81,,47858,9,,,1,42,,47859,9,,,1,80,,47860,9,,,1,80,,47861,9,,,1,40,,47862,9,,,1,80,,47863,9,,,1,80,,47864,9,,,1,40,,47865,9,,,1,83,,47866,9,,,1,80,,47867,9,,,1,80,,47868,9,,,1,40,,47869,9,,,1,80,,47870,9,,,1
12700,'3302',639,,50785,2,,,1,88,,50786,2,,,1,18,,50787,2,,,1,94,,50788,2,,,1,18,,50789,2,,,1,91,,50790,2,,,1,63,,50791,2,,,1,46,,50792,2,,,1,63,,50793,2,,,1,85,,50794,2,,,1,23,,50795,2,,,1,86,,50796,2,,,1,24,,50797,2,,,1,85,,50798,2,,,1,30,,50799,2,,,1,85,,50800,2,,,1,70,,50801,2,,,1,48,,50802,2,,,1,76,,50803,2,,,1,80,,50804,2,,,1,37,,50805,2,,,1,74,,50806,2,,,1,34,,50807,2,,,1,74,,50808,2,,,1,102,,50809,2,,,1,104,,50810,2,,,1,101,,50811,2,,,1
12700,'3602',601,,50812,2,,,1,50,,50813,2,,,1,56,,50814,2,,,1,96,,50815,2,,,1,18,,50816,2,,,1,103,,50817,2,,,1,110,,50818,2,,,1,109,,50819,2,,,1,108,,50820,2,,,1,102,,50821,2,,,1,55,,50822,2,,,1,30,,50823,2,,,1,70,,50824,2,,,1,15,,50825,2,,,1,29,,50826,2,,,1,72,,50827,2,,,1,16,,50828,2,,,1,72,,50829,2,,,1
12700,'3903',601,,50830,2,,,1,100,,50831,2,,,1,100,,50832,2,,,1,102,,50833,2,,,1,102,,50834,2,,,1,34,,50835,2,,,1,74,,50836,2,,,1,34,,50837,2,,,1,73,,50838,2,,,1,35,,50839,2,,,1,75,,50840,2,,,1,76,,50841,2,,,1,35,,50842,2,,,1,75,,50843,2,,,1,35,,50844,2,,,1,75,,50845,2,,,1,75,,50846,2,,,1,35,,50847,2,,,1,78,,50848,2,,,1,34,,50849,2,,,1,74,,50850,2,,,1,34,,50851,2,,,1,74,,50852,2,,,1,104,,50853,2,,,1,102,,50854,2,,,1,102,,50855,2,,,1
12700,'6404',753,,50857,2,,,1,100,,50858,2,,,1,74,,50859,2,,,1,74,,50860,2,,,1,34,,50861,2,,,1,74,,50862,2,,,1,34,,50863,2,,,1,73,,50864,2,,,1,34,,50865,2,,,1,74,,50866,2,,,1,34,,50867,2,,,1,74,,50868,2,,,1,74,,50869,2,,,1,34,,50870,2,,,1,74,,50871,2,,,1,38,,50872,2,,,1,68,,50873,2,,,1,37,,50874,2,,,1,101,,50875,2,,,1,101,,50876,2,,,1,141,,50877,2,,,1,101,,50878,2,,,1,55,,50879,2,0,35 3 54,1
