901,'2',606,,28360,14,,,0,20,,28361,14,,,0,17,,28362,14,,,0,13,,28363,14,,,0,56,,28364,14,,,0,15,,28365,14,,,0,14,,28366,14,,,0,16,,28367,14,,,0,55,,28368,14,,,0,17,,28369,14,,,0,16,,28370,14,,,0,55,,28371,14,,,0,15,,28372,14,,,0,15,,28373,14,,,0,15,,28374,14,,,0,55,,28375,14,,,0,15,,28376,14,,,0,15,,28377,14,,,0,15,,28378,14,,,0,55,,28379,14,,,0,15,,28380,14,,,0,15,,28381,14,,,0,15,,28382,14,,,0,55,,28383,14,,,0,15,,28384,14,,,0,15,,28385,14,,,0,15,,28386,14,,,0,55,,28387,14,,,0,15,,28388,14,,,0,15,,28389,14,,,0,13,,28390,14,,,0,14,,28391,14,,,0,55,,28392,14,,,0,15,,28393,14,,,0,15,,28394,14,,,0,15,,28395,14,,,0,55,,28396,14,,,0,15,,28397,14,,,0,15,,28398,14,,,0,15,,28399,14,,,0,55,,28400,14,,,0,15,,28401,14,,,0,15,,28402,14,,,0,15,,28403,14,,,0,55,,28404,14,,,0,15,,28405,14,,,0,17,,28406,14,,,0,65,,28407,14,,,0,15,,28408,14,,,0,14,,28409,14,,,0,62,,28410,14,,,0,22,,28411,14,,,0,22,,28412,14,,,0,62,,28413,14,,,0,22,,28414,14,,,0,26,,28415,14,,,0,70,,28416,14,,,0,32,,28417,14,,,0,72,,28418,14,,,0,72,,28419,14,,,0,37,,28420,14,,,0,101,,28421,14,,,0
901,'3',610,,28427,14,,,0,30,,28466,14,,,0,70,,28428,14,,,0,30,,28465,14,,,0,70,,28429,14,,,0,35,,28430,14,,,0,72,,28431,14,,,0,86,,28432,14,,,0,25,,28433,14,,,0,25,,28434,14,,,0,62,,28435,14,,,0,25,,28436,14,,,0,65,,28437,14,,,0,29,,28438,14,,,0,21,,28439,14,,,0,65,,28440,14,,,0,28,,28441,14,,,0,62,,28442,14,,,0,24,,28443,14,,,0,25,,28444,14,,,0,65,,28445,14,,,0,25,,28446,14,,,0,65,,28447,14,,,0,25,,28448,14,,,0,65,,28449,14,,,0,25,,28450,14,,,0,25,,28451,14,,,0,85,,28453,14,,,0,65,,28454,14,,,0,38,,28455,14,,,0,75,,28456,14,,,0,35,,28457,14,,,0,76,,28458,14,,,0,75,,28459,14,,,0,35,,28460,14,,,0,75,,28461,14,,,0,35,,28462,14,,,0
901,'30',650,,28501,14,,,0,75,,28467,14,,,0,75,,28502,14,,,0,34,,28468,14,,,0,75,,28503,14,,,0,33,,28469,14,,,0,73,,28470,14,,,0,33,,28471,14,,,0,73,,28472,14,,,0,38,,28473,14,,,0,68,,28474,14,,,0,23,,28475,14,,,0,63,,28476,14,,,0,23,,28477,14,,,0,23,,28478,14,,,0,63,,28479,14,,,0,23,,28480,14,,,0,63,,28481,14,,,0,23,,28482,14,,,0,23,,28483,14,,,0,63,,28484,14,,,0,24,,28485,14,,,0,64,,28486,14,,,0,23,,28487,14,,,0,25,,28488,14,,,0,57,,28489,14,,,0,19,,28490,14,,,0,30,,28491,14,,,0,70,,28492,14,,,0,30,,28493,14,,,0,70,,28494,14,,,0,30,,28495,14,,,0,70,,28496,14,,,0,71,,28497,14,,,0,41,,28498,14,,,0,18,,28499,14,,,0
901,'4',650,,28538,14,,,0,75,,28504,14,,,0,75,,28539,14,,,0,34,,28505,14,,,0,75,,28540,14,,,0,33,,28506,14,,,0,73,,28507,14,,,0,33,,28508,14,,,0,73,,28509,14,,,0,38,,28510,14,,,0,68,,28511,14,,,0,23,,28512,14,,,0,63,,28513,14,,,0,23,,28514,14,,,0,23,,28515,14,,,0,63,,28516,14,,,0,23,,28517,14,,,0,63,,28518,14,,,0,23,,28519,14,,,0,23,,28520,14,,,0,63,,28521,14,,,0,24,,28522,14,,,0,64,,28523,14,,,0,23,,28524,14,,,0,25,,28525,14,,,0,57,,28526,14,,,0,19,,28527,14,,,0,30,,28528,14,,,0,70,,28529,14,,,0,30,,28530,14,,,0,70,,28531,14,,,0,30,,28532,14,,,0,70,,28533,14,,,0,71,,28534,14,,,0,41,,28535,14,,,0,18,,28536,14,,,0
2701,'2',647,,31934,7,,,0,55,,31926,6,,,0,16,,31927,7,,,0,14,,31925,6,,,0,19,,31944,7,,,0,56,,31961,7,,,0,16,,31935,7,,,0,15,,31969,7,,,0,16,,31928,7,,,0,56,,31953,7,,,0,17,,31945,7,,,0,16,,31962,7,,,0,15,,31936,7,,,0,56,,31968,7,,,0,15,,31929,7,,,0,17,,31954,7,,,0,57,,31946,7,,,0,16,,31963,7,,,0,15,,31937,7,,,0,16,,31970,7,,,0,55,,31930,7,,,0,18,,31955,7,,,0,17,,31947,7,,,0,17,,31964,7,,,0,55,,31938,7,,,0,16,,31971,7,,,0,15,,31931,7,,,0,16,,31956,7,,,0,59,,31948,7,,,0,17,,31965,7,,,0,15,,31939,7,,,0,53,,31972,7,,,0,15,,31932,7,,,0,16,,31957,7,,,0,20,,31949,7,,,0,56,,31966,7,,,0,14,,31940,7,,,0,13,,31973,7,,,0,15,,31933,7,,,0,53,,31977,7,,,0,19,,31958,7,,,0,20,,31950,7,,,0,58,,31967,7,,,0,12,,31941,7,,,0,13,,31974,7,,,0,20,,31976,7,,,0,60,,31959,7,,,0,21,,31951,7,,,0,26,,31942,7,,,0,53,,31975,7,,,0,20,,31978,7,,,0,20,,31960,7,,,0,59,,31952,7,,,0,26,,31943,7,,,0,27,,31979,7,,,0,70,,31980,7,,,0
2701,'3',854,,31981,6,,,0,83,,31991,7,,,0,71,,31982,7,,,0,104,,31992,7,,,0,33,,31983,7,,,0,72,,32000,7,,,0,32,,31993,7,,,0,72,,31984,7,,,0,32,,32001,7,,,0,71,,31994,7,,,0,34,,31985,7,,,0,72,,32002,7,,,0,70,,31995,7,,,0,34,,31986,7,,,0,72,,32003,7,,,0,30,,31996,7,,,0,75,,31987,7,,,0,45,,31997,7,,,0,85,,31988,7,,,0,85,,31998,7,,,0,84,,31989,7,,,0,40,,31999,7,,,0,80,,31990,7,,,0,80,,32004,7,,,0
2701,'30',836,,32005,6,,,0,85,,32006,7,,,0,85,,32012,7,,,0,45,,32007,7,,,0,85,,32013,7,,,0,86,,32008,7,,,0,88,,32014,7,,,0,32,,32015,7,,,0,72,,32009,7,,,0,32,,32017,7,,,0,72,,32016,7,,,0,32,,32010,7,,,0,72,,32018,7,,,0,32,,32020,7,,,0,70,,32011,7,,,0,77,,32019,7,,,0,45,,32021,7,,,0,85,,32022,7,,,0
2701,'4',836,,32023,6,,,0,85,,32024,7,,,0,85,,32030,7,,,0,45,,32025,7,,,0,85,,32031,7,,,0,86,,32026,7,,,0,88,,32032,7,,,0,32,,32033,7,,,0,72,,32027,7,,,0,32,,32035,7,,,0,72,,32034,7,,,0,32,,32028,7,,,0,72,,32036,7,,,0,32,,32038,7,,,0,70,,32029,7,,,0,77,,32037,7,,,0,45,,32039,7,,,0,85,,32040,7,,,0
3101,'2',623,,32236,18,,,0,88,,32237,18,,,0,32,,32238,18,,,0,68,,32239,18,,,0,28,,32240,18,,,0,68,,32241,18,,,0,24,,32242,18,,,0,27,,32243,18,,,0,67,,32244,18,,,0,27,,32245,18,,,0,67,,32246,18,,,0,27,,32247,18,,,0,67,,32248,18,,,0,27,,32249,18,,,0,67,,32250,18,,,0,27,,32251,18,,,0,67,,32252,18,,,0,32,,32253,18,,,0,70,,32254,18,,,0,30,,32255,18,,,0,70,,32256,18,,,0,29,,32257,18,,,0,70,,32258,18,,,0,30,,32259,18,,,0,70,,32260,18,,,0,27,,32261,18,,,0,30,,32262,18,,,0,70,,32263,18,,,0,30,,32264,18,,,0,70,,32265,18,,,0,25,,32266,18,,,0,70,,32267,18,,,0,30,,32268,18,,,0,70,,32269,18,,,0,30,,32270,18,,,0
3101,'3',814,,32299,18,,,0,25,,32298,18,,,0,65,,32271,18,,,0,25,,32297,18,,,0,25,,32272,18,,,0,66,,32273,18,,,0,24,,32274,18,,,0,65,,32275,18,,,0,25,,32276,18,,,0,25,,32277,18,,,0,65,,32278,18,,,0,25,,32279,18,,,0,65,,32280,18,,,0,25,,32281,18,,,0,65,,32282,18,,,0,28,,32283,18,,,0,27,,32284,18,,,0,67,,32285,18,,,0,27,,32286,18,,,0,67,,32287,18,,,0,27,,32288,18,,,0,67,,32289,18,,,0,27,,32290,18,,,0,66,,32300,18,,,0,25,,32291,18,,,0,26,,32301,18,,,0,66,,32292,18,,,0,26,,32302,18,,,0,65,,32293,18,,,0,25,,32303,18,,,0,66,,32294,18,,,0,25,,32304,18,,,0,21,,32295,18,,,0,62,,32305,18,,,0,22,,32296,18,,,0,65,,32306,18,,,0,25,,32307,18,,,0
3101,'30',841,,32308,18,,,0,65,,32323,18,,,0,25,,32309,18,,,0,25,,32324,18,,,0,65,,32310,18,,,0,25,,32325,18,,,0,65,,32311,18,,,0,25,,32326,18,,,0,65,,32312,18,,,0,26,,32327,18,,,0,25,,32313,18,,,0,65,,32328,18,,,0,25,,32314,18,,,0,65,,32329,18,,,0,25,,32315,18,,,0,25,,32330,18,,,0,65,,32316,18,,,0,25,,32331,18,,,0,65,,32317,18,,,0,25,,32332,18,,,0,65,,32318,18,,,0,25,,32333,18,,,0,25,,32319,18,,,0,65,,32334,18,,,0,25,,32320,18,,,0,65,,32335,18,,,0,25,,32321,18,,,0,25,,32336,18,,,0,65,,32322,18,,,0
3101,'4',841,,32337,18,,,0,65,,32352,18,,,0,25,,32338,18,,,0,25,,32353,18,,,0,65,,32339,18,,,0,25,,32354,18,,,0,65,,32340,18,,,0,25,,32355,18,,,0,65,,32341,18,,,0,26,,32356,18,,,0,25,,32342,18,,,0,65,,32357,18,,,0,25,,32343,18,,,0,65,,32358,18,,,0,25,,32344,18,,,0,25,,32359,18,,,0,65,,32345,18,,,0,25,,32360,18,,,0,65,,32346,18,,,0,25,,32361,18,,,0,65,,32347,18,,,0,25,,32362,18,,,0,25,,32348,18,,,0,65,,32363,18,,,0,25,,32349,18,,,0,65,,32364,18,,,0,25,,32350,18,,,0,25,,32365,18,,,0,65,,32351,18,,,0
