700,'2',615,,35578,17,,,1,27,,35579,17,,,1,68,,35580,17,,,1,20,,35581,17,,,1,20,,35582,17,,,1,60,,35583,17,,,1,20,,35584,17,,,1,21,,35585,17,,,1,65,,35586,17,,,1,30,,35587,17,,,1,70,,35588,17,,,1,25,,35589,17,,,1,70,,35590,17,,,1,30,,35591,17,,,1,69,,35592,17,,,1,30,,35593,17,,,1,70,,35594,17,,,1,30,,35596,17,,,1,66,,35597,17,,,1,20,,35598,17,,,1,20,,35599,17,,,1,60,,35600,17,,,1,20,,35601,17,,,1,20,,35602,17,,,1,59,,35603,17,,,1,20,,35604,17,,,1,20,,35605,17,,,1,65,,35606,17,,,1,15,,35607,17,,,1,20,,35608,17,,,1,66,,35609,17,,,1,25,,35610,17,,,1,65,,35611,17,,,1,25,,35612,17,,,1,25,,35613,17,,,1,65,,35614,17,,,1,25,,35615,17,,,1,78,,35616,17,,,1,30,,35617,17,,,1,70,,35618,17,,,1,30,,35619,17,,,1,70,,35620,17,,,1,27,,35621,17,,,1
700,'3',620,,35657,17,,,1,29,,35658,17,,,1,70,,35656,17,,,1,39,,35622,17,,,1,68,,35655,17,,,1,30,,35623,17,,,1,65,,35624,17,,,1,25,,35625,17,,,1,70,,35626,17,,,1,30,,35627,17,,,1,65,,35628,17,,,1,25,,35629,17,,,1,70,,35630,17,,,1,30,,35631,17,,,1,70,,35632,17,,,1,25,,35633,17,,,1,70,,35634,17,,,1,30,,35635,17,,,1,70,,35636,17,,,1,30,,35637,17,,,1,70,,35638,17,,,1,30,,35639,17,,,1,70,,35640,17,,,1,30,,35641,17,,,1,26,,35642,17,,,1,70,,35643,17,,,1,30,,35644,17,,,1,70,,35645,17,,,1,25,,35646,17,,,1,70,,35647,17,,,1,31,,35648,17,,,1,70,,35649,17,,,1,28,,35650,17,,,1,72,,35651,17,,,1,30,,35652,17,,,1,70,,35653,17,,,1,30,,35654,17,,,1
700,'30',852,,35660,17,,,1,85,,35662,17,,,1,70,,35663,17,,,1,30,,35664,17,,,1,65,,35665,17,,,1,25,,35666,17,,,1,29,,35667,17,,,1,70,,35668,17,,,1,30,,35669,17,,,1,65,,35670,17,,,1,30,,35671,17,,,1,70,,35672,17,,,1,30,,35673,17,,,1,65,,35674,17,,,1,30,,35675,17,,,1,70,,35676,17,,,1,22,,35677,17,,,1,69,,35678,17,,,1,30,,35679,17,,,1,70,,35680,17,,,1,30,,35681,17,,,1,70,,35682,17,,,1,30,,35683,17,,,1,70,,35684,17,,,1,30,,35685,17,,,1,70,,35686,17,,,1,30,,35687,17,,,1,72,,35689,17,,,1,45,,35688,17,,,1
700,'4',852,,35691,17,,,1,85,,35693,17,,,1,70,,35694,17,,,1,30,,35695,17,,,1,65,,35696,17,,,1,25,,35697,17,,,1,29,,35698,17,,,1,70,,35699,17,,,1,30,,35700,17,,,1,65,,35701,17,,,1,30,,35702,17,,,1,70,,35703,17,,,1,30,,35704,17,,,1,65,,35705,17,,,1,30,,35706,17,,,1,70,,35707,17,,,1,22,,35708,17,,,1,69,,35709,17,,,1,30,,35710,17,,,1,70,,35711,17,,,1,30,,35712,17,,,1,70,,35713,17,,,1,30,,35714,17,,,1,70,,35715,17,,,1,30,,35716,17,,,1,70,,35717,17,,,1,30,,35718,17,,,1,72,,35720,17,,,1,45,,35719,17,,,1
1201,'2',614,,36717,21,,,1,29,,36716,21,,,1,71,,36718,21,,,1,26,,36719,21,,,1,70,,36720,21,,,1,30,,36721,21,,,1,70,,36722,21,,,1,32,,36723,21,,,1,70,,36724,21,,,1,30,,36725,21,,,1,70,,36726,21,,,1,30,,36727,21,,,1,70,,36728,21,,,1,30,,36729,21,,,1,70,,36730,21,,,1,30,,36731,21,,,1,70,,36732,21,,,1,23,,36733,21,,,1,17,,36734,21,,,1,65,,36735,21,,,1,25,,36736,21,,,1,65,,36737,21,,,1,26,,36738,21,,,1,25,,36739,21,,,1,65,,36740,21,,,1,25,,36741,21,,,1,65,,36742,21,,,1,30,,36744,21,,,1,70,,36745,21,,,1,30,,36746,21,,,1,70,,36747,21,,,1,30,,36748,21,,,1,70,,36753,21,,,1,30,,36752,21,,,1,69,,36754,21,,,1,33,,36749,21,,,1,70,,36755,21,,,1,29,,36750,21,,,1
1201,'3',617,,36757,21,,,1,28,,36779,21,,,1,72,,36758,21,,,1,28,,36778,21,,,1,70,,36759,21,,,1,30,,36777,21,,,1,65,,36760,21,,,1,25,,36776,21,,,1,70,,36761,21,,,1,30,,36775,21,,,1,70,,36762,21,,,1,30,,36774,21,,,1,70,,36763,21,,,1,35,,36773,21,,,1,75,,36764,21,,,1,35,,36765,21,,,1,75,,36766,21,,,1,75,,36767,21,,,1,35,,36768,21,,,1,75,,36769,21,,,1,35,,36770,21,,,1,78,,36771,21,,,1,25,,36772,21,,,1,73,,36780,21,,,1,27,,36786,21,,,1,73,,36781,21,,,1,27,,36787,21,,,1,73,,36782,21,,,1,27,,36788,21,,,1,72,,36783,21,,,1,27,,36789,21,,,1,73,,36784,21,,,1,27,,36790,21,,,1,73,,36785,21,,,1,27,,36791,21,,,1,65,,36792,21,,,1
1201,'30',818,,36808,21,,,1,30,,36807,21,,,1,70,,36809,21,,,1,23,,36794,21,,,1,70,,36810,21,,,1,30,,36806,21,,,1,70,,36811,21,,,1,24,,36805,21,,,1,70,,36812,21,,,1,24,,36804,21,,,1,24,,36813,21,,,1,71,,36803,21,,,1,24,,36814,21,,,1,70,,36802,21,,,1,30,,36815,21,,,1,70,,36801,21,,,1,30,,36816,21,,,1,70,,36800,21,,,1,30,,36817,21,,,1,70,,36799,21,,,1,30,,36818,21,,,1,70,,36798,21,,,1,30,,36819,21,,,1,70,,36797,21,,,1,30,,36820,21,,,1,70,,36796,21,,,1,30,,36821,21,,,1,70,,36793,21,,,1,30,,36822,21,,,1
1201,'4',818,,36838,21,,,1,30,,36837,21,,,1,70,,36839,21,,,1,23,,36824,21,,,1,70,,36840,21,,,1,30,,36836,21,,,1,70,,36841,21,,,1,24,,36835,21,,,1,70,,36842,21,,,1,24,,36834,21,,,1,24,,36843,21,,,1,71,,36833,21,,,1,24,,36844,21,,,1,70,,36832,21,,,1,30,,36845,21,,,1,70,,36831,21,,,1,30,,36846,21,,,1,70,,36830,21,,,1,30,,36847,21,,,1,70,,36829,21,,,1,30,,36848,21,,,1,70,,36828,21,,,1,30,,36849,21,,,1,70,,36827,21,,,1,30,,36850,21,,,1,70,,36826,21,,,1,30,,36851,21,,,1,70,,36823,21,,,1,30,,36852,21,,,1
9300,'2',619,,41213,27,,,1,19,,41216,27,,,1,20,,41217,27,,,1,62,,41218,27,,,1,21,,41219,27,,,1,61,,41220,27,,,1,25,,41221,27,,,1,20,,41222,27,,,1,65,,41223,27,,,1,35,,41224,27,,,1,72,,41225,27,,,1,32,,41226,27,,,1,72,,41227,27,,,1,32,,41228,27,,,1,72,,41229,27,,,1,32,,41230,27,,,1,72,,41231,27,,,1,72,,41232,27,,,1,20,,41233,27,,,1,17,,41234,27,,,1,15,,41235,27,,,1,62,,41236,27,,,1,22,,41237,27,,,1,62,,41238,27,,,1,27,,41239,27,,,1,22,,41240,27,,,1,62,,41241,27,,,1,24,,41242,27,,,1,21,,41255,27,,,1,60,,41243,27,,,1,27,,41244,27,,,1,72,,41245,27,,,1,35,,41246,27,,,1,69,,41247,27,,,1,32,,41248,27,,,1,67,,41249,27,,,1,32,,41250,27,,,1,68,,41251,27,,,1,30,,41252,27,,,1,70,,41253,27,,,1,30,,41254,27,,,1,67,,41214,27,,,1
9300,'3',820,,41256,27,,,1,25,,41257,27,,,1,65,,41258,27,,,1,25,,41259,27,,,1,65,,41260,27,,,1,18,,41261,27,,,1,27,,41262,27,,,1,70,,41263,27,,,1,30,,41264,27,,,1,70,,41265,27,,,1,31,,41266,27,,,1,79,,41267,27,,,1,30,,41268,27,,,1,71,,41269,27,,,1,80,,41270,27,,,1,30,,41271,27,,,1,70,,41272,27,,,1,35,,41273,27,,,1,75,,41274,27,,,1,30,,41275,27,,,1,68,,41276,27,,,1,25,,41277,27,,,1,65,,41278,27,,,1,22,,41279,27,,,1,25,,41280,27,,,1,65,,41281,27,,,1,25,,41282,27,,,1,65,,41283,27,,,1,23,,41284,27,,,1,25,,41285,27,,,1,81,,41286,27,,,1,65,,41287,27,,,1,25,,41288,27,,,1
9300,'30',815,,41316,27,,,1,25,,41291,27,,,1,75,,41292,27,,,1,35,,41293,27,,,1,75,,41294,27,,,1,75,,41295,27,,,1,35,,41296,27,,,1,75,,41297,27,,,1,37,,41298,27,,,1,77,,41299,27,,,1,77,,41300,27,,,1,37,,41301,27,,,1,77,,41302,27,,,1,37,,41303,27,,,1,77,,41304,27,,,1,77,,41305,27,,,1,37,,41306,27,,,1,77,,41307,27,,,1,37,,41308,27,,,1,77,,41309,27,,,1,77,,41310,27,,,1,37,,41311,27,,,1,77,,41312,27,,,1,77,,41313,27,,,1,32,,41314,27,,,1
9300,'4',815,,41342,27,,,1,25,,41317,27,,,1,75,,41318,27,,,1,35,,41319,27,,,1,75,,41320,27,,,1,75,,41321,27,,,1,35,,41322,27,,,1,75,,41323,27,,,1,37,,41324,27,,,1,77,,41325,27,,,1,77,,41326,27,,,1,37,,41327,27,,,1,77,,41328,27,,,1,37,,41329,27,,,1,77,,41330,27,,,1,77,,41331,27,,,1,37,,41332,27,,,1,77,,41333,27,,,1,37,,41334,27,,,1,77,,41335,27,,,1,77,,41336,27,,,1,37,,41337,27,,,1,77,,41338,27,,,1,77,,41339,27,,,1,32,,41340,27,,,1
