600,'2',613,,43919,34,4,,1,28,,43918,34,4,,1,83,,43920,34,4,,1,25,,43921,34,4,,1,60,,43922,34,4,,1,25,,43923,34,4,,1,25,,43924,34,4,,1,65,,43925,34,4,,1,30,,43926,34,4,,1,70,,43927,34,4,,1,25,,43928,34,4,,1,70,,43929,34,4,,1,30,,43930,34,4,,1,70,,43931,34,4,,1,25,,43932,34,4,,1,70,,43933,34,4,,1,30,,43934,34,4,,1,72,,43935,34,4,,1,30,,43936,34,4,,1,65,,43937,34,4,,1,30,,43938,34,4,,1,65,,43939,34,4,,1,31,,43940,34,4,,1,70,,43941,34,4,,1,30,,43942,34,4,,1,70,,43943,34,4,,1,21,,43944,34,4,,1,25,,43945,34,4,,1,65,,43946,34,4,,1,25,,43947,34,4,,1,65,,43948,34,4,,1,25,,43949,34,4,,1,24,,43950,34,4,,1,64,,43951,34,4,,1,25,,43952,34,4,,1,65,,43953,34,4,,1,25,,43954,34,4,,1,65,,43955,34,4,,1,25,,43956,34,4,,1,25,,43957,34,4,,1,67,,43958,34,4,,1,25,,43959,34,4,,1,69,,43960,34,4,,1
600,'3',606,,43961,17,4,,1,33,,43962,34,4,,1,67,,43963,34,4,,1,35,,43964,34,4,,1,77,,43965,34,4,,1,35,,43966,34,4,,1,75,,43967,34,4,,1,24,,43969,17,4,,1,51,,43968,34,4,,1,32,,43970,34,4,,1,68,,43971,34,4,,1,25,,43972,34,4,,1,25,,43973,34,4,,1,64,,43974,34,4,,1,18,,43975,34,4,,1,20,,43976,34,4,,1,58,,43977,34,4,,1,20,,43978,34,4,,1,19,,43979,34,4,,1,61,,43980,34,4,,1,20,,43981,34,4,,1,20,,43982,34,4,,1,60,,43983,34,4,,1,20,,43984,34,4,,1,20,,43985,34,4,,1,60,,43986,34,4,,1,20,,43987,34,4,,1,20,,43988,34,4,,1,60,,43989,34,4,,1,20,,43990,34,4,,1,20,,43991,34,4,,1,60,,43992,34,4,,1,20,,43993,34,4,,1,15,,43994,34,4,,1,65,,43995,34,4,,1,25,,43996,34,4,,1,65,,43997,34,4,,1,25,,43998,34,4,,1,25,,43999,34,4,,1,65,,44000,34,4,,1,25,,44001,34,4,,1,79,,44002,34,4,,1,33,,44003,34,4,,1,76,,44004,34,4,,1,76,,44005,34,4,,1,36,,44006,34,4,,1,69,,44007,34,4,,1
600,'30',902,,44008,17,4,,1,28,,44009,17,4,,1,75,,44010,34,4,,1,35,,44011,34,4,,1,75,,44012,34,4,,1,35,,44013,34,4,,1,70,,44014,17,4,,1,15,,44015,34,4,,1,74,,44016,34,4,,1,25,,44017,34,4,,1,25,,44018,34,4,,1,65,,44019,34,4,,1,25,,44020,34,4,,1,65,,44021,34,4,,1,25,,44022,34,4,,1,65,,44023,34,4,,1,25,,44024,34,4,,1,25,,44025,34,4,,1,65,,44026,34,4,,1,25,,44027,34,4,,1,63,,44028,34,4,,1,25,,44029,34,4,,1,77,,44030,34,4,,1,35,,44031,34,4,,1,75,,44032,34,4,,1,35,,44033,34,4,,1,75,,44034,34,4,,1,75,,44035,34,4,,1,33,,44036,34,4,,1,74,,44037,34,4,,1
600,'4',902,,44038,17,4,,1,28,,44039,17,4,,1,75,,44040,34,4,,1,35,,44041,34,4,,1,75,,44042,34,4,,1,35,,44043,34,4,,1,70,,44067,17,4,,1,15,,44044,34,4,,1,74,,44045,34,4,,1,25,,44046,34,4,,1,25,,44047,34,4,,1,65,,44048,34,4,,1,25,,44049,34,4,,1,65,,44050,34,4,,1,25,,44051,34,4,,1,65,,44052,34,4,,1,25,,44053,34,4,,1,25,,44054,34,4,,1,65,,44055,34,4,,1,25,,44056,34,4,,1,63,,44057,34,4,,1,25,,44058,34,4,,1,77,,44059,34,4,,1,35,,44060,34,4,,1,75,,44061,34,4,,1,35,,44062,34,4,,1,75,,44063,34,4,,1,75,,44064,34,4,,1,33,,44065,34,4,,1,74,,44066,34,4,,1
601,'2',615,,44069,1,,,1,35,,44071,1,,,1,75,,44072,1,,,1,25,,44073,1,,,1,65,,44074,1,,,1,25,,44075,1,,,1,69,,44077,1,,,1,25,,44078,1,,,1,70,,44079,1,,,1,30,,44080,1,,,1,25,,44081,1,,,1,70,,44082,1,,,1,28,,44083,1,,,1,70,,44084,1,,,1,30,,44085,1,,,1,65,,44086,1,,,1,31,,44087,1,,,1,70,,44088,1,,,1,30,,44089,1,,,1,70,,44090,1,,,1,28,,44091,1,,,1,65,,44092,1,,,1,30,,44093,1,,,1,70,,44094,1,,,1,31,,44095,1,,,1,65,,44096,1,,,1,25,,44097,1,,,1,65,,44098,1,,,1,25,,44099,1,,,1,21,,44100,1,,,1,65,,44101,1,,,1,27,,44102,1,,,1,65,,44103,1,,,1,25,,44104,1,,,1,25,,44105,1,,,1,65,,44106,1,,,1,25,,44107,1,,,1,65,,44108,1,,,1,26,,44109,1,,,1,67,,44110,1,,,1,43,,44111,1,,,1
601,'3',606,,44113,1,,,1,33,,44114,1,,,1,75,,44115,1,,,1,33,,44116,1,,,1,75,,44117,1,,,1,35,,44118,1,,,1,75,,44119,1,,,1,25,,44120,1,,,1,60,,44121,1,,,1,30,,44122,1,,,1,65,,44123,1,,,1,20,,44124,1,,,1,68,,44126,1,,,1,20,,44127,1,,,1,20,,44128,1,,,1,60,,44129,1,,,1,20,,44130,1,,,1,20,,44131,1,,,1,19,,44132,1,,,1,60,,44133,1,,,1,20,,44134,1,,,1,20,,44135,1,,,1,60,,44136,1,,,1,20,,44137,1,,,1,20,,44138,1,,,1,60,,44139,1,,,1,20,,44140,1,,,1,20,,44141,1,,,1,60,,44142,1,,,1,20,,44143,1,,,1,20,,44144,1,,,1,60,,44146,1,,,1,19,,44145,1,0,37 3 45,1,17,,44147,1,,,1,65,,44148,1,,,1,25,,44149,1,,,1,65,,44150,1,,,1,28,,44151,1,,,1,21,,44152,1,0,37 3 45,1,61,,44153,1,,,1,30,,44154,1,,,1,76,,44155,1,,,1,76,,44156,1,,,1,36,,44157,1,,,1,73,,44158,1,,,1,35,,44159,1,,,1
601,'30',902,,44160,1,,,1,33,,44161,1,,,1,75,,44162,1,,,1,35,,44163,1,,,1,78,,44164,1,,,1,78,,44165,1,,,1,25,,44166,1,,,1,25,,44167,1,,,1,65,,44168,1,,,1,25,,44169,1,,,1,65,,44170,1,,,1,25,,44171,1,,,1,25,,44172,1,,,1,65,,44173,1,,,1,25,,44174,1,,,1,65,,44175,1,,,1,25,,44176,1,,,1,70,,44177,1,,,1,25,,44178,1,,,1,13,,44179,1,0,37 3 45,1,64,,44180,1,,,1,32,,44181,1,,,1,75,,44182,1,,,1,35,,44183,1,,,1,75,,44184,1,,,1,75,,44185,1,,,1,35,,44186,1,,,1,75,,44187,1,,,1,35,,44189,1,,,1,73,,44188,1,0,37 3 45,1
601,'4',902,,44190,1,,,1,33,,44191,1,,,1,75,,44192,1,,,1,35,,44193,1,,,1,78,,44194,1,,,1,78,,44195,1,,,1,25,,44196,1,,,1,25,,44197,1,,,1,65,,44198,1,,,1,25,,44199,1,,,1,65,,44200,1,,,1,25,,44201,1,,,1,25,,44202,1,,,1,65,,44203,1,,,1,25,,44204,1,,,1,65,,44205,1,,,1,25,,44206,1,,,1,70,,44207,1,,,1,25,,44208,1,,,1,13,,44209,1,0,37 3 45,1,64,,44210,1,,,1,32,,44211,1,,,1,75,,44212,1,,,1,35,,44213,1,,,1,75,,44214,1,,,1,75,,44215,1,,,1,35,,44216,1,,,1,75,,44217,1,,,1,35,,44219,1,,,1,73,,44218,1,0,37 3 45,1
1300,'11802',823,,45507,9,,,1,727,,45508,9,,,1,169,,45509,9,,,1
1300,'2',615,,45511,9,0,10 18 19 20,1,18,,45512,9,,,1,14,,45513,9,0,10 18 19 20,1,53,,45514,9,,,1,10,,45515,9,0,10 18 19 20,1,15,,45516,9,,,1,15,,45517,9,0,10 18 19 20,1,15,,45518,9,,,1,55,,45519,9,0,10 18 19 20,1,15,,45520,9,,,1,15,,45521,9,0,10 18 19 20,1,15,,45522,9,,,1,55,,45523,9,0,10 18 19 20,1,15,,45524,9,,,1,15,,45525,9,0,10 18 19 20,1,10,,45526,9,,,1,55,,45527,9,0,10 18 19 20,1,15,,45528,9,,,1,15,,45529,9,0,10 18 19 20,1,15,,45530,9,,,1,55,,45531,9,0,10 18 19 20,1,15,,45532,9,,,1,15,,45533,9,0,10 18 19 20,1,10,,45534,9,,,1,55,,45535,9,0,10 18 19 20,1,15,,45536,9,,,1,15,,45537,9,0,10 18 19 20,1,15,,45538,9,,,1,55,,45539,9,0,10 18 19 20,1,15,,45540,9,,,1,15,,45541,9,0,10 18 19 20,1,15,,45542,9,,,1,14,,45543,9,0,10 18 19 20,1,55,,45544,9,,,1,15,,45545,9,0,10 18 19 20,1,15,,45546,9,,,1,15,,45547,9,0,10 18 19 20,1,55,,45548,9,,,1,15,,45549,9,0,10 18 19 20,1,15,,45550,9,,,1,12,,45551,9,0,10 18 19 20,1,55,,45552,9,,,1,15,,45553,9,0,10 18 19 20,1,15,,45554,9,,,1,15,,45555,9,0,10 18 19 20,1,55,,45556,9,,,1,15,,45557,9,0,10 18 19 20,1,15,,45558,9,,,1,18,,45559,9,0,10 18 19 20,1,60,,45564,9,,,1,20,,45560,9,0,10 18 19 20,1,20,,45565,9,,,1,60,,45561,9,0,10 18 19 20,1,20,,45566,9,,,1,20,,45562,9,0,10 18 19 20,1,60,,45567,9,,,1,20,,45563,9,,,1,71,,45568,9,0,10 18 19 20,1,25,,45571,9,,,1,65,,45569,9,0,10 18 19 20,1,27,,45572,9,,,1,73,,45570,9,0,10 18 19 20,1,30,,45573,9,,,1,28,,45575,9,0,10 18 19 20,1,87,,45574,9,,,1
1300,'3',615,,45580,9,0,10 18 19 20,1,38,,45581,9,,,1,75,,45582,9,0,10 18 19 20,1,73,,45583,9,,,1,11,,45587,9,0,10 18 19 20,1,16,,45584,9,,,1,16,,45588,9,0,10 18 19 20,1,56,,45585,9,,,1,16,,45589,9,,,1,16,,45586,9,0,10 18 19 20,1,16,,45590,9,,,1,55,,45591,9,0,10 18 19 20,1,15,,45596,9,,,1,15,,45592,9,0,10 18 19 20,1,15,,45597,9,,,1,55,,45593,9,0,10 18 19 20,1,15,,45598,9,,,1,15,,45594,9,0,10 18 19 20,1,15,,45599,9,,,1,54,,45595,9,,,1,15,,45600,9,0,10 18 19 20,1,15,,45609,9,,,1,15,,45601,9,0,10 18 19 20,1,55,,45610,9,,,1,15,,45602,9,0,10 18 19 20,1,15,,45611,9,,,1,15,,45603,9,0,10 18 19 20,1,55,,45612,9,,,1,15,,45604,9,0,10 18 19 20,1,15,,45613,9,,,1,15,,45605,9,0,10 18 19 20,1,55,,45614,9,,,1,15,,45606,9,0,10 18 19 20,1,15,,45615,9,,,1,15,,45607,9,0,10 18 19 20,1,55,,45616,9,,,1,15,,45608,9,0,10 18 19 20,1,10,,45617,9,,,1,15,,45620,9,0,10 18 19 20,1,15,,45618,9,,,1,55,,45621,9,0,10 18 19 20,1,15,,45619,9,,,1,15,,45622,9,,,1,13,,45623,9,0,10 18 19 20,1,55,,45647,9,,,1,15,,45627,9,,,1,15,,45624,9,0,10 18 19 20,1,60,,45628,9,,,1,15,,45625,9,0,10 18 19 20,1,20,,45629,9,,,1,20,,45626,9,0,10 18 19 20,1,60,,45630,9,,,1,20,,45634,9,,,1,71,,45631,9,0,10 18 19 20,1,25,,45635,9,,,1,25,,45632,9,0,10 18 19 20,1,70,,45636,9,,,1,30,,45633,9,0,10 18 19 20,1,59,,45637,9,,,1,20,,45638,9,0,10 18 19 20,1,73,,45640,9,,,1,37,,45639,9,0,10 18 19 20,1
1300,'30',643,,45670,9,,,1,83,,45672,9,0,10 18 19 20,1,75,,45671,9,,,1,35,,45673,9,0,10 18 19 20,1,75,,45658,9,,,1,30,,45669,9,0,10 18 19 20,1,15,,45657,9,,,1,70,,45668,9,0,10 18 19 20,1,30,,45656,9,,,1,70,,45667,9,0,10 18 19 20,1,24,,45655,9,,,1,70,,45666,9,0,10 18 19 20,1,30,,45654,9,,,1,70,,45665,9,0,10 18 19 20,1,30,,45653,9,,,1,70,,45664,9,0,10 18 19 20,1,30,,45652,9,,,1,70,,45663,9,0,10 18 19 20,1,30,,45651,9,,,1,70,,45662,9,0,10 18 19 20,1,30,,45650,9,,,1,70,,45661,9,0,10 18 19 20,1,25,,45649,9,,,1,70,,45660,9,0,10 18 19 20,1,31,,45648,9,,,1,67,,45674,9,0,10 18 19 20,1,20,,45677,9,,,1,70,,45675,9,0,10 18 19 20,1,30,,45678,9,,,1,70,,45676,9,0,10 18 19 20,1,30,,45679,9,0,10 18 19 20,1,71,,45680,9,,,1,42,,45659,9,0,10 18 19 20,1
1300,'4',643,,45703,9,,,1,83,,45705,9,0,10 18 19 20,1,75,,45704,9,,,1,35,,45706,9,0,10 18 19 20,1,75,,45691,9,,,1,30,,45702,9,0,10 18 19 20,1,15,,45690,9,,,1,70,,45701,9,0,10 18 19 20,1,30,,45689,9,,,1,70,,45700,9,0,10 18 19 20,1,24,,45688,9,,,1,70,,45699,9,0,10 18 19 20,1,30,,45687,9,,,1,70,,45698,9,0,10 18 19 20,1,30,,45686,9,,,1,70,,45697,9,0,10 18 19 20,1,30,,45685,9,,,1,70,,45696,9,0,10 18 19 20,1,30,,45684,9,,,1,70,,45695,9,0,10 18 19 20,1,30,,45683,9,,,1,70,,45694,9,0,10 18 19 20,1,25,,45682,9,,,1,70,,45693,9,0,10 18 19 20,1,31,,45681,9,,,1,67,,45707,9,0,10 18 19 20,1,20,,45710,9,,,1,70,,45708,9,0,10 18 19 20,1,30,,45711,9,,,1,70,,45709,9,0,10 18 19 20,1,30,,45712,9,0,10 18 19 20,1,71,,45713,9,,,1,42,,45692,9,0,10 18 19 20,1
3400,'2',629,3,48948,39,0,14,1,81,5,48949,39,0,14,1,35,5,48964,39,0,14,1,80,5,48959,39,0,14,1,82,5,48958,39,0,14,1,41,5,48960,39,0,14,1,80,5,48950,39,0,14,1,80,5,48951,39,0,14,1,40,5,48952,39,0,14,1,85,5,48953,39,0,14,1,80,5,48954,39,0,14,1,40,5,48955,39,0,14,1,83,5,48956,39,0,14,1,80,5,48957,39,0,14,1,40,5,48965,39,0,14,1,78,5,48966,39,0,14,1,80,5,48967,39,0,14,1,40,5,48968,39,0,14,1,78,5,48969,39,0,14,1,80,5,48970,39,0,14,1,40,5,48976,39,0,14,1,80,5,48971,39,0,14,1,80,5,48972,39,0,14,1,39,5,48973,39,0,14,1,80,5,48975,39,0,14,1,80,5,48974,39,0,14,1,40,5,48961,39,0,14,1
3400,'3',815,3,48986,39,0,14,1,39,3,48984,39,0,14,1,80,3,48985,39,0,14,1,82,3,48977,39,0,14,1,42,3,48978,39,0,14,1,80,3,48979,39,0,14,1,80,3,48980,39,0,14,1,40,3,48981,39,0,14,1,80,3,48982,39,0,14,1,80,3,48983,39,0,14,1,82,43,48987,39,0,14,1,40,3,48988,39,0,14,1,80,3,48989,39,0,14,1,80,43,48990,39,0,14,1,40,3,48991,39,0,14,1,80,3,48992,39,0,14,1,82,43,48993,39,0,14,1,40,3,48994,39,0,14,1,80,3,48995,39,0,14,1,80,43,48996,39,0,14,1,34,3,48997,39,0,14,1,80,3,48998,39,0,14,1,40,3,48999,39,0,14,1
3400,'30',1029,3,49000,39,0,14,1,80,3,49001,39,0,14,1,40,3,49002,39,0,14,1,80,3,49003,39,0,14,1,80,3,49004,39,0,14,1,40,3,49005,39,0,14,1,77,3,49006,39,0,14,1,80,3,49007,39,0,14,1,40,3,49008,39,0,14,1,80,3,49009,39,0,14,1,80,3,49010,39,0,14,1,40,3,49011,39,0,14,1,80,3,49012,39,0,14,1,80,3,49013,39,0,14,1,40,3,49014,39,0,14,1,80,3,49015,39,0,14,1,80,3,49016,39,0,14,1
3400,'4',1029,3,49017,39,0,14,1,80,3,49018,39,0,14,1,40,3,49019,39,0,14,1,80,3,49020,39,0,14,1,80,3,49021,39,0,14,1,40,3,49022,39,0,14,1,77,3,49023,39,0,14,1,80,3,49024,39,0,14,1,40,3,49025,39,0,14,1,80,3,49026,39,0,14,1,80,3,49027,39,0,14,1,40,3,49028,39,0,14,1,80,3,49029,39,0,14,1,80,3,49030,39,0,14,1,40,3,49031,39,0,14,1,80,3,49032,39,0,14,1,80,3,49033,39,0,14,1
