1601,'2',542,,30187,20,,,0,13,,30186,20,,,0,59,,30185,37,,,0,22,,30190,37,,,0,18,,30191,37,,,0,58,,30192,37,,,0,23,,30193,37,,,0,10,,30194,37,,,0,56,,30195,37,,,0,16,,30196,37,,,0,16,,30197,37,,,0,16,,30198,37,,,0,56,,30199,37,,,0,13,,30200,37,,,0,18,,30201,37,,,0,22,,30202,37,,,0,58,,30203,37,,,0,18,,30204,37,,,0,18,,30205,37,,,0,58,,30206,37,,,0,18,,30207,37,,,0,18,,30208,37,,,0,58,,30209,37,,,0,20,,30210,37,,,0,16,,30211,37,,,0,10,,30212,37,,,0,56,,30213,37,,,0,16,,30214,37,,,0,16,,30215,37,,,0,16,,30216,37,,,0,56,,30217,37,,,0,18,,30218,37,,,0,6,,30219,37,,,0,15,,30220,37,,,0,55,,30221,37,,,0,15,,30222,37,,,0,15,,30223,37,,,0,15,,30224,37,,,0,55,,30225,37,,,0,15,,30226,37,,,0,17,,30227,37,,,0,15,,30228,37,,,0,55,,30229,37,,,0,15,,30230,37,,,0,15,,30231,37,,,0,15,,30232,37,,,0,55,,30233,37,,,0,29,,30234,37,,,0,19,,30236,37,,,0,63,,30237,37,,,0,22,,30238,37,,,0,62,,30239,37,,,0,22,,30240,37,,,0,22,,30241,37,,,0,62,,30242,37,,,0,20,,30243,37,,,0,77,,30245,37,,,0,25,,30246,37,,,0,25,,30247,37,,,0,65,,30248,37,,,0,25,,30249,37,,,0,65,,30250,37,,,0,23,,30251,37,,,0,23,,30188,37,,,0
1601,'3',606,,30310,20,,,0,25,,30311,20,,,0,12,,30252,37,,,0,65,,30253,37,,,0,25,,30254,37,,,0,25,,30255,37,,,0,66,,30256,37,,,0,25,,30257,37,,,0,65,,30258,37,,,0,25,,30259,37,,,0,19,,30312,20,,,0,46,,30260,37,,,0,24,,30261,37,,,0,21,,30262,37,,,0,61,,30263,37,,,0,16,,30264,37,,,0,18,,30313,20,,,0,3,,30265,37,,,0,61,,30266,37,,,0,15,,30267,37,,,0,15,,30268,37,,,0,15,,30269,37,,,0,55,,30270,37,,,0,10,,30271,37,,,0,15,,30272,37,,,0,15,,30273,37,,,0,55,,30274,37,,,0,16,,30275,37,,,0,15,,30276,37,,,0,15,,30277,37,,,0,55,,30278,37,,,0,15,,30279,37,,,0,15,,30280,37,,,0,15,,30281,37,,,0,55,,30282,37,,,0,15,,30283,37,,,0,15,,30284,37,,,0,15,,30285,37,,,0,55,,30286,37,,,0,15,,30287,37,,,0,15,,30288,37,,,0,15,,30289,37,,,0,55,,30290,37,,,0,16,,30291,37,,,0,20,,30292,37,,,0,60,,30293,37,,,0,20,,30294,37,,,0,20,,30295,37,,,0,60,,30296,37,,,0,20,,30297,37,,,0,20,,30298,37,,,0,60,,30299,37,,,0,19,,30300,37,,,0,26,,30301,37,,,0,65,,30302,37,,,0,25,,30303,37,,,0,65,,30304,37,,,0,25,,30305,37,,,0,21,,30306,37,,,0,64,,30307,37,,,0,29,,30308,37,,,0,70,,30309,37,,,0
1601,'30',645,,30350,20,,,0,73,,30314,37,,,0,35,,30315,37,,,0,75,,30316,37,,,0,20,,30351,20,,,0,55,,30317,37,,,0,34,,30318,37,,,0,65,,30319,37,,,0,30,,30320,37,,,0,70,,30321,37,,,0,30,,30322,37,,,0,70,,30323,37,,,0,10,,30352,20,,,0,21,,30324,37,,,0,22,,30326,37,,,0,63,,30327,37,,,0,22,,30325,37,,,0,62,,30328,37,,,0,22,,30329,37,,,0,22,,30330,37,,,0,62,,30331,37,,,0,22,,30332,37,,,0,22,,30333,37,,,0,62,,30334,37,,,0,22,,30335,37,,,0,22,,30336,37,,,0,58,,30337,37,,,0,30,,30338,37,,,0,70,,30339,37,,,0,30,,30340,37,,,0,70,,30341,37,,,0,30,,30342,37,,,0,70,,30343,37,,,0,30,,30344,37,,,0,70,,30345,37,,,0,30,,30346,37,,,0,68,,30347,37,,,0,30,,30348,37,,,0,70,,30349,37,,,0
1601,'4',645,,30389,20,,,0,73,,30353,37,,,0,35,,30354,37,,,0,75,,30355,37,,,0,20,,30390,20,,,0,55,,30356,37,,,0,34,,30357,37,,,0,65,,30358,37,,,0,30,,30359,37,,,0,70,,30360,37,,,0,30,,30361,37,,,0,70,,30362,37,,,0,10,,30391,20,,,0,21,,30363,37,,,0,22,,30365,37,,,0,63,,30366,37,,,0,22,,30364,37,,,0,62,,30367,37,,,0,22,,30368,37,,,0,22,,30369,37,,,0,62,,30370,37,,,0,22,,30371,37,,,0,22,,30372,37,,,0,62,,30373,37,,,0,22,,30374,37,,,0,22,,30375,37,,,0,58,,30376,37,,,0,30,,30377,37,,,0,70,,30378,37,,,0,30,,30379,37,,,0,70,,30380,37,,,0,30,,30381,37,,,0,70,,30382,37,,,0,30,,30383,37,,,0,70,,30384,37,,,0,30,,30385,37,,,0,68,,30386,37,,,0,30,,30387,37,,,0,70,,30388,37,,,0
2500,'2',626,,31510,25,,,0,22,,31511,25,,,0,68,,31512,25,,,0,28,,31513,25,,,0,66,,31514,25,,,0,20,,31515,25,,,0,20,,31516,25,,,0,60,,31517,25,,,0,20,,31518,25,,,0,20,,31519,25,,,0,60,,31520,25,,,0,20,,31521,25,,,0,20,,31522,25,,,0,60,,31523,25,,,0,20,,31524,25,,,0,20,,31525,25,,,0,60,,31526,25,,,0,20,,31527,25,,,0,20,,31528,25,,,0,60,,31529,25,,,0,20,,31530,25,,,0,20,,31531,25,,,0,60,,31532,25,,,0,24,,31533,25,,,0,20,,31534,25,,,0,60,,31535,25,,,0,20,,31536,25,,,0,20,,31537,25,,,0,60,,31538,25,,,0,22,,31539,25,,,0,21,,31540,25,,,0,61,,31541,25,,,0,21,,31542,25,,,0,61,,31543,25,,,0,21,,31544,25,,,0,15,,31545,25,,,0,20,,31546,25,,,0,60,,31547,25,,,0,20,,31548,25,,,0,20,,31549,25,,,0,60,,31550,25,,,0,20,,31551,25,,,0,14,,31552,25,,,0,60,,31553,25,,,0,19,,31554,25,,,0,25,,31555,25,,,0,65,,31556,25,,,0,25,,31557,25,,,0,65,,31558,25,,,0,25,,31559,25,,,0,25,,31560,25,,,0
2500,'3',642,,31561,25,,,0,63,,31592,25,,,0,24,,31562,25,,,0,25,,31593,25,,,0,66,,31563,25,,,0,24,,31564,25,,,0,67,,31565,25,,,0,26,,31566,25,,,0,69,,31567,25,,,0,23,,31568,25,,,0,30,,31569,25,,,0,67,,31570,25,,,0,30,,31571,25,,,0,68,,31572,25,,,0,25,,31573,25,,,0,70,,31574,25,,,0,25,,31575,25,,,0,70,,31576,25,,,0,27,,31577,25,,,0,70,,31578,25,,,0,30,,31579,25,,,0,70,,31580,25,,,0,30,,31581,25,,,0,70,,31582,25,,,0,30,,31583,25,,,0,69,,31584,25,,,0,29,,31585,25,,,0,70,,31586,25,,,0,30,,31587,25,,,0,68,,31594,25,,,0,27,,31588,25,,,0,68,,31595,25,,,0,25,,31589,25,,,0,25,,31596,25,,,0,65,,31590,25,,,0,25,,31597,25,,,0,65,,31591,25,,,0
2500,'30',904,,31606,25,,,0,25,,31613,25,,,0,30,,31614,25,,,0,70,,31615,25,,,0,30,,31616,25,,,0,70,,31617,25,,,0,30,,31618,25,,,0,70,,31619,25,,,0,30,,31620,25,,,0,70,,31621,25,,,0,30,,31622,25,,,0,70,,31623,25,,,0,30,,31607,25,,,0,70,,31605,25,,,0,27,,31609,25,,,0,67,,31604,25,,,0,27,,31608,25,,,0,67,,31603,25,,,0,22,,31610,25,,,0,67,,31602,25,,,0,27,,31611,25,,,0,24,,31612,25,,,0,70,,31601,25,,,0,28,,31624,25,,,0,70,,31600,25,,,0,33,,31625,25,,,0,70,,31599,25,,,0,30,,31626,25,,,0,65,,31598,25,,,0,30,,31627,25,,,0
2500,'4',904,,31636,25,,,0,25,,31643,25,,,0,30,,31644,25,,,0,70,,31645,25,,,0,30,,31646,25,,,0,70,,31647,25,,,0,30,,31648,25,,,0,70,,31649,25,,,0,30,,31650,25,,,0,70,,31651,25,,,0,30,,31652,25,,,0,70,,31653,25,,,0,30,,31637,25,,,0,70,,31635,25,,,0,27,,31639,25,,,0,67,,31634,25,,,0,27,,31638,25,,,0,67,,31633,25,,,0,22,,31640,25,,,0,67,,31632,25,,,0,27,,31641,25,,,0,24,,31642,25,,,0,70,,31631,25,,,0,28,,31654,25,,,0,70,,31630,25,,,0,33,,31655,25,,,0,70,,31629,25,,,0,30,,31656,25,,,0,65,,31628,25,,,0,30,,31657,25,,,0
3401,'2',621,,32520,52,0,14,0,82,,32523,52,0,14,0,36,,32506,52,0,14,0,84,,32507,52,0,14,0,82,,32509,52,0,14,0,43,,32508,52,0,14,0,81,,32510,52,0,14,0,80,,32511,52,0,14,0,45,,32512,52,0,14,0,80,,32513,52,0,14,0,80,,32514,52,0,14,0,40,,32515,52,0,14,0,78,,32516,52,0,14,0,82,,32517,52,0,14,0,40,,32518,52,0,14,0,80,,32519,52,0,14,0,78,,32524,52,0,14,0,40,,32525,52,0,14,0,80,,32526,52,0,14,0,75,,32527,52,0,14,0,42,,32528,52,0,14,0,80,,32529,52,0,14,0,80,,32533,52,0,14,0,37,,32530,52,0,14,0,82,,32531,52,0,14,0,80,,32521,52,0,14,0,40,,32522,52,0,14,0,80,,32532,52,0,14,0
3401,'3',848,,32534,52,0,14,0,76,,32544,52,0,14,0,81,,32543,52,0,14,0,40,,32535,52,0,14,0,85,,32536,52,0,14,0,85,,32537,52,0,14,0,41,,32538,52,0,14,0,80,,32539,52,0,14,0,80,,32540,52,0,14,0,40,,32541,52,0,14,0,80,,32542,52,0,14,0,80,,32545,52,0,14,0,40,,32546,52,0,14,0,80,,32547,52,0,14,0,78,,32548,52,0,14,0,40,,32549,52,0,14,0,80,,32550,52,0,14,0,79,,32551,52,0,14,0,40,,32552,52,0,14,0,79,,32553,52,0,14,0,80,,32554,52,0,14,0,40,,32555,52,0,14,0,80,,32556,52,0,14,0
3401,'30',1145,,32557,52,0,14,0,80,,32558,52,0,14,0,80,,32559,52,0,14,0,40,,32560,52,0,14,0,80,,32561,52,0,14,0,80,,32562,52,0,14,0,40,,32563,52,0,14,0,80,,32564,52,0,14,0,78,,32565,52,0,14,0,40,,32566,52,0,14,0,80,,32567,52,0,14,0,80,,32568,52,0,14,0,40,,32569,52,0,14,0,80,,32570,52,0,14,0,80,,32571,52,0,14,0
3401,'4',1145,,32572,52,0,14,0,80,,32573,52,0,14,0,80,,32574,52,0,14,0,40,,32575,52,0,14,0,80,,32576,52,0,14,0,80,,32577,52,0,14,0,40,,32578,52,0,14,0,80,,32579,52,0,14,0,78,,32580,52,0,14,0,40,,32581,52,0,14,0,80,,32582,52,0,14,0,80,,32583,52,0,14,0,40,,32584,52,0,14,0,80,,32585,52,0,14,0,80,,32586,52,0,14,0
