1701,'11802',1607,,46896,31,4,,1,40,,46897,31,4,,1
1701,'2',636,,46912,46,0,13 33,1,18,,46953,46,0,10 31,1,59,,46913,46,0,13 33,1,20,,46914,46,0,10 31,1,20,,46915,46,0,13 33,1,60,,46916,46,0,10 31,1,20,,46917,46,0,13 33,1,20,,46918,46,0,10 31,1,61,,46919,46,0,13 33,1,20,,46920,46,0,10 31,1,20,,46921,46,0,13 33,1,60,,46922,46,0,10 31,1,20,,46923,46,0,13 33,1,20,,46924,46,0,10 31,1,59,,46925,46,0,13 33,1,20,,46926,46,0,10 31,1,19,,46927,46,0,13 33,1,62,,46928,46,0,10 31,1,20,,46929,46,0,13 33,1,20,,46930,46,0,10 31,1,61,,46931,46,0,13 33,1,21,,46932,46,0,10 31,1,21,,46933,46,0,13 33,1,61,,46934,46,0,10 31,1,21,,46935,46,0,13 33,1,16,,46936,46,0,10 31,1,60,,46937,46,0,13 33,1,20,,46938,46,0,10 31,1,20,,46939,46,0,13 33,1,62,,46940,46,0,10 31,1,20,,46941,46,0,13 33,1,20,,46942,46,0,10 31,1,55,,46943,46,0,13 33,1,15,,46944,46,0,10 31,1,20,,46945,46,0,13 33,1,58,,46946,46,0,10 31,1,18,,46947,46,0,13 33,1,19,,46908,46,0,10 31,1,59,,46907,46,0,10 31,1,19,,46906,46,0,10 31,1,19,,46905,46,0,10 31,1,19,,46904,46,0,10 31,1,59,,46903,46,0,10 31,1,19,,46902,46,0,10 31,1,65,,46901,46,0,10 31,1,25,,46899,46,0,10 31,1,30,,46900,46,0,10 31,1,60,,46948,46,0,10 31,1,25,,46949,46,0,10 31,1,65,,46950,46,0,10 31,1,25,,46951,46,0,10 31,1,22,,46952,46,0,10 31,1,65,,46909,46,0,10 31,1,90,,46955,46,0,10 31,1
1701,'3',622,,46990,46,0,10 31,1,35,,46989,46,0,10 31,1,76,,46988,46,0,10 31,1,75,,46956,46,0,10 31,1,35,,46987,46,0,10 31,1,75,,46986,46,0,10 31,1,30,,46985,46,0,10 31,1,71,,46992,46,0,10 31,1,30,,46984,46,0,10 31,1,70,,46983,46,0,10 31,1,30,,46982,46,0,10 31,1,71,,46981,46,0,10 31,1,30,,46980,46,0,10 31,1,70,,46979,46,0,10 31,1,30,,46978,46,0,10 31,1,70,,46977,46,0,10 31,1,30,,46976,46,0,10 31,1,70,,46975,46,0,10 31,1,30,,46974,46,0,10 31,1,70,,46973,46,0,10 31,1,30,,46972,46,0,10 31,1,70,,46971,46,0,10 31,1,30,,46970,46,0,10 31,1,69,,46969,46,0,10 31,1,30,,46968,46,0,10 31,1,60,,46967,46,0,10 31,1,30,,46966,46,0,10 31,1,70,,46965,46,0,10 31,1,30,,46964,46,0,10 31,1,20,,46963,46,0,10 31,1,69,,46962,46,0,10 31,1,30,,46961,46,0,10 31,1,70,,46960,46,0,10 31,1,15,,46993,46,0,10 31,1,70,,46959,46,0,10 31,1,25,,46958,46,0,10 31,1,20,,46957,46,0,10 31,1,60,,46994,46,0,10 31,1,30,,46995,46,0,10 31,1
1701,'30',642,,47026,46,0,10 31,1,75,,47027,46,0,10 31,1,35,,47028,46,0,10 31,1,75,,47029,46,0,10 31,1,32,,46998,46,0,10 31,1,70,,46999,46,0,10 31,1,30,,47000,46,0,10 31,1,55,,47001,46,0,10 31,1,25,,47002,46,0,10 31,1,70,,47003,46,0,10 31,1,30,,47004,46,0,10 31,1,69,,47005,46,0,10 31,1,26,,47006,46,0,10 31,1,25,,47007,46,0,10 31,1,70,,47008,46,0,10 31,1,30,,47009,46,0,10 31,1,65,,47010,46,0,10 31,1,28,,47011,46,0,10 31,1,70,,47012,46,0,10 31,1,30,,47013,46,0,10 31,1,70,,47014,46,0,10 31,1,30,,47015,46,0,10 31,1,65,,47016,46,0,10 31,1,30,,47017,46,0,10 31,1,68,,47018,46,0,10 31,1,30,,47019,46,0,10 31,1,80,,47020,46,0,10 31,1,75,,47021,46,0,10 31,1,30,,47022,46,0,10 31,1,80,,47023,46,0,10 31,1,35,,47024,46,0,10 31,1,70,,47025,46,0,10 31,1,35,,46996,46,0,10 31,1,70,,46997,46,0,10 31,1
1701,'4',642,,47060,46,0,10 31,1,75,,47061,46,0,10 31,1,35,,47062,46,0,10 31,1,75,,47063,46,0,10 31,1,32,,47032,46,0,10 31,1,70,,47033,46,0,10 31,1,30,,47034,46,0,10 31,1,55,,47035,46,0,10 31,1,25,,47036,46,0,10 31,1,70,,47037,46,0,10 31,1,30,,47038,46,0,10 31,1,69,,47039,46,0,10 31,1,26,,47040,46,0,10 31,1,25,,47041,46,0,10 31,1,70,,47042,46,0,10 31,1,30,,47043,46,0,10 31,1,65,,47044,46,0,10 31,1,28,,47045,46,0,10 31,1,70,,47046,46,0,10 31,1,30,,47047,46,0,10 31,1,70,,47048,46,0,10 31,1,30,,47049,46,0,10 31,1,65,,47050,46,0,10 31,1,30,,47051,46,0,10 31,1,68,,47052,46,0,10 31,1,30,,47053,46,0,10 31,1,80,,47054,46,0,10 31,1,75,,47055,46,0,10 31,1,30,,47056,46,0,10 31,1,80,,47057,46,0,10 31,1,35,,47058,46,0,10 31,1,70,,47059,46,0,10 31,1,35,,47030,46,0,10 31,1,70,,47031,46,0,10 31,1
3300,'2',657,,48816,1,,,1,53,,48817,1,,,1,13,,48818,1,,,1,12,,48819,13,,,1,13,,48820,13,,,1,53,,48821,13,,,1,13,,48822,13,,,1,13,,48823,13,,,1,13,,48824,13,,,1,13,,48825,13,,,1,53,,48826,13,,,1,12,,48827,13,,,1,13,,48828,13,,,1,11,,48829,13,,,1,13,,48830,13,,,1,53,,48831,13,,,1,13,,48832,13,,,1,13,,48833,13,,,1,13,,48834,13,,,1,53,,48835,13,,,1,13,,48836,13,,,1,13,,48837,13,,,1,13,,48838,13,,,1,13,,48839,13,,,1,53,,48840,13,,,1,15,,48841,13,,,1,13,,48842,13,,,1,15,,48843,13,,,1,53,,48844,13,,,1,13,,48845,13,,,1,13,,48846,13,,,1,15,,48847,13,,,1,15,,48848,13,,,1,55,,48849,13,,,1,16,,48850,13,,,1,15,,48851,13,,,1,15,,48852,13,,,1,55,,48853,13,,,1,15,,48854,13,,,1,15,,48855,13,,,1,15,,48856,13,,,1,55,,48857,13,,,1,15,,48858,13,,,1,16,,48859,13,,,1,15,,48860,13,,,1,55,,48861,13,,,1,15,,48862,13,,,1,15,,48863,13,,,1,15,,48864,13,,,1,55,,48865,13,,,1,14,,48866,13,,,1,16,,48867,13,,,1,57,,48868,13,,,1,17,,48869,13,,,1,17,,48870,13,,,1,17,,48871,13,,,1,57,,48872,13,,,1,18,,48873,13,,,1,18,,48874,13,,,1,58,,48875,13,,,1,17,,48876,13,,,1,17,,48877,13,,,1,17,,48878,13,,,1,57,,48879,13,,,1,17,,48880,13,,,1,17,,48881,13,,,1
9101,'11802',829,,49773,12,,,1
9101,'2',745,,49774,9,,,1,57,,49775,12,,,1,17,,49776,12,,,1,17,,49777,12,,,1,17,,49778,12,,,1,57,,49779,12,,,1,17,,49780,12,,,1,17,,49781,12,,,1,57,,49782,12,,,1,17,,49783,12,,,1,17,,49784,12,,,1,17,,49785,12,,,1,57,,49786,12,,,1,17,,49787,12,,,1,17,,49788,12,,,1,57,,49789,12,,,1,18,,49790,12,,,1,17,,49791,12,,,1,17,,49792,12,,,1,57,,49793,12,,,1,17,,49794,12,,,1,17,,49795,12,,,1,57,,49796,12,,,1,18,,49797,12,,,1,17,,49798,12,,,1,17,,49799,12,,,1,57,,49800,12,,,1,17,,49801,12,,,1,17,,49802,12,,,1,57,,49803,12,,,1,19,,49804,12,,,1,17,,49805,12,,,1,17,,49806,12,,,1,58,,49807,12,,,1,17,,49808,12,,,1,17,,49809,12,,,1,57,,49810,12,,,1,12,,49811,12,,,1,17,,49812,12,,,1,17,,49813,12,,,1,57,,49814,12,,,1,17,,49815,12,,,1,17,,49816,12,,,1,17,,49817,12,,,1,54,,49818,12,,,1
9101,'3',1109,,49819,12,,,1,24,,49820,12,,,1,26,,49821,12,,,1,66,,49822,12,,,1,26,,49823,12,,,1,66,,49824,12,,,1,26,,49825,12,,,1,66,,49826,12,,,1,26,,49827,12,,,1,66,,49828,12,,,1,26,,49829,12,,,1,26,,49830,12,,,1,66,,49831,12,,,1,26,,49832,12,,,1,66,,49833,12,,,1,26,,49834,12,,,1,66,,49835,12,,,1,26,,49836,12,,,1,26,,49837,12,,,1,66,,49838,12,,,1,26,,49839,12,,,1,66,,49840,12,,,1,26,,49841,12,,,1,70,,49842,12,,,1
9101,'4',1208,,49861,12,,,1,26,,49843,12,,,1,66,,49844,12,,,1,26,,49845,12,,,1,26,,49846,12,,,1,66,,49847,12,,,1,26,,49848,12,,,1,66,,49849,12,,,1,26,,49850,12,,,1,66,,49851,12,,,1,26,,49852,12,,,1,26,,49853,12,,,1,66,,49854,12,,,1,26,,49855,12,,,1,66,,49856,12,,,1,26,,49857,12,,,1,67,,49858,12,,,1,26,,49859,12,,,1,69,,49860,12,,,1
