600,'2',608,,43919,27,,,1,28,,43918,27,,,1,81,,43920,27,,,1,25,,43921,27,,,1,60,,43922,27,,,1,25,,43923,27,,,1,25,,43924,27,,,1,66,,43925,27,,,1,30,,43926,27,,,1,70,,43927,27,,,1,25,,43928,27,,,1,70,,43929,27,,,1,30,,43930,27,,,1,70,,43931,27,,,1,25,,43932,27,,,1,70,,43933,27,,,1,30,,43934,27,,,1,71,,43935,27,,,1,30,,43936,27,,,1,65,,43937,27,,,1,30,,43938,27,,,1,25,,43939,27,,,1,71,,43940,27,,,1,70,,43941,27,,,1,30,,43942,27,,,1,70,,43943,27,,,1,22,,43944,27,,,1,25,,43945,27,,,1,65,,43946,27,,,1,25,,43947,27,,,1,65,,43948,27,,,1,25,,43949,27,,,1,24,,43950,27,,,1,65,,43951,27,,,1,25,,43952,27,,,1,65,,43953,27,,,1,25,,43954,27,,,1,25,,43955,27,,,1,65,,43956,27,,,1,25,,43957,27,,,1,67,,43958,27,,,1,25,,43959,27,,,1,69,,43960,27,,,1
600,'3',602,,43961,10,,,1,33,,43962,27,,,1,67,,43963,27,,,1,35,,43964,27,,,1,76,,43965,27,,,1,35,,43966,27,,,1,75,,43967,27,,,1,25,,43969,10,,,1,10,,43968,27,,,1,72,,43970,27,,,1,28,,43971,27,,,1,65,,43972,27,,,1,25,,43973,27,,,1,64,,43974,27,,,1,18,,43975,27,,,1,20,,43976,27,,,1,58,,43977,27,,,1,20,,43978,27,,,1,19,,43979,27,,,1,61,,43980,27,,,1,20,,43981,27,,,1,20,,43982,27,,,1,60,,43983,27,,,1,20,,43984,27,,,1,20,,43985,27,,,1,60,,43986,27,,,1,20,,43987,27,,,1,20,,43988,27,,,1,60,,43989,27,,,1,20,,43990,27,,,1,20,,43991,27,,,1,59,,43992,27,,,1,20,,43993,27,,,1,15,,43994,27,,,1,65,,43995,27,,,1,25,,43996,27,,,1,25,,43997,27,,,1,65,,43998,27,,,1,25,,43999,27,,,1,65,,44000,27,,,1,26,,44001,27,,,1,79,,44002,27,,,1,33,,44003,27,,,1,76,,44004,27,,,1,76,,44005,27,,,1,36,,44006,27,,,1,69,,44007,27,,,1
600,'30',856,,44008,10,,,1,68,,44009,10,,,1,35,,44010,27,,,1,75,,44011,27,,,1,75,,44012,27,,,1,35,,44013,27,,,1,70,,44014,10,,,1,16,,44015,27,,,1,74,,44016,27,,,1,25,,44017,27,,,1,25,,44018,27,,,1,65,,44019,27,,,1,25,,44020,27,,,1,65,,44021,27,,,1,25,,44022,27,,,1,25,,44023,27,,,1,65,,44024,27,,,1,25,,44025,27,,,1,65,,44026,27,,,1,25,,44027,27,,,1,63,,44028,27,,,1,25,,44029,27,,,1,77,,44030,27,,,1,35,,44031,27,,,1,75,,44032,27,,,1,35,,44033,27,,,1,75,,44034,27,,,1,35,,44035,27,,,1,73,,44036,27,,,1,74,,44037,27,,,1
600,'4',856,,44038,10,,,1,68,,44039,10,,,1,35,,44040,27,,,1,75,,44041,27,,,1,75,,44042,27,,,1,35,,44043,27,,,1,70,,44067,10,,,1,16,,44044,27,,,1,74,,44045,27,,,1,25,,44046,27,,,1,25,,44047,27,,,1,65,,44048,27,,,1,25,,44049,27,,,1,65,,44050,27,,,1,25,,44051,27,,,1,25,,44052,27,,,1,65,,44053,27,,,1,25,,44054,27,,,1,65,,44055,27,,,1,25,,44056,27,,,1,63,,44057,27,,,1,25,,44058,27,,,1,77,,44059,27,,,1,35,,44060,27,,,1,75,,44061,27,,,1,35,,44062,27,,,1,75,,44063,27,,,1,35,,44064,27,,,1,73,,44065,27,,,1,74,,44066,27,,,1
1301,'11802',804,,45714,30,,,1,816,,45715,30,,,1,96,,45716,30,,,1
1301,'2',636,,45717,56,0,10 14 20,1,7,,45718,30,,,1,15,,45719,56,0,10 14 20,1,58,,45720,30,,,1,10,,45721,56,0,10 14 20,1,15,,45722,30,,,1,15,,45723,56,0,10 14 20,1,55,,45724,30,,,1,15,,45725,56,0,10 14 20,1,15,,45726,30,,,1,15,,45727,56,0,10 14 20,1,56,,45728,30,,,1,10,,45729,56,0,10 14 20,1,15,,45730,34,,,1,15,,45731,56,0,10 14 20,1,55,,45732,34,,,1,15,,45733,56,0,10 14 20,1,15,,45734,34,,,1,15,,45735,56,0,10 14 20,1,55,,45736,34,,,1,10,,45737,56,0,10 14 20,1,15,,45738,34,,,1,15,,45739,56,0,10 14 20,1,55,,45740,34,,,1,16,,45741,56,0,10 14 20,1,15,,45742,34,,,1,15,,45743,56,0,10 14 20,1,55,,45744,34,,,1,15,,45745,56,0,10 14 20,1,15,,45746,34,,,1,15,,45747,56,0,10 14 20,1,55,,45748,34,,,1,15,,45749,56,0,10 14 20,1,15,,45750,30,,,1,15,,45751,56,0,10 14 20,1,55,,45752,30,,,1,15,,45753,56,0,10 14 20,1,15,,45754,30,,,1,21,,45755,56,0,10 14 20,1,55,,45756,30,,,1,17,,45757,56,0,10 14 20,1,15,,45758,30,,,1,15,,45759,56,0,10 14 20,1,55,,45760,30,,,1,13,,45761,56,0,10 14 20,1,13,,45762,30,,,1,15,,45763,56,0,10 14 20,1,54,,45764,30,,,1,12,,45765,56,0,10 14 20,1,20,,45767,30,,,1,20,,45771,30,,,1,60,,45768,56,0,10 14 20,1,15,,45772,30,,,1,15,,45769,56,0,10 14 20,1,60,,45773,30,,,1,20,,45770,56,0,10 14 20,1,20,,45774,30,,,1,60,,45775,56,0,10 14 20,1,25,,45778,30,,,1,70,,45776,56,0,10 14 20,1,30,,45779,30,,,1,25,,45777,56,0,10 14 20,1,65,,45780,30,,,1,18,,45781,56,0,10 14 20,1,74,,45783,30,,,1,28,,45782,56,0,10 14 20,1,65,,45784,30,,,1
1301,'3',635,,45785,56,0,10 14 20,1,75,,45786,30,,,1,35,,45787,56,0,10 14 20,1,61,,45788,30,,,1,16,,45792,56,0,10 14 20,1,16,,45789,30,,,1,16,,45793,56,0,10 14 20,1,56,,45790,30,,,1,16,,45794,30,,,1,16,,45791,56,0,10 14 20,1,16,,45795,30,,,1,57,,45796,56,0,10 14 20,1,15,,45797,30,,,1,10,,45813,56,0,10 14 20,1,15,,45798,30,,,1,55,,45814,56,0,10 14 20,1,15,,45799,30,,,1,15,,45815,56,0,10 14 20,1,15,,45800,30,,,1,56,,45816,56,0,10 14 20,1,15,,45801,30,,,1,15,,45817,56,0,10 14 20,1,15,,45802,30,,,1,55,,45818,56,0,10 14 20,1,15,,45803,30,,,1,10,,45819,56,0,10 14 20,1,15,,45804,30,,,1,55,,45820,56,0,10 14 20,1,15,,45805,30,,,1,15,,45821,56,0,10 14 20,1,15,,45806,30,,,1,55,,45822,56,0,10 14 20,1,15,,45807,30,,,1,15,,45823,56,0,10 14 20,1,15,,45808,30,,,1,50,,45824,56,0,10 14 20,1,15,,45809,30,,,1,15,,45825,56,0,10 14 20,1,15,,45810,30,,,1,55,,45826,56,0,10 14 20,1,15,,45811,30,,,1,15,,45827,56,0,10 14 20,1,15,,45812,30,,,1,55,,45828,56,0,10 14 20,1,15,,45833,30,,,1,15,,45829,56,0,10 14 20,1,15,,45834,30,,,1,60,,45830,56,0,10 14 20,1,20,,45835,30,,,1,20,,45831,56,0,10 14 20,1,60,,45836,30,,,1,20,,45832,56,0,10 14 20,1,20,,45837,30,,,1,59,,45838,56,0,10 14 20,1,24,,45842,30,,,1,30,,45839,56,0,10 14 20,1,70,,45843,30,,,1,20,,45840,56,0,10 14 20,1,65,,45844,30,,,1,30,,45841,56,0,10 14 20,1,70,,45845,30,,,1,42,,45847,56,0,10 14 20,1,51,,45846,30,,,1
1301,'30',709,,45869,56,0,10 14 20,1,35,,45871,30,,,1,75,,45870,56,0,10 14 20,1,35,,45872,30,,,1,69,,45873,12,,,1,6,,45868,56,0,10 14 20,1,30,,45867,30,,,1,71,,45856,56,0,10 14 20,1,70,,45866,30,,,1,25,,45855,56,0,10 14 20,1,30,,45865,30,,,1,70,,45854,56,0,10 14 20,1,30,,45864,30,,,1,70,,45853,56,0,10 14 20,1,30,,45863,30,,,1,70,,45852,56,0,10 14 20,1,30,,45862,30,,,1,70,,45851,56,0,10 14 20,1,30,,45861,30,,,1,65,,45850,56,0,10 14 20,1,30,,45860,30,,,1,70,,45849,56,0,10 14 20,1,30,,45859,30,,,1,70,,45848,56,0,10 14 20,1,27,,45858,30,,,1,65,,45874,56,0,10 14 20,1,30,,45878,30,,,1,65,,45875,56,0,10 14 20,1,25,,45879,30,,,1,15,,45876,56,0,10 14 20,1,70,,45880,30,,,1,30,,45877,56,0,10 14 20,1,71,,45881,30,,,1,37,,45882,56,0,10 14 20,1,51,,45857,30,,,1
1301,'4',709,,45904,56,0,10 14 20,1,35,,45906,30,,,1,75,,45905,56,0,10 14 20,1,35,,45907,30,,,1,69,,45908,12,,,1,6,,45903,56,0,10 14 20,1,30,,45902,30,,,1,71,,45891,56,0,10 14 20,1,70,,45901,30,,,1,25,,45890,56,0,10 14 20,1,30,,45900,30,,,1,70,,45889,56,0,10 14 20,1,30,,45899,30,,,1,70,,45888,56,0,10 14 20,1,30,,45898,30,,,1,70,,45887,56,0,10 14 20,1,30,,45897,30,,,1,70,,45886,56,0,10 14 20,1,30,,45896,30,,,1,65,,45885,56,0,10 14 20,1,30,,45895,30,,,1,70,,45884,56,0,10 14 20,1,30,,45894,30,,,1,70,,45883,56,0,10 14 20,1,27,,45893,30,,,1,65,,45909,56,0,10 14 20,1,30,,45913,30,,,1,65,,45910,56,0,10 14 20,1,25,,45914,30,,,1,15,,45911,56,0,10 14 20,1,70,,45915,30,,,1,30,,45912,56,0,10 14 20,1,71,,45916,30,,,1,37,,45917,56,0,10 14 20,1,51,,45892,30,,,1
10600,'11802',830,,50550,12,,,1,85,,50551,12,,,1,690,,50552,12,,,1,52,,50553,12,,,1
10600,'3302',713,,50554,12,,,1,20,,50569,12,,,1,21,,50555,12,,,1,60,,50570,12,,,1,25,,50556,12,,,1,20,,50571,12,,,1,65,,50557,12,,,1,20,,50572,12,,,1,65,,50558,12,,,1,25,,50573,12,,,1,20,,50559,12,,,1,65,,50574,12,,,1,20,,50560,12,,,1,20,,50575,12,,,1,65,,50561,12,,,1,21,,50576,12,,,1,65,,50562,12,,,1,20,,50577,12,,,1,25,,50563,12,,,1,61,,50578,12,,,1,26,,50564,12,,,1,60,,50579,12,,,1,25,,50565,12,,,1,20,,50580,12,,,1,65,,50566,12,,,1,22,,50581,12,,,1,70,,50567,12,,,1,20,,50582,12,,,1,10,,50584,12,,,1,25,,50568,12,,,1,56,,50583,12,,,1,10,,50585,12,,,1,20,,50590,12,,,1,59,,50586,12,,,1,18,,50591,12,,,1,22,,50587,12,,,1,58,,50592,12,,,1,22,,50588,12,,,1,18,,50593,12,,,1,62,,50589,12,,,1,17,,50594,12,,,1,38,,50595,12,,,1,81,,50596,12,,,1,80,,50597,12,,,1,80,,50598,12,,,1
10600,'3602',723,,50599,12,,,1,20,,50614,12,,,1,61,,50600,12,,,1,20,,50615,12,,,1,25,,50601,12,,,1,60,,50616,12,,,1,25,,50602,12,,,1,20,,50617,12,,,1,65,,50603,12,,,1,25,,50618,12,,,1,60,,50604,12,,,1,25,,50619,12,,,1,20,,50605,12,,,1,60,,50620,12,,,1,26,,50606,12,,,1,20,,50621,12,,,1,65,,50607,12,,,1,20,,50622,12,,,1,65,,50608,12,,,1,21,,50623,12,,,1,26,,50609,12,,,1,60,,50624,12,,,1,25,,50610,12,,,1,20,,50625,12,,,1,67,,50611,12,,,1,25,,50626,12,,,1,65,,50612,12,,,1,35,,50627,12,,,1,60,,50613,12,,,1,26,,50628,12,,,1,20,,50629,12,,,1,58,,50630,12,,,1,20,,50631,12,,,1,21,,50632,12,,,1,58,,50633,12,,,1,22,,50634,12,,,1,18,,50635,12,,,1
10600,'3903',1111,,50636,12,,,1,41,,50637,12,,,1,86,,50638,12,,,1,80,,50639,12,,,1,40,,50640,12,,,1,82,,50641,12,,,1,85,,50642,12,,,1,85,,50643,12,,,1,92,,50644,12,,,1,50,,50645,12,,,1,80,,50646,12,,,1,80,,50647,12,,,1,40,,50648,12,,,1,80,,50649,12,,,1,79,,50650,12,,,1,39,,50651,12,,,1,80,,50652,12,,,1
10600,'6404',1111,,50653,12,,,1,41,,50654,12,,,1,86,,50655,12,,,1,80,,50656,12,,,1,40,,50657,12,,,1,82,,50658,12,,,1,85,,50659,12,,,1,85,,50660,12,,,1,92,,50661,12,,,1,50,,50662,12,,,1,80,,50663,12,,,1,80,,50664,12,,,1,40,,50665,12,,,1,80,,50666,12,,,1,79,,50667,12,,,1,39,,50668,12,,,1
