400,'2',617,,27059,12,0,13 18 19 20,0,40,,27058,12,0,10 18 19 20,0,55,,27057,12,0,13 18 19 20,0,15,,27056,12,0,10 18 19 20,0,15,,27055,12,0,13 18 19 20,0,15,,27054,12,0,10 18 19 20,0,55,,27053,12,0,13 18 19 20,0,15,,27052,12,0,10 18 19 20,0,15,,27051,12,0,13 18 19 20,0,60,,27050,12,0,10 18 19 20,0,20,,27049,12,0,13 18 19 20,0,20,,27048,12,0,10 18 19 20,0,60,,27047,12,0,13 18 19 20,0,20,,27046,12,0,10 18 19 20,0,20,,27045,12,0,13 18 19 20,0,60,,27044,12,0,10 18 19 20,0,20,,27043,12,0,13 18 19 20,0,20,,27042,12,0,10 18 19 20,0,60,,27041,12,0,13 18 19 20,0,20,,27040,12,0,10 18 19 20,0,20,,27039,12,0,13 18 19 20,0,60,,27038,12,0,10 18 19 20,0,20,,27037,12,0,13 18 19 20,0,17,,27036,12,0,10 18 19 20,0,14,,27061,12,0,13 18 19 20,0,50,,27062,12,0,10 18 19 20,0,15,,27070,12,0,13 18 19 20,0,15,,27063,12,0,10 18 19 20,0,15,,27071,12,0,13 18 19 20,0,55,,27064,12,0,10 18 19 20,0,15,,27072,12,0,13 18 19 20,0,15,,27065,12,0,10 18 19 20,0,14,,27073,12,0,13 18 19 20,0,54,,27066,12,0,10 18 19 20,0,15,,27074,12,0,13 18 19 20,0,10,,27067,12,0,10 18 19 20,0,15,,27075,12,0,13 18 19 20,0,15,,27068,12,0,10 18 19 20,0,50,,27076,12,0,13 18 19 20,0,15,,27069,12,0,10 18 19 20,0,10,,27077,12,0,13 18 19 20,0,23,,27078,12,0,10 18 19 20,0,60,,27079,12,0,13 18 19 20,0,15,,27083,12,0,10 18 19 20,0,20,,27080,12,0,13 18 19 20,0,60,,27084,12,0,10 18 19 20,0,20,,27081,12,0,13 18 19 20,0,20,,27085,12,0,10 18 19 20,0,60,,27082,12,0,13 18 19 20,0,17,,27086,12,0,10 18 19 20,0,15,,27087,12,0,13 18 19 20,0,66,,27090,12,0,10 18 19 20,0,30,,27088,12,0,13 18 19 20,0,70,,27091,12,0,10 18 19 20,0,30,,27089,12,0,13 18 19 20,0,72,,27092,12,0,10 18 19 20,0,40,,27093,12,0,13 18 19 20,0,99,,27094,12,0,13 18 19 20,0
400,'3',606,,27096,12,0,13 18 19 20,0,13,,27095,12,0,10 18 19 20,0,32,,27098,12,0,13 18 19 20,0,70,,27105,12,0,10 18 19 20,0,30,,27099,12,0,13 18 19 20,0,68,,27106,12,0,10 18 19 20,0,30,,27100,12,0,13 18 19 20,0,70,,27107,12,0,10 18 19 20,0,30,,27101,12,0,13 18 19 20,0,69,,27108,12,0,10 18 19 20,0,30,,27102,12,0,13 18 19 20,0,70,,27109,12,0,10 18 19 20,0,30,,27103,12,0,13 18 19 20,0,66,,27110,12,0,10 18 19 20,0,29,,27104,12,0,13 18 19 20,0,63,,27111,12,0,10 18 19 20,0,20,,27116,12,0,13 18 19 20,0,25,,27112,12,0,10 18 19 20,0,65,,27117,12,0,13 18 19 20,0,25,,27113,12,0,10 18 19 20,0,65,,27118,12,0,13 18 19 20,0,25,,27114,12,0,10 18 19 20,0,25,,27119,12,0,13 18 19 20,0,65,,27115,12,0,10 18 19 20,0,25,,27120,12,0,13 18 19 20,0,65,,27127,12,0,10 18 19 20,0,25,,27123,12,0,13 18 19 20,0,65,,27128,12,0,10 18 19 20,0,25,,27124,12,0,13 18 19 20,0,25,,27129,12,0,10 18 19 20,0,65,,27125,12,0,13 18 19 20,0,25,,27130,12,0,10 18 19 20,0,65,,27126,12,0,13 18 19 20,0,25,,27131,12,0,10 18 19 20,0,22,,27132,12,0,13 18 19 20,0,70,,27135,12,0,10 18 19 20,0,35,,27133,12,0,13 18 19 20,0,70,,27136,12,0,10 18 19 20,0,30,,27134,12,0,13 18 19 20,0,70,,27137,12,0,10 18 19 20,0,27,,27121,12,0,13 18 19 20,0,94,,27122,12,0,10 18 19 20,0
400,'30',649,,27168,12,0,13 18 19 20,0,82,,27169,12,0,10 18 19 20,0,80,,27170,12,0,13 18 19 20,0,43,,27140,12,0,10 18 19 20,0,74,,27141,12,0,13 18 19 20,0,25,,27142,12,0,10 18 19 20,0,70,,27143,12,0,13 18 19 20,0,30,,27144,12,0,10 18 19 20,0,70,,27145,12,0,13 18 19 20,0,30,,27146,12,0,10 18 19 20,0,66,,27147,12,0,13 18 19 20,0,30,,27148,12,0,10 18 19 20,0,70,,27149,12,0,13 18 19 20,0,30,,27150,12,0,10 18 19 20,0,70,,27151,12,0,13 18 19 20,0,30,,27152,12,0,10 18 19 20,0,70,,27153,12,0,13 18 19 20,0,30,,27154,12,0,10 18 19 20,0,70,,27155,12,0,13 18 19 20,0,30,,27156,12,0,10 18 19 20,0,70,,27157,12,0,13 18 19 20,0,30,,27158,12,0,10 18 19 20,0,72,,27159,12,0,13 18 19 20,0,30,,27160,12,0,10 18 19 20,0,70,,27161,12,0,13 18 19 20,0,30,,27162,12,0,10 18 19 20,0,70,,27163,12,0,13 18 19 20,0,30,,27164,12,0,10 18 19 20,0,70,,27165,12,0,13 18 19 20,0,30,,27166,12,0,10 18 19 20,0,66,,27167,12,0,13 18 19 20,0,29,,27138,12,0,10 18 19 20,0
400,'4',649,,27201,12,0,13 18 19 20,0,82,,27202,12,0,10 18 19 20,0,80,,27203,12,0,13 18 19 20,0,43,,27173,12,0,10 18 19 20,0,74,,27174,12,0,13 18 19 20,0,25,,27175,12,0,10 18 19 20,0,70,,27176,12,0,13 18 19 20,0,30,,27177,12,0,10 18 19 20,0,70,,27178,12,0,13 18 19 20,0,30,,27179,12,0,10 18 19 20,0,66,,27180,12,0,13 18 19 20,0,30,,27181,12,0,10 18 19 20,0,70,,27182,12,0,13 18 19 20,0,30,,27183,12,0,10 18 19 20,0,70,,27184,12,0,13 18 19 20,0,30,,27185,12,0,10 18 19 20,0,70,,27186,12,0,13 18 19 20,0,30,,27187,12,0,10 18 19 20,0,70,,27188,12,0,13 18 19 20,0,30,,27189,12,0,10 18 19 20,0,70,,27190,12,0,13 18 19 20,0,30,,27191,12,0,10 18 19 20,0,72,,27192,12,0,13 18 19 20,0,30,,27193,12,0,10 18 19 20,0,70,,27194,12,0,13 18 19 20,0,30,,27195,12,0,10 18 19 20,0,70,,27196,12,0,13 18 19 20,0,30,,27197,12,0,10 18 19 20,0,70,,27198,12,0,13 18 19 20,0,30,,27199,12,0,10 18 19 20,0,66,,27200,12,0,13 18 19 20,0,29,,27171,12,0,10 18 19 20,0
1701,'2',622,,30572,25,0,13 33,0,18,,30613,25,0,10 31,0,16,,30573,25,0,13 33,0,60,,30574,25,0,10 31,0,20,,30575,25,0,13 33,0,20,,30576,25,0,10 31,0,60,,30577,25,0,13 33,0,20,,30578,25,0,10 31,0,21,,30579,25,0,13 33,0,60,,30580,25,0,10 31,0,20,,30581,25,0,13 33,0,20,,30582,25,0,10 31,0,60,,30583,25,0,13 33,0,20,,30584,25,0,10 31,0,19,,30585,25,0,13 33,0,60,,30586,25,0,10 31,0,19,,30587,25,0,13 33,0,20,,30588,25,0,10 31,0,60,,30589,25,0,13 33,0,20,,30590,25,0,10 31,0,21,,30591,25,0,13 33,0,60,,30592,25,0,10 31,0,21,,30593,25,0,13 33,0,21,,30594,25,0,10 31,0,61,,30595,25,0,13 33,0,16,,30596,25,0,10 31,0,20,,30597,25,0,13 33,0,60,,30598,25,0,10 31,0,20,,30599,25,0,13 33,0,20,,30600,25,0,10 31,0,60,,30601,25,0,13 33,0,20,,30602,25,0,10 31,0,15,,30603,25,0,13 33,0,55,,30604,25,0,10 31,0,20,,30605,25,0,13 33,0,18,,30606,25,0,10 31,0,63,,30607,25,0,13 33,0,19,,30568,25,0,10 31,0,19,,30567,25,0,10 31,0,59,,30566,25,0,10 31,0,19,,30565,25,0,10 31,0,19,,30564,25,0,10 31,0,59,,30563,25,0,10 31,0,19,,30562,25,0,10 31,0,25,,30561,25,0,10 31,0,68,,30559,25,0,10 31,0,30,,30560,25,0,10 31,0,60,,30608,25,0,10 31,0,25,,30609,25,0,10 31,0,25,,30610,25,0,10 31,0,65,,30611,25,0,10 31,0,22,,30612,25,0,10 31,0,65,,30569,25,0,10 31,0,50,,30615,25,0,10 31,0
1701,'3',610,,30650,25,0,10 31,0,35,,30649,25,0,10 31,0,74,,30648,25,0,10 31,0,35,,30616,25,0,10 31,0,75,,30647,25,0,10 31,0,75,,30646,25,0,10 31,0,30,,30645,25,0,10 31,0,67,,30652,25,0,10 31,0,30,,30644,25,0,10 31,0,70,,30643,25,0,10 31,0,30,,30642,25,0,10 31,0,70,,30641,25,0,10 31,0,30,,30640,25,0,10 31,0,70,,30639,25,0,10 31,0,30,,30638,25,0,10 31,0,70,,30637,25,0,10 31,0,30,,30636,25,0,10 31,0,70,,30635,25,0,10 31,0,30,,30634,25,0,10 31,0,70,,30633,25,0,10 31,0,30,,30632,25,0,10 31,0,70,,30631,25,0,10 31,0,30,,30630,25,0,10 31,0,73,,30629,25,0,10 31,0,30,,30628,25,0,10 31,0,20,,30627,25,0,10 31,0,70,,30626,25,0,10 31,0,30,,30625,25,0,10 31,0,70,,30624,25,0,10 31,0,20,,30623,25,0,10 31,0,70,,30622,25,0,10 31,0,30,,30621,25,0,10 31,0,70,,30620,25,0,10 31,0,15,,30653,25,0,10 31,0,30,,30619,25,0,10 31,0,65,,30618,25,0,10 31,0,20,,30617,25,0,10 31,0,60,,30654,25,0,10 31,0,30,,30655,25,0,10 31,0
1701,'30',627,,30686,25,0,10 31,0,75,,30687,25,0,10 31,0,35,,30688,25,0,10 31,0,75,,30689,25,0,10 31,0,32,,30658,25,0,10 31,0,70,,30659,25,0,10 31,0,30,,30660,25,0,10 31,0,15,,30661,25,0,10 31,0,65,,30662,25,0,10 31,0,30,,30663,25,0,10 31,0,70,,30664,25,0,10 31,0,28,,30665,25,0,10 31,0,65,,30666,25,0,10 31,0,25,,30667,25,0,10 31,0,70,,30668,25,0,10 31,0,30,,30669,25,0,10 31,0,65,,30670,25,0,10 31,0,28,,30671,25,0,10 31,0,70,,30672,25,0,10 31,0,30,,30673,25,0,10 31,0,70,,30674,25,0,10 31,0,30,,30675,25,0,10 31,0,65,,30676,25,0,10 31,0,30,,30677,25,0,10 31,0,70,,30678,25,0,10 31,0,30,,30679,25,0,10 31,0,80,,30680,25,0,10 31,0,35,,30681,25,0,10 31,0,70,,30682,25,0,10 31,0,40,,30683,25,0,10 31,0,75,,30684,25,0,10 31,0,70,,30685,25,0,10 31,0,35,,30656,25,0,10 31,0,70,,30657,25,0,10 31,0
1701,'4',627,,30720,25,0,10 31,0,75,,30721,25,0,10 31,0,35,,30722,25,0,10 31,0,75,,30723,25,0,10 31,0,32,,30692,25,0,10 31,0,70,,30693,25,0,10 31,0,30,,30694,25,0,10 31,0,15,,30695,25,0,10 31,0,65,,30696,25,0,10 31,0,30,,30697,25,0,10 31,0,70,,30698,25,0,10 31,0,28,,30699,25,0,10 31,0,65,,30700,25,0,10 31,0,25,,30701,25,0,10 31,0,70,,30702,25,0,10 31,0,30,,30703,25,0,10 31,0,65,,30704,25,0,10 31,0,28,,30705,25,0,10 31,0,70,,30706,25,0,10 31,0,30,,30707,25,0,10 31,0,70,,30708,25,0,10 31,0,30,,30709,25,0,10 31,0,65,,30710,25,0,10 31,0,30,,30711,25,0,10 31,0,70,,30712,25,0,10 31,0,30,,30713,25,0,10 31,0,80,,30714,25,0,10 31,0,35,,30715,25,0,10 31,0,70,,30716,25,0,10 31,0,40,,30717,25,0,10 31,0,75,,30718,25,0,10 31,0,70,,30719,25,0,10 31,0,35,,30690,25,0,10 31,0,70,,30691,25,0,10 31,0
9101,'2',730,,33226,3,,,0,15,,33221,3,,,0,55,,33222,3,,,0,15,,33223,3,,,0,15,,33224,3,,,0,10,,33225,3,,,0,15,,33227,3,,,0,57,,33228,3,,,0,17,,33229,3,,,0,17,,33230,3,,,0,57,,33231,3,,,0,17,,33232,3,,,0,17,,33233,3,,,0,17,,33234,3,,,0,57,,33235,3,,,0,17,,33236,3,,,0,17,,33237,3,,,0,57,,33238,3,,,0,18,,33239,3,,,0,18,,33240,3,,,0,18,,33241,3,,,0,58,,33242,3,,,0,18,,33243,3,,,0,18,,33244,3,,,0,54,,33245,3,,,0,10,,33246,3,,,0,15,,33247,3,,,0,15,,33248,3,,,0,15,,33249,3,,,0,55,,33250,3,,,0,15,,33251,3,,,0,15,,33252,3,,,0,15,,33253,3,,,0,55,,33254,3,,,0,15,,33255,3,,,0,15,,33256,3,,,0,15,,33257,3,,,0,55,,33258,3,,,0,15,,33259,3,,,0,15,,33260,3,,,0,57,,33261,3,,,0,17,,33262,3,,,0,16,,33263,3,,,0,16,,33264,3,,,0,56,,33265,3,,,0,16,,33266,3,,,0,16,,33267,3,,,0,16,,33268,3,,,0
9101,'3',1054,,33292,3,,,0,65,,33291,3,,,0,25,,33290,3,,,0,66,,33289,3,,,0,25,,33288,3,,,0,65,,33287,3,,,0,25,,33286,3,,,0,25,,33285,3,,,0,65,,33284,3,,,0,25,,33283,3,,,0,65,,33282,3,,,0,25,,33281,3,,,0,25,,33280,3,,,0,65,,33279,3,,,0,25,,33278,3,,,0,65,,33277,3,,,0,25,,33276,3,,,0,65,,33275,3,,,0,25,,33274,3,,,0,25,,33273,3,,,0,65,,33272,3,,,0,25,,33271,3,,,0,65,,33270,3,,,0,25,,33269,3,,,0,25,,33293,3,,,0
9101,'4',1154,,33313,3,,,0,65,,33312,3,,,0,25,,33311,3,,,0,65,,33310,3,,,0,25,,33309,3,,,0,25,,33308,3,,,0,65,,33307,3,,,0,25,,33306,3,,,0,65,,33305,3,,,0,25,,33304,3,,,0,65,,33303,3,,,0,25,,33302,3,,,0,25,,33301,3,,,0,65,,33300,3,,,0,25,,33299,3,,,0,65,,33298,3,,,0,25,,33297,3,,,0,25,,33296,3,,,0,65,,33295,3,,,0,25,,33294,3,,,0
