1601,'2',543,,30187,22,,,0,13,,30186,22,,,0,59,,30185,39,,,0,22,,30190,39,,,0,18,,30191,39,,,0,58,,30192,39,,,0,23,,30193,39,,,0,10,,30194,39,,,0,56,,30195,39,,,0,16,,30196,39,,,0,16,,30197,39,,,0,16,,30198,39,,,0,56,,30199,39,,,0,13,,30200,39,,,0,18,,30201,39,,,0,22,,30202,39,,,0,58,,30203,39,,,0,18,,30204,39,,,0,18,,30205,39,,,0,58,,30206,39,,,0,18,,30207,39,,,0,18,,30208,39,,,0,58,,30209,39,,,0,20,,30210,39,,,0,16,,30211,39,,,0,10,,30212,39,,,0,56,,30213,39,,,0,16,,30214,39,,,0,16,,30215,39,,,0,16,,30216,39,,,0,56,,30217,39,,,0,18,,30218,39,,,0,6,,30219,39,,,0,15,,30220,39,,,0,55,,30221,39,,,0,15,,30222,39,,,0,15,,30223,39,,,0,15,,30224,39,,,0,55,,30225,39,,,0,15,,30226,39,,,0,18,,30227,39,,,0,15,,30228,39,,,0,55,,30229,39,,,0,15,,30230,39,,,0,15,,30231,39,,,0,15,,30232,39,,,0,55,,30233,39,,,0,28,,30234,39,,,0,19,,30236,39,,,0,63,,30237,39,,,0,22,,30238,39,,,0,62,,30239,39,,,0,22,,30240,39,,,0,22,,30241,39,,,0,62,,30242,39,,,0,20,,30243,39,,,0,77,,30245,39,,,0,25,,30246,39,,,0,25,,30247,39,,,0,65,,30248,39,,,0,25,,30249,39,,,0,65,,30250,39,,,0,23,,30251,39,,,0,23,,30188,39,,,0
1601,'3',607,,30310,22,,,0,25,,30311,22,,,0,12,,30252,39,,,0,65,,30253,39,,,0,25,,30254,39,,,0,25,,30255,39,,,0,66,,30256,39,,,0,25,,30257,39,,,0,65,,30258,39,,,0,25,,30259,39,,,0,19,,30312,22,,,0,46,,30260,39,,,0,24,,30261,39,,,0,21,,30262,39,,,0,61,,30263,39,,,0,16,,30264,39,,,0,18,,30313,22,,,0,3,,30265,39,,,0,61,,30266,39,,,0,15,,30267,39,,,0,15,,30268,39,,,0,15,,30269,39,,,0,55,,30270,39,,,0,10,,30271,39,,,0,15,,30272,39,,,0,15,,30273,39,,,0,55,,30274,39,,,0,16,,30275,39,,,0,15,,30276,39,,,0,15,,30277,39,,,0,55,,30278,39,,,0,15,,30279,39,,,0,15,,30280,39,,,0,15,,30281,39,,,0,55,,30282,39,,,0,15,,30283,39,,,0,15,,30284,39,,,0,15,,30285,39,,,0,55,,30286,39,,,0,15,,30287,39,,,0,15,,30288,39,,,0,15,,30289,39,,,0,55,,30290,39,,,0,16,,30291,39,,,0,20,,30292,39,,,0,60,,30293,39,,,0,20,,30294,39,,,0,20,,30295,39,,,0,60,,30296,39,,,0,20,,30297,39,,,0,20,,30298,39,,,0,60,,30299,39,,,0,19,,30300,39,,,0,26,,30301,39,,,0,65,,30302,39,,,0,25,,30303,39,,,0,65,,30304,39,,,0,25,,30305,39,,,0,21,,30306,39,,,0,63,,30307,39,,,0,29,,30308,39,,,0,70,,30309,39,,,0
1601,'30',646,,30350,22,,,0,73,,30314,39,,,0,35,,30315,39,,,0,75,,30316,39,,,0,20,,30351,22,,,0,55,,30317,39,,,0,34,,30318,39,,,0,65,,30319,39,,,0,30,,30320,39,,,0,70,,30321,39,,,0,30,,30322,39,,,0,70,,30323,39,,,0,10,,30352,22,,,0,21,,30324,39,,,0,22,,30326,39,,,0,63,,30327,39,,,0,22,,30325,39,,,0,62,,30328,39,,,0,22,,30329,39,,,0,22,,30330,39,,,0,62,,30331,39,,,0,22,,30332,39,,,0,22,,30333,39,,,0,62,,30334,39,,,0,22,,30335,39,,,0,22,,30336,39,,,0,58,,30337,39,,,0,30,,30338,39,,,0,70,,30339,39,,,0,30,,30340,39,,,0,70,,30341,39,,,0,30,,30342,39,,,0,70,,30343,39,,,0,30,,30344,39,,,0,70,,30345,39,,,0,30,,30346,39,,,0,68,,30347,39,,,0,30,,30348,39,,,0,70,,30349,39,,,0
1601,'4',646,,30389,22,,,0,73,,30353,39,,,0,35,,30354,39,,,0,75,,30355,39,,,0,20,,30390,22,,,0,55,,30356,39,,,0,34,,30357,39,,,0,65,,30358,39,,,0,30,,30359,39,,,0,70,,30360,39,,,0,30,,30361,39,,,0,70,,30362,39,,,0,10,,30391,22,,,0,21,,30363,39,,,0,22,,30365,39,,,0,63,,30366,39,,,0,22,,30364,39,,,0,62,,30367,39,,,0,22,,30368,39,,,0,22,,30369,39,,,0,62,,30370,39,,,0,22,,30371,39,,,0,22,,30372,39,,,0,62,,30373,39,,,0,22,,30374,39,,,0,22,,30375,39,,,0,58,,30376,39,,,0,30,,30377,39,,,0,70,,30378,39,,,0,30,,30379,39,,,0,70,,30380,39,,,0,30,,30381,39,,,0,70,,30382,39,,,0,30,,30383,39,,,0,70,,30384,39,,,0,30,,30385,39,,,0,68,,30386,39,,,0,30,,30387,39,,,0,70,,30388,39,,,0
1901,'2',612,,30839,19,,,0,33,,30840,19,,,0,67,,30841,19,,,0,30,,30842,19,,,0,75,,30843,19,,,0,19,,30844,19,,,0,67,,30845,19,,,0,26,,30846,19,,,0,27,,30847,19,,,0,69,,30848,19,,,0,27,,30849,19,,,0,67,,30850,19,,,0,27,,30851,19,,,0,67,,30852,19,,,0,27,,30853,19,,,0,67,,30854,19,,,0,25,,30855,19,,,0,27,,30856,19,,,0,67,,30857,19,,,0,27,,30858,19,,,0,70,,30859,19,,,0,28,,30860,19,,,0,69,,30861,19,,,0,28,,30862,19,,,0,68,,30863,19,,,0,28,,30864,19,,,0,68,,30865,19,,,0,26,,30866,19,,,0,67,,30867,19,,,0,27,,30868,19,,,0,27,,30869,19,,,0,67,,30870,19,,,0,27,,30871,19,,,0,67,,30872,19,,,0,27,,30873,19,,,0,67,,30874,19,,,0,27,,30875,19,,,0,61,,30876,19,,,0,45,,30877,19,,,0
1901,'3',758,,30878,3,,,0,58,,30880,19,,,0,36,,30881,19,,,0,68,,30882,19,,,0,32,,30883,19,,,0,72,,30884,19,,,0,32,,30885,19,,,0,74,,30886,19,,,0,72,,30887,19,,,0,32,,30888,19,,,0,72,,30889,19,,,0,32,,30890,19,,,0,67,,30891,19,,,0,22,,30892,19,,,0,20,,30893,19,,,0,69,,30894,19,,,0,32,,30895,19,,,0,67,,30896,19,,,0,27,,30897,19,,,0,67,,30898,19,,,0,12,,30899,19,0,9 3 37,0,27,,30900,19,,,0,75,,30901,19,,,0,29,,30902,19,,,0,68,,30903,19,,,0,36,,30904,19,,,0,72,,30905,19,,,0,75,,30906,19,,,0,29,,30907,19,0,9 3 37,0,72,,30908,19,0,9 3 37,0,21,,30879,19,0,9 3 37,0
1901,'30',828,,30930,19,,,0,74,,30910,19,,,0,35,,30924,19,,,0,75,,30911,19,,,0,35,,30912,19,,,0,75,,30913,19,,,0,35,,30928,19,,,0,81,,30914,19,,,0,80,,30915,19,,,0,40,,30916,19,,,0,80,,30917,19,,,0,80,,30925,19,,,0,40,,30918,19,,,0,80,,30919,19,,,0,76,,30929,19,,,0,35,,30920,19,,,0,76,,30921,19,,,0,75,,30926,19,,,0,35,,30927,19,0,9 3 37,0
1901,'4',828,,30951,19,,,0,74,,30931,19,,,0,35,,30945,19,,,0,75,,30932,19,,,0,35,,30933,19,,,0,75,,30934,19,,,0,35,,30949,19,,,0,81,,30935,19,,,0,80,,30936,19,,,0,40,,30937,19,,,0,80,,30938,19,,,0,80,,30946,19,,,0,40,,30939,19,,,0,80,,30940,19,,,0,76,,30950,19,,,0,35,,30941,19,,,0,76,,30942,19,,,0,75,,30947,19,,,0,35,,30948,19,0,9 3 37,0
2500,'2',627,,31510,27,,,0,22,,31511,27,,,0,68,,31512,27,,,0,28,,31513,27,,,0,66,,31514,27,,,0,20,,31515,27,,,0,20,,31516,27,,,0,60,,31517,27,,,0,20,,31518,27,,,0,20,,31519,27,,,0,60,,31520,27,,,0,20,,31521,27,,,0,20,,31522,27,,,0,60,,31523,27,,,0,20,,31524,27,,,0,20,,31525,27,,,0,60,,31526,27,,,0,20,,31527,27,,,0,20,,31528,27,,,0,60,,31529,27,,,0,20,,31530,27,,,0,20,,31531,27,,,0,60,,31532,27,,,0,24,,31533,27,,,0,20,,31534,27,,,0,60,,31535,27,,,0,20,,31536,27,,,0,20,,31537,27,,,0,60,,31538,27,,,0,22,,31539,27,,,0,21,,31540,27,,,0,61,,31541,27,,,0,21,,31542,27,,,0,61,,31543,27,,,0,21,,31544,27,,,0,15,,31545,27,,,0,20,,31546,27,,,0,60,,31547,27,,,0,20,,31548,27,,,0,20,,31549,27,,,0,60,,31550,27,,,0,20,,31551,27,,,0,14,,31552,27,,,0,60,,31553,27,,,0,19,,31554,27,,,0,25,,31555,27,,,0,65,,31556,27,,,0,25,,31557,27,,,0,65,,31558,27,,,0,25,,31559,27,,,0,65,,31560,27,,,0
2500,'3',643,,31561,27,,,0,63,,31592,27,,,0,24,,31562,27,,,0,25,,31593,27,,,0,66,,31563,27,,,0,24,,31564,27,,,0,67,,31565,27,,,0,26,,31566,27,,,0,69,,31567,27,,,0,23,,31568,27,,,0,70,,31569,27,,,0,27,,31570,27,,,0,30,,31571,27,,,0,68,,31572,27,,,0,25,,31573,27,,,0,70,,31574,27,,,0,25,,31575,27,,,0,70,,31576,27,,,0,27,,31577,27,,,0,70,,31578,27,,,0,30,,31579,27,,,0,70,,31580,27,,,0,30,,31581,27,,,0,70,,31582,27,,,0,30,,31583,27,,,0,69,,31584,27,,,0,29,,31585,27,,,0,70,,31586,27,,,0,30,,31587,27,,,0,68,,31594,27,,,0,27,,31588,27,,,0,68,,31595,27,,,0,25,,31589,27,,,0,25,,31596,27,,,0,65,,31590,27,,,0,25,,31597,27,,,0,65,,31591,27,,,0
2500,'30',905,,31606,27,,,0,25,,31613,27,,,0,70,,31614,27,,,0,30,,31615,27,,,0,70,,31616,27,,,0,30,,31617,27,,,0,70,,31618,27,,,0,30,,31619,27,,,0,70,,31620,27,,,0,30,,31621,27,,,0,70,,31622,27,,,0,30,,31623,27,,,0,70,,31607,27,,,0,30,,31605,27,,,0,27,,31609,27,,,0,67,,31604,27,,,0,27,,31608,27,,,0,67,,31603,27,,,0,22,,31610,27,,,0,67,,31602,27,,,0,27,,31611,27,,,0,24,,31612,27,,,0,70,,31601,27,,,0,28,,31624,27,,,0,70,,31600,27,,,0,33,,31625,27,,,0,70,,31599,27,,,0,30,,31626,27,,,0,65,,31598,27,,,0,30,,31627,27,,,0
2500,'4',905,,31636,27,,,0,25,,31643,27,,,0,70,,31644,27,,,0,30,,31645,27,,,0,70,,31646,27,,,0,30,,31647,27,,,0,70,,31648,27,,,0,30,,31649,27,,,0,70,,31650,27,,,0,30,,31651,27,,,0,70,,31652,27,,,0,30,,31653,27,,,0,70,,31637,27,,,0,30,,31635,27,,,0,27,,31639,27,,,0,67,,31634,27,,,0,27,,31638,27,,,0,67,,31633,27,,,0,22,,31640,27,,,0,67,,31632,27,,,0,27,,31641,27,,,0,24,,31642,27,,,0,70,,31631,27,,,0,28,,31654,27,,,0,70,,31630,27,,,0,33,,31655,27,,,0,70,,31629,27,,,0,30,,31656,27,,,0,65,,31628,27,,,0,30,,31657,27,,,0
3401,'2',622,,32520,54,0,14,0,83,,32523,54,0,14,0,35,,32506,54,0,14,0,85,,32507,54,0,14,0,82,,32509,54,0,14,0,42,,32508,54,0,14,0,81,,32510,54,0,14,0,80,,32511,54,0,14,0,45,,32512,54,0,14,0,80,,32513,54,0,14,0,80,,32514,54,0,14,0,40,,32515,54,0,14,0,78,,32516,54,0,14,0,82,,32517,54,0,14,0,40,,32518,54,0,14,0,80,,32519,54,0,14,0,79,,32524,54,0,14,0,40,,32525,54,0,14,0,80,,32526,54,0,14,0,74,,32527,54,0,14,0,42,,32528,54,0,14,0,80,,32529,54,0,14,0,80,,32533,54,0,14,0,37,,32530,54,0,14,0,82,,32531,54,0,14,0,80,,32521,54,0,14,0,40,,32522,54,0,14,0,80,,32532,54,0,14,0
3401,'3',850,,32534,54,0,14,0,76,,32544,54,0,14,0,81,,32543,54,0,14,0,40,,32535,54,0,14,0,85,,32536,54,0,14,0,85,,32537,54,0,14,0,41,,32538,54,0,14,0,80,,32539,54,0,14,0,80,,32540,54,0,14,0,40,,32541,54,0,14,0,80,,32542,54,0,14,0,80,,32545,54,0,14,0,40,,32546,54,0,14,0,80,,32547,54,0,14,0,78,,32548,54,0,14,0,40,,32549,54,0,14,0,80,,32550,54,0,14,0,79,,32551,54,0,14,0,40,,32552,54,0,14,0,79,,32553,54,0,14,0,80,,32554,54,0,14,0,40,,32555,54,0,14,0,80,,32556,54,0,14,0
3401,'30',1147,,32557,54,0,14,0,80,,32558,54,0,14,0,80,,32559,54,0,14,0,40,,32560,54,0,14,0,80,,32561,54,0,14,0,80,,32562,54,0,14,0,40,,32563,54,0,14,0,80,,32564,54,0,14,0,78,,32565,54,0,14,0,40,,32566,54,0,14,0,80,,32567,54,0,14,0,80,,32568,54,0,14,0,40,,32569,54,0,14,0,80,,32570,54,0,14,0,80,,32571,54,0,14,0
3401,'4',1147,,32572,54,0,14,0,80,,32573,54,0,14,0,80,,32574,54,0,14,0,40,,32575,54,0,14,0,80,,32576,54,0,14,0,80,,32577,54,0,14,0,40,,32578,54,0,14,0,80,,32579,54,0,14,0,78,,32580,54,0,14,0,40,,32581,54,0,14,0,80,,32582,54,0,14,0,80,,32583,54,0,14,0,40,,32584,54,0,14,0,80,,32585,54,0,14,0,80,,32586,54,0,14,0
9200,'2',737,,33314,11,,,0,22,,33315,11,,,0,62,,33316,11,,,0,22,,33317,11,,,0,62,,33318,11,,,0,22,,33319,11,,,0,399,,33320,11,,,0,32,,33321,11,,,0,74,,33322,11,,,0,68,,33323,11,,,0,25,,33324,11,,,0,25,,33325,11,,,0,65,,33326,11,,,0,27,,33327,11,,,0,65,,33328,11,,,0,25,,33329,11,,,0,25,,33330,11,,,0,67,,33331,11,,,0,29,,33332,11,,,0,81,,33333,11,,,0
