401,'2',603,,34915,46,0,10 40 41,1,36,,34914,52,0,13 40 41,1,11,,34956,46,0,10 40 41,1,71,,34913,46,0,10 40 41,1,15,,34912,52,0,13 40 41,1,10,,34911,18,,,1,57,,34910,46,0,10 40 41,1,15,,34909,46,0,10 40 41,1,15,,34908,52,0,13 40 41,1,15,,34907,46,0,10 40 41,1,55,,34906,52,0,13 40 41,1,15,,34905,46,0,10 40 41,1,15,,34904,52,0,13 40 41,1,15,,34903,46,0,10 40 41,1,55,,34902,52,0,13 40 41,1,20,,34901,46,0,10 40 41,1,20,,34900,52,0,13 40 41,1,60,,34899,46,0,10 40 41,1,20,,34898,52,0,13 40 41,1,21,,34897,46,0,10 40 41,1,61,,34896,52,0,13 40 41,1,20,,34895,46,0,10 40 41,1,20,,34894,52,0,13 40 41,1,60,,34893,46,0,10 40 41,1,20,,34892,52,0,13 40 41,1,20,,34891,46,0,10 40 41,1,60,,34890,52,0,13 40 41,1,21,,34889,46,0,10 40 41,1,15,,34918,52,0,13 40 41,1,59,,34926,46,0,10 40 41,1,15,,34919,52,0,13 40 41,1,15,,34927,46,0,10 40 41,1,15,,34920,52,0,13 40 41,1,55,,34928,46,0,10 40 41,1,16,,34921,52,0,13 40 41,1,15,,34929,46,0,10 40 41,1,15,,34922,52,0,13 40 41,1,55,,34930,46,0,10 40 41,1,15,,34923,52,0,13 40 41,1,15,,34931,46,0,10 40 41,1,15,,34924,52,0,13 40 41,1,55,,34932,46,0,10 40 41,1,9,,34925,52,0,13 40 41,1,17,,34935,46,0,10 40 41,1,21,,34940,52,0,13 40 41,1,60,,34936,46,0,10 40 41,1,20,,34941,52,0,13 40 41,1,20,,34937,46,0,10 40 41,1,60,,34942,52,0,13 40 41,1,20,,34938,46,0,10 40 41,1,20,,34943,52,0,13 40 41,1,68,,34939,46,0,10 40 41,1,33,,34944,52,0,13 40 41,1,70,,34947,46,0,10 40 41,1,30,,34945,52,0,13 40 41,1,70,,34948,46,0,10 40 41,1,30,,34946,52,0,13 40 41,1,70,,34949,46,0,10 40 41,1,90,,34950,52,0,13 40 41,1
401,'3',638,,34957,46,0,10 40 41,1,70,,34958,52,0,13 40 41,1,20,,34965,46,0,10 40 41,1,30,,34959,52,0,13 40 41,1,72,,34966,46,0,10 40 41,1,70,,34960,52,0,13 40 41,1,30,,34967,46,0,10 40 41,1,70,,34961,52,0,13 40 41,1,32,,34968,46,0,10 40 41,1,70,,34962,52,0,13 40 41,1,30,,34969,46,0,10 40 41,1,70,,34963,52,0,13 40 41,1,30,,34970,46,0,10 40 41,1,70,,34964,52,0,13 40 41,1,26,,34971,46,0,10 40 41,1,27,,34977,52,0,13 40 41,1,66,,34972,46,0,10 40 41,1,25,,34978,52,0,13 40 41,1,65,,34973,46,0,10 40 41,1,25,,34979,52,0,13 40 41,1,65,,34974,46,0,10 40 41,1,25,,34980,52,0,13 40 41,1,25,,34975,46,0,10 40 41,1,65,,34981,52,0,13 40 41,1,25,,34976,46,0,10 40 41,1,65,,34989,52,0,13 40 41,1,24,,34985,46,0,10 40 41,1,25,,34990,52,0,13 40 41,1,65,,34986,46,0,10 40 41,1,25,,34991,52,0,13 40 41,1,65,,34987,46,0,10 40 41,1,25,,34992,52,0,13 40 41,1,65,,34988,46,0,10 40 41,1,24,,34993,52,0,13 40 41,1,17,,34994,46,0,10 40 41,1,70,,34998,52,0,13 40 41,1,30,,34995,46,0,10 40 41,1,70,,34999,52,0,13 40 41,1,30,,34996,46,0,10 40 41,1,70,,35000,52,0,13 40 41,1,28,,34997,46,0,10 40 41,1,72,,34983,52,0,13 40 41,1
401,'30',708,,35033,46,0,10 40 41,1,45,,35032,52,0,13 40 41,1,85,,35031,46,0,10 40 41,1,87,,35002,52,0,13 40 41,1,85,,35003,46,0,10 40 41,1,30,,35004,52,0,13 40 41,1,64,,35005,46,0,10 40 41,1,30,,35006,52,0,13 40 41,1,67,,35007,46,0,10 40 41,1,31,,35008,52,0,13 40 41,1,69,,35009,46,0,10 40 41,1,32,,35010,52,0,13 40 41,1,70,,35011,46,0,10 40 41,1,30,,35012,52,0,13 40 41,1,70,,35013,46,0,10 40 41,1,30,,35014,52,0,13 40 41,1,70,,35015,46,0,10 40 41,1,30,,35016,52,0,13 40 41,1,70,,35017,46,0,10 40 41,1,29,,35018,52,0,13 40 41,1,70,,35019,46,0,10 40 41,1,30,,35020,52,0,13 40 41,1,70,,35021,46,0,10 40 41,1,30,,35022,52,0,13 40 41,1,68,,35023,46,0,10 40 41,1,32,,35024,52,0,13 40 41,1,70,,35025,46,0,10 40 41,1,32,,35026,52,0,13 40 41,1,68,,35027,46,0,10 40 41,1,29,,35028,52,0,13 40 41,1,78,,35001,46,0,10 40 41,1
401,'4',708,,35066,46,0,10 40 41,1,45,,35065,52,0,13 40 41,1,85,,35064,46,0,10 40 41,1,87,,35035,52,0,13 40 41,1,85,,35036,46,0,10 40 41,1,30,,35037,52,0,13 40 41,1,64,,35038,46,0,10 40 41,1,30,,35039,52,0,13 40 41,1,67,,35040,46,0,10 40 41,1,31,,35041,52,0,13 40 41,1,69,,35042,46,0,10 40 41,1,32,,35043,52,0,13 40 41,1,70,,35044,46,0,10 40 41,1,30,,35045,52,0,13 40 41,1,70,,35046,46,0,10 40 41,1,30,,35047,52,0,13 40 41,1,70,,35048,46,0,10 40 41,1,30,,35049,52,0,13 40 41,1,70,,35050,46,0,10 40 41,1,29,,35051,52,0,13 40 41,1,70,,35052,46,0,10 40 41,1,30,,35053,52,0,13 40 41,1,70,,35054,46,0,10 40 41,1,30,,35055,52,0,13 40 41,1,68,,35056,46,0,10 40 41,1,32,,35057,52,0,13 40 41,1,70,,35058,46,0,10 40 41,1,32,,35059,52,0,13 40 41,1,68,,35060,46,0,10 40 41,1,29,,35061,52,0,13 40 41,1,78,,35034,46,0,10 40 41,1
1700,'2',634,,38074,44,0,10 23 20,1,20,,38075,52,0,13 23 20,1,60,,38115,44,0,10 23 20,1,20,,38076,52,0,13 23 20,1,21,,38116,44,0,10 23 20,1,59,,38077,52,0,13 23 20,1,20,,38078,44,0,10 23 20,1,18,,38079,52,0,13 23 20,1,61,,38080,44,0,10 23 20,1,20,,38081,52,0,13 23 20,1,20,,38082,44,0,10 23 20,1,60,,38083,52,0,13 23 20,1,20,,38084,44,0,10 23 20,1,20,,38085,52,0,13 23 20,1,60,,38086,44,0,10 23 20,1,20,,38087,52,0,13 23 20,1,20,,38088,44,0,10 23 20,1,60,,38089,52,0,13 23 20,1,20,,38090,44,0,10 23 20,1,21,,38091,52,0,13 23 20,1,61,,38092,44,0,10 23 20,1,25,,38093,52,0,13 23 20,1,63,,38094,44,0,10 23 20,1,21,,38095,52,0,13 23 20,1,20,,38096,44,0,10 23 20,1,60,,38097,52,0,13 23 20,1,18,,38098,44,0,10 23 20,1,20,,38099,52,0,13 23 20,1,17,,38100,44,0,10 23 20,1,55,,38101,52,0,13 23 20,1,21,,38102,44,0,10 23 20,1,23,,38103,52,0,13 23 20,1,60,,38104,44,0,10 23 20,1,20,,38105,52,0,13 23 20,1,62,,38106,44,0,10 23 20,1,12,,38107,52,0,13 23 20,1,23,,38108,44,0,10 23 20,1,23,,38117,44,0,10 23 20,1,61,,38110,52,0,13 23 20,1,14,,38064,44,0,10 23 20,1,19,,38073,44,0,10 23 20,1,59,,38072,44,0,10 23 20,1,19,,38071,44,0,10 23 20,1,19,,38070,44,0,10 23 20,1,59,,38069,44,0,10 23 20,1,17,,38068,44,0,10 23 20,1,21,,38066,44,0,10 23 20,1,70,,38067,44,0,10 23 20,1,25,,38065,44,0,10 23 20,1,60,,38111,44,0,10 23 20,1,25,,38112,44,0,10 23 20,1,25,,38113,44,0,10 23 20,1,65,,38114,44,0,10 23 20,1,22,,38118,44,0,10 23 20,1,65,,38119,44,0,10 23 20,1
1700,'3',628,,38154,44,0,10 23 20,1,78,,38152,44,0,10 23 20,1,36,,38153,44,0,10 23 20,1,80,,38151,44,0,10 23 20,1,35,,38150,44,0,10 23 20,1,70,,38149,44,0,10 23 20,1,82,,38148,44,0,10 23 20,1,31,,38147,44,0,10 23 20,1,72,,38146,44,0,10 23 20,1,30,,38155,44,0,10 23 20,1,71,,38145,44,0,10 23 20,1,31,,38144,44,0,10 23 20,1,70,,38143,44,0,10 23 20,1,30,,38142,44,0,10 23 20,1,70,,38141,44,0,10 23 20,1,30,,38140,44,0,10 23 20,1,70,,38139,44,0,10 23 20,1,30,,38138,44,0,10 23 20,1,70,,38137,44,0,10 23 20,1,30,,38136,44,0,10 23 20,1,70,,38135,44,0,10 23 20,1,30,,38134,44,0,10 23 20,1,67,,38133,44,0,10 23 20,1,30,,38132,44,0,10 23 20,1,68,,38131,44,0,10 23 20,1,30,,38130,44,0,10 23 20,1,20,,38129,44,0,10 23 20,1,70,,38128,44,0,10 23 20,1,30,,38127,44,0,10 23 20,1,70,,38126,44,0,10 23 20,1,14,,38125,44,0,10 23 20,1,69,,38124,44,0,10 23 20,1,30,,38123,44,0,10 23 20,1,70,,38122,44,0,10 23 20,1,15,,38156,44,0,10 23 20,1,30,,38121,44,0,10 23 20,1,63,,38157,44,0,10 23 20,1,19,,38158,44,0,10 23 20,1,20,,38159,44,0,10 23 20,1
1700,'30',654,,38190,44,0,10 23 20,1,75,,38191,44,0,10 23 20,1,75,,38192,44,0,10 23 20,1,35,,38193,44,0,10 23 20,1,75,,38163,44,0,10 23 20,1,30,,38164,44,0,10 23 20,1,70,,38165,44,0,10 23 20,1,30,,38166,44,0,10 23 20,1,65,,38167,44,0,10 23 20,1,25,,38168,44,0,10 23 20,1,22,,38169,44,0,10 23 20,1,72,,38170,44,0,10 23 20,1,30,,38171,44,0,10 23 20,1,65,,38172,44,0,10 23 20,1,25,,38173,44,0,10 23 20,1,70,,38174,44,0,10 23 20,1,30,,38175,44,0,10 23 20,1,68,,38176,44,0,10 23 20,1,30,,38177,44,0,10 23 20,1,70,,38178,44,0,10 23 20,1,30,,38179,44,0,10 23 20,1,70,,38180,44,0,10 23 20,1,30,,38181,44,0,10 23 20,1,60,,38182,44,0,10 23 20,1,28,,38183,44,0,10 23 20,1,70,,38184,44,0,10 23 20,1,30,,38185,44,0,10 23 20,1,80,,38186,44,0,10 23 20,1,35,,38187,44,0,10 23 20,1,75,,38188,44,0,10 23 20,1,35,,38189,44,0,10 23 20,1,71,,38162,44,0,10 23 20,1,70,,38195,44,0,10 23 20,1,35,,38194,44,0,10 23 20,1
1700,'4',654,,38225,44,0,10 23 20,1,75,,38226,44,0,10 23 20,1,75,,38227,44,0,10 23 20,1,35,,38228,44,0,10 23 20,1,75,,38198,44,0,10 23 20,1,30,,38199,44,0,10 23 20,1,70,,38200,44,0,10 23 20,1,30,,38201,44,0,10 23 20,1,65,,38202,44,0,10 23 20,1,25,,38203,44,0,10 23 20,1,22,,38204,44,0,10 23 20,1,72,,38205,44,0,10 23 20,1,30,,38206,44,0,10 23 20,1,65,,38207,44,0,10 23 20,1,25,,38208,44,0,10 23 20,1,70,,38209,44,0,10 23 20,1,30,,38210,44,0,10 23 20,1,68,,38211,44,0,10 23 20,1,30,,38212,44,0,10 23 20,1,70,,38213,44,0,10 23 20,1,30,,38214,44,0,10 23 20,1,70,,38215,44,0,10 23 20,1,30,,38216,44,0,10 23 20,1,60,,38217,44,0,10 23 20,1,28,,38218,44,0,10 23 20,1,70,,38219,44,0,10 23 20,1,30,,38220,44,0,10 23 20,1,80,,38221,44,0,10 23 20,1,35,,38222,44,0,10 23 20,1,75,,38223,44,0,10 23 20,1,35,,38224,44,0,10 23 20,1,71,,38197,44,0,10 23 20,1,70,,38230,44,0,10 23 20,1,35,,38229,44,0,10 23 20,1
10400,'3302',723,,41771,17,,,1,27,,41772,17,,,1,70,,41773,23,,,1,30,,41774,23,,,1,72,,41775,23,,,1,30,,41776,23,,,1,70,,41777,23,,,1,30,,41778,23,,,1,69,,41779,23,,,1,31,,41780,23,,,1,68,,41781,23,,,1,32,,41782,23,,,1,67,,41783,23,,,1,32,,41784,23,,,1,66,,41785,23,,,1,29,,41786,23,,,1,71,,41787,23,,,1,32,,41788,23,,,1,71,,41789,23,,,1,30,,41790,23,,,1,71,,41791,23,,,1,33,,41792,23,,,1,67,,41793,23,,,1,26,,41794,23,,,1
10400,'3903',1018,,41812,17,,,1,29,,41797,23,,,1,61,,41798,23,,,1,30,,41799,23,,,1,67,,41800,23,,,1,31,,41801,23,,,1,20,,41802,23,,,1,70,,41803,23,,,1,25,,41804,23,,,1,71,,41805,23,,,1,28,,41806,23,,,1,71,,41807,23,,,1,30,,41808,23,,,1,70,,41809,23,,,1,29,,41810,23,,,1,70,,41811,23,,,1,30,,41796,23,,,1,70,,41795,23,,,1
