3100,'2',633,,32111,1,,,0,88,,32112,1,,,0,33,,32113,1,,,0,68,,32114,1,,,0,28,,32115,1,,,0,68,,32116,1,,,0,23,,32117,1,,,0,67,,32118,1,,,0,27,,32119,1,,,0,67,,32120,1,,,0,27,,32121,1,,,0,27,,32122,1,,,0,67,,32123,1,,,0,28,,32124,1,,,0,67,,32125,1,,,0,27,,32126,1,,,0,67,,32127,1,,,0,32,,32128,1,,,0,70,,32129,1,,,0,30,,32130,1,,,0,70,,32131,1,,,0,30,,32132,1,,,0,70,,32133,1,,,0,27,,32134,1,,,0,70,,32135,1,,,0,30,,32136,1,,,0,70,,32137,1,,,0,30,,32138,1,,,0,70,,32139,1,,,0,30,,32140,1,,,0,70,,32141,1,,,0,30,,32142,1,,,0,70,,32143,1,,,0,30,,32144,1,,,0
3100,'3',800,,32174,1,,,0,25,,32173,1,,,0,24,,32172,1,,,0,65,,32145,1,,,0,25,,32171,1,,,0,65,,32146,1,,,0,25,,32147,1,,,0,25,,32148,1,,,0,65,,32149,1,,,0,25,,32150,1,,,0,65,,32151,1,,,0,25,,32152,1,,,0,25,,32153,1,,,0,65,,32154,1,,,0,25,,32155,1,,,0,67,,32156,1,,,0,27,,32157,1,,,0,67,,32158,1,,,0,27,,32159,1,,,0,67,,32160,1,,,0,27,,32161,1,,,0,27,,32162,1,,,0,67,,32163,1,,,0,27,,32164,1,,,0,66,,32175,1,,,0,25,,32165,1,,,0,66,,32176,1,,,0,25,,32166,1,,,0,66,,32177,1,,,0,26,,32167,1,,,0,25,,32178,1,,,0,65,,32168,1,,,0,24,,32179,1,,,0,62,,32169,1,,,0,21,,32180,1,,,0,21,,32170,1,,,0,66,,32181,1,,,0
3100,'30',850,,32182,1,,,0,65,,32183,1,,,0,25,,32184,1,,,0,65,,32185,1,,,0,25,,32186,1,,,0,25,,32187,1,,,0,65,,32188,1,,,0,25,,32189,1,,,0,65,,32190,1,,,0,25,,32196,1,,,0,65,,32197,1,,,0,25,,32198,1,,,0,25,,32199,1,,,0,65,,32200,1,,,0,25,,32201,1,,,0,65,,32202,1,,,0,25,,32203,1,,,0,25,,32191,1,,,0,65,,32204,1,,,0,25,,32192,1,,,0,65,,32205,1,,,0,25,,32193,1,,,0,65,,32206,1,,,0,25,,32194,1,,,0,25,,32207,1,,,0,65,,32195,1,,,0,25,,32208,1,,,0
3100,'4',850,,32209,1,,,0,65,,32210,1,,,0,25,,32211,1,,,0,65,,32212,1,,,0,25,,32213,1,,,0,25,,32214,1,,,0,65,,32215,1,,,0,25,,32216,1,,,0,65,,32217,1,,,0,25,,32223,1,,,0,65,,32224,1,,,0,25,,32225,1,,,0,25,,32226,1,,,0,65,,32227,1,,,0,25,,32228,1,,,0,65,,32229,1,,,0,25,,32230,1,,,0,25,,32218,1,,,0,65,,32231,1,,,0,25,,32219,1,,,0,65,,32232,1,,,0,25,,32220,1,,,0,65,,32233,1,,,0,25,,32221,1,,,0,25,,32234,1,,,0,65,,32222,1,,,0,25,,32235,1,,,0
3101,'2',631,,32236,23,4,,0,88,,32237,23,4,,0,33,,32238,23,4,,0,68,,32239,23,4,,0,28,,32240,23,4,,0,68,,32241,23,4,,0,23,,32242,23,4,,0,67,,32243,23,4,,0,27,,32244,23,4,,0,67,,32245,23,4,,0,27,,32246,23,4,,0,27,,32247,23,4,,0,67,,32248,23,4,,0,28,,32249,23,4,,0,67,,32250,23,4,,0,27,,32251,23,4,,0,67,,32252,23,4,,0,32,,32253,23,4,,0,70,,32254,23,4,,0,30,,32255,23,4,,0,70,,32256,23,4,,0,29,,32257,23,4,,0,70,,32258,23,4,,0,30,,32259,23,4,,0,70,,32260,23,4,,0,27,,32261,23,4,,0,70,,32262,23,4,,0,30,,32263,23,4,,0,70,,32264,23,4,,0,30,,32265,23,4,,0,63,,32266,23,4,,0,30,,32267,23,4,,0,70,,32268,23,4,,0,30,,32269,23,4,,0,70,,32270,23,4,,0
3101,'3',822,,32299,23,4,,0,25,,32298,23,4,,0,65,,32271,23,4,,0,25,,32297,23,4,,0,65,,32272,23,4,,0,26,,32273,23,4,,0,24,,32274,23,4,,0,65,,32275,23,4,,0,25,,32276,23,4,,0,65,,32277,23,4,,0,25,,32278,23,4,,0,25,,32279,23,4,,0,65,,32280,23,4,,0,25,,32281,23,4,,0,65,,32282,23,4,,0,28,,32283,23,4,,0,67,,32284,23,4,,0,27,,32285,23,4,,0,67,,32286,23,4,,0,27,,32287,23,4,,0,27,,32288,23,4,,0,67,,32289,23,4,,0,27,,32290,23,4,,0,66,,32300,23,4,,0,25,,32291,23,4,,0,66,,32301,23,4,,0,26,,32292,23,4,,0,26,,32302,23,4,,0,65,,32293,23,4,,0,25,,32303,23,4,,0,65,,32294,23,4,,0,25,,32304,23,4,,0,21,,32295,23,4,,0,62,,32305,23,4,,0,22,,32296,23,4,,0,65,,32306,23,4,,0,25,,32307,23,4,,0
3101,'30',848,,32308,23,4,,0,65,,32323,23,4,,0,25,,32309,23,4,,0,65,,32324,23,4,,0,25,,32310,23,4,,0,25,,32325,23,4,,0,65,,32311,23,4,,0,25,,32326,23,4,,0,66,,32312,23,4,,0,26,,32327,23,4,,0,65,,32313,23,4,,0,25,,32328,23,4,,0,25,,32314,23,4,,0,65,,32329,23,4,,0,25,,32315,23,4,,0,65,,32330,23,4,,0,25,,32316,23,4,,0,25,,32331,23,4,,0,65,,32317,23,4,,0,25,,32332,23,4,,0,65,,32318,23,4,,0,25,,32333,23,4,,0,65,,32319,23,4,,0,25,,32334,23,4,,0,25,,32320,23,4,,0,65,,32335,23,4,,0,25,,32321,23,4,,0,65,,32336,23,4,,0,25,,32322,23,4,,0
3101,'4',848,,32337,23,4,,0,65,,32352,23,4,,0,25,,32338,23,4,,0,65,,32353,23,4,,0,25,,32339,23,4,,0,25,,32354,23,4,,0,65,,32340,23,4,,0,25,,32355,23,4,,0,66,,32341,23,4,,0,26,,32356,23,4,,0,65,,32342,23,4,,0,25,,32357,23,4,,0,25,,32343,23,4,,0,65,,32358,23,4,,0,25,,32344,23,4,,0,65,,32359,23,4,,0,25,,32345,23,4,,0,25,,32360,23,4,,0,65,,32346,23,4,,0,25,,32361,23,4,,0,65,,32347,23,4,,0,25,,32362,23,4,,0,65,,32348,23,4,,0,25,,32363,23,4,,0,25,,32349,23,4,,0,65,,32364,23,4,,0,25,,32350,23,4,,0,65,,32365,23,4,,0,25,,32351,23,4,,0
3300,'2',716,,32367,1,,,0,35,,32368,1,,,0,75,,32369,1,,,0,74,,32370,1,,,0,34,,32371,1,,,0,75,,32372,1,,,0,35,,32373,1,,,0,75,,32374,1,,,0,35,,32375,1,,,0,75,,32376,1,,,0,76,,32377,1,,,0,35,,32378,1,,,0,76,,32379,1,,,0,41,,32380,1,,,0,80,,32381,1,,,0,81,,32382,1,,,0,39,,32383,1,,,0,80,,32384,1,,,0,77,,32385,1,,,0,34,,32386,1,,,0,75,,32387,1,,,0,35,,32388,1,,,0,75,,32389,1,,,0,74,,32390,1,,,0,34,,32391,1,,,0,75,,32392,1,,,0
3301,'2',716,,32393,15,4,,0,35,,32394,15,4,,0,75,,32395,15,4,,0,74,,32396,15,4,,0,34,,32397,15,4,,0,75,,32398,15,4,,0,35,,32399,15,4,,0,75,,32400,15,4,,0,35,,32401,15,4,,0,75,,32402,15,4,,0,76,,32403,15,4,,0,35,,32404,15,4,,0,76,,32405,15,4,,0,41,,32406,15,4,,0,80,,32407,15,4,,0,81,,32408,15,4,,0,39,,32410,15,4,,0,80,,32411,15,4,,0,77,,32412,15,4,,0,34,,32413,15,4,,0,75,,32414,15,4,,0,35,,32415,15,4,,0,75,,32416,15,4,,0,74,,32409,15,4,,0,34,,32418,15,4,,0,75,,32419,15,4,,0
