201,'11802',744,,42903,52,0,13 24 25,1,75,,42905,46,0,10 24 25,1,29,,42904,52,0,13 24 25,1,70,,42906,46,0,10 24 25,1
201,'2',638,,42908,46,0,10 24 25,1,15,,42944,52,0,13 24 25,1,55,,42909,46,0,10 24 25,1,15,,42945,52,0,13 24 25,1,15,,42910,46,0,10 24 25,1,15,,42946,52,0,13 24 25,1,55,,42911,46,0,10 24 25,1,15,,42947,52,0,13 24 25,1,15,,42912,46,0,10 24 25,1,15,,42948,52,0,13 24 25,1,54,,42913,46,0,10 24 25,1,15,,42949,52,0,13 24 25,1,15,,42914,46,0,10 24 25,1,15,,42950,52,0,13 24 25,1,55,,42915,46,0,10 24 25,1,15,,42951,52,0,13 24 25,1,15,,42916,46,0,10 24 25,1,15,,42952,52,0,13 24 25,1,55,,42917,46,0,10 24 25,1,15,,42953,52,0,13 24 25,1,15,,42918,46,0,10 24 25,1,15,,42954,52,0,13 24 25,1,55,,42919,46,0,10 24 25,1,15,,42955,52,0,13 24 25,1,15,,42920,46,0,10 24 25,1,15,,42956,52,0,13 24 25,1,55,,42921,46,0,10 24 25,1,15,,42957,52,0,13 24 25,1,15,,42922,46,0,10 24 25,1,15,,42958,52,0,13 24 25,1,55,,42923,46,0,10 24 25,1,15,,42959,52,0,13 24 25,1,15,,42924,46,0,10 24 25,1,15,,42960,52,0,13 24 25,1,55,,42925,46,0,10 24 25,1,15,,42961,52,0,13 24 25,1,15,,42926,46,0,10 24 25,1,15,,42962,52,0,13 24 25,1,59,,42927,46,0,10 24 25,1,15,,42963,52,0,13 24 25,1,15,,42928,46,0,10 24 25,1,15,,42964,52,0,13 24 25,1,60,,42929,46,0,10 24 25,1,18,,42965,52,0,13 24 25,1,16,,42930,46,0,10 24 25,1,54,,42966,52,0,13 24 25,1,5,,42931,46,0,10 24 25,1,11,,42967,52,0,13 24 25,1,17,,42932,46,0,10 24 25,1,15,,42968,52,0,13 24 25,1,55,,42933,46,0,10 24 25,1,10,,42969,52,0,13 24 25,1,15,,42934,46,0,10 24 25,1,15,,42970,52,0,13 24 25,1,67,,42971,52,0,13 24 25,1,13,,42936,46,0,10 24 25,1,14,,42972,52,0,13 24 25,1,14,,42937,46,0,10 24 25,1,56,,42973,52,0,13 24 25,1,23,,42974,52,0,13 24 25,1,18,,42939,46,0,10 24 25,1,64,,42975,52,0,13 24 25,1,16,,42940,46,0,10 24 25,1,18,,42976,52,0,13 24 25,1,55,,42941,46,0,10 24 25,1,21,,42977,52,0,13 24 25,1,15,,42942,46,0,10 24 25,1,60,,42978,52,0,13 24 25,1,23,,42943,46,0,10 24 25,1,77,,42979,52,0,13 24 25,1,19,,42980,46,0,10 24 25,1
201,'3',635,,42983,52,0,13 24 25,1,70,,42984,46,0,10 24 25,1,30,,42985,52,0,13 24 25,1,71,,42986,46,0,10 24 25,1,15,,42987,52,0,13 24 25,1,15,,42988,46,0,10 24 25,1,10,,42989,52,0,13 24 25,1,55,,42990,46,0,10 24 25,1,10,,42991,52,0,13 24 25,1,15,,42992,46,0,10 24 25,1,15,,42993,52,0,13 24 25,1,15,,42994,46,0,10 24 25,1,55,,42995,52,0,13 24 25,1,15,,42996,46,0,10 24 25,1,10,,43039,28,,,1,5,,42997,52,0,13 24 25,1,15,,43018,46,0,10 24 25,1,55,,42998,52,0,13 24 25,1,15,,43019,46,0,10 24 25,1,15,,42999,52,0,13 24 25,1,15,,43020,46,0,10 24 25,1,55,,43000,52,0,13 24 25,1,10,,43021,46,0,10 24 25,1,15,,43001,52,0,13 24 25,1,10,,43022,46,0,10 24 25,1,55,,43002,52,0,13 24 25,1,15,,43023,46,0,10 24 25,1,15,,43003,52,0,13 24 25,1,15,,43024,46,0,10 24 25,1,55,,43004,52,0,13 24 25,1,16,,43025,46,0,10 24 25,1,15,,43005,52,0,13 24 25,1,10,,43026,46,0,10 24 25,1,10,,43006,52,0,13 24 25,1,55,,43027,46,0,10 24 25,1,15,,43007,52,0,13 24 25,1,15,,43028,46,0,10 24 25,1,15,,43008,52,0,13 24 25,1,55,,43029,46,0,10 24 25,1,15,,43009,52,0,13 24 25,1,15,,43030,46,0,10 24 25,1,15,,43010,52,0,13 24 25,1,50,,43031,46,0,10 24 25,1,15,,43011,52,0,13 24 25,1,15,,43032,46,0,10 24 25,1,10,,43012,52,0,13 24 25,1,15,,43033,46,0,10 24 25,1,54,,43013,52,0,13 24 25,1,15,,43034,46,0,10 24 25,1,10,,43014,52,0,13 24 25,1,15,,43035,46,0,10 24 25,1,55,,43015,52,0,13 24 25,1,15,,43036,46,0,10 24 25,1,15,,43016,52,0,13 24 25,1,15,,43037,46,0,10 24 25,1,55,,43017,52,0,13 24 25,1,15,,43038,46,0,10 24 25,1,15,,43040,52,0,13 24 25,1,15,,43041,46,0,10 24 25,1,55,,43042,52,0,13 24 25,1,25,,43047,46,0,10 24 25,1,70,,43043,52,0,13 24 25,1,30,,43048,46,0,10 24 25,1,27,,43044,52,0,13 24 25,1,70,,43049,46,0,10 24 25,1,30,,43045,52,0,13 24 25,1,70,,43050,46,0,10 24 25,1,78,,43046,52,0,13 24 25,1
201,'30',634,,43059,28,,,1,72,,43058,52,0,13 24 25,1,30,,43060,46,0,10 24 25,1,70,,43062,52,0,13 24 25,1,30,,43061,46,0,10 24 25,1,75,,43063,52,0,13 24 25,1,30,,43064,46,0,10 24 25,1,65,,43068,52,0,13 24 25,1,25,,43065,46,0,10 24 25,1,25,,43069,52,0,13 24 25,1,65,,43066,46,0,10 24 25,1,15,,43094,36,,,1,10,,43070,52,0,13 24 25,1,66,,43067,46,0,10 24 25,1,15,,43071,52,0,13 24 25,1,15,,43083,46,0,10 24 25,1,15,,43072,52,0,13 24 25,1,55,,43084,46,0,10 24 25,1,15,,43073,52,0,13 24 25,1,15,,43085,46,0,10 24 25,1,15,,43074,52,0,13 24 25,1,55,,43086,46,0,10 24 25,1,15,,43075,52,0,13 24 25,1,15,,43087,46,0,10 24 25,1,15,,43076,52,0,13 24 25,1,55,,43088,46,0,10 24 25,1,15,,43077,52,0,13 24 25,1,15,,43089,46,0,10 24 25,1,15,,43078,52,0,13 24 25,1,55,,43090,46,0,10 24 25,1,15,,43079,52,0,13 24 25,1,15,,43091,46,0,10 24 25,1,15,,43080,52,0,13 24 25,1,55,,43092,46,0,10 24 25,1,15,,43081,52,0,13 24 25,1,15,,43093,46,0,10 24 25,1,15,,43082,52,0,13 24 25,1,54,,43095,46,0,10 24 25,1,35,,43101,52,0,13 24 25,1,55,,43096,46,0,10 24 25,1,25,,43102,52,0,13 24 25,1,25,,43097,46,0,10 24 25,1,65,,43103,52,0,13 24 25,1,25,,43098,46,0,10 24 25,1,65,,43104,52,0,13 24 25,1,25,,43099,46,0,10 24 25,1,25,,43105,52,0,13 24 25,1,65,,43100,46,0,10 24 25,1,25,,43106,52,0,13 24 25,1,60,,43057,46,0,10 24 25,1
201,'4',634,,43113,28,,,1,72,,43112,52,0,13 24 25,1,30,,43114,46,0,10 24 25,1,70,,43116,52,0,13 24 25,1,30,,43115,46,0,10 24 25,1,75,,43117,52,0,13 24 25,1,30,,43118,46,0,10 24 25,1,65,,43122,52,0,13 24 25,1,25,,43119,46,0,10 24 25,1,25,,43123,52,0,13 24 25,1,65,,43120,46,0,10 24 25,1,15,,43148,36,,,1,10,,43124,52,0,13 24 25,1,66,,43121,46,0,10 24 25,1,15,,43125,52,0,13 24 25,1,15,,43137,46,0,10 24 25,1,15,,43126,52,0,13 24 25,1,55,,43138,46,0,10 24 25,1,15,,43127,52,0,13 24 25,1,15,,43139,46,0,10 24 25,1,15,,43128,52,0,13 24 25,1,55,,43140,46,0,10 24 25,1,15,,43129,52,0,13 24 25,1,15,,43141,46,0,10 24 25,1,15,,43130,52,0,13 24 25,1,55,,43142,46,0,10 24 25,1,15,,43131,52,0,13 24 25,1,15,,43143,46,0,10 24 25,1,15,,43132,52,0,13 24 25,1,55,,43144,46,0,10 24 25,1,15,,43133,52,0,13 24 25,1,15,,43145,46,0,10 24 25,1,15,,43134,52,0,13 24 25,1,55,,43146,46,0,10 24 25,1,15,,43135,52,0,13 24 25,1,15,,43147,46,0,10 24 25,1,15,,43136,52,0,13 24 25,1,54,,43149,46,0,10 24 25,1,35,,43155,52,0,13 24 25,1,55,,43150,46,0,10 24 25,1,25,,43156,52,0,13 24 25,1,25,,43151,46,0,10 24 25,1,65,,43157,52,0,13 24 25,1,25,,43152,46,0,10 24 25,1,65,,43158,52,0,13 24 25,1,25,,43153,46,0,10 24 25,1,25,,43159,52,0,13 24 25,1,65,,43154,46,0,10 24 25,1,25,,43160,52,0,13 24 25,1,60,,43111,46,0,10 24 25,1
9300,'11802',1621,,49904,32,,,1
9300,'2',627,,49905,32,,,1,19,,49908,32,,,1,60,,49909,32,,,1,24,,49910,32,,,1,21,,49911,32,,,1,61,,49912,32,,,1,25,,49913,32,,,1,20,,49914,32,,,1,65,,49915,32,,,1,35,,49916,32,,,1,72,,49917,32,,,1,72,,49918,32,,,1,32,,49919,32,,,1,72,,49920,32,,,1,32,,49921,32,,,1,72,,49922,32,,,1,32,,49923,32,,,1,72,,49924,32,,,1,22,,49925,32,,,1,17,,49926,32,,,1,55,,49927,32,,,1,22,,49928,32,,,1,22,,49929,32,,,1,62,,49930,32,,,1,27,,49931,32,,,1,62,,49932,32,,,1,22,,49933,32,,,1,24,,49934,32,,,1,61,,49947,32,,,1,20,,49935,32,,,1,24,,49936,32,,,1,72,,49937,32,,,1,75,,49938,32,,,1,29,,49939,32,,,1,72,,49940,32,,,1,26,,49941,32,,,1,32,,49942,32,,,1,68,,49943,32,,,1,30,,49944,32,,,1,70,,49945,32,,,1,30,,49946,32,,,1,67,,49906,32,,,1
9300,'3',833,,49948,32,,,1,25,,49949,32,,,1,65,,49950,32,,,1,25,,49951,32,,,1,65,,49952,32,,,1,18,,49953,32,,,1,69,,49954,32,,,1,30,,49955,32,,,1,70,,49956,32,,,1,30,,49957,32,,,1,29,,49958,32,,,1,79,,49959,32,,,1,70,,49960,32,,,1,30,,49961,32,,,1,80,,49962,32,,,1,30,,49963,32,,,1,70,,49964,32,,,1,35,,49965,32,,,1,75,,49966,32,,,1,30,,49967,32,,,1,68,,49968,32,,,1,22,,49969,32,,,1,65,,49970,32,,,1,22,,49971,32,,,1,65,,49972,32,,,1,25,,49973,32,,,1,25,,49974,32,,,1,65,,49975,32,,,1,28,,49976,32,,,1,65,,49977,32,,,1,41,,49978,32,,,1,65,,49979,32,,,1,25,,49980,32,,,1
9300,'30',822,,50008,32,,,1,28,,49983,32,,,1,75,,49984,32,,,1,75,,49985,32,,,1,35,,49986,32,,,1,75,,49987,32,,,1,35,,49988,32,,,1,75,,49989,32,,,1,37,,49990,32,,,1,77,,49991,32,,,1,77,,49992,32,,,1,37,,49993,32,,,1,77,,49994,32,,,1,77,,49995,32,,,1,37,,49996,32,,,1,77,,49997,32,,,1,37,,49998,32,,,1,77,,49999,32,,,1,77,,50000,32,,,1,37,,50001,32,,,1,77,,50002,32,,,1,37,,50003,32,,,1,77,,50004,32,,,1,77,,50005,32,,,1,32,,50006,32,,,1
9300,'4',822,,50034,32,,,1,28,,50009,32,,,1,75,,50010,32,,,1,75,,50011,32,,,1,35,,50012,32,,,1,75,,50013,32,,,1,35,,50014,32,,,1,75,,50015,32,,,1,37,,50016,32,,,1,77,,50017,32,,,1,77,,50018,32,,,1,37,,50019,32,,,1,77,,50020,32,,,1,77,,50021,32,,,1,37,,50022,32,,,1,77,,50023,32,,,1,37,,50024,32,,,1,77,,50025,32,,,1,77,,50026,32,,,1,37,,50027,32,,,1,77,,50028,32,,,1,37,,50029,32,,,1,77,,50030,32,,,1,77,,50031,32,,,1,32,,50032,32,,,1
9401,'11802',849,,50182,16,,,1
9401,'2',723,,50183,16,,,1,26,,50184,16,,,1,66,,50185,16,,,1,26,,50186,16,,,1,66,,50187,16,,,1,26,,50188,16,,,1,26,,50189,16,,,1,353,,50190,16,,,1,21,,50191,16,,,1,21,,50192,16,,,1,61,,50193,16,,,1,21,,50194,16,,,1,21,,50195,16,,,1,61,,50196,16,,,1,21,,50197,16,,,1,61,,50198,16,,,1,25,,50199,16,,,1,23,,50200,16,,,1,63,,50201,16,,,1,23,,50202,16,,,1,23,,50203,16,,,1
10201,'11802',911,,50351,8,,,1,21,,50352,8,,,1,808,,50353,8,,,1
10201,'3302',609,,50413,8,,,1,22,,50412,8,,,1,25,,50411,8,,,1,65,,50410,8,,,1,25,,50409,8,,,1,60,,50363,8,,,1,10,,50362,8,,,1,20,,50361,8,,,1,21,,50360,8,,,1,50,,50359,8,,,1,19,,50358,8,,,1,21,,50357,8,,,1,10,,50356,8,,,1,60,,50355,8,,,1,20,,50354,8,,,1,6,,50364,8,,,1,57,,50365,8,,,1,22,,50366,8,,,1,11,,50367,8,,,1,11,,50368,8,,,1,62,,50369,8,,,1,11,,50370,8,,,1,11,,50371,8,,,1,22,,50372,8,,,1,51,,50373,8,,,1,11,,50374,8,,,1,22,,50375,8,,,1,11,,50376,8,,,1,11,,50377,8,,,1,62,,50378,8,,,1,11,,50379,8,,,1,13,,50380,8,,,1,65,,50381,8,,,1,12,,50382,8,,,1,12,,50383,8,,,1,24,,50384,8,,,1,53,,50385,8,,,1,12,,50386,8,,,1,24,,50387,8,,,1,12,,50388,8,,,1,52,,50389,8,,,1,24,,50390,8,,,1,12,,50391,8,,,1,12,,50392,8,,,1,69,,50393,8,,,1,12,,50394,8,,,1,70,,50395,8,,,1,15,,50396,8,,,1,30,,50397,8,,,1,55,,50398,8,,,1,30,,50399,8,,,1,14,,50400,8,,,1,67,,50401,8,,,1,20,,50402,8,,,1,20,,50403,8,,,1,60,,50404,8,,,1,20,,50405,8,,,1,20,,50406,8,,,1,60,,50407,8,,,1,20,,50408,8,,,1
10201,'3602',826,,50419,8,,,1,20,,50418,8,,,1,69,,50417,8,,,1,22,,50416,8,,,1,70,,50415,8,,,1,20,,50414,8,,,1,84,,50420,8,,,1,44,,50421,8,,,1,84,,50422,8,,,1,84,,50423,8,,,1,84,,50424,8,,,1,48,,50425,8,,,1,88,,50426,8,,,1,89,,50427,8,,,1,88,,50428,8,,,1,87,,50429,8,,,1,45,,50430,8,,,1,85,,50431,8,,,1,85,,50432,8,,,1
10201,'3903',1126,,50433,8,,,1,82,,50434,8,,,1,44,,50435,8,,,1,80,,50436,8,,,1,80,,50437,8,,,1,41,,50438,8,,,1,80,,50439,8,,,1,83,,50440,8,,,1,84,,50441,8,,,1,45,,50442,8,,,1,81,,50443,8,,,1,80,,50444,8,,,1,40,,50445,8,,,1,80,,50446,8,,,1,77,,50447,8,,,1,34,,50448,8,,,1,75,,50449,8,,,1,35,,50450,8,,,1,75,,50451,8,,,1
10201,'6404',1126,,50452,8,,,1,82,,50453,8,,,1,44,,50454,8,,,1,80,,50455,8,,,1,80,,50456,8,,,1,41,,50457,8,,,1,80,,50458,8,,,1,83,,50459,8,,,1,84,,50460,8,,,1,45,,50461,8,,,1,81,,50462,8,,,1,80,,50463,8,,,1,40,,50464,8,,,1,80,,50465,8,,,1,77,,50466,8,,,1,34,,50467,8,,,1,75,,50468,8,,,1
