401,'2',552,,27230,29,0,10 40 41,0,74,,27229,35,0,13 40 41,0,82,,27228,29,0,10 40 41,0,15,,27227,35,0,13 40 41,0,12,,27226,1,,,0,15,,27225,29,0,10 40 41,0,55,,27224,29,0,10 40 41,0,15,,27223,35,0,13 40 41,0,15,,27222,29,0,10 40 41,0,15,,27221,35,0,13 40 41,0,55,,27220,29,0,10 40 41,0,15,,27219,35,0,13 40 41,0,15,,27218,29,0,10 40 41,0,15,,27217,35,0,13 40 41,0,60,,27216,29,0,10 40 41,0,20,,27215,35,0,13 40 41,0,20,,27214,29,0,10 40 41,0,60,,27213,35,0,13 40 41,0,21,,27212,29,0,10 40 41,0,20,,27211,35,0,13 40 41,0,59,,27210,29,0,10 40 41,0,20,,27209,35,0,13 40 41,0,20,,27208,29,0,10 40 41,0,60,,27207,35,0,13 40 41,0,20,,27206,29,0,10 40 41,0,19,,27205,35,0,13 40 41,0,60,,27204,29,0,10 40 41,0,15,,27234,35,0,13 40 41,0,19,,27242,29,0,10 40 41,0,15,,27235,35,0,13 40 41,0,55,,27243,29,0,10 40 41,0,15,,27236,35,0,13 40 41,0,15,,27244,29,0,10 40 41,0,15,,27237,35,0,13 40 41,0,55,,27245,29,0,10 40 41,0,15,,27238,35,0,13 40 41,0,15,,27246,29,0,10 40 41,0,15,,27239,35,0,13 40 41,0,55,,27247,29,0,10 40 41,0,15,,27240,35,0,13 40 41,0,15,,27248,29,0,10 40 41,0,10,,27241,35,0,13 40 41,0,61,,27251,29,0,10 40 41,0,21,,27256,35,0,13 40 41,0,20,,27252,29,0,10 40 41,0,60,,27257,35,0,13 40 41,0,20,,27253,29,0,10 40 41,0,20,,27258,35,0,13 40 41,0,60,,27254,29,0,10 40 41,0,20,,27259,35,0,13 40 41,0,70,,27255,29,0,10 40 41,0,33,,27260,35,0,13 40 41,0,70,,27263,29,0,10 40 41,0,30,,27261,35,0,13 40 41,0,70,,27264,29,0,10 40 41,0,30,,27262,35,0,13 40 41,0,70,,27265,29,0,10 40 41,0,47,,27266,35,0,13 40 41,0
401,'3',626,,27272,29,0,10 40 41,0,32,,27273,35,0,13 40 41,0,60,,27280,29,0,10 40 41,0,30,,27274,35,0,13 40 41,0,70,,27281,29,0,10 40 41,0,30,,27275,35,0,13 40 41,0,70,,27282,29,0,10 40 41,0,30,,27276,35,0,13 40 41,0,70,,27283,29,0,10 40 41,0,30,,27277,35,0,13 40 41,0,70,,27284,29,0,10 40 41,0,30,,27278,35,0,13 40 41,0,70,,27285,29,0,10 40 41,0,30,,27279,35,0,13 40 41,0,66,,27286,29,0,10 40 41,0,27,,27292,35,0,13 40 41,0,65,,27287,29,0,10 40 41,0,25,,27293,35,0,13 40 41,0,25,,27288,29,0,10 40 41,0,65,,27294,35,0,13 40 41,0,25,,27289,29,0,10 40 41,0,65,,27295,35,0,13 40 41,0,25,,27290,29,0,10 40 41,0,65,,27296,35,0,13 40 41,0,25,,27291,29,0,10 40 41,0,25,,27304,35,0,13 40 41,0,65,,27300,29,0,10 40 41,0,25,,27305,35,0,13 40 41,0,65,,27301,29,0,10 40 41,0,25,,27306,35,0,13 40 41,0,25,,27302,29,0,10 40 41,0,65,,27307,35,0,13 40 41,0,25,,27303,29,0,10 40 41,0,65,,27308,35,0,13 40 41,0,17,,27309,29,0,10 40 41,0,30,,27313,35,0,13 40 41,0,70,,27310,29,0,10 40 41,0,30,,27314,35,0,13 40 41,0,70,,27311,29,0,10 40 41,0,30,,27315,35,0,13 40 41,0,68,,27312,29,0,10 40 41,0,29,,27298,35,0,13 40 41,0
401,'30',656,,27348,29,0,10 40 41,0,87,,27347,35,0,13 40 41,0,85,,27346,29,0,10 40 41,0,85,,27317,35,0,13 40 41,0,45,,27318,29,0,10 40 41,0,70,,27319,35,0,13 40 41,0,24,,27320,29,0,10 40 41,0,70,,27321,35,0,13 40 41,0,27,,27322,29,0,10 40 41,0,70,,27323,35,0,13 40 41,0,29,,27324,29,0,10 40 41,0,72,,27325,35,0,13 40 41,0,30,,27326,29,0,10 40 41,0,70,,27327,35,0,13 40 41,0,30,,27328,29,0,10 40 41,0,70,,27329,35,0,13 40 41,0,30,,27330,29,0,10 40 41,0,70,,27331,35,0,13 40 41,0,30,,27332,29,0,10 40 41,0,70,,27333,35,0,13 40 41,0,30,,27334,29,0,10 40 41,0,70,,27335,35,0,13 40 41,0,30,,27336,29,0,10 40 41,0,70,,27337,35,0,13 40 41,0,28,,27338,29,0,10 40 41,0,72,,27339,35,0,13 40 41,0,30,,27340,29,0,10 40 41,0,72,,27341,35,0,13 40 41,0,28,,27342,29,0,10 40 41,0,70,,27343,35,0,13 40 41,0,36,,27316,29,0,10 40 41,0
401,'4',656,,27381,29,0,10 40 41,0,87,,27380,35,0,13 40 41,0,85,,27379,29,0,10 40 41,0,85,,27350,35,0,13 40 41,0,45,,27351,29,0,10 40 41,0,70,,27352,35,0,13 40 41,0,24,,27353,29,0,10 40 41,0,70,,27354,35,0,13 40 41,0,27,,27355,29,0,10 40 41,0,70,,27356,35,0,13 40 41,0,29,,27357,29,0,10 40 41,0,72,,27358,35,0,13 40 41,0,30,,27359,29,0,10 40 41,0,70,,27360,35,0,13 40 41,0,30,,27361,29,0,10 40 41,0,70,,27362,35,0,13 40 41,0,30,,27363,29,0,10 40 41,0,70,,27364,35,0,13 40 41,0,30,,27365,29,0,10 40 41,0,70,,27366,35,0,13 40 41,0,30,,27367,29,0,10 40 41,0,70,,27368,35,0,13 40 41,0,30,,27369,29,0,10 40 41,0,70,,27370,35,0,13 40 41,0,28,,27371,29,0,10 40 41,0,72,,27372,35,0,13 40 41,0,30,,27373,29,0,10 40 41,0,72,,27374,35,0,13 40 41,0,28,,27375,29,0,10 40 41,0,70,,27376,35,0,13 40 41,0,36,,27349,29,0,10 40 41,0
600,'2',600,,27590,17,,,0,26,,27589,17,,,0,82,,27591,17,,,0,25,,27592,17,,,0,20,,27593,17,,,0,65,,27594,17,,,0,25,,27595,17,,,0,65,,27596,17,,,0,30,,27597,17,,,0,70,,27598,17,,,0,25,,27599,17,,,0,70,,27600,17,,,0,30,,27601,17,,,0,70,,27602,17,,,0,25,,27603,17,,,0,30,,27604,17,,,0,70,,27605,17,,,0,30,,27606,17,,,0,70,,27607,17,,,0,25,,27608,17,,,0,70,,27609,17,,,0,25,,27610,17,,,0,69,,27611,17,,,0,30,,27612,17,,,0,70,,27613,17,,,0,30,,27614,17,,,0,66,,27615,17,,,0,25,,27616,17,,,0,65,,27617,17,,,0,25,,27618,17,,,0,25,,27619,17,,,0,65,,27620,17,,,0,24,,27621,17,,,0,60,,27622,17,,,0,35,,27623,17,,,0,75,,27624,17,,,0,35,,27625,17,,,0,70,,27626,17,,,0,40,,27627,17,,,0
600,'3',628,,27673,17,,,0,25,,27671,17,,,0,70,,27628,17,,,0,26,,27670,17,,,0,70,,27629,17,,,0,30,,27630,17,,,0,75,,27631,17,,,0,35,,27632,17,,,0,67,,27633,17,,,0,25,,27634,17,,,0,65,,27635,17,,,0,28,,27636,17,,,0,66,,27638,17,,,0,18,,27639,17,,,0,18,,27640,17,,,0,58,,27641,17,,,0,20,,27642,17,,,0,18,,27643,17,,,0,58,,27644,17,,,0,25,,27645,17,,,0,20,,27646,17,,,0,60,,27647,17,,,0,20,,27648,17,,,0,23,,27649,17,,,0,60,,27650,17,,,0,20,,27651,17,,,0,20,,27652,17,,,0,60,,27653,17,,,0,20,,27654,17,,,0,20,,27655,17,,,0,65,,27656,17,,,0,14,,27657,17,,,0,17,,27658,17,,,0,66,,27659,17,,,0,20,,27660,17,,,0,25,,27661,17,,,0,65,,27662,17,,,0,24,,27663,17,,,0,61,,27664,17,,,0,35,,27665,17,,,0,75,,27666,17,,,0,35,,27667,17,,,0,75,,27668,17,,,0,75,,27669,17,,,0
600,'30',950,,27676,17,,,0,75,,27677,17,,,0,75,,27678,17,,,0,35,,27679,17,,,0,86,,27681,17,,,0,34,,27682,17,,,0,65,,27683,17,,,0,25,,27684,17,,,0,65,,27685,17,,,0,25,,27686,17,,,0,65,,27687,17,,,0,25,,27688,17,,,0,25,,27689,17,,,0,65,,27690,17,,,0,25,,27691,17,,,0,65,,27692,17,,,0,26,,27693,17,,,0,23,,27694,17,,,0,65,,27695,17,,,0,37,,27696,17,,,0,75,,27697,17,,,0,75,,27698,17,,,0,35,,27699,17,,,0,75,,27700,17,,,0,35,,27701,17,,,0,72,,27702,17,,,0,32,,27703,17,,,0
600,'4',950,,27706,17,,,0,75,,27707,17,,,0,75,,27708,17,,,0,35,,27709,17,,,0,86,,27710,17,,,0,34,,27711,17,,,0,65,,27712,17,,,0,25,,27713,17,,,0,65,,27714,17,,,0,25,,27715,17,,,0,65,,27716,17,,,0,25,,27717,17,,,0,25,,27718,17,,,0,65,,27719,17,,,0,25,,27720,17,,,0,65,,27721,17,,,0,26,,27722,17,,,0,23,,27723,17,,,0,65,,27724,17,,,0,37,,27725,17,,,0,75,,27726,17,,,0,75,,27727,17,,,0,35,,27728,17,,,0,75,,27729,17,,,0,35,,27730,17,,,0,72,,27731,17,,,0,32,,27732,17,,,0
1501,'2',626,,29781,38,0,10 26 27,0,22,,29782,36,0,13 26 27,0,60,,29783,38,0,10 26 27,0,16,,29784,36,0,13 26 27,0,16,,29787,38,0,10 26 27,0,11,,29785,36,0,13 26 27,0,56,,29788,38,0,10 26 27,0,16,,29786,36,0,13 26 27,0,16,,29789,38,0,10 26 27,0,16,,29790,36,0,13 26 27,0,55,,29808,38,0,10 26 27,0,15,,29791,36,0,13 26 27,0,15,,29809,38,0,10 26 27,0,15,,29792,36,0,13 26 27,0,55,,29810,38,0,10 26 27,0,15,,29793,36,0,13 26 27,0,15,,29811,38,0,10 26 27,0,15,,29794,36,0,13 26 27,0,55,,29812,38,0,10 26 27,0,15,,29795,36,0,13 26 27,0,15,,29813,38,0,10 26 27,0,15,,29796,36,0,13 26 27,0,55,,29814,38,0,10 26 27,0,15,,29797,36,0,13 26 27,0,15,,29815,38,0,10 26 27,0,15,,29798,36,0,13 26 27,0,55,,29816,38,0,10 26 27,0,15,,29799,36,0,13 26 27,0,15,,29817,38,0,10 26 27,0,13,,29800,36,0,13 26 27,0,57,,29818,38,0,10 26 27,0,15,,29801,36,0,13 26 27,0,15,,29819,38,0,10 26 27,0,15,,29802,36,0,13 26 27,0,55,,29820,38,0,10 26 27,0,15,,29803,36,0,13 26 27,0,15,,29821,38,0,10 26 27,0,15,,29804,36,0,13 26 27,0,55,,29822,38,0,10 26 27,0,15,,29805,36,0,13 26 27,0,17,,29823,38,0,10 26 27,0,13,,29806,36,0,13 26 27,0,55,,29824,38,0,10 26 27,0,15,,29807,36,0,13 26 27,0,15,,29827,38,0,10 26 27,0,15,,29828,36,0,13 26 27,0,60,,29829,38,0,10 26 27,0,20,,29830,36,0,13 26 27,0,20,,29842,38,0,10 26 27,0,75,,29831,36,0,13 26 27,0,70,,29832,38,0,10 26 27,0,20,,29833,36,0,13 26 27,0,18,,29834,38,0,10 26 27,0,64,,29835,36,0,13 26 27,0,30,,29836,38,0,10 26 27,0,70,,29837,36,0,13 26 27,0,30,,29838,38,0,10 26 27,0,70,,29839,36,0,13 26 27,0,30,,29840,38,0,10 26 27,0,70,,29841,36,0,13 26 27,0,25,,29845,38,0,10 26 27,0,31,,29844,36,0,13 26 27,0
1501,'3',627,,29850,36,0,13 26 27,0,92,,29851,38,0,10 26 27,0,35,,29852,36,0,13 26 27,0,70,,29853,38,0,10 26 27,0,30,,29855,36,0,13 26 27,0,70,,29854,38,0,10 26 27,0,30,,29856,36,0,13 26 27,0,59,,29857,38,0,10 26 27,0,20,,29858,36,0,13 26 27,0,20,,29859,36,0,13 26 27,0,60,,29860,38,0,10 26 27,0,20,,29871,36,0,13 26 27,0,20,,29861,38,0,10 26 27,0,60,,29872,36,0,13 26 27,0,20,,29862,38,0,10 26 27,0,20,,29873,36,0,13 26 27,0,60,,29863,38,0,10 26 27,0,20,,29874,36,0,13 26 27,0,20,,29864,38,0,10 26 27,0,60,,29875,36,0,13 26 27,0,20,,29865,38,0,10 26 27,0,20,,29876,36,0,13 26 27,0,60,,29866,38,0,10 26 27,0,20,,29877,36,0,13 26 27,0,20,,29867,38,0,10 26 27,0,60,,29878,36,0,13 26 27,0,20,,29868,38,0,10 26 27,0,20,,29879,36,0,13 26 27,0,60,,29869,38,0,10 26 27,0,15,,29880,36,0,13 26 27,0,25,,29870,38,0,10 26 27,0,70,,29881,36,0,13 26 27,0,30,,29887,38,0,10 26 27,0,70,,29882,36,0,13 26 27,0,30,,29888,38,0,10 26 27,0,70,,29883,36,0,13 26 27,0,30,,29889,38,0,10 26 27,0,65,,29884,36,0,13 26 27,0,30,,29890,38,0,10 26 27,0,65,,29885,36,0,13 26 27,0,30,,29891,38,0,10 26 27,0,65,,29886,36,0,13 26 27,0,25,,29892,38,0,10 26 27,0,70,,29893,36,0,13 26 27,0,53,,29894,38,0,10 26 27,0
1501,'30',630,,29935,38,0,10 26 27,0,25,,29936,36,0,13 26 27,0,62,,29899,38,0,10 26 27,0,28,,29900,36,0,13 26 27,0,70,,29934,38,0,10 26 27,0,23,,29933,36,0,13 26 27,0,67,,29901,38,0,10 26 27,0,31,,29902,36,0,13 26 27,0,70,,29903,38,0,10 26 27,0,22,,29904,36,0,13 26 27,0,30,,29905,38,0,10 26 27,0,65,,29906,36,0,13 26 27,0,30,,29907,38,0,10 26 27,0,70,,29908,36,0,13 26 27,0,28,,29909,38,0,10 26 27,0,70,,29910,36,0,13 26 27,0,30,,29911,38,0,10 26 27,0,70,,29912,36,0,13 26 27,0,30,,29913,38,0,10 26 27,0,70,,29914,36,0,13 26 27,0,30,,29915,38,0,10 26 27,0,70,,29916,36,0,13 26 27,0,30,,29917,38,0,10 26 27,0,70,,29918,36,0,13 26 27,0,30,,29919,38,0,10 26 27,0,70,,29920,36,0,13 26 27,0,26,,29921,38,0,10 26 27,0,70,,29922,36,0,13 26 27,0,30,,29923,38,0,10 26 27,0,65,,29924,36,0,13 26 27,0,25,,29925,38,0,10 26 27,0,70,,29926,36,0,13 26 27,0,30,,29927,38,0,10 26 27,0,21,,29928,36,0,13 26 27,0,70,,29929,38,0,10 26 27,0,28,,29930,36,0,13 26 27,0
1501,'4',630,,29974,38,0,10 26 27,0,25,,29975,36,0,13 26 27,0,62,,29938,38,0,10 26 27,0,28,,29939,36,0,13 26 27,0,70,,29973,38,0,10 26 27,0,23,,29972,36,0,13 26 27,0,67,,29940,38,0,10 26 27,0,31,,29941,36,0,13 26 27,0,70,,29942,38,0,10 26 27,0,22,,29943,36,0,13 26 27,0,30,,29944,38,0,10 26 27,0,65,,29945,36,0,13 26 27,0,30,,29946,38,0,10 26 27,0,70,,29947,36,0,13 26 27,0,28,,29948,38,0,10 26 27,0,70,,29949,36,0,13 26 27,0,30,,29950,38,0,10 26 27,0,70,,29951,36,0,13 26 27,0,30,,29952,38,0,10 26 27,0,70,,29953,36,0,13 26 27,0,30,,29954,38,0,10 26 27,0,70,,29955,36,0,13 26 27,0,30,,29956,38,0,10 26 27,0,70,,29957,36,0,13 26 27,0,30,,29958,38,0,10 26 27,0,70,,29959,36,0,13 26 27,0,26,,29960,38,0,10 26 27,0,70,,29961,36,0,13 26 27,0,30,,29962,38,0,10 26 27,0,65,,29963,36,0,13 26 27,0,25,,29964,38,0,10 26 27,0,70,,29965,36,0,13 26 27,0,30,,29966,38,0,10 26 27,0,21,,29967,36,0,13 26 27,0,70,,29968,38,0,10 26 27,0,28,,29969,36,0,13 26 27,0
