900,'2',633,,44515,7,,,1,17,,44516,7,,,1,58,,44517,7,,,1,16,,44518,7,,,1,16,,44519,7,,,1,16,,44520,7,,,1,54,,44521,7,,,1,16,,44522,7,,,1,15,,44523,7,,,1,17,,44524,7,,,1,55,,44525,7,,,1,15,,44526,7,,,1,15,,44527,7,,,1,15,,44528,7,,,1,55,,44529,7,,,1,15,,44530,7,,,1,15,,44531,7,,,1,15,,44532,7,,,1,55,,44533,7,,,1,15,,44534,7,,,1,15,,44535,7,,,1,15,,44536,7,,,1,55,,44537,7,,,1,15,,44538,7,,,1,15,,44539,7,,,1,15,,44540,7,,,1,55,,44541,7,,,1,15,,44542,7,,,1,15,,44543,7,,,1,15,,44544,7,,,1,55,,44545,7,,,1,15,,44546,7,,,1,15,,44547,7,,,1,15,,44548,7,,,1,55,,44549,7,,,1,15,,44550,7,,,1,15,,44551,7,,,1,15,,44552,7,,,1,55,,44553,7,,,1,15,,44554,7,,,1,15,,44555,7,,,1,15,,44556,7,,,1,55,,44557,7,,,1,15,,44558,7,,,1,15,,44559,7,,,1,15,,44560,7,,,1,54,,44561,7,,,1,22,,44562,7,,,1,69,,44563,7,,,1,22,,44564,7,,,1,22,,44565,7,,,1,62,,44566,7,,,1,22,,44567,7,,,1,22,,44568,7,,,1,65,,44569,7,,,1,29,,44570,7,,,1,72,,44571,7,,,1,32,,44572,7,,,1,72,,44573,7,,,1,77,,44575,7,,,1,103,,44574,7,,,1
900,'3',534,,44618,6,,,1,68,,44621,6,,,1,30,,44582,7,,,1,70,,44620,7,,,1,30,,44583,7,,,1,74,,44619,7,,,1,29,,44584,7,,,1,75,,44585,7,,,1,32,,44586,7,,,1,60,,44587,6,,,1,27,,44588,7,,,1,25,,44589,7,,,1,65,,44590,7,,,1,22,,44591,7,,,1,65,,44592,7,,,1,25,,44593,7,,,1,69,,44594,7,,,1,21,,44595,7,,,1,25,,44596,7,,,1,68,,44597,7,,,1,22,,44598,7,,,1,65,,44599,7,,,1,25,,44600,7,,,1,25,,44601,7,,,1,65,,44602,7,,,1,25,,44603,7,,,1,65,,44604,7,,,1,25,,44605,7,,,1,25,,44606,7,,,1,63,,44607,7,,,1,84,,44608,7,,,1,25,,44609,7,,,1,78,,44610,7,,,1,35,,44611,7,,,1,75,,44612,7,,,1,35,,44613,7,,,1,75,,44614,7,,,1,75,,44615,7,,,1,35,,44616,7,,,1,74,,44617,7,,,1
900,'30',609,,44625,6,,,1,25,,44622,7,,,1,80,,44658,7,,,1,35,,44623,7,,,1,75,,44657,7,,,1,76,,44624,7,,,1,35,,44626,7,,,1,73,,44627,7,,,1,33,,44628,7,,,1,73,,44629,7,,,1,33,,44630,7,,,1,61,,44631,6,,,1,18,,44632,7,,,1,28,,44633,7,,,1,63,,44634,7,,,1,23,,44635,7,,,1,63,,44636,7,,,1,23,,44637,7,,,1,23,,44638,7,,,1,63,,44639,7,,,1,23,,44640,7,,,1,23,,44641,7,,,1,63,,44642,7,,,1,23,,44643,7,,,1,62,,44644,7,,,1,23,,44645,7,,,1,23,,44646,7,,,1,65,,44647,7,,,1,35,,44648,7,,,1,70,,44649,7,,,1,30,,44650,7,,,1,70,,44651,7,,,1,30,,44652,7,,,1,70,,44653,7,,,1,30,,44654,7,,,1,70,,44655,7,,,1,81,,44656,7,,,1
900,'4',609,,44662,6,,,1,25,,44659,7,,,1,80,,44695,7,,,1,35,,44660,7,,,1,75,,44694,7,,,1,76,,44661,7,,,1,35,,44663,7,,,1,73,,44664,7,,,1,33,,44665,7,,,1,73,,44666,7,,,1,33,,44667,7,,,1,61,,44668,6,,,1,18,,44669,7,,,1,28,,44670,7,,,1,63,,44671,7,,,1,23,,44672,7,,,1,63,,44673,7,,,1,23,,44674,7,,,1,23,,44675,7,,,1,63,,44676,7,,,1,23,,44677,7,,,1,23,,44678,7,,,1,63,,44679,7,,,1,23,,44680,7,,,1,62,,44681,7,,,1,23,,44682,7,,,1,23,,44683,7,,,1,65,,44684,7,,,1,35,,44685,7,,,1,70,,44686,7,,,1,30,,44687,7,,,1,70,,44688,7,,,1,30,,44689,7,,,1,70,,44690,7,,,1,30,,44691,7,,,1,70,,44692,7,,,1,81,,44693,7,,,1
1900,'2',604,,47066,7,,,1,30,,47065,7,,,1,74,,47067,7,,,1,12,,47068,7,,,1,27,,47069,7,,,1,67,,47070,7,,,1,27,,47071,7,,,1,68,,47072,7,,,1,25,,47073,7,,,1,67,,47074,7,,,1,27,,47075,7,,,1,27,,47076,7,,,1,67,,47077,7,,,1,27,,47078,7,,,1,68,,47079,7,,,1,27,,47080,7,,,1,67,,47081,7,,,1,27,,47082,7,,,1,64,,47083,7,,,1,27,,47084,7,,,1,27,,47085,7,,,1,71,,47086,7,,,1,27,,47087,7,,,1,70,,47088,7,,,1,28,,47089,7,,,1,69,,47090,7,,,1,28,,47091,7,,,1,67,,47092,7,,,1,28,,47093,7,,,1,68,,47094,7,,,1,24,,47095,7,,,1,67,,47096,7,,,1,27,,47097,7,,,1,27,,47098,7,,,1,67,,47099,7,,,1,27,,47100,7,,,1,87,,47101,7,,,1,67,,47102,7,,,1,36,,47064,7,0,40 3 52,1
1900,'3',805,,47115,7,,,1,32,,47116,7,,,1,72,,47105,7,,,1,32,,47106,7,,,1,73,,47107,7,,,1,32,,47108,7,,,1,72,,47109,7,,,1,32,,47110,7,,,1,72,,47111,7,,,1,32,,47112,7,,,1,72,,47113,7,,,1,32,,47114,7,,,1,70,,47117,7,,,1,27,,47118,7,,,1,64,,47119,7,,,1,27,,47120,7,,,1,67,,47121,7,,,1,27,,47122,7,,,1,67,,47123,7,,,1,27,,47124,7,,,1,67,,47125,7,,,1,39,,47126,7,,,1,72,,47127,7,,,1,32,,47128,7,,,1,72,,47129,7,,,1,32,,47130,7,,,1,71,,47131,7,,,1,35,,47132,7,,,1
1900,'30',805,,47140,7,,,1,35,,47150,7,,,1,75,,47136,7,,,1,35,,47137,7,,,1,75,,47151,7,,,1,75,,47138,7,,,1,35,,47139,7,,,1,79,,47141,7,,,1,40,,47142,7,,,1,80,,47152,7,,,1,80,,47143,7,,,1,40,,47144,7,,,1,80,,47145,7,,,1,80,,47146,7,,,1,40,,47153,7,,,1,75,,47147,7,,,1,75,,47148,7,,,1,35,,47154,7,,,1,75,,47149,7,,,1,35,,47155,7,,,1
1900,'4',805,,47161,7,,,1,35,,47171,7,,,1,75,,47157,7,,,1,35,,47158,7,,,1,75,,47172,7,,,1,75,,47159,7,,,1,35,,47160,7,,,1,79,,47162,7,,,1,40,,47163,7,,,1,80,,47173,7,,,1,80,,47164,7,,,1,40,,47165,7,,,1,80,,47166,7,,,1,80,,47167,7,,,1,40,,47174,7,,,1,75,,47168,7,,,1,75,,47169,7,,,1,35,,47175,7,,,1,75,,47170,7,,,1,35,,47176,7,,,1
2001,'2',633,,47484,32,,,1,80,,47485,32,,,1,15,,47489,32,,,1,15,,47514,32,,,1,15,,47515,32,,,1,55,,47516,32,,,1,15,,47517,32,,,1,15,,47518,32,,,1,15,,47519,32,,,1,55,,47520,32,,,1,15,,47521,32,,,1,15,,47522,32,,,1,15,,47523,32,,,1,55,,47524,32,,,1,13,,47525,32,,,1,15,,47526,32,,,1,15,,47527,32,,,1,55,,47528,32,,,1,15,,47529,32,,,1,15,,47530,32,,,1,15,,47531,32,,,1,56,,47532,32,,,1,15,,47533,32,,,1,15,,47534,32,,,1,15,,47535,32,,,1,55,,47536,32,,,1,15,,47537,32,,,1,15,,47538,32,,,1,15,,47539,32,,,1,55,,47540,32,,,1,15,,47541,32,,,1,15,,47542,32,,,1,15,,47543,32,,,1,55,,47544,32,,,1,15,,47545,32,,,1,15,,47546,32,,,1,15,,47547,32,,,1,56,,47548,32,,,1,15,,47549,32,,,1,20,,47490,32,,,1,10,,47491,32,,,1,55,,47492,32,,,1,15,,47493,32,,,1,15,,47494,32,,,1,15,,47495,32,,,1,53,,47496,32,,,1,16,,47497,32,,,1,20,,47498,32,,,1,64,,47499,32,,,1,20,,47500,32,,,1,20,,47501,32,,,1,65,,47502,32,,,1,20,,47503,32,,,1,70,,47504,32,,,1,32,,47505,32,,,1,66,,47506,32,,,1,26,,47507,32,,,1,26,,47508,32,,,1,66,,47509,32,,,1,26,,47510,32,,,1,58,,47512,32,,,1,27,,47513,32,,,1,70,,47511,32,,,1
2001,'3',633,,47550,32,,,1,75,,47552,32,,,1,28,,47553,32,,,1,75,,47554,32,,,1,27,,47555,32,,,1,62,,47556,32,,,1,30,,47557,32,,,1,26,,47558,32,,,1,66,,47559,32,,,1,24,,47560,32,,,1,60,,47561,32,,,1,20,,47562,32,,,1,20,,47563,32,,,1,60,,47564,32,,,1,20,,47565,32,,,1,23,,47566,32,,,1,60,,47567,32,,,1,20,,47568,32,,,1,20,,47569,32,,,1,60,,47570,32,,,1,20,,47571,32,,,1,16,,47572,32,,,1,60,,47573,32,,,1,20,,47574,32,,,1,20,,47575,32,,,1,60,,47576,32,,,1,20,,47577,32,,,1,20,,47578,32,,,1,60,,47579,32,,,1,20,,47580,32,,,1,20,,47581,32,,,1,60,,47582,32,,,1,18,,47583,32,,,1,20,,47584,32,,,1,67,,47585,32,,,1,27,,47586,32,,,1,67,,47587,32,,,1,27,,47588,32,,,1,27,,47589,32,,,1,66,,47590,32,,,1,27,,47591,32,,,1,67,,47592,32,,,1,27,,47593,32,,,1,67,,47594,32,,,1,22,,47595,32,,,1,72,,47596,32,,,1,25,,47597,32,,,1,72,,47551,32,,,1
2001,'30',656,,47598,32,,,1,80,,47600,32,,,1,81,,47601,32,,,1,29,,47602,32,,,1,65,,47603,32,,,1,20,,47604,32,,,1,26,,47605,32,,,1,71,,47606,32,,,1,26,,47607,32,,,1,66,,47608,32,,,1,26,,47609,32,,,1,66,,47610,32,,,1,27,,47611,32,,,1,66,,47612,32,,,1,26,,47613,32,,,1,26,,47614,32,,,1,66,,47615,32,,,1,26,,47616,32,,,1,66,,47617,32,,,1,26,,47618,32,,,1,66,,47619,32,,,1,26,,47620,32,,,1,26,,47621,32,,,1,65,,47622,32,,,1,26,,47623,32,,,1,66,,47624,32,,,1,26,,47625,32,,,1,65,,47626,32,,,1,25,,47627,32,,,1,25,,47628,32,,,1,65,,47629,32,,,1,25,,47630,32,,,1,65,,47631,32,,,1,25,,47632,32,,,1,65,,47633,32,,,1,27,,47634,32,,,1,75,,47599,32,,,1
2001,'4',656,,47635,32,,,1,80,,47637,32,,,1,81,,47638,32,,,1,29,,47639,32,,,1,65,,47640,32,,,1,20,,47641,32,,,1,26,,47642,32,,,1,71,,47643,32,,,1,26,,47644,32,,,1,66,,47645,32,,,1,26,,47646,32,,,1,66,,47647,32,,,1,27,,47648,32,,,1,66,,47649,32,,,1,26,,47650,32,,,1,26,,47651,32,,,1,66,,47652,32,,,1,26,,47653,32,,,1,66,,47654,32,,,1,26,,47655,32,,,1,66,,47656,32,,,1,26,,47657,32,,,1,26,,47658,32,,,1,65,,47659,32,,,1,26,,47660,32,,,1,66,,47661,32,,,1,26,,47662,32,,,1,65,,47663,32,,,1,25,,47664,32,,,1,25,,47665,32,,,1,65,,47666,32,,,1,25,,47667,32,,,1,65,,47668,32,,,1,25,,47669,32,,,1,65,,47670,32,,,1,27,,47671,32,,,1,75,,47636,32,,,1
