200,'11802',1441,,42641,10,0,13 30,1,275,,42642,10,0,10 23 20,1
200,'2',623,,42650,10,0,13 30,1,16,,42686,10,0,10 23 20,1,15,,42651,10,0,13 30,1,55,,42687,10,0,10 23 20,1,15,,42652,10,0,13 30,1,15,,42688,10,0,10 23 20,1,15,,42653,10,0,13 30,1,55,,42689,10,0,10 23 20,1,15,,42654,10,0,13 30,1,15,,42690,10,0,10 23 20,1,15,,42655,10,0,13 30,1,55,,42691,10,0,10 23 20,1,15,,42656,10,0,13 30,1,15,,42692,10,0,10 23 20,1,15,,42657,10,0,13 30,1,55,,42693,10,0,10 23 20,1,15,,42658,10,0,13 30,1,15,,42694,10,0,10 23 20,1,15,,42659,10,0,13 30,1,55,,42695,10,0,10 23 20,1,15,,42660,10,0,13 30,1,15,,42696,10,0,10 23 20,1,12,,42661,10,0,13 30,1,55,,42697,10,0,10 23 20,1,15,,42662,10,0,13 30,1,15,,42698,10,0,10 23 20,1,15,,42663,10,0,13 30,1,55,,42699,10,0,10 23 20,1,15,,42664,10,0,13 30,1,15,,42700,10,0,10 23 20,1,15,,42665,10,0,13 30,1,55,,42701,10,0,10 23 20,1,15,,42666,10,0,13 30,1,13,,42702,10,0,10 23 20,1,14,,42667,10,0,13 30,1,55,,42703,10,0,10 23 20,1,15,,42668,10,0,13 30,1,14,,42704,10,0,10 23 20,1,19,,42669,10,0,13 30,1,55,,42705,10,0,10 23 20,1,15,,42670,10,0,13 30,1,15,,42706,10,0,10 23 20,1,15,,42671,10,0,13 30,1,53,,42707,10,0,10 23 20,1,19,,42672,10,0,13 30,1,11,,42708,10,0,10 23 20,1,23,,42673,10,0,13 30,1,55,,42709,10,0,10 23 20,1,15,,42674,10,0,13 30,1,12,,42710,10,0,10 23 20,1,15,,42675,10,0,13 30,1,55,,42711,10,0,10 23 20,1,15,,42676,10,0,13 30,1,15,,42712,10,0,10 23 20,1,15,,42677,10,0,13 30,1,55,,42713,10,0,10 23 20,1,10,,42678,10,0,13 30,1,23,,42714,10,0,10 23 20,1,12,,42679,10,0,13 30,1,63,,42715,10,0,10 23 20,1,17,,42680,10,0,13 30,1,23,,42716,10,0,10 23 20,1,57,,42681,10,0,13 30,1,23,,42717,10,0,10 23 20,1,20,,42682,10,0,13 30,1,57,,42718,10,0,10 23 20,1,15,,42683,10,0,13 30,1,20,,42719,10,0,10 23 20,1,55,,42684,10,0,13 30,1,20,,42720,10,0,10 23 20,1,20,,42685,10,0,13 30,1,74,,42721,10,0,45 3 21,1
200,'3',625,,42725,10,0,13 30,1,30,,42726,10,0,10 23 20,1,70,,42728,10,0,13 30,1,30,,42730,10,0,13 30,1,55,,42731,10,0,10 23 20,1,15,,42732,10,0,13 30,1,15,,42733,10,0,10 23 20,1,15,,42734,10,0,13 30,1,55,,42735,10,0,10 23 20,1,15,,42736,10,0,13 30,1,10,,42737,10,0,10 23 20,1,15,,42738,10,0,13 30,1,54,,42739,10,0,10 23 20,1,15,,42740,10,0,13 30,1,15,,42741,10,0,10 23 20,1,15,,42742,10,0,13 30,1,10,,42743,10,0,10 23 20,1,55,,42744,10,0,13 30,1,10,,42745,10,0,10 23 20,1,15,,42746,10,0,13 30,1,15,,42747,10,0,10 23 20,1,55,,42748,10,0,13 30,1,15,,42749,10,0,10 23 20,1,15,,42750,10,0,13 30,1,10,,42761,10,0,10 23 20,1,55,,42751,10,0,13 30,1,10,,42762,10,0,10 23 20,1,15,,42752,10,0,13 30,1,15,,42763,10,0,10 23 20,1,15,,42753,10,0,13 30,1,55,,42764,10,0,10 23 20,1,15,,42754,10,0,13 30,1,15,,42765,10,0,10 23 20,1,15,,42755,10,0,13 30,1,55,,42766,10,0,10 23 20,1,10,,42756,10,0,13 30,1,10,,42767,10,0,10 23 20,1,15,,42757,10,0,13 30,1,55,,42768,10,0,10 23 20,1,15,,42758,10,0,13 30,1,15,,42769,10,0,10 23 20,1,15,,42759,10,0,13 30,1,55,,42770,10,0,10 23 20,1,15,,42760,10,0,13 30,1,15,,42771,10,0,10 23 20,1,15,,42772,10,0,13 30,1,0,,42784,10,0,45 3 21,1,55,,42773,10,0,10 23 20,1,15,,42779,10,0,13 30,1,15,,42774,10,0,10 23 20,1,15,,42780,10,0,13 30,1,55,,42775,10,0,10 23 20,1,15,,42781,10,0,13 30,1,15,,42776,10,0,10 23 20,1,15,,42782,10,0,13 30,1,55,,42777,10,0,10 23 20,1,15,,42783,10,0,13 30,1,15,,42778,10,0,10 23 20,1,15,,42785,10,0,13 30,1,5,,42790,10,0,45 3 21,1,65,,42788,10,0,10 23 20,1,4,,42791,10,0,45 3 21,1,26,,42786,10,0,13 30,1,70,,42789,10,0,10 23 20,1,30,,42787,10,0,13 30,1,70,,42722,10,0,10 23 20,1,30,,42723,10,0,13 30,1,70,,42792,10,0,10 23 20,1,35,,42793,10,0,13 30,1,69,,42794,10,0,45 3 21,1
200,'30',655,,42797,10,0,13 30,1,70,,42800,10,0,10 23 20,1,30,,42802,10,0,13 30,1,70,,42801,10,0,10 23 20,1,30,,42803,10,0,13 30,1,65,,42804,10,0,10 23 20,1,25,,42808,10,0,13 30,1,65,,42805,10,0,10 23 20,1,25,,42809,10,0,13 30,1,65,,42806,10,0,10 23 20,1,25,,42810,10,0,10 23 20,1,24,,42807,10,0,10 23 20,1,55,,42811,10,0,13 30,1,15,,42823,10,0,10 23 20,1,15,,42812,10,0,13 30,1,15,,42824,10,0,10 23 20,1,55,,42813,10,0,13 30,1,15,,42825,10,0,10 23 20,1,15,,42814,10,0,13 30,1,15,,42826,10,0,10 23 20,1,55,,42815,10,0,13 30,1,15,,42827,10,0,10 23 20,1,15,,42816,10,0,13 30,1,15,,42828,10,0,10 23 20,1,55,,42817,10,0,13 30,1,15,,42829,10,0,10 23 20,1,15,,42818,10,0,13 30,1,15,,42830,10,0,10 23 20,1,55,,42819,10,0,13 30,1,15,,42831,10,0,10 23 20,1,15,,42820,10,0,13 30,1,15,,42832,10,0,10 23 20,1,55,,42821,10,0,13 30,1,15,,42833,10,0,10 23 20,1,15,,42822,10,0,13 30,1,15,,42834,10,0,10 23 20,1,65,,42837,10,0,13 30,1,5,,42848,10,0,45 3 21,1,20,,42843,10,0,10 23 20,1,65,,42838,10,0,13 30,1,25,,42844,10,0,10 23 20,1,25,,42839,10,0,13 30,1,65,,42845,10,0,10 23 20,1,25,,42840,10,0,13 30,1,65,,42846,10,0,10 23 20,1,25,,42841,10,0,13 30,1,25,,42847,10,0,10 23 20,1,65,,42842,10,0,13 30,1,30,,42796,10,0,10 23 20,1,70,,42795,10,0,45 3 21,1
200,'4',655,,42851,10,0,13 30,1,70,,42854,10,0,10 23 20,1,30,,42856,10,0,13 30,1,70,,42855,10,0,10 23 20,1,30,,42857,10,0,13 30,1,65,,42858,10,0,10 23 20,1,25,,42862,10,0,13 30,1,65,,42859,10,0,10 23 20,1,25,,42863,10,0,13 30,1,65,,42860,10,0,10 23 20,1,25,,42864,10,0,10 23 20,1,24,,42861,10,0,10 23 20,1,55,,42865,10,0,13 30,1,15,,42877,10,0,10 23 20,1,15,,42866,10,0,13 30,1,15,,42878,10,0,10 23 20,1,55,,42867,10,0,13 30,1,15,,42879,10,0,10 23 20,1,15,,42868,10,0,13 30,1,15,,42880,10,0,10 23 20,1,55,,42869,10,0,13 30,1,15,,42881,10,0,10 23 20,1,15,,42870,10,0,13 30,1,15,,42882,10,0,10 23 20,1,55,,42871,10,0,13 30,1,15,,42883,10,0,10 23 20,1,15,,42872,10,0,13 30,1,15,,42884,10,0,10 23 20,1,55,,42873,10,0,13 30,1,15,,42885,10,0,10 23 20,1,15,,42874,10,0,13 30,1,15,,42886,10,0,10 23 20,1,55,,42875,10,0,13 30,1,15,,42887,10,0,10 23 20,1,15,,42876,10,0,13 30,1,15,,42888,10,0,10 23 20,1,65,,42891,10,0,13 30,1,5,,42902,10,0,45 3 21,1,20,,42897,10,0,10 23 20,1,65,,42892,10,0,13 30,1,25,,42898,10,0,10 23 20,1,25,,42893,10,0,13 30,1,65,,42899,10,0,10 23 20,1,25,,42894,10,0,13 30,1,65,,42900,10,0,10 23 20,1,25,,42895,10,0,13 30,1,25,,42901,10,0,10 23 20,1,65,,42896,10,0,13 30,1,30,,42850,10,0,10 23 20,1,70,,42849,10,0,45 3 21,1
10601,'11802',853,,50671,10,,,1,689,,50669,10,,,1,90,,50670,10,,,1
10601,'3302',732,,50672,10,,,1,20,,50686,10,,,1,65,,50673,10,,,1,20,,50687,10,,,1,65,,50674,10,,,1,20,,50688,10,,,1,25,,50675,10,,,1,65,,50699,10,,,1,20,,50676,10,,,1,25,,50689,10,,,1,60,,50677,10,,,1,20,,50690,10,,,1,65,,50678,10,,,1,21,,50691,10,,,1,25,,50679,10,,,1,60,,50692,10,,,1,25,,50680,10,,,1,20,,50693,10,,,1,66,,50681,10,,,1,20,,50694,10,,,1,65,,50682,10,,,1,20,,50695,10,,,1,25,,50683,10,,,1,60,,50696,10,,,1,30,,50684,10,,,1,20,,50697,10,,,1,50,,50700,10,,,1,25,,50685,10,,,1,20,,50698,10,,,1,50,,50701,10,,,1,20,,50715,10,,,1,19,,50702,10,,,1,58,,50706,10,,,1,22,,50703,10,,,1,18,,50707,10,,,1,62,,50704,10,,,1,18,,50708,10,,,1,22,,50705,10,,,1,58,,50714,10,,,1,38,,50709,10,,,1,81,,50710,10,,,1,80,,50711,10,,,1,40,,50712,10,,,1,74,,50713,10,,,1
10601,'3602',742,,50716,10,,,1,60,,50730,10,,,1,25,,50717,10,,,1,20,,50731,10,,,1,65,,50718,10,,,1,20,,50732,10,,,1,25,,50719,10,,,1,65,,50733,10,,,1,20,,50720,10,,,1,65,,50734,10,,,1,20,,50721,10,,,1,20,,50735,10,,,1,66,,50722,10,,,1,20,,50736,10,,,1,25,,50723,10,,,1,60,,50737,10,,,1,25,,50724,10,,,1,60,,50738,10,,,1,26,,50725,10,,,1,20,,50739,10,,,1,65,,50726,10,,,1,20,,50740,10,,,1,25,,50727,10,,,1,65,,50741,10,,,1,25,,50728,10,,,1,75,,50742,10,,,1,20,,50729,10,,,1,70,,50750,10,,,1,20,,50743,10,,,1,18,,50744,10,,,1,60,,50745,10,,,1,21,,50746,10,,,1,18,,50747,10,,,1,62,,50748,10,,,1,18,,50751,10,,,1,20,,50749,10,,,1
10601,'3903',1130,,50752,10,,,1,86,,50753,10,,,1,40,,50754,10,,,1,80,,50755,10,,,1,81,,50756,10,,,1,85,,50757,10,,,1,45,,50758,10,,,1,90,,50759,10,,,1,90,,50760,10,,,1,84,,50761,10,,,1,40,,50762,10,,,1,80,,50763,10,,,1,80,,50764,10,,,1,40,,50765,10,,,1,79,,50766,10,,,1,80,,50767,10,,,1,39,,50768,10,,,1
10601,'6404',1130,,50769,10,,,1,86,,50770,10,,,1,40,,50771,10,,,1,80,,50772,10,,,1,81,,50773,10,,,1,85,,50774,10,,,1,45,,50775,10,,,1,90,,50776,10,,,1,90,,50777,10,,,1,84,,50778,10,,,1,40,,50779,10,,,1,80,,50780,10,,,1,80,,50781,10,,,1,40,,50782,10,,,1,79,,50783,10,,,1,80,,50784,10,,,1
