1500,'2',606,,29586,10,0,13 28 3 8,0,22,,29587,10,0,13 28 3 8,0,19,,29591,10,0,10 29,0,55,,29588,10,0,13 28 3 8,0,16,,29592,10,0,10 29,0,11,,29589,10,0,13 28 3 8,0,16,,29593,10,0,10 29,0,56,,29590,10,0,13 28 3 8,0,16,,29594,10,0,10 29,0,16,,29595,10,0,13 28 3 8,0,15,,29612,10,0,10 29,0,55,,29596,10,0,13 28 3 8,0,15,,29613,10,0,10 29,0,15,,29597,10,0,13 28 3 8,0,15,,29614,10,0,10 29,0,55,,29598,10,0,13 28 3 8,0,15,,29615,10,0,10 29,0,15,,29599,10,0,13 28 3 8,0,15,,29616,10,0,10 29,0,55,,29600,10,0,13 28 3 8,0,15,,29617,10,0,10 29,0,15,,29601,10,0,13 28 3 8,0,15,,29618,10,0,10 29,0,55,,29602,10,0,13 28 3 8,0,15,,29619,10,0,10 29,0,15,,29603,10,0,13 28 3 8,0,15,,29620,10,0,10 29,0,55,,29604,10,0,13 28 3 8,0,15,,29621,10,0,10 29,0,15,,29605,10,0,13 28 3 8,0,14,,29622,10,0,10 29,0,54,,29606,10,0,13 28 3 8,0,15,,29623,10,0,10 29,0,15,,29607,10,0,13 28 3 8,0,10,,29624,10,0,10 29,0,15,,29608,10,0,13 28 3 8,0,55,,29625,10,0,10 29,0,14,,29609,10,0,13 28 3 8,0,17,,29626,10,0,10 29,0,15,,29610,10,0,13 28 3 8,0,57,,29627,10,0,10 29,0,17,,29611,10,0,13 28 3 8,0,17,,29628,10,0,10 29,0,55,,29629,10,0,13 28 3 8,0,17,,29630,10,0,10 29,0,13,,29648,10,0,26 3 21,0,4,,29631,10,0,13 28 3 8,0,20,,29633,10,0,10 29,0,54,,29634,10,0,13 28 3 8,0,2,,29649,10,0,26 3 21,0,24,,29635,10,0,10 29,0,20,,29636,10,0,13 28 3 8,0,60,,29637,10,0,10 29,0,25,,29638,10,0,13 28 3 8,0,70,,29639,10,0,10 29,0,30,,29640,10,0,13 28 3 8,0,12,,29650,10,0,26 3 21,0,57,,29641,10,0,10 29,0,30,,29642,10,0,13 28 3 8,0,70,,29643,10,0,10 29,0,30,,29644,10,0,13 28 3 8,0,70,,29645,10,0,10 29,0,30,,29646,10,0,13 28 3 8,0,70,,29647,10,0,10 29,0,30,,29632,10,0,13 28 3 8,0,14,,29651,10,0,26 3 21,0,71,,29652,10,0,26 3 21,0
1500,'3',608,,29653,10,0,10 29,0,27,,29654,10,0,13 28 3 8,0,70,,29655,10,0,10 29,0,30,,29656,10,0,13 28 3 8,0,22,,29658,10,0,10 29,0,71,,29657,10,0,13 28 3 8,0,29,,29659,10,0,10 29,0,71,,29660,10,0,13 28 3 8,0,29,,29661,10,0,10 29,0,59,,29673,10,0,13 28 3 8,0,16,,29662,10,0,10 29,0,19,,29674,10,0,13 28 3 8,0,61,,29663,10,0,10 29,0,19,,29675,10,0,13 28 3 8,0,20,,29664,10,0,10 29,0,60,,29676,10,0,13 28 3 8,0,20,,29665,10,0,10 29,0,20,,29677,10,0,13 28 3 8,0,60,,29666,10,0,10 29,0,20,,29678,10,0,13 28 3 8,0,20,,29667,10,0,10 29,0,60,,29679,10,0,13 28 3 8,0,20,,29668,10,0,10 29,0,20,,29680,10,0,13 28 3 8,0,60,,29669,10,0,10 29,0,20,,29681,10,0,13 28 3 8,0,20,,29670,10,0,10 29,0,60,,29682,10,0,13 28 3 8,0,20,,29671,10,0,10 29,0,20,,29683,10,0,13 28 3 8,0,58,,29672,10,0,13 28 3 8,0,22,,29684,10,0,10 29,0,15,,29698,10,0,26 3 21,0,56,,29690,10,0,13 28 3 8,0,29,,29685,10,0,10 29,0,71,,29691,10,0,13 28 3 8,0,29,,29686,10,0,10 29,0,71,,29692,10,0,13 28 3 8,0,29,,29687,10,0,10 29,0,28,,29693,10,0,13 28 3 8,0,70,,29688,10,0,10 29,0,25,,29694,10,0,13 28 3 8,0,65,,29689,10,0,10 29,0,30,,29695,10,0,13 28 3 8,0,66,,29697,10,0,10 29,0,30,,29701,10,0,10 29,0,58,,29699,10,0,26 3 21,0,34,,29696,10,0,10 29,0,89,,29700,10,0,26 3 21,0
1500,'30',608,,29739,10,0,10 29,0,28,,29702,10,0,13 28 3 8,0,65,,29738,10,0,10 29,0,27,,29737,10,0,13 28 3 8,0,25,,29703,10,0,10 29,0,74,,29704,10,0,13 28 3 8,0,27,,29705,10,0,10 29,0,62,,29706,10,0,13 28 3 8,0,22,,29707,10,0,10 29,0,70,,29708,10,0,13 28 3 8,0,30,,29709,10,0,10 29,0,65,,29710,10,0,13 28 3 8,0,27,,29711,10,0,10 29,0,28,,29712,10,0,13 28 3 8,0,70,,29713,10,0,10 29,0,30,,29714,10,0,13 28 3 8,0,70,,29715,10,0,10 29,0,30,,29716,10,0,13 28 3 8,0,70,,29717,10,0,10 29,0,30,,29718,10,0,13 28 3 8,0,70,,29719,10,0,10 29,0,30,,29720,10,0,13 28 3 8,0,70,,29721,10,0,10 29,0,73,,29722,10,0,13 28 3 8,0,30,,29723,10,0,10 29,0,70,,29724,10,0,13 28 3 8,0,25,,29725,10,0,10 29,0,30,,29726,10,0,13 28 3 8,0,65,,29727,10,0,10 29,0,30,,29728,10,0,13 28 3 8,0,70,,29729,10,0,10 29,0,25,,29730,10,0,13 28 3 8,0,70,,29731,10,0,10 29,0,27,,29732,10,0,13 28 3 8,0,70,,29733,10,0,10 29,0,24,,29734,10,0,13 28 3 8,0,22,,29735,10,0,26 3 21,0,70,,29736,10,0,26 3 21,0
1500,'4',608,,29777,10,0,10 29,0,28,,29740,10,0,13 28 3 8,0,65,,29776,10,0,10 29,0,27,,29775,10,0,13 28 3 8,0,25,,29741,10,0,10 29,0,74,,29742,10,0,13 28 3 8,0,27,,29743,10,0,10 29,0,62,,29744,10,0,13 28 3 8,0,22,,29745,10,0,10 29,0,70,,29746,10,0,13 28 3 8,0,30,,29747,10,0,10 29,0,65,,29748,10,0,13 28 3 8,0,27,,29749,10,0,10 29,0,28,,29750,10,0,13 28 3 8,0,70,,29751,10,0,10 29,0,30,,29752,10,0,13 28 3 8,0,70,,29753,10,0,10 29,0,30,,29754,10,0,13 28 3 8,0,70,,29755,10,0,10 29,0,30,,29756,10,0,13 28 3 8,0,70,,29757,10,0,10 29,0,30,,29758,10,0,13 28 3 8,0,70,,29759,10,0,10 29,0,73,,29760,10,0,13 28 3 8,0,30,,29761,10,0,10 29,0,70,,29762,10,0,13 28 3 8,0,25,,29763,10,0,10 29,0,30,,29764,10,0,13 28 3 8,0,65,,29765,10,0,10 29,0,30,,29766,10,0,13 28 3 8,0,70,,29767,10,0,10 29,0,25,,29768,10,0,13 28 3 8,0,70,,29769,10,0,10 29,0,27,,29770,10,0,13 28 3 8,0,70,,29771,10,0,10 29,0,24,,29772,10,0,13 28 3 8,0,22,,29773,10,0,26 3 21,0,70,,29774,10,0,26 3 21,0
2500,'2',613,,31510,7,,,0,22,,31511,7,,,0,68,,31512,7,,,0,26,,31513,7,,,0,26,,31514,7,,,0,60,,31515,7,,,0,20,,31516,7,,,0,20,,31517,7,,,0,60,,31518,7,,,0,20,,31519,7,,,0,20,,31520,7,,,0,60,,31521,7,,,0,20,,31522,7,,,0,20,,31523,7,,,0,60,,31524,7,,,0,20,,31525,7,,,0,20,,31526,7,,,0,60,,31527,7,,,0,20,,31528,7,,,0,20,,31529,7,,,0,60,,31530,7,,,0,20,,31531,7,,,0,20,,31532,7,,,0,61,,31533,7,,,0,20,,31534,7,,,0,20,,31535,7,,,0,60,,31536,7,,,0,20,,31537,7,,,0,20,,31538,7,,,0,62,,31539,7,,,0,21,,31540,7,,,0,61,,31541,7,,,0,21,,31542,7,,,0,21,,31543,7,,,0,61,,31544,7,,,0,18,,31545,7,,,0,20,,31546,7,,,0,60,,31547,7,,,0,20,,31548,7,,,0,20,,31549,7,,,0,60,,31550,7,,,0,20,,31551,7,,,0,14,,31552,7,,,0,20,,31553,7,,,0,60,,31554,7,,,0,25,,31555,7,,,0,65,,31556,7,,,0,25,,31557,7,,,0,25,,31558,7,,,0,65,,31559,7,,,0,25,,31560,7,,,0
2500,'3',629,,31561,7,,,0,23,,31592,7,,,0,64,,31562,7,,,0,25,,31593,7,,,0,65,,31563,7,,,0,24,,31564,7,,,0,27,,31565,7,,,0,66,,31566,7,,,0,29,,31567,7,,,0,65,,31568,7,,,0,30,,31569,7,,,0,67,,31570,7,,,0,30,,31571,7,,,0,65,,31572,7,,,0,25,,31573,7,,,0,70,,31574,7,,,0,25,,31575,7,,,0,30,,31576,7,,,0,66,,31577,7,,,0,30,,31578,7,,,0,70,,31579,7,,,0,30,,31580,7,,,0,70,,31581,7,,,0,30,,31582,7,,,0,70,,31583,7,,,0,30,,31584,7,,,0,69,,31585,7,,,0,30,,31586,7,,,0,70,,31587,7,,,0,28,,31594,7,,,0,67,,31588,7,,,0,28,,31595,7,,,0,67,,31589,7,,,0,25,,31596,7,,,0,65,,31590,7,,,0,25,,31597,7,,,0,25,,31591,7,,,0
2500,'30',852,,31606,7,,,0,63,,31613,7,,,0,30,,31614,7,,,0,70,,31615,7,,,0,30,,31616,7,,,0,70,,31617,7,,,0,30,,31618,7,,,0,70,,31619,7,,,0,30,,31620,7,,,0,70,,31621,7,,,0,30,,31622,7,,,0,70,,31623,7,,,0,30,,31607,7,,,0,70,,31605,7,,,0,27,,31609,7,,,0,67,,31604,7,,,0,27,,31608,7,,,0,67,,31603,7,,,0,22,,31610,7,,,0,27,,31602,7,,,0,67,,31611,7,,,0,24,,31612,7,,,0,70,,31601,7,,,0,28,,31624,7,,,0,70,,31600,7,,,0,33,,31625,7,,,0,70,,31599,7,,,0,30,,31626,7,,,0,67,,31598,7,,,0,30,,31627,7,,,0
2500,'4',852,,31636,7,,,0,63,,31643,7,,,0,30,,31644,7,,,0,70,,31645,7,,,0,30,,31646,7,,,0,70,,31647,7,,,0,30,,31648,7,,,0,70,,31649,7,,,0,30,,31650,7,,,0,70,,31651,7,,,0,30,,31652,7,,,0,70,,31653,7,,,0,30,,31637,7,,,0,70,,31635,7,,,0,27,,31639,7,,,0,67,,31634,7,,,0,27,,31638,7,,,0,67,,31633,7,,,0,22,,31640,7,,,0,27,,31632,7,,,0,67,,31641,7,,,0,24,,31642,7,,,0,70,,31631,7,,,0,28,,31654,7,,,0,70,,31630,7,,,0,33,,31655,7,,,0,70,,31629,7,,,0,30,,31656,7,,,0,67,,31628,7,,,0,30,,31657,7,,,0
2700,'2',605,,31810,7,,,0,30,,31811,7,,,0,70,,31807,7,,,0,16,,31808,7,,,0,16,,31819,7,,,0,14,,31852,7,,,0,57,,31812,7,,,0,16,,31836,7,,,0,17,,31828,7,,,0,16,,31844,7,,,0,57,,31820,7,,,0,16,,31851,7,,,0,15,,31813,7,,,0,57,,31837,7,,,0,17,,31829,7,,,0,16,,31845,7,,,0,15,,31821,7,,,0,56,,31850,7,,,0,15,,31814,7,,,0,17,,31838,7,,,0,17,,31830,7,,,0,56,,31846,7,,,0,15,,31822,7,,,0,16,,31853,7,,,0,15,,31815,7,,,0,56,,31839,7,,,0,17,,31831,7,,,0,17,,31847,7,,,0,55,,31823,7,,,0,11,,31854,7,,,0,15,,31816,7,,,0,16,,31840,7,,,0,60,,31832,7,,,0,17,,31848,7,,,0,15,,31824,7,,,0,13,,31855,7,,,0,51,,31817,7,,,0,12,,31809,7,,,0,14,,31841,7,,,0,20,,31833,7,,,0,58,,31849,7,,,0,14,,31825,7,,,0,13,,31856,7,,,0,15,,31818,7,,,0,12,,31858,7,,,0,61,,31842,7,,,0,20,,31834,7,,,0,66,,31826,7,,,0,13,,31857,7,,,0,20,,31859,7,,,0,20,,31843,7,,,0,61,,31835,7,,,0,26,,31827,7,,,0,13,,31864,7,,,0,57,,31860,7,,,0,30,,31861,7,,,0,70,,31862,7,,,0,30,,31863,7,,,0
2700,'3',854,,31865,7,,,0,73,,31867,7,,,0,85,,31876,7,,,0,42,,31868,7,,,0,74,,31886,7,,,0,30,,31877,7,,,0,74,,31869,7,,,0,72,,31866,7,,,0,32,,31878,7,,,0,72,,31870,7,,,0,32,,31885,7,,,0,70,,31879,7,,,0,34,,31871,7,,,0,72,,31887,7,,,0,30,,31880,7,,,0,74,,31872,7,,,0,32,,31888,7,,,0,59,,31881,7,,,0,45,,31873,7,,,0,85,,31882,7,,,0,85,,31874,7,,,0,85,,31883,7,,,0,40,,31875,7,,,0,80,,31884,7,,,0
2700,'30',835,,31889,7,,,0,85,,31896,7,,,0,85,,31890,7,,,0,45,,31897,7,,,0,85,,31891,7,,,0,85,,31898,7,,,0,32,,31900,7,,,0,62,,31892,7,,,0,42,,31899,7,,,0,72,,31901,7,,,0,72,,31893,7,,,0,32,,31902,7,,,0,72,,31904,7,,,0,32,,31894,7,,,0,72,,31903,7,,,0,92,,31895,7,,,0,45,,31906,7,,,0,85,,31905,7,,,0
2700,'4',835,,31907,7,,,0,85,,31914,7,,,0,85,,31908,7,,,0,45,,31915,7,,,0,85,,31909,7,,,0,85,,31916,7,,,0,32,,31918,7,,,0,62,,31910,7,,,0,42,,31917,7,,,0,72,,31919,7,,,0,72,,31911,7,,,0,32,,31920,7,,,0,72,,31922,7,,,0,32,,31912,7,,,0,72,,31921,7,,,0,92,,31913,7,,,0,45,,31924,7,,,0,85,,31923,7,,,0
