600,'2',608,,35275,25,,,1,28,,35274,25,,,1,80,,35276,25,,,1,25,,35277,25,,,1,60,,35278,25,,,1,25,,35279,25,,,1,25,,35280,25,,,1,66,,35281,25,,,1,30,,35282,25,,,1,70,,35283,25,,,1,25,,35284,25,,,1,70,,35285,25,,,1,30,,35286,25,,,1,70,,35287,25,,,1,25,,35288,25,,,1,70,,35289,25,,,1,30,,35290,25,,,1,70,,35291,25,,,1,30,,35292,25,,,1,65,,35293,25,,,1,30,,35294,25,,,1,25,,35295,25,,,1,71,,35296,25,,,1,30,,35297,25,,,1,70,,35298,25,,,1,30,,35299,25,,,1,63,,35300,25,,,1,25,,35301,25,,,1,65,,35302,25,,,1,25,,35303,25,,,1,65,,35304,25,,,1,25,,35305,25,,,1,24,,35306,25,,,1,65,,35307,25,,,1,25,,35308,25,,,1,65,,35309,25,,,1,25,,35310,25,,,1,25,,35311,25,,,1,65,,35312,25,,,1,25,,35313,25,,,1,67,,35314,25,,,1,25,,35315,25,,,1,69,,35316,25,,,1
600,'3',601,,35317,8,,,1,33,,35318,25,,,1,67,,35319,25,,,1,35,,35320,25,,,1,76,,35321,25,,,1,35,,35322,25,,,1,75,,35323,25,,,1,25,,35325,8,,,1,10,,35324,25,,,1,72,,35326,25,,,1,28,,35327,25,,,1,65,,35328,25,,,1,25,,35329,25,,,1,64,,35330,25,,,1,18,,35331,25,,,1,20,,35332,25,,,1,58,,35333,25,,,1,20,,35334,25,,,1,19,,35335,25,,,1,61,,35336,25,,,1,20,,35337,25,,,1,20,,35338,25,,,1,60,,35339,25,,,1,20,,35340,25,,,1,20,,35341,25,,,1,60,,35342,25,,,1,20,,35343,25,,,1,20,,35344,25,,,1,60,,35345,25,,,1,20,,35346,25,,,1,20,,35347,25,,,1,59,,35348,25,,,1,20,,35349,25,,,1,15,,35350,25,,,1,65,,35351,25,,,1,25,,35352,25,,,1,25,,35353,25,,,1,65,,35354,25,,,1,25,,35355,25,,,1,65,,35356,25,,,1,26,,35357,25,,,1,79,,35358,25,,,1,33,,35359,25,,,1,76,,35360,25,,,1,76,,35361,25,,,1,36,,35362,25,,,1,69,,35363,25,,,1
600,'30',855,,35364,8,,,1,68,,35365,8,,,1,35,,35366,25,,,1,75,,35367,25,,,1,75,,35368,25,,,1,35,,35369,25,,,1,70,,35370,8,,,1,16,,35371,25,,,1,74,,35372,25,,,1,25,,35373,25,,,1,25,,35374,25,,,1,65,,35375,25,,,1,25,,35376,25,,,1,65,,35377,25,,,1,25,,35378,25,,,1,25,,35379,25,,,1,65,,35380,25,,,1,25,,35381,25,,,1,65,,35382,25,,,1,26,,35383,25,,,1,63,,35384,25,,,1,25,,35385,25,,,1,77,,35386,25,,,1,35,,35387,25,,,1,75,,35388,25,,,1,35,,35389,25,,,1,75,,35390,25,,,1,35,,35391,25,,,1,73,,35392,25,,,1,74,,35393,25,,,1
600,'4',855,,35394,8,,,1,68,,35395,8,,,1,35,,35396,25,,,1,75,,35397,25,,,1,75,,35398,25,,,1,35,,35399,25,,,1,70,,35423,8,,,1,16,,35400,25,,,1,74,,35401,25,,,1,25,,35402,25,,,1,25,,35403,25,,,1,65,,35404,25,,,1,25,,35405,25,,,1,65,,35406,25,,,1,25,,35407,25,,,1,25,,35408,25,,,1,65,,35409,25,,,1,25,,35410,25,,,1,65,,35411,25,,,1,26,,35412,25,,,1,63,,35413,25,,,1,25,,35414,25,,,1,77,,35415,25,,,1,35,,35416,25,,,1,75,,35417,25,,,1,35,,35418,25,,,1,75,,35419,25,,,1,35,,35420,25,,,1,73,,35421,25,,,1,74,,35422,25,,,1
1301,'2',635,,37057,54,0,10 14 20,1,7,,37058,28,,,1,15,,37059,54,0,10 14 20,1,58,,37060,28,,,1,10,,37061,54,0,10 14 20,1,15,,37062,28,,,1,15,,37063,54,0,10 14 20,1,55,,37064,28,,,1,15,,37065,54,0,10 14 20,1,15,,37066,28,,,1,15,,37067,54,0,10 14 20,1,55,,37068,28,,,1,10,,37069,54,0,10 14 20,1,15,,37070,32,,,1,15,,37071,54,0,10 14 20,1,55,,37072,32,,,1,15,,37073,54,0,10 14 20,1,15,,37074,32,,,1,15,,37075,54,0,10 14 20,1,55,,37076,32,,,1,10,,37077,54,0,10 14 20,1,15,,37078,32,,,1,15,,37079,54,0,10 14 20,1,55,,37080,32,,,1,16,,37081,54,0,10 14 20,1,15,,37082,32,,,1,15,,37083,54,0,10 14 20,1,55,,37084,32,,,1,15,,37085,54,0,10 14 20,1,15,,37086,32,,,1,15,,37087,54,0,10 14 20,1,55,,37088,32,,,1,15,,37089,54,0,10 14 20,1,15,,37090,28,,,1,15,,37091,54,0,10 14 20,1,55,,37092,28,,,1,15,,37093,54,0,10 14 20,1,15,,37094,28,,,1,21,,37095,54,0,10 14 20,1,55,,37096,28,,,1,17,,37097,54,0,10 14 20,1,15,,37098,28,,,1,15,,37099,54,0,10 14 20,1,55,,37100,28,,,1,13,,37101,54,0,10 14 20,1,13,,37102,28,,,1,15,,37103,54,0,10 14 20,1,55,,37104,28,,,1,12,,37105,54,0,10 14 20,1,20,,37107,28,,,1,20,,37111,28,,,1,60,,37108,54,0,10 14 20,1,15,,37112,28,,,1,15,,37109,54,0,10 14 20,1,60,,37113,28,,,1,20,,37110,54,0,10 14 20,1,20,,37114,28,,,1,59,,37115,54,0,10 14 20,1,25,,37118,28,,,1,70,,37116,54,0,10 14 20,1,30,,37119,28,,,1,25,,37117,54,0,10 14 20,1,65,,37120,28,,,1,18,,37121,54,0,10 14 20,1,74,,37123,28,,,1,29,,37122,54,0,10 14 20,1,64,,37124,28,,,1
1301,'3',634,,37125,54,0,10 14 20,1,75,,37126,28,,,1,35,,37127,54,0,10 14 20,1,61,,37128,28,,,1,16,,37132,54,0,10 14 20,1,16,,37129,28,,,1,16,,37133,54,0,10 14 20,1,56,,37130,28,,,1,16,,37134,28,,,1,16,,37131,54,0,10 14 20,1,16,,37135,28,,,1,56,,37136,54,0,10 14 20,1,15,,37137,28,,,1,10,,37153,54,0,10 14 20,1,15,,37138,28,,,1,55,,37154,54,0,10 14 20,1,15,,37139,28,,,1,15,,37155,54,0,10 14 20,1,15,,37140,28,,,1,57,,37156,54,0,10 14 20,1,15,,37141,28,,,1,15,,37157,54,0,10 14 20,1,15,,37142,28,,,1,55,,37158,54,0,10 14 20,1,15,,37143,28,,,1,10,,37159,54,0,10 14 20,1,15,,37144,28,,,1,55,,37160,54,0,10 14 20,1,15,,37145,28,,,1,15,,37161,54,0,10 14 20,1,15,,37146,28,,,1,55,,37162,54,0,10 14 20,1,15,,37147,28,,,1,15,,37163,54,0,10 14 20,1,15,,37148,28,,,1,50,,37164,54,0,10 14 20,1,15,,37149,28,,,1,15,,37165,54,0,10 14 20,1,15,,37150,28,,,1,55,,37166,54,0,10 14 20,1,15,,37151,28,,,1,15,,37167,54,0,10 14 20,1,15,,37152,28,,,1,55,,37168,54,0,10 14 20,1,15,,37173,28,,,1,15,,37169,54,0,10 14 20,1,15,,37174,28,,,1,60,,37170,54,0,10 14 20,1,20,,37175,28,,,1,20,,37171,54,0,10 14 20,1,60,,37176,28,,,1,20,,37172,54,0,10 14 20,1,20,,37177,28,,,1,59,,37178,54,0,10 14 20,1,24,,37182,28,,,1,30,,37179,54,0,10 14 20,1,70,,37183,28,,,1,20,,37180,54,0,10 14 20,1,65,,37184,28,,,1,30,,37181,54,0,10 14 20,1,70,,37185,28,,,1,42,,37187,54,0,10 14 20,1,51,,37186,28,,,1
1301,'30',707,,37209,54,0,10 14 20,1,35,,37211,28,,,1,75,,37210,54,0,10 14 20,1,35,,37212,28,,,1,69,,37213,10,,,1,6,,37208,54,0,10 14 20,1,30,,37207,28,,,1,71,,37196,54,0,10 14 20,1,30,,37206,28,,,1,65,,37195,54,0,10 14 20,1,30,,37205,28,,,1,71,,37194,54,0,10 14 20,1,30,,37204,28,,,1,70,,37193,54,0,10 14 20,1,30,,37203,28,,,1,70,,37192,54,0,10 14 20,1,30,,37202,28,,,1,70,,37191,54,0,10 14 20,1,30,,37201,28,,,1,65,,37190,54,0,10 14 20,1,30,,37200,28,,,1,70,,37189,54,0,10 14 20,1,30,,37199,28,,,1,70,,37188,54,0,10 14 20,1,27,,37198,28,,,1,65,,37214,54,0,10 14 20,1,30,,37218,28,,,1,65,,37215,54,0,10 14 20,1,25,,37219,28,,,1,15,,37216,54,0,10 14 20,1,70,,37220,28,,,1,30,,37217,54,0,10 14 20,1,71,,37221,28,,,1,37,,37222,54,0,10 14 20,1,51,,37197,28,,,1
1301,'4',707,,37244,54,0,10 14 20,1,35,,37246,28,,,1,75,,37245,54,0,10 14 20,1,35,,37247,28,,,1,69,,37248,10,,,1,6,,37243,54,0,10 14 20,1,30,,37242,28,,,1,71,,37231,54,0,10 14 20,1,30,,37241,28,,,1,65,,37230,54,0,10 14 20,1,30,,37240,28,,,1,71,,37229,54,0,10 14 20,1,30,,37239,28,,,1,70,,37228,54,0,10 14 20,1,30,,37238,28,,,1,70,,37227,54,0,10 14 20,1,30,,37237,28,,,1,70,,37226,54,0,10 14 20,1,30,,37236,28,,,1,65,,37225,54,0,10 14 20,1,30,,37235,28,,,1,70,,37224,54,0,10 14 20,1,30,,37234,28,,,1,70,,37223,54,0,10 14 20,1,27,,37233,28,,,1,65,,37249,54,0,10 14 20,1,30,,37253,28,,,1,65,,37250,54,0,10 14 20,1,25,,37254,28,,,1,15,,37251,54,0,10 14 20,1,70,,37255,28,,,1,30,,37252,54,0,10 14 20,1,71,,37256,28,,,1,37,,37257,54,0,10 14 20,1,51,,37232,28,,,1
1501,'2',636,,37453,46,0,10 26 27,1,20,,37454,44,0,13 26 27,1,61,,37455,46,0,10 26 27,1,16,,37456,44,0,13 26 27,1,16,,37459,46,0,10 26 27,1,51,,37457,44,0,13 26 27,1,16,,37460,46,0,10 26 27,1,16,,37458,44,0,13 26 27,1,16,,37461,46,0,10 26 27,1,56,,37462,44,0,13 26 27,1,15,,37480,46,0,10 26 27,1,15,,37463,44,0,13 26 27,1,15,,37481,46,0,10 26 27,1,55,,37464,44,0,13 26 27,1,15,,37482,46,0,10 26 27,1,15,,37465,44,0,13 26 27,1,15,,37483,46,0,10 26 27,1,55,,37466,44,0,13 26 27,1,15,,37484,46,0,10 26 27,1,15,,37467,44,0,13 26 27,1,15,,37485,46,0,10 26 27,1,55,,37468,44,0,13 26 27,1,15,,37486,46,0,10 26 27,1,15,,37469,44,0,13 26 27,1,15,,37487,46,0,10 26 27,1,55,,37470,44,0,13 26 27,1,15,,37488,46,0,10 26 27,1,15,,37471,44,0,13 26 27,1,15,,37489,46,0,10 26 27,1,53,,37472,44,0,13 26 27,1,18,,37490,46,0,10 26 27,1,15,,37473,44,0,13 26 27,1,15,,37491,46,0,10 26 27,1,55,,37474,44,0,13 26 27,1,15,,37492,46,0,10 26 27,1,15,,37475,44,0,13 26 27,1,15,,37493,46,0,10 26 27,1,55,,37476,44,0,13 26 27,1,17,,37494,46,0,10 26 27,1,15,,37477,44,0,13 26 27,1,17,,37495,46,0,10 26 27,1,53,,37478,44,0,13 26 27,1,15,,37496,46,0,10 26 27,1,15,,37479,44,0,13 26 27,1,12,,37499,46,0,10 26 27,1,57,,37500,44,0,13 26 27,1,18,,37501,46,0,10 26 27,1,22,,37502,44,0,13 26 27,1,58,,37514,46,0,10 26 27,1,37,,37503,44,0,13 26 27,1,68,,37504,46,0,10 26 27,1,22,,37505,44,0,13 26 27,1,15,,37506,46,0,10 26 27,1,67,,37507,44,0,13 26 27,1,27,,37508,46,0,10 26 27,1,70,,37509,44,0,13 26 27,1,30,,37510,46,0,10 26 27,1,70,,37511,44,0,13 26 27,1,30,,37512,46,0,10 26 27,1,72,,37513,44,0,13 26 27,1,23,,37517,46,0,10 26 27,1,71,,37516,44,0,13 26 27,1
1501,'3',635,,37522,44,0,13 26 27,1,90,,37523,46,0,10 26 27,1,75,,37524,44,0,13 26 27,1,30,,37525,46,0,10 26 27,1,70,,37527,44,0,13 26 27,1,30,,37526,46,0,10 26 27,1,70,,37528,44,0,13 26 27,1,21,,37529,46,0,10 26 27,1,20,,37530,44,0,13 26 27,1,60,,37531,44,0,13 26 27,1,20,,37532,46,0,10 26 27,1,20,,37543,44,0,13 26 27,1,60,,37533,46,0,10 26 27,1,20,,37544,44,0,13 26 27,1,20,,37534,46,0,10 26 27,1,60,,37545,44,0,13 26 27,1,20,,37535,46,0,10 26 27,1,20,,37546,44,0,13 26 27,1,60,,37536,46,0,10 26 27,1,21,,37547,44,0,13 26 27,1,20,,37537,46,0,10 26 27,1,60,,37548,44,0,13 26 27,1,20,,37538,46,0,10 26 27,1,20,,37549,44,0,13 26 27,1,60,,37539,46,0,10 26 27,1,20,,37550,44,0,13 26 27,1,20,,37540,46,0,10 26 27,1,60,,37551,44,0,13 26 27,1,20,,37541,46,0,10 26 27,1,15,,37552,44,0,13 26 27,1,65,,37542,46,0,10 26 27,1,29,,37553,44,0,13 26 27,1,70,,37559,46,0,10 26 27,1,30,,37554,44,0,13 26 27,1,70,,37560,46,0,10 26 27,1,30,,37555,44,0,13 26 27,1,70,,37561,46,0,10 26 27,1,25,,37556,44,0,13 26 27,1,30,,37562,46,0,10 26 27,1,65,,37557,44,0,13 26 27,1,30,,37563,46,0,10 26 27,1,65,,37558,44,0,13 26 27,1,25,,37564,46,0,10 26 27,1,70,,37565,44,0,13 26 27,1,95,,37566,46,0,10 26 27,1
1501,'30',637,,37607,46,0,10 26 27,1,65,,37608,44,0,13 26 27,1,24,,37571,46,0,10 26 27,1,26,,37572,44,0,13 26 27,1,70,,37606,46,0,10 26 27,1,23,,37605,44,0,13 26 27,1,67,,37573,46,0,10 26 27,1,32,,37574,44,0,13 26 27,1,70,,37575,46,0,10 26 27,1,22,,37576,44,0,13 26 27,1,70,,37577,46,0,10 26 27,1,25,,37578,44,0,13 26 27,1,70,,37579,46,0,10 26 27,1,30,,37580,44,0,13 26 27,1,28,,37581,46,0,10 26 27,1,70,,37582,44,0,13 26 27,1,30,,37583,46,0,10 26 27,1,70,,37584,44,0,13 26 27,1,30,,37585,46,0,10 26 27,1,70,,37586,44,0,13 26 27,1,30,,37587,46,0,10 26 27,1,70,,37588,44,0,13 26 27,1,30,,37589,46,0,10 26 27,1,70,,37590,44,0,13 26 27,1,30,,37591,46,0,10 26 27,1,70,,37592,44,0,13 26 27,1,26,,37593,46,0,10 26 27,1,70,,37594,44,0,13 26 27,1,30,,37595,46,0,10 26 27,1,65,,37596,44,0,13 26 27,1,25,,37597,46,0,10 26 27,1,70,,37598,44,0,13 26 27,1,30,,37599,46,0,10 26 27,1,61,,37600,44,0,13 26 27,1,30,,37601,46,0,10 26 27,1,70,,37602,44,0,13 26 27,1
1501,'4',637,,37646,46,0,10 26 27,1,65,,37647,44,0,13 26 27,1,24,,37610,46,0,10 26 27,1,26,,37611,44,0,13 26 27,1,70,,37645,46,0,10 26 27,1,23,,37644,44,0,13 26 27,1,67,,37612,46,0,10 26 27,1,32,,37613,44,0,13 26 27,1,70,,37614,46,0,10 26 27,1,22,,37615,44,0,13 26 27,1,70,,37616,46,0,10 26 27,1,25,,37617,44,0,13 26 27,1,70,,37618,46,0,10 26 27,1,30,,37619,44,0,13 26 27,1,28,,37620,46,0,10 26 27,1,70,,37621,44,0,13 26 27,1,30,,37622,46,0,10 26 27,1,70,,37623,44,0,13 26 27,1,30,,37624,46,0,10 26 27,1,70,,37625,44,0,13 26 27,1,30,,37626,46,0,10 26 27,1,70,,37627,44,0,13 26 27,1,30,,37628,46,0,10 26 27,1,70,,37629,44,0,13 26 27,1,30,,37630,46,0,10 26 27,1,70,,37631,44,0,13 26 27,1,26,,37632,46,0,10 26 27,1,70,,37633,44,0,13 26 27,1,30,,37634,46,0,10 26 27,1,65,,37635,44,0,13 26 27,1,25,,37636,46,0,10 26 27,1,70,,37637,44,0,13 26 27,1,30,,37638,46,0,10 26 27,1,61,,37639,44,0,13 26 27,1,30,,37640,46,0,10 26 27,1,70,,37641,44,0,13 26 27,1
10600,'3302',711,,41852,10,,,1,20,,41867,10,,,1,21,,41853,10,,,1,60,,41868,10,,,1,25,,41854,10,,,1,20,,41869,10,,,1,66,,41855,10,,,1,20,,41870,10,,,1,65,,41856,10,,,1,25,,41871,10,,,1,20,,41857,10,,,1,65,,41872,10,,,1,20,,41858,10,,,1,20,,41873,10,,,1,65,,41859,10,,,1,21,,41874,10,,,1,65,,41860,10,,,1,20,,41875,10,,,1,25,,41861,10,,,1,60,,41876,10,,,1,26,,41862,10,,,1,60,,41877,10,,,1,25,,41863,10,,,1,20,,41878,10,,,1,65,,41864,10,,,1,22,,41879,10,,,1,70,,41865,10,,,1,20,,41880,10,,,1,10,,41882,10,,,1,25,,41866,10,,,1,57,,41881,10,,,1,10,,41883,10,,,1,20,,41888,10,,,1,59,,41884,10,,,1,18,,41889,10,,,1,22,,41885,10,,,1,58,,41890,10,,,1,22,,41886,10,,,1,18,,41891,10,,,1,62,,41887,10,,,1,17,,41892,10,,,1,38,,41893,10,,,1,81,,41894,10,,,1,80,,41895,10,,,1,40,,41896,10,,,1
10600,'3602',721,,41897,10,,,1,20,,41912,10,,,1,61,,41898,10,,,1,20,,41913,10,,,1,25,,41899,10,,,1,60,,41914,10,,,1,26,,41900,10,,,1,20,,41915,10,,,1,65,,41901,10,,,1,25,,41916,10,,,1,60,,41902,10,,,1,25,,41917,10,,,1,20,,41903,10,,,1,60,,41918,10,,,1,26,,41904,10,,,1,20,,41919,10,,,1,65,,41905,10,,,1,20,,41920,10,,,1,65,,41906,10,,,1,20,,41921,10,,,1,26,,41907,10,,,1,60,,41922,10,,,1,25,,41908,10,,,1,20,,41923,10,,,1,67,,41909,10,,,1,25,,41924,10,,,1,65,,41910,10,,,1,35,,41925,10,,,1,60,,41911,10,,,1,27,,41926,10,,,1,20,,41927,10,,,1,58,,41928,10,,,1,20,,41929,10,,,1,21,,41930,10,,,1,58,,41931,10,,,1,22,,41932,10,,,1,18,,41933,10,,,1
10600,'3903',1110,,41934,10,,,1,41,,41935,10,,,1,86,,41936,10,,,1,80,,41937,10,,,1,40,,41938,10,,,1,81,,41939,10,,,1,85,,41940,10,,,1,85,,41941,10,,,1,92,,41942,10,,,1,50,,41943,10,,,1,81,,41944,10,,,1,80,,41945,10,,,1,40,,41946,10,,,1,80,,41947,10,,,1,79,,41948,10,,,1,39,,41949,10,,,1,80,,41950,10,,,1
10600,'6404',1110,,41951,10,,,1,41,,41952,10,,,1,86,,41953,10,,,1,80,,41954,10,,,1,40,,41955,10,,,1,81,,41956,10,,,1,85,,41957,10,,,1,85,,41958,10,,,1,92,,41959,10,,,1,50,,41960,10,,,1,81,,41961,10,,,1,80,,41962,10,,,1,40,,41963,10,,,1,80,,41964,10,,,1,79,,41965,10,,,1,39,,41966,10,,,1
