400,'11802',1506,,43357,23,0,13 18 19 20,1,248,,43358,23,0,10 18 19 20,1
400,'2',625,,43385,23,0,13 18 19 20,1,81,,43384,23,0,10 18 19 20,1,15,,43383,23,0,13 18 19 20,1,15,,43382,23,0,10 18 19 20,1,15,,43381,23,0,13 18 19 20,1,55,,43380,23,0,10 18 19 20,1,15,,43379,23,0,13 18 19 20,1,15,,43378,23,0,10 18 19 20,1,15,,43377,23,0,13 18 19 20,1,60,,43376,23,0,10 18 19 20,1,20,,43375,23,0,13 18 19 20,1,20,,43374,23,0,10 18 19 20,1,60,,43373,23,0,13 18 19 20,1,20,,43372,23,0,10 18 19 20,1,20,,43371,23,0,13 18 19 20,1,60,,43370,23,0,10 18 19 20,1,20,,43369,23,0,13 18 19 20,1,20,,43368,23,0,10 18 19 20,1,60,,43367,23,0,13 18 19 20,1,20,,43366,23,0,10 18 19 20,1,20,,43365,23,0,13 18 19 20,1,60,,43364,23,0,10 18 19 20,1,20,,43363,23,0,13 18 19 20,1,17,,43362,23,0,10 18 19 20,1,55,,43387,23,0,13 18 19 20,1,10,,43388,23,0,10 18 19 20,1,15,,43396,23,0,13 18 19 20,1,15,,43389,23,0,10 18 19 20,1,15,,43397,23,0,13 18 19 20,1,55,,43390,23,0,10 18 19 20,1,15,,43398,23,0,13 18 19 20,1,15,,43391,23,0,10 18 19 20,1,14,,43399,23,0,13 18 19 20,1,55,,43392,23,0,10 18 19 20,1,15,,43400,23,0,13 18 19 20,1,10,,43393,23,0,10 18 19 20,1,15,,43401,23,0,13 18 19 20,1,55,,43394,23,0,10 18 19 20,1,10,,43402,23,0,13 18 19 20,1,15,,43395,23,0,10 18 19 20,1,10,,43403,23,0,13 18 19 20,1,61,,43404,23,0,10 18 19 20,1,20,,43405,23,0,13 18 19 20,1,15,,43409,23,0,10 18 19 20,1,20,,43406,23,0,13 18 19 20,1,60,,43410,23,0,10 18 19 20,1,20,,43407,23,0,13 18 19 20,1,20,,43411,23,0,10 18 19 20,1,60,,43408,23,0,13 18 19 20,1,17,,43412,23,0,10 18 19 20,1,15,,43413,23,0,13 18 19 20,1,65,,43416,23,0,10 18 19 20,1,30,,43414,23,0,13 18 19 20,1,70,,43417,23,0,10 18 19 20,1,30,,43415,23,0,13 18 19 20,1,70,,43418,23,0,10 18 19 20,1,40,,43419,23,0,13 18 19 20,1,99,,43420,23,0,13 18 19 20,1
400,'3',612,,43423,23,0,13 18 19 20,1,13,,43422,23,0,10 18 19 20,1,32,,43425,23,0,13 18 19 20,1,70,,43432,23,0,10 18 19 20,1,30,,43426,23,0,13 18 19 20,1,69,,43433,23,0,10 18 19 20,1,30,,43427,23,0,13 18 19 20,1,70,,43434,23,0,10 18 19 20,1,30,,43428,23,0,13 18 19 20,1,70,,43435,23,0,10 18 19 20,1,30,,43429,23,0,13 18 19 20,1,70,,43436,23,0,10 18 19 20,1,30,,43430,23,0,13 18 19 20,1,67,,43437,23,0,10 18 19 20,1,29,,43431,23,0,13 18 19 20,1,63,,43438,23,0,10 18 19 20,1,20,,43443,23,0,13 18 19 20,1,65,,43439,23,0,10 18 19 20,1,25,,43444,23,0,13 18 19 20,1,25,,43440,23,0,10 18 19 20,1,65,,43445,23,0,13 18 19 20,1,25,,43441,23,0,10 18 19 20,1,65,,43446,23,0,13 18 19 20,1,25,,43442,23,0,10 18 19 20,1,25,,43447,23,0,13 18 19 20,1,65,,43454,23,0,10 18 19 20,1,25,,43450,23,0,13 18 19 20,1,65,,43455,23,0,10 18 19 20,1,25,,43451,23,0,13 18 19 20,1,65,,43456,23,0,10 18 19 20,1,25,,43452,23,0,13 18 19 20,1,25,,43457,23,0,10 18 19 20,1,65,,43453,23,0,13 18 19 20,1,25,,43458,23,0,10 18 19 20,1,61,,43459,23,0,13 18 19 20,1,30,,43462,23,0,10 18 19 20,1,75,,43460,23,0,13 18 19 20,1,30,,43463,23,0,10 18 19 20,1,70,,43461,23,0,13 18 19 20,1,30,,43464,23,0,10 18 19 20,1,66,,43448,23,0,13 18 19 20,1,54,,43449,23,0,10 18 19 20,1
400,'30',655,,43495,23,0,13 18 19 20,1,82,,43496,23,0,10 18 19 20,1,80,,43497,23,0,13 18 19 20,1,84,,43467,23,0,10 18 19 20,1,35,,43468,23,0,13 18 19 20,1,65,,43469,23,0,10 18 19 20,1,30,,43470,23,0,13 18 19 20,1,70,,43471,23,0,10 18 19 20,1,30,,43472,23,0,13 18 19 20,1,70,,43473,23,0,10 18 19 20,1,26,,43474,23,0,13 18 19 20,1,30,,43475,23,0,10 18 19 20,1,70,,43476,23,0,13 18 19 20,1,30,,43477,23,0,10 18 19 20,1,70,,43478,23,0,13 18 19 20,1,30,,43479,23,0,10 18 19 20,1,70,,43480,23,0,13 18 19 20,1,30,,43481,23,0,10 18 19 20,1,70,,43482,23,0,13 18 19 20,1,30,,43483,23,0,10 18 19 20,1,70,,43484,23,0,13 18 19 20,1,30,,43485,23,0,10 18 19 20,1,72,,43486,23,0,13 18 19 20,1,30,,43487,23,0,10 18 19 20,1,70,,43488,23,0,13 18 19 20,1,30,,43489,23,0,10 18 19 20,1,70,,43490,23,0,13 18 19 20,1,30,,43491,23,0,10 18 19 20,1,70,,43492,23,0,13 18 19 20,1,30,,43493,23,0,10 18 19 20,1,66,,43494,23,0,13 18 19 20,1,29,,43465,23,0,10 18 19 20,1
400,'4',655,,43528,23,0,13 18 19 20,1,82,,43529,23,0,10 18 19 20,1,80,,43530,23,0,13 18 19 20,1,84,,43500,23,0,10 18 19 20,1,35,,43501,23,0,13 18 19 20,1,65,,43502,23,0,10 18 19 20,1,30,,43503,23,0,13 18 19 20,1,70,,43504,23,0,10 18 19 20,1,30,,43505,23,0,13 18 19 20,1,70,,43506,23,0,10 18 19 20,1,26,,43507,23,0,13 18 19 20,1,30,,43508,23,0,10 18 19 20,1,70,,43509,23,0,13 18 19 20,1,30,,43510,23,0,10 18 19 20,1,70,,43511,23,0,13 18 19 20,1,30,,43512,23,0,10 18 19 20,1,70,,43513,23,0,13 18 19 20,1,30,,43514,23,0,10 18 19 20,1,70,,43515,23,0,13 18 19 20,1,30,,43516,23,0,10 18 19 20,1,70,,43517,23,0,13 18 19 20,1,30,,43518,23,0,10 18 19 20,1,72,,43519,23,0,13 18 19 20,1,30,,43520,23,0,10 18 19 20,1,70,,43521,23,0,13 18 19 20,1,30,,43522,23,0,10 18 19 20,1,70,,43523,23,0,13 18 19 20,1,30,,43524,23,0,10 18 19 20,1,70,,43525,23,0,13 18 19 20,1,30,,43526,23,0,10 18 19 20,1,66,,43527,23,0,13 18 19 20,1,29,,43498,23,0,10 18 19 20,1
601,'2',624,,44069,12,,,1,77,,44071,12,,,1,35,,44072,12,,,1,65,,44073,12,,,1,25,,44074,12,,,1,25,,44075,12,,,1,69,,44077,12,,,1,25,,44078,12,,,1,70,,44079,12,,,1,30,,44080,12,,,1,65,,44081,12,,,1,30,,44082,12,,,1,70,,44083,12,,,1,30,,44084,12,,,1,70,,44085,12,,,1,25,,44086,12,,,1,70,,44087,12,,,1,30,,44088,12,,,1,70,,44089,12,,,1,30,,44090,12,,,1,70,,44091,12,,,1,25,,44092,12,,,1,70,,44093,12,,,1,30,,44094,12,,,1,70,,44095,12,,,1,25,,44096,12,,,1,25,,44097,12,,,1,65,,44098,12,,,1,25,,44099,12,,,1,61,,44100,12,,,1,25,,44101,12,,,1,25,,44102,12,,,1,65,,44103,12,,,1,25,,44104,12,,,1,65,,44105,12,,,1,25,,44106,12,,,1,25,,44107,12,,,1,65,,44108,12,,,1,26,,44109,12,,,1,67,,44110,12,,,1,43,,44111,12,,,1
601,'3',614,,44113,12,,,1,33,,44114,12,,,1,75,,44115,12,,,1,35,,44116,12,,,1,75,,44117,12,,,1,75,,44118,12,,,1,35,,44119,12,,,1,65,,44120,12,,,1,20,,44121,12,,,1,30,,44122,12,,,1,65,,44123,12,,,1,20,,44124,12,,,1,69,,44126,12,,,1,20,,44127,12,,,1,20,,44128,12,,,1,60,,44129,12,,,1,20,,44130,12,,,1,20,,44131,12,,,1,60,,44132,12,,,1,20,,44133,12,,,1,20,,44134,12,,,1,60,,44135,12,,,1,20,,44136,12,,,1,20,,44137,12,,,1,60,,44138,12,,,1,20,,44139,12,,,1,20,,44140,12,,,1,60,,44141,12,,,1,20,,44142,12,,,1,20,,44143,12,,,1,60,,44144,12,,,1,20,,44146,12,,,1,16,,44145,12,0,37 3 45,1,60,,44147,12,,,1,25,,44148,12,,,1,25,,44149,12,,,1,65,,44150,12,,,1,28,,44151,12,,,1,58,,44152,12,0,37 3 45,1,23,,44153,12,,,1,70,,44154,12,,,1,36,,44155,12,,,1,76,,44156,12,,,1,36,,44157,12,,,1,73,,44158,12,,,1,35,,44159,12,,,1
601,'30',912,,44160,12,,,1,33,,44161,12,,,1,75,,44162,12,,,1,35,,44163,12,,,1,78,,44164,12,,,1,78,,44165,12,,,1,25,,44166,12,,,1,65,,44167,12,,,1,25,,44168,12,,,1,25,,44169,12,,,1,65,,44170,12,,,1,25,,44171,12,,,1,65,,44172,12,,,1,25,,44173,12,,,1,25,,44174,12,,,1,65,,44175,12,,,1,25,,44176,12,,,1,70,,44177,12,,,1,25,,44178,12,,,1,13,,44179,12,0,37 3 45,1,64,,44180,12,,,1,32,,44181,12,,,1,75,,44182,12,,,1,75,,44183,12,,,1,35,,44184,12,,,1,75,,44185,12,,,1,35,,44186,12,,,1,74,,44187,12,,,1,35,,44189,12,,,1,73,,44188,12,0,37 3 45,1
601,'4',912,,44190,12,,,1,33,,44191,12,,,1,75,,44192,12,,,1,35,,44193,12,,,1,78,,44194,12,,,1,78,,44195,12,,,1,25,,44196,12,,,1,65,,44197,12,,,1,25,,44198,12,,,1,25,,44199,12,,,1,65,,44200,12,,,1,25,,44201,12,,,1,65,,44202,12,,,1,25,,44203,12,,,1,25,,44204,12,,,1,65,,44205,12,,,1,25,,44206,12,,,1,70,,44207,12,,,1,25,,44208,12,,,1,13,,44209,12,0,37 3 45,1,64,,44210,12,,,1,32,,44211,12,,,1,75,,44212,12,,,1,75,,44213,12,,,1,35,,44214,12,,,1,75,,44215,12,,,1,35,,44216,12,,,1,74,,44217,12,,,1,35,,44219,12,,,1,73,,44218,12,0,37 3 45,1
1300,'11802',834,,45507,20,,,1,768,,45508,20,,,1,132,,45509,20,,,1
1300,'2',624,,45511,20,0,10 18 19 20,1,18,,45512,20,,,1,14,,45513,20,0,10 18 19 20,1,55,,45514,20,,,1,10,,45515,20,0,10 18 19 20,1,15,,45516,20,,,1,15,,45517,20,0,10 18 19 20,1,55,,45518,20,,,1,15,,45519,20,0,10 18 19 20,1,15,,45520,20,,,1,15,,45521,20,0,10 18 19 20,1,55,,45522,20,,,1,15,,45523,20,0,10 18 19 20,1,15,,45524,20,,,1,15,,45525,20,0,10 18 19 20,1,50,,45526,20,,,1,15,,45527,20,0,10 18 19 20,1,15,,45528,20,,,1,15,,45529,20,0,10 18 19 20,1,55,,45530,20,,,1,15,,45531,20,0,10 18 19 20,1,15,,45532,20,,,1,15,,45533,20,0,10 18 19 20,1,10,,45534,20,,,1,55,,45535,20,0,10 18 19 20,1,15,,45536,20,,,1,15,,45537,20,0,10 18 19 20,1,15,,45538,20,,,1,55,,45539,20,0,10 18 19 20,1,15,,45540,20,,,1,15,,45541,20,0,10 18 19 20,1,15,,45542,20,,,1,55,,45543,20,0,10 18 19 20,1,15,,45544,20,,,1,15,,45545,20,0,10 18 19 20,1,15,,45546,20,,,1,55,,45547,20,0,10 18 19 20,1,15,,45548,20,,,1,15,,45549,20,0,10 18 19 20,1,15,,45550,20,,,1,55,,45551,20,0,10 18 19 20,1,15,,45552,20,,,1,15,,45553,20,0,10 18 19 20,1,15,,45554,20,,,1,55,,45555,20,0,10 18 19 20,1,15,,45556,20,,,1,15,,45557,20,0,10 18 19 20,1,15,,45558,20,,,1,55,,45559,20,0,10 18 19 20,1,20,,45564,20,,,1,20,,45560,20,0,10 18 19 20,1,60,,45565,20,,,1,20,,45561,20,0,10 18 19 20,1,20,,45566,20,,,1,60,,45562,20,0,10 18 19 20,1,20,,45567,20,,,1,20,,45563,20,,,1,70,,45568,20,0,10 18 19 20,1,25,,45571,20,,,1,65,,45569,20,0,10 18 19 20,1,27,,45572,20,,,1,73,,45570,20,0,10 18 19 20,1,30,,45573,20,,,1,66,,45575,20,0,10 18 19 20,1,47,,45574,20,,,1
1300,'3',624,,45580,20,0,10 18 19 20,1,78,,45581,20,,,1,35,,45582,20,0,10 18 19 20,1,74,,45583,20,,,1,11,,45587,20,0,10 18 19 20,1,16,,45584,20,,,1,16,,45588,20,0,10 18 19 20,1,56,,45585,20,,,1,16,,45589,20,,,1,16,,45586,20,0,10 18 19 20,1,16,,45590,20,,,1,55,,45591,20,0,10 18 19 20,1,15,,45596,20,,,1,15,,45592,20,0,10 18 19 20,1,15,,45597,20,,,1,55,,45593,20,0,10 18 19 20,1,15,,45598,20,,,1,15,,45594,20,0,10 18 19 20,1,15,,45599,20,,,1,55,,45595,20,,,1,15,,45600,20,0,10 18 19 20,1,15,,45609,20,,,1,15,,45601,20,0,10 18 19 20,1,55,,45610,20,,,1,15,,45602,20,0,10 18 19 20,1,15,,45611,20,,,1,15,,45603,20,0,10 18 19 20,1,55,,45612,20,,,1,15,,45604,20,0,10 18 19 20,1,15,,45613,20,,,1,15,,45605,20,0,10 18 19 20,1,55,,45614,20,,,1,15,,45606,20,0,10 18 19 20,1,15,,45615,20,,,1,15,,45607,20,0,10 18 19 20,1,55,,45616,20,,,1,15,,45608,20,0,10 18 19 20,1,10,,45617,20,,,1,15,,45620,20,0,10 18 19 20,1,55,,45618,20,,,1,15,,45621,20,0,10 18 19 20,1,15,,45619,20,,,1,15,,45622,20,,,1,55,,45623,20,0,10 18 19 20,1,15,,45647,20,,,1,15,,45627,20,,,1,15,,45624,20,0,10 18 19 20,1,60,,45628,20,,,1,15,,45625,20,0,10 18 19 20,1,20,,45629,20,,,1,60,,45626,20,0,10 18 19 20,1,20,,45630,20,,,1,20,,45634,20,,,1,70,,45631,20,0,10 18 19 20,1,25,,45635,20,,,1,65,,45632,20,0,10 18 19 20,1,30,,45636,20,,,1,70,,45633,20,0,10 18 19 20,1,19,,45637,20,,,1,20,,45638,20,0,10 18 19 20,1,70,,45640,20,,,1,37,,45639,20,0,10 18 19 20,1
1300,'30',654,,45670,20,,,1,83,,45672,20,0,10 18 19 20,1,75,,45671,20,,,1,35,,45673,20,0,10 18 19 20,1,75,,45658,20,,,1,30,,45669,20,0,10 18 19 20,1,55,,45657,20,,,1,30,,45668,20,0,10 18 19 20,1,70,,45656,20,,,1,30,,45667,20,0,10 18 19 20,1,64,,45655,20,,,1,31,,45666,20,0,10 18 19 20,1,70,,45654,20,,,1,30,,45665,20,0,10 18 19 20,1,70,,45653,20,,,1,30,,45664,20,0,10 18 19 20,1,70,,45652,20,,,1,30,,45663,20,0,10 18 19 20,1,70,,45651,20,,,1,30,,45662,20,0,10 18 19 20,1,70,,45650,20,,,1,30,,45661,20,0,10 18 19 20,1,25,,45649,20,,,1,70,,45660,20,0,10 18 19 20,1,31,,45648,20,,,1,65,,45674,20,0,10 18 19 20,1,20,,45677,20,,,1,70,,45675,20,0,10 18 19 20,1,30,,45678,20,,,1,70,,45676,20,0,10 18 19 20,1,30,,45679,20,0,10 18 19 20,1,71,,45680,20,,,1,41,,45659,20,0,10 18 19 20,1
1300,'4',654,,45703,20,,,1,83,,45705,20,0,10 18 19 20,1,75,,45704,20,,,1,35,,45706,20,0,10 18 19 20,1,75,,45691,20,,,1,30,,45702,20,0,10 18 19 20,1,55,,45690,20,,,1,30,,45701,20,0,10 18 19 20,1,70,,45689,20,,,1,30,,45700,20,0,10 18 19 20,1,64,,45688,20,,,1,31,,45699,20,0,10 18 19 20,1,70,,45687,20,,,1,30,,45698,20,0,10 18 19 20,1,70,,45686,20,,,1,30,,45697,20,0,10 18 19 20,1,70,,45685,20,,,1,30,,45696,20,0,10 18 19 20,1,70,,45684,20,,,1,30,,45695,20,0,10 18 19 20,1,70,,45683,20,,,1,30,,45694,20,0,10 18 19 20,1,25,,45682,20,,,1,70,,45693,20,0,10 18 19 20,1,31,,45681,20,,,1,65,,45707,20,0,10 18 19 20,1,20,,45710,20,,,1,70,,45708,20,0,10 18 19 20,1,30,,45711,20,,,1,70,,45709,20,0,10 18 19 20,1,30,,45712,20,0,10 18 19 20,1,71,,45713,20,,,1,41,,45692,20,0,10 18 19 20,1
1500,'2',624,,45918,32,0,13 28 3 8,1,22,,45919,32,0,13 28 3 8,1,61,,45923,32,0,10 29,1,15,,45920,32,0,13 28 3 8,1,15,,45924,32,0,10 29,1,12,,45921,32,0,13 28 3 8,1,56,,45925,32,0,10 29,1,16,,45922,32,0,13 28 3 8,1,16,,45926,32,0,10 29,1,16,,45927,32,0,13 28 3 8,1,55,,45944,32,0,10 29,1,15,,45928,32,0,13 28 3 8,1,15,,45945,32,0,10 29,1,15,,45929,32,0,13 28 3 8,1,55,,45946,32,0,10 29,1,15,,45930,32,0,13 28 3 8,1,15,,45947,32,0,10 29,1,15,,45931,32,0,13 28 3 8,1,55,,45948,32,0,10 29,1,15,,45932,32,0,13 28 3 8,1,15,,45949,32,0,10 29,1,15,,45933,32,0,13 28 3 8,1,55,,45950,32,0,10 29,1,15,,45934,32,0,13 28 3 8,1,15,,45951,32,0,10 29,1,15,,45935,32,0,13 28 3 8,1,55,,45952,32,0,10 29,1,15,,45936,32,0,13 28 3 8,1,15,,45953,32,0,10 29,1,15,,45937,32,0,13 28 3 8,1,54,,45954,32,0,10 29,1,15,,45938,32,0,13 28 3 8,1,15,,45955,32,0,10 29,1,15,,45939,32,0,13 28 3 8,1,50,,45956,32,0,10 29,1,15,,45940,32,0,13 28 3 8,1,15,,45957,32,0,10 29,1,14,,45941,32,0,13 28 3 8,1,57,,45958,32,0,10 29,1,15,,45942,32,0,13 28 3 8,1,17,,45959,32,0,10 29,1,17,,45943,32,0,13 28 3 8,1,57,,45960,32,0,10 29,1,15,,45961,32,0,13 28 3 8,1,17,,45962,32,0,10 29,1,17,,45963,32,0,13 28 3 8,1,59,,45965,32,0,10 29,1,14,,45966,32,0,13 28 3 8,1,26,,45967,32,0,10 29,1,60,,45968,32,0,13 28 3 8,1,20,,45969,32,0,10 29,1,65,,45970,32,0,13 28 3 8,1,30,,45971,32,0,10 29,1,70,,45972,32,0,13 28 3 8,1,26,,45973,32,0,10 29,1,30,,45974,32,0,13 28 3 8,1,70,,45975,32,0,10 29,1,30,,45976,32,0,13 28 3 8,1,70,,45977,32,0,10 29,1,30,,45978,32,0,13 28 3 8,1,68,,45979,32,0,10 29,1,30,,45964,32,0,13 28 3 8,1
1500,'3',624,,45985,32,0,10 29,1,27,,45986,32,0,13 28 3 8,1,70,,45987,32,0,10 29,1,30,,45988,32,0,13 28 3 8,1,65,,45990,32,0,10 29,1,30,,45989,32,0,13 28 3 8,1,70,,45991,32,0,10 29,1,30,,45992,32,0,13 28 3 8,1,70,,45993,32,0,10 29,1,20,,46005,32,0,13 28 3 8,1,15,,45994,32,0,10 29,1,60,,46006,32,0,13 28 3 8,1,20,,45995,32,0,10 29,1,20,,46007,32,0,13 28 3 8,1,60,,45996,32,0,10 29,1,20,,46008,32,0,13 28 3 8,1,20,,45997,32,0,10 29,1,60,,46009,32,0,13 28 3 8,1,20,,45998,32,0,10 29,1,20,,46010,32,0,13 28 3 8,1,60,,45999,32,0,10 29,1,20,,46011,32,0,13 28 3 8,1,20,,46000,32,0,10 29,1,60,,46012,32,0,13 28 3 8,1,20,,46001,32,0,10 29,1,20,,46013,32,0,13 28 3 8,1,60,,46002,32,0,10 29,1,20,,46014,32,0,13 28 3 8,1,20,,46003,32,0,10 29,1,60,,46015,32,0,13 28 3 8,1,18,,46004,32,0,13 28 3 8,1,22,,46016,32,0,10 29,1,70,,46022,32,0,13 28 3 8,1,30,,46017,32,0,10 29,1,70,,46023,32,0,13 28 3 8,1,30,,46018,32,0,10 29,1,70,,46024,32,0,13 28 3 8,1,30,,46019,32,0,10 29,1,65,,46025,32,0,13 28 3 8,1,30,,46020,32,0,10 29,1,65,,46026,32,0,13 28 3 8,1,25,,46021,32,0,10 29,1,70,,46027,32,0,13 28 3 8,1,26,,46029,32,0,10 29,1,70,,46033,32,0,10 29,1,52,,46028,32,0,10 29,1
1500,'30',627,,46071,32,0,10 29,1,28,,46034,32,0,13 28 3 8,1,65,,46070,32,0,10 29,1,27,,46069,32,0,13 28 3 8,1,65,,46035,32,0,10 29,1,34,,46036,32,0,13 28 3 8,1,67,,46037,32,0,10 29,1,22,,46038,32,0,13 28 3 8,1,22,,46039,32,0,10 29,1,70,,46040,32,0,13 28 3 8,1,30,,46041,32,0,10 29,1,65,,46042,32,0,13 28 3 8,1,27,,46043,32,0,10 29,1,70,,46044,32,0,13 28 3 8,1,30,,46045,32,0,10 29,1,70,,46046,32,0,13 28 3 8,1,30,,46047,32,0,10 29,1,70,,46048,32,0,13 28 3 8,1,30,,46049,32,0,10 29,1,70,,46050,32,0,13 28 3 8,1,30,,46051,32,0,10 29,1,70,,46052,32,0,13 28 3 8,1,30,,46053,32,0,10 29,1,70,,46054,32,0,13 28 3 8,1,30,,46055,32,0,10 29,1,70,,46056,32,0,13 28 3 8,1,25,,46057,32,0,10 29,1,70,,46058,32,0,13 28 3 8,1,25,,46059,32,0,10 29,1,70,,46060,32,0,13 28 3 8,1,30,,46061,32,0,10 29,1,65,,46062,32,0,13 28 3 8,1,30,,46063,32,0,10 29,1,67,,46064,32,0,13 28 3 8,1,29,,46065,32,0,10 29,1,24,,46066,32,0,13 28 3 8,1
1500,'4',627,,46109,32,0,10 29,1,28,,46072,32,0,13 28 3 8,1,65,,46108,32,0,10 29,1,27,,46107,32,0,13 28 3 8,1,65,,46073,32,0,10 29,1,34,,46074,32,0,13 28 3 8,1,67,,46075,32,0,10 29,1,22,,46076,32,0,13 28 3 8,1,22,,46077,32,0,10 29,1,70,,46078,32,0,13 28 3 8,1,30,,46079,32,0,10 29,1,65,,46080,32,0,13 28 3 8,1,27,,46081,32,0,10 29,1,70,,46082,32,0,13 28 3 8,1,30,,46083,32,0,10 29,1,70,,46084,32,0,13 28 3 8,1,30,,46085,32,0,10 29,1,70,,46086,32,0,13 28 3 8,1,30,,46087,32,0,10 29,1,70,,46088,32,0,13 28 3 8,1,30,,46089,32,0,10 29,1,70,,46090,32,0,13 28 3 8,1,30,,46091,32,0,10 29,1,70,,46092,32,0,13 28 3 8,1,30,,46093,32,0,10 29,1,70,,46094,32,0,13 28 3 8,1,25,,46095,32,0,10 29,1,70,,46096,32,0,13 28 3 8,1,25,,46097,32,0,10 29,1,70,,46098,32,0,13 28 3 8,1,30,,46099,32,0,10 29,1,65,,46100,32,0,13 28 3 8,1,30,,46101,32,0,10 29,1,67,,46102,32,0,13 28 3 8,1,29,,46103,32,0,10 29,1,24,,46104,32,0,13 28 3 8,1
10200,'11802',859,,50235,16,,,1,868,,50234,16,,,1
10200,'3302',642,,50295,16,,,1,65,,50294,16,,,1,25,,50293,16,,,1,20,,50292,16,,,1,70,,50291,16,,,1,23,,50236,16,,,1,10,,50237,16,,,1,59,,50238,16,,,1,21,,50239,16,,,1,10,,50240,16,,,1,60,,50241,16,,,1,20,,50242,16,,,1,5,,50243,16,,,1,18,,50244,16,,,1,62,,50245,16,,,1,11,,50246,16,,,1,11,,50247,16,,,1,22,,50248,16,,,1,51,,50249,16,,,1,11,,50250,16,,,1,22,,50251,16,,,1,11,,50252,16,,,1,51,,50253,16,,,1,22,,50254,16,,,1,11,,50255,16,,,1,11,,50256,16,,,1,62,,50257,16,,,1,11,,50258,16,,,1,13,,50259,16,,,1,25,,50260,16,,,1,52,,50261,16,,,1,12,,50262,16,,,1,22,,50263,16,,,1,14,,50264,16,,,1,52,,50265,16,,,1,24,,50266,16,,,1,12,,50267,16,,,1,12,,50268,16,,,1,64,,50269,16,,,1,14,,50270,16,,,1,12,,50271,16,,,1,55,,50273,16,,,1,13,,50272,16,,,1,12,,50274,16,,,1,30,,50275,16,,,1,55,,50276,16,,,1,30,,50277,16,,,1,15,,50278,16,,,1,70,,50279,16,,,1,17,,50280,16,,,1,67,,50281,16,,,1,20,,50282,16,,,1,20,,50283,16,,,1,60,,50284,16,,,1,20,,50285,16,,,1,20,,50286,16,,,1,60,,50287,16,,,1,20,,50288,16,,,1,15,,50290,16,,,1,60,,50289,16,,,1
10200,'3602',903,,50296,16,,,1,22,,50297,16,,,1,30,,50298,16,,,1,60,,50299,16,,,1,18,,50303,16,,,1,26,,50300,16,,,1,84,,50301,16,,,1,84,,50302,16,,,1,84,,50304,16,,,1,44,,50305,16,,,1,88,,50306,16,,,1,88,,50307,16,,,1,88,,50308,16,,,1,88,,50309,16,,,1,48,,50310,16,,,1,85,,50311,16,,,1,85,,50312,16,,,1,85,,50313,16,,,1,39,,50314,16,,,1
10200,'3903',1114,,50315,16,,,1,42,,50316,16,,,1,84,,50317,16,,,1,80,,50318,16,,,1,80,,50319,16,,,1,41,,50320,16,,,1,80,,50321,16,,,1,82,,50322,16,,,1,44,,50323,16,,,1,85,,50324,16,,,1,82,,50325,16,,,1,40,,50326,16,,,1,80,,50327,16,,,1,80,,50328,16,,,1,40,,50329,16,,,1,74,,50330,16,,,1,75,,50331,16,,,1,35,,50332,16,,,1,75,,50333,16,,,1
10200,'6404',1114,,50334,16,,,1,42,,50335,16,,,1,84,,50336,16,,,1,80,,50337,16,,,1,80,,50338,16,,,1,41,,50339,16,,,1,80,,50340,16,,,1,82,,50341,16,,,1,44,,50342,16,,,1,85,,50343,16,,,1,82,,50344,16,,,1,40,,50345,16,,,1,80,,50346,16,,,1,80,,50347,16,,,1,40,,50348,16,,,1,74,,50349,16,,,1,75,,50350,16,,,1
10401,'3302',746,,50511,23,,,1,70,,50512,23,,,1,32,,50513,23,,,1,71,,50514,23,,,1,30,,50515,23,,,1,70,,50516,23,,,1,29,,50517,23,,,1,71,,50518,23,,,1,28,,50519,23,,,1,73,,50520,23,,,1,27,,50521,23,,,1,72,,50522,23,,,1,24,,50523,23,,,1,69,,50524,23,,,1,30,,50525,23,,,1,72,,50526,23,,,1,29,,50527,23,,,1,70,,50528,23,,,1,31,,50529,23,,,1,73,,50530,23,,,1,31,,50531,23,,,1,68,,50532,23,,,1
10401,'3903',1018,,50549,23,,,1,21,,50535,23,,,1,70,,50536,23,,,1,27,,50537,23,,,1,71,,50538,23,,,1,20,,50539,23,,,1,30,,50540,23,,,1,65,,50541,23,,,1,29,,50542,23,,,1,68,,50543,23,,,1,31,,50544,23,,,1,70,,50545,23,,,1,30,,50546,23,,,1,69,,50547,23,,,1,30,,50548,23,,,1,70,,50534,23,,,1,30,,50533,23,,,1
