1000,'11802',711,,44877,42,0,18 19 20,1,141,,44878,42,0,18 19 20,1,651,,44879,42,0,18 19 20,1,145,,44880,42,0,18 19 20,1
1000,'2',546,,44882,27,,,1,55,,44883,27,,,1,15,,44884,42,,,1,15,,44885,27,,,1,15,,44893,42,,,1,55,,44894,27,,,1,15,,44892,42,,,1,15,,44895,27,,,1,17,,44886,42,,,1,56,,44932,42,,,1,17,,44887,42,,,1,14,,44933,42,,,1,15,,44891,42,,,1,58,,44890,42,,,1,34,,44888,42,,,1,70,,44899,42,,,1,30,,44898,42,,,1,70,,44897,42,,,1,30,,44896,42,,,1,70,,44903,42,,,1,16,,44904,27,,,1,15,,44902,42,,,1,64,,44936,27,,,1,6,,44901,42,,,1,25,,44900,42,,,1,64,,44937,27,,,1,11,,44906,42,,,1,21,,44905,42,,,1,20,,44934,42,,,1,55,,44907,42,,,1,15,,44935,42,,,1,15,,44908,42,,,1,17,,44915,42,,,1,53,,44909,42,,,1,17,,44910,42,,,1,16,,44911,42,,,1,14,,44912,42,,,1,56,,44913,42,,,1,15,,44938,42,,,1,15,,44914,42,,,1,58,,44939,42,0,18 19 20,1,15,,44916,42,,,1,15,,44917,42,,,1,74,,44918,42,,,1,36,,44919,42,,,1,76,,44920,42,,,1,29,,44921,42,,,1,70,,44922,42,,,1,33,,44923,42,,,1,78,,44924,42,,,1,33,,44925,42,,,1,70,,44926,42,,,1,75,,44927,42,,,1,35,,44928,42,,,1,70,,44929,42,,,1
1000,'3',559,,44944,27,,,1,75,,44941,27,,,1,71,,44942,42,,,1,35,,44943,42,,,1,75,,44945,42,,,1,30,,44946,42,,,1,55,,44947,42,,,1,30,,44948,42,,,1,70,,44949,42,,,1,30,,44950,42,,,1,70,,44951,42,,,1,30,,44952,42,,,1,70,,44953,42,,,1,30,,44954,42,,,1,70,,44955,42,,,1,30,,44956,42,,,1,70,,44957,42,,,1,30,,44958,42,,,1,70,,44959,42,,,1,25,,44960,42,,,1,20,,44961,42,,,1,70,,44962,42,,,1,30,,44963,42,,,1,70,,44964,42,,,1,30,,44965,42,,,1,70,,44966,42,,,1,25,,44967,42,,,1,70,,44968,42,,,1,30,,44969,42,,,1,70,,44970,42,,,1,30,,44971,42,,,1,65,,44975,42,,,1,25,,44976,42,,,1,25,,44977,42,,,1,65,,44978,42,,,1,25,,44979,42,,,1,70,,44980,42,,,1,30,,44981,42,,,1,92,,44982,42,,,1,16,,44972,42,0,18 19 20,1
1000,'30',652,,44983,27,,,1,75,,45019,42,,,1,20,,44984,42,,,1,75,,45018,42,,,1,20,,44985,42,,,1,68,,44986,42,,,1,30,,44987,42,,,1,70,,44988,42,,,1,25,,44989,42,,,1,65,,44990,42,,,1,25,,44991,42,,,1,25,,44992,42,,,1,70,,44993,42,,,1,30,,44994,42,,,1,70,,44995,42,,,1,30,,44996,42,,,1,70,,44997,42,,,1,30,,44998,42,,,1,70,,44999,42,,,1,30,,45000,42,,,1,70,,45001,42,,,1,30,,45002,42,,,1,70,,45005,42,,,1,30,,45006,42,,,1,70,,45007,42,,,1,30,,45008,42,,,1,70,,45009,42,,,1,26,,45010,42,,,1,70,,45011,42,,,1,30,,45012,42,,,1,70,,45013,42,,,1,30,,45014,42,,,1,70,,45015,42,,,1,34,,45016,42,,,1
1000,'4',652,,45020,27,,,1,75,,45056,42,,,1,20,,45021,42,,,1,75,,45055,42,,,1,20,,45022,42,,,1,68,,45023,42,,,1,30,,45024,42,,,1,70,,45025,42,,,1,25,,45026,42,,,1,65,,45027,42,,,1,25,,45028,42,,,1,25,,45029,42,,,1,70,,45030,42,,,1,30,,45031,42,,,1,70,,45032,42,,,1,30,,45033,42,,,1,70,,45034,42,,,1,30,,45035,42,,,1,70,,45036,42,,,1,30,,45037,42,,,1,70,,45038,42,,,1,30,,45039,42,,,1,70,,45042,42,,,1,30,,45043,42,,,1,70,,45044,42,,,1,30,,45045,42,,,1,70,,45046,42,,,1,26,,45047,42,,,1,70,,45048,42,,,1,30,,45049,42,,,1,70,,45050,42,,,1,30,,45051,42,,,1,70,,45052,42,,,1,34,,45053,42,,,1
1001,'2',611,,45063,49,,,1,16,,45110,49,,,1,16,,45062,49,,,1,16,,45111,49,,,1,56,,45067,49,,,1,18,,45066,49,,,1,16,,45065,49,,,1,55,,45064,49,,,1,17,,45073,49,0,21 3 22,1,16,,45072,49,,,1,14,,45071,49,0,21 3 22,1,59,,45070,49,,,1,23,,45069,49,,,1,75,,45068,49,,,1,30,,45075,49,,,1,20,,45077,49,,,1,73,,45076,49,,,1,70,,45074,49,,,1,31,,45080,49,,,1,72,,45079,49,,,1,30,,45078,49,,,1,75,,45082,49,,,1,18,,45081,49,,,1,23,,45083,49,,,1,57,,45112,49,,,1,17,,45084,49,,,1,21,,45113,49,,,1,11,,45085,49,,,1,56,,45114,49,,,1,15,,45086,49,,,1,16,,45087,49,,,1,59,,45115,49,,,1,23,,45088,49,,,1,12,,45116,49,0,21 3 22,1,12,,45089,49,,,1,61,,45093,49,,,1,16,,45090,49,0,21 3 22,1,12,,45091,49,,,1,11,,45094,49,0,21 3 22,1,64,,45092,49,,,1,15,,45095,49,0,21 3 22,1,26,,45096,49,,,1,66,,45097,49,0,21 3 22,1,17,,45098,49,,,1,73,,45099,49,,,1,33,,45100,49,,,1,61,,45117,49,,,1,30,,45101,49,,,1,77,,45102,49,,,1,25,,45103,49,,,1,68,,45104,49,,,1,30,,45105,49,,,1,71,,45106,49,,,1,35,,45107,49,0,21 3 22,1
1001,'3',705,,45122,49,,,1,30,,45121,49,,,1,75,,45125,49,,,1,30,,45126,49,,,1,70,,45127,49,,,1,25,,45128,49,,,1,70,,45129,49,,,1,30,,45130,49,,,1,65,,45131,49,,,1,30,,45132,49,,,1,70,,45133,49,,,1,30,,45134,49,,,1,70,,45135,49,,,1,30,,45136,49,,,1,70,,45137,49,,,1,15,,45138,49,,,1,30,,45139,49,,,1,70,,45140,49,,,1,30,,45141,49,,,1,70,,45142,49,,,1,30,,45143,49,,,1,70,,45144,49,,,1,30,,45145,49,,,1,70,,45146,49,,,1,30,,45147,49,,,1,70,,45148,49,,,1,30,,45149,49,,,1,65,,45150,49,,,1,25,,45151,49,,,1,70,,45152,49,,,1,25,,45153,49,,,1,70,,45154,49,,,1,25,,45155,49,,,1,30,,45159,49,,,1,70,,45160,49,,,1,25,,45161,49,,,1,57,,45158,49,0,21 3 22,1,30,,45162,49,,,1,64,,45156,49,0,21 3 22,1
1001,'30',732,,45163,49,,,1,71,,45200,49,,,1,24,,45164,49,,,1,27,,45199,49,,,1,61,,45165,49,,,1,20,,45166,49,,,1,70,,45167,49,,,1,25,,45168,49,,,1,70,,45169,49,,,1,30,,45170,49,,,1,70,,45172,49,,,1,30,,45173,49,,,1,25,,45174,49,,,1,70,,45175,49,,,1,30,,45176,49,,,1,70,,45177,49,,,1,30,,45178,49,,,1,70,,45179,49,,,1,30,,45180,49,,,1,70,,45181,49,,,1,30,,45182,49,,,1,65,,45183,49,,,1,30,,45184,49,,,1,68,,45195,49,,,1,29,,45185,49,,,1,65,,45188,49,,,1,30,,45189,49,,,1,70,,45190,49,,,1,30,,45191,49,,,1,72,,45192,49,,,1,28,,45193,49,,,1,60,,45194,49,,,1,25,,45196,49,,,1,30,,45187,49,0,21 3 22,1,70,,45186,49,0,21 3 22,1
1001,'4',732,,45201,49,,,1,71,,45238,49,,,1,24,,45202,49,,,1,27,,45237,49,,,1,61,,45203,49,,,1,20,,45204,49,,,1,70,,45205,49,,,1,25,,45206,49,,,1,70,,45207,49,,,1,30,,45208,49,,,1,70,,45210,49,,,1,30,,45211,49,,,1,25,,45212,49,,,1,70,,45213,49,,,1,30,,45214,49,,,1,70,,45215,49,,,1,30,,45216,49,,,1,70,,45217,49,,,1,30,,45218,49,,,1,70,,45219,49,,,1,30,,45220,49,,,1,65,,45221,49,,,1,30,,45222,49,,,1,68,,45233,49,,,1,29,,45223,49,,,1,65,,45226,49,,,1,30,,45227,49,,,1,70,,45228,49,,,1,30,,45229,49,,,1,72,,45230,49,,,1,28,,45231,49,,,1,60,,45232,49,,,1,25,,45234,49,,,1,30,,45225,49,0,21 3 22,1,70,,45224,49,0,21 3 22,1
1300,'11802',855,,45507,43,,,1,774,,45508,43,,,1,173,,45509,43,,,1
1300,'2',625,,45510,21,,,1,77,,45511,66,0,10 18 19 20,1,0,,45512,43,,,1,30,,45514,43,,,1,25,,45516,43,,,1,70,,45518,43,,,1,30,,45520,43,,,1,69,,45521,66,0,10 18 19 20,1,2,,45522,43,,,1,29,,45523,66,0,10 18 19 20,1,1,,45524,43,,,1,65,,45526,43,,,1,4,,45525,66,0,10 18 19 20,1,25,,45527,66,0,10 18 19 20,1,1,,45528,43,,,1,69,,45529,66,0,10 18 19 20,1,1,,45530,43,,,1,29,,45531,66,0,10 18 19 20,1,1,,45532,43,,,1,67,,45534,43,,,1,2,,45533,66,0,10 18 19 20,1,28,,45535,66,0,10 18 19 20,1,1,,45536,43,,,1,69,,45537,66,0,10 18 19 20,1,1,,45538,43,,,1,29,,45539,66,0,10 18 19 20,1,1,,45540,43,,,1,71,,45541,66,0,10 18 19 20,1,1,,45542,43,,,1,30,,45544,43,,,1,0,,45543,66,0,10 18 19 20,1,70,,45546,43,,,1,0,,45545,66,0,10 18 19 20,1,30,,45548,43,,,1,0,,45547,66,0,10 18 19 20,1,70,,45549,66,0,10 18 19 20,1,1,,45550,43,,,1,30,,45552,43,,,1,0,,45551,66,0,10 18 19 20,1,70,,45554,43,,,1,0,,45553,66,0,10 18 19 20,1,30,,45556,43,,,1,0,,45555,66,0,10 18 19 20,1,65,,45558,43,,,1,4,,45557,66,0,10 18 19 20,1,27,,45559,66,0,10 18 19 20,1,4,,45564,43,,,1,76,,45560,66,0,10 18 19 20,1,4,,45565,43,,,1,76,,45561,66,0,10 18 19 20,1,4,,45566,43,,,1,36,,45562,66,0,10 18 19 20,1,4,,45567,43,,,1,58,,45563,43,,,1,43,,45568,66,0,10 18 19 20,1,50,,45571,43,,,1,40,,45569,66,0,10 18 19 20,1,12,,45572,43,,,1,88,,45570,66,0,10 18 19 20,1,55,,45573,43,,,1,37,,45575,66,0,10 18 19 20,1,77,,45574,43,,,1
1300,'3',700,,45580,66,0,10 18 19 20,1,20,,45581,43,,,1,90,,45582,66,0,10 18 19 20,1,23,,45583,43,,,1,25,,45587,66,0,10 18 19 20,1,42,,45584,43,,,1,30,,45588,66,0,10 18 19 20,1,2,,45585,43,,,1,16,,45589,43,,,1,70,,45586,66,0,10 18 19 20,1,3,,45590,43,,,1,29,,45591,66,0,10 18 19 20,1,1,,45596,43,,,1,69,,45592,66,0,10 18 19 20,1,1,,45597,43,,,1,29,,45593,66,0,10 18 19 20,1,1,,45598,43,,,1,70,,45594,66,0,10 18 19 20,1,3,,45599,43,,,1,15,,45595,43,,,1,70,,45609,43,,,1,0,,45600,66,0,10 18 19 20,1,30,,45610,43,,,1,0,,45601,66,0,10 18 19 20,1,69,,45602,66,0,10 18 19 20,1,2,,45611,43,,,1,27,,45603,66,0,10 18 19 20,1,2,,45612,43,,,1,68,,45604,66,0,10 18 19 20,1,2,,45613,43,,,1,28,,45605,66,0,10 18 19 20,1,2,,45614,43,,,1,68,,45606,66,0,10 18 19 20,1,2,,45615,43,,,1,28,,45607,66,0,10 18 19 20,1,2,,45616,43,,,1,65,,45617,43,,,1,3,,45608,66,0,10 18 19 20,1,25,,45620,66,0,10 18 19 20,1,2,,45618,43,,,1,68,,45621,66,0,10 18 19 20,1,1,,45619,43,,,1,13,,45622,43,,,1,30,,45647,43,,,1,55,,45627,43,,,1,30,,45624,66,0,10 18 19 20,1,5,,45628,43,,,1,70,,45625,66,0,10 18 19 20,1,5,,45629,43,,,1,35,,45626,66,0,10 18 19 20,1,5,,45630,43,,,1,58,,45634,43,,,1,41,,45631,66,0,10 18 19 20,1,52,,45635,43,,,1,38,,45632,66,0,10 18 19 20,1,17,,45636,43,,,1,83,,45633,66,0,10 18 19 20,1,6,,45637,43,,,1,71,,45638,66,0,10 18 19 20,1,20,,45640,43,,,1,89,,45639,66,0,10 18 19 20,1
1300,'30',720,,45670,43,,,1,93,,45672,66,0,10 18 19 20,1,23,,45671,43,,,1,87,,45673,66,0,10 18 19 20,1,23,,45658,43,,,1,82,,45669,66,0,10 18 19 20,1,3,,45657,43,,,1,82,,45668,66,0,10 18 19 20,1,18,,45656,43,,,1,82,,45667,66,0,10 18 19 20,1,14,,45655,43,,,1,84,,45666,66,0,10 18 19 20,1,17,,45654,43,,,1,83,,45665,66,0,10 18 19 20,1,17,,45653,43,,,1,83,,45664,66,0,10 18 19 20,1,17,,45652,43,,,1,83,,45663,66,0,10 18 19 20,1,17,,45651,43,,,1,83,,45662,66,0,10 18 19 20,1,17,,45650,43,,,1,83,,45661,66,0,10 18 19 20,1,12,,45649,43,,,1,83,,45660,66,0,10 18 19 20,1,13,,45648,43,,,1,37,,45674,66,0,10 18 19 20,1,47,,45677,43,,,1,43,,45675,66,0,10 18 19 20,1,57,,45678,43,,,1,43,,45676,66,0,10 18 19 20,1,70,,45679,66,0,10 18 19 20,1,18,,45680,43,,,1,96,,45659,66,0,10 18 19 20,1
1300,'4',720,,45703,43,,,1,93,,45705,66,0,10 18 19 20,1,23,,45704,43,,,1,87,,45706,66,0,10 18 19 20,1,23,,45691,43,,,1,82,,45702,66,0,10 18 19 20,1,3,,45690,43,,,1,82,,45701,66,0,10 18 19 20,1,18,,45689,43,,,1,82,,45700,66,0,10 18 19 20,1,14,,45688,43,,,1,84,,45699,66,0,10 18 19 20,1,17,,45687,43,,,1,83,,45698,66,0,10 18 19 20,1,17,,45686,43,,,1,83,,45697,66,0,10 18 19 20,1,17,,45685,43,,,1,83,,45696,66,0,10 18 19 20,1,17,,45684,43,,,1,83,,45695,66,0,10 18 19 20,1,17,,45683,43,,,1,83,,45694,66,0,10 18 19 20,1,12,,45682,43,,,1,83,,45693,66,0,10 18 19 20,1,13,,45681,43,,,1,37,,45707,66,0,10 18 19 20,1,47,,45710,43,,,1,43,,45708,66,0,10 18 19 20,1,57,,45711,43,,,1,43,,45709,66,0,10 18 19 20,1,70,,45712,66,0,10 18 19 20,1,18,,45713,43,,,1,96,,45692,66,0,10 18 19 20,1
