201,'11802',744,,42903,51,0,13 24 25,1,75,,42905,45,0,10 24 25,1,29,,42904,51,0,13 24 25,1,70,,42906,45,0,10 24 25,1
201,'2',638,,42908,45,0,10 24 25,1,15,,42944,51,0,13 24 25,1,55,,42909,45,0,10 24 25,1,15,,42945,51,0,13 24 25,1,15,,42910,45,0,10 24 25,1,15,,42946,51,0,13 24 25,1,55,,42911,45,0,10 24 25,1,15,,42947,51,0,13 24 25,1,15,,42912,45,0,10 24 25,1,15,,42948,51,0,13 24 25,1,54,,42913,45,0,10 24 25,1,15,,42949,51,0,13 24 25,1,15,,42914,45,0,10 24 25,1,15,,42950,51,0,13 24 25,1,55,,42915,45,0,10 24 25,1,15,,42951,51,0,13 24 25,1,15,,42916,45,0,10 24 25,1,15,,42952,51,0,13 24 25,1,55,,42917,45,0,10 24 25,1,15,,42953,51,0,13 24 25,1,15,,42918,45,0,10 24 25,1,15,,42954,51,0,13 24 25,1,55,,42919,45,0,10 24 25,1,15,,42955,51,0,13 24 25,1,15,,42920,45,0,10 24 25,1,15,,42956,51,0,13 24 25,1,55,,42921,45,0,10 24 25,1,15,,42957,51,0,13 24 25,1,15,,42922,45,0,10 24 25,1,15,,42958,51,0,13 24 25,1,55,,42923,45,0,10 24 25,1,15,,42959,51,0,13 24 25,1,15,,42924,45,0,10 24 25,1,15,,42960,51,0,13 24 25,1,55,,42925,45,0,10 24 25,1,15,,42961,51,0,13 24 25,1,15,,42926,45,0,10 24 25,1,15,,42962,51,0,13 24 25,1,58,,42927,45,0,10 24 25,1,15,,42963,51,0,13 24 25,1,15,,42928,45,0,10 24 25,1,15,,42964,51,0,13 24 25,1,60,,42929,45,0,10 24 25,1,18,,42965,51,0,13 24 25,1,16,,42930,45,0,10 24 25,1,54,,42966,51,0,13 24 25,1,6,,42931,45,0,10 24 25,1,11,,42967,51,0,13 24 25,1,17,,42932,45,0,10 24 25,1,15,,42968,51,0,13 24 25,1,55,,42933,45,0,10 24 25,1,10,,42969,51,0,13 24 25,1,15,,42934,45,0,10 24 25,1,15,,42970,51,0,13 24 25,1,67,,42971,51,0,13 24 25,1,13,,42936,45,0,10 24 25,1,14,,42972,51,0,13 24 25,1,14,,42937,45,0,10 24 25,1,56,,42973,51,0,13 24 25,1,23,,42974,51,0,13 24 25,1,18,,42939,45,0,10 24 25,1,64,,42975,51,0,13 24 25,1,16,,42940,45,0,10 24 25,1,18,,42976,51,0,13 24 25,1,55,,42941,45,0,10 24 25,1,21,,42977,51,0,13 24 25,1,15,,42942,45,0,10 24 25,1,60,,42978,51,0,13 24 25,1,23,,42943,45,0,10 24 25,1,77,,42979,51,0,13 24 25,1,19,,42980,45,0,10 24 25,1
201,'3',635,,42983,51,0,13 24 25,1,70,,42984,45,0,10 24 25,1,30,,42985,51,0,13 24 25,1,71,,42986,45,0,10 24 25,1,15,,42987,51,0,13 24 25,1,15,,42988,45,0,10 24 25,1,10,,42989,51,0,13 24 25,1,55,,42990,45,0,10 24 25,1,10,,42991,51,0,13 24 25,1,15,,42992,45,0,10 24 25,1,15,,42993,51,0,13 24 25,1,15,,42994,45,0,10 24 25,1,55,,42995,51,0,13 24 25,1,15,,42996,45,0,10 24 25,1,10,,43039,27,,,1,5,,42997,51,0,13 24 25,1,15,,43018,45,0,10 24 25,1,55,,42998,51,0,13 24 25,1,15,,43019,45,0,10 24 25,1,15,,42999,51,0,13 24 25,1,15,,43020,45,0,10 24 25,1,55,,43000,51,0,13 24 25,1,10,,43021,45,0,10 24 25,1,15,,43001,51,0,13 24 25,1,10,,43022,45,0,10 24 25,1,55,,43002,51,0,13 24 25,1,15,,43023,45,0,10 24 25,1,15,,43003,51,0,13 24 25,1,15,,43024,45,0,10 24 25,1,55,,43004,51,0,13 24 25,1,16,,43025,45,0,10 24 25,1,15,,43005,51,0,13 24 25,1,10,,43026,45,0,10 24 25,1,10,,43006,51,0,13 24 25,1,55,,43027,45,0,10 24 25,1,15,,43007,51,0,13 24 25,1,15,,43028,45,0,10 24 25,1,15,,43008,51,0,13 24 25,1,55,,43029,45,0,10 24 25,1,15,,43009,51,0,13 24 25,1,15,,43030,45,0,10 24 25,1,15,,43010,51,0,13 24 25,1,50,,43031,45,0,10 24 25,1,15,,43011,51,0,13 24 25,1,15,,43032,45,0,10 24 25,1,10,,43012,51,0,13 24 25,1,15,,43033,45,0,10 24 25,1,54,,43013,51,0,13 24 25,1,15,,43034,45,0,10 24 25,1,10,,43014,51,0,13 24 25,1,15,,43035,45,0,10 24 25,1,55,,43015,51,0,13 24 25,1,15,,43036,45,0,10 24 25,1,15,,43016,51,0,13 24 25,1,15,,43037,45,0,10 24 25,1,55,,43017,51,0,13 24 25,1,15,,43038,45,0,10 24 25,1,15,,43040,51,0,13 24 25,1,15,,43041,45,0,10 24 25,1,55,,43042,51,0,13 24 25,1,25,,43047,45,0,10 24 25,1,70,,43043,51,0,13 24 25,1,30,,43048,45,0,10 24 25,1,27,,43044,51,0,13 24 25,1,70,,43049,45,0,10 24 25,1,30,,43045,51,0,13 24 25,1,70,,43050,45,0,10 24 25,1,78,,43046,51,0,13 24 25,1
201,'30',633,,43059,27,,,1,72,,43058,51,0,13 24 25,1,30,,43060,45,0,10 24 25,1,70,,43062,51,0,13 24 25,1,30,,43061,45,0,10 24 25,1,75,,43063,51,0,13 24 25,1,30,,43064,45,0,10 24 25,1,65,,43068,51,0,13 24 25,1,25,,43065,45,0,10 24 25,1,25,,43069,51,0,13 24 25,1,65,,43066,45,0,10 24 25,1,15,,43094,35,,,1,10,,43070,51,0,13 24 25,1,66,,43067,45,0,10 24 25,1,15,,43071,51,0,13 24 25,1,15,,43083,45,0,10 24 25,1,15,,43072,51,0,13 24 25,1,55,,43084,45,0,10 24 25,1,15,,43073,51,0,13 24 25,1,15,,43085,45,0,10 24 25,1,15,,43074,51,0,13 24 25,1,55,,43086,45,0,10 24 25,1,15,,43075,51,0,13 24 25,1,15,,43087,45,0,10 24 25,1,15,,43076,51,0,13 24 25,1,55,,43088,45,0,10 24 25,1,15,,43077,51,0,13 24 25,1,15,,43089,45,0,10 24 25,1,15,,43078,51,0,13 24 25,1,55,,43090,45,0,10 24 25,1,15,,43079,51,0,13 24 25,1,15,,43091,45,0,10 24 25,1,15,,43080,51,0,13 24 25,1,55,,43092,45,0,10 24 25,1,15,,43081,51,0,13 24 25,1,15,,43093,45,0,10 24 25,1,15,,43082,51,0,13 24 25,1,54,,43095,45,0,10 24 25,1,35,,43101,51,0,13 24 25,1,55,,43096,45,0,10 24 25,1,25,,43102,51,0,13 24 25,1,25,,43097,45,0,10 24 25,1,65,,43103,51,0,13 24 25,1,25,,43098,45,0,10 24 25,1,65,,43104,51,0,13 24 25,1,25,,43099,45,0,10 24 25,1,25,,43105,51,0,13 24 25,1,65,,43100,45,0,10 24 25,1,25,,43106,51,0,13 24 25,1,60,,43057,45,0,10 24 25,1
201,'4',633,,43113,27,,,1,72,,43112,51,0,13 24 25,1,30,,43114,45,0,10 24 25,1,70,,43116,51,0,13 24 25,1,30,,43115,45,0,10 24 25,1,75,,43117,51,0,13 24 25,1,30,,43118,45,0,10 24 25,1,65,,43122,51,0,13 24 25,1,25,,43119,45,0,10 24 25,1,25,,43123,51,0,13 24 25,1,65,,43120,45,0,10 24 25,1,15,,43148,35,,,1,10,,43124,51,0,13 24 25,1,66,,43121,45,0,10 24 25,1,15,,43125,51,0,13 24 25,1,15,,43137,45,0,10 24 25,1,15,,43126,51,0,13 24 25,1,55,,43138,45,0,10 24 25,1,15,,43127,51,0,13 24 25,1,15,,43139,45,0,10 24 25,1,15,,43128,51,0,13 24 25,1,55,,43140,45,0,10 24 25,1,15,,43129,51,0,13 24 25,1,15,,43141,45,0,10 24 25,1,15,,43130,51,0,13 24 25,1,55,,43142,45,0,10 24 25,1,15,,43131,51,0,13 24 25,1,15,,43143,45,0,10 24 25,1,15,,43132,51,0,13 24 25,1,55,,43144,45,0,10 24 25,1,15,,43133,51,0,13 24 25,1,15,,43145,45,0,10 24 25,1,15,,43134,51,0,13 24 25,1,55,,43146,45,0,10 24 25,1,15,,43135,51,0,13 24 25,1,15,,43147,45,0,10 24 25,1,15,,43136,51,0,13 24 25,1,54,,43149,45,0,10 24 25,1,35,,43155,51,0,13 24 25,1,55,,43150,45,0,10 24 25,1,25,,43156,51,0,13 24 25,1,25,,43151,45,0,10 24 25,1,65,,43157,51,0,13 24 25,1,25,,43152,45,0,10 24 25,1,65,,43158,51,0,13 24 25,1,25,,43153,45,0,10 24 25,1,25,,43159,51,0,13 24 25,1,65,,43154,45,0,10 24 25,1,25,,43160,51,0,13 24 25,1,60,,43111,45,0,10 24 25,1
9300,'11802',1620,,49904,31,,,1
9300,'2',627,,49905,31,,,1,19,,49908,31,,,1,60,,49909,31,,,1,23,,49910,31,,,1,21,,49911,31,,,1,61,,49912,31,,,1,25,,49913,31,,,1,20,,49914,31,,,1,65,,49915,31,,,1,35,,49916,31,,,1,72,,49917,31,,,1,72,,49918,31,,,1,32,,49919,31,,,1,72,,49920,31,,,1,32,,49921,31,,,1,72,,49922,31,,,1,32,,49923,31,,,1,72,,49924,31,,,1,22,,49925,31,,,1,17,,49926,31,,,1,55,,49927,31,,,1,22,,49928,31,,,1,22,,49929,31,,,1,62,,49930,31,,,1,27,,49931,31,,,1,62,,49932,31,,,1,22,,49933,31,,,1,24,,49934,31,,,1,61,,49947,31,,,1,20,,49935,31,,,1,24,,49936,31,,,1,72,,49937,31,,,1,35,,49938,31,,,1,69,,49939,31,,,1,72,,49940,31,,,1,27,,49941,31,,,1,32,,49942,31,,,1,68,,49943,31,,,1,30,,49944,31,,,1,70,,49945,31,,,1,30,,49946,31,,,1,67,,49906,31,,,1
9300,'3',832,,49948,31,,,1,25,,49949,31,,,1,65,,49950,31,,,1,25,,49951,31,,,1,65,,49952,31,,,1,18,,49953,31,,,1,29,,49954,31,,,1,70,,49955,31,,,1,30,,49956,31,,,1,70,,49957,31,,,1,29,,49958,31,,,1,79,,49959,31,,,1,70,,49960,31,,,1,30,,49961,31,,,1,80,,49962,31,,,1,30,,49963,31,,,1,70,,49964,31,,,1,35,,49965,31,,,1,75,,49966,31,,,1,30,,49967,31,,,1,68,,49968,31,,,1,21,,49969,31,,,1,65,,49970,31,,,1,22,,49971,31,,,1,25,,49972,31,,,1,65,,49973,31,,,1,25,,49974,31,,,1,65,,49975,31,,,1,28,,49976,31,,,1,65,,49977,31,,,1,41,,49978,31,,,1,65,,49979,31,,,1,25,,49980,31,,,1
9300,'30',822,,50008,31,,,1,28,,49983,31,,,1,75,,49984,31,,,1,75,,49985,31,,,1,35,,49986,31,,,1,75,,49987,31,,,1,35,,49988,31,,,1,75,,49989,31,,,1,37,,49990,31,,,1,77,,49991,31,,,1,77,,49992,31,,,1,37,,49993,31,,,1,77,,49994,31,,,1,77,,49995,31,,,1,37,,49996,31,,,1,77,,49997,31,,,1,37,,49998,31,,,1,77,,49999,31,,,1,77,,50000,31,,,1,37,,50001,31,,,1,77,,50002,31,,,1,37,,50003,31,,,1,77,,50004,31,,,1,77,,50005,31,,,1,32,,50006,31,,,1
9300,'4',822,,50034,31,,,1,28,,50009,31,,,1,75,,50010,31,,,1,75,,50011,31,,,1,35,,50012,31,,,1,75,,50013,31,,,1,35,,50014,31,,,1,75,,50015,31,,,1,37,,50016,31,,,1,77,,50017,31,,,1,77,,50018,31,,,1,37,,50019,31,,,1,77,,50020,31,,,1,77,,50021,31,,,1,37,,50022,31,,,1,77,,50023,31,,,1,37,,50024,31,,,1,77,,50025,31,,,1,77,,50026,31,,,1,37,,50027,31,,,1,77,,50028,31,,,1,37,,50029,31,,,1,77,,50030,31,,,1,77,,50031,31,,,1,32,,50032,31,,,1
9401,'11802',848,,50182,15,,,1
9401,'2',722,,50183,15,,,1,26,,50184,15,,,1,66,,50185,15,,,1,26,,50186,15,,,1,66,,50187,15,,,1,26,,50188,15,,,1,26,,50189,15,,,1,353,,50190,15,,,1,21,,50191,15,,,1,21,,50192,15,,,1,61,,50193,15,,,1,21,,50194,15,,,1,21,,50195,15,,,1,61,,50196,15,,,1,21,,50197,15,,,1,21,,50198,15,,,1,65,,50199,15,,,1,23,,50200,15,,,1,63,,50201,15,,,1,23,,50202,15,,,1,23,,50203,15,,,1
10201,'11802',910,,50351,7,,,1,21,,50352,7,,,1,809,,50353,7,,,1
10201,'3302',608,,50413,7,,,1,22,,50412,7,,,1,25,,50411,7,,,1,65,,50410,7,,,1,25,,50409,7,,,1,60,,50363,7,,,1,10,,50362,7,,,1,20,,50361,7,,,1,21,,50360,7,,,1,50,,50359,7,,,1,19,,50358,7,,,1,21,,50357,7,,,1,10,,50356,7,,,1,60,,50355,7,,,1,20,,50354,7,,,1,6,,50364,7,,,1,17,,50365,7,,,1,62,,50366,7,,,1,11,,50367,7,,,1,11,,50368,7,,,1,62,,50369,7,,,1,11,,50370,7,,,1,11,,50371,7,,,1,22,,50372,7,,,1,51,,50373,7,,,1,11,,50374,7,,,1,22,,50375,7,,,1,11,,50376,7,,,1,11,,50377,7,,,1,62,,50378,7,,,1,11,,50379,7,,,1,13,,50380,7,,,1,65,,50381,7,,,1,12,,50382,7,,,1,12,,50383,7,,,1,24,,50384,7,,,1,54,,50385,7,,,1,12,,50386,7,,,1,24,,50387,7,,,1,12,,50388,7,,,1,52,,50389,7,,,1,24,,50390,7,,,1,12,,50391,7,,,1,12,,50392,7,,,1,68,,50393,7,,,1,12,,50394,7,,,1,70,,50395,7,,,1,15,,50396,7,,,1,30,,50397,7,,,1,55,,50398,7,,,1,30,,50399,7,,,1,15,,50400,7,,,1,67,,50401,7,,,1,20,,50402,7,,,1,20,,50403,7,,,1,60,,50404,7,,,1,20,,50405,7,,,1,20,,50406,7,,,1,60,,50407,7,,,1,20,,50408,7,,,1
10201,'3602',825,,50419,7,,,1,20,,50418,7,,,1,69,,50417,7,,,1,22,,50416,7,,,1,70,,50415,7,,,1,20,,50414,7,,,1,84,,50420,7,,,1,44,,50421,7,,,1,84,,50422,7,,,1,84,,50423,7,,,1,84,,50424,7,,,1,48,,50425,7,,,1,88,,50426,7,,,1,90,,50427,7,,,1,88,,50428,7,,,1,86,,50429,7,,,1,45,,50430,7,,,1,85,,50431,7,,,1,85,,50432,7,,,1
10201,'3903',1125,,50433,7,,,1,82,,50434,7,,,1,44,,50435,7,,,1,80,,50436,7,,,1,80,,50437,7,,,1,41,,50438,7,,,1,80,,50439,7,,,1,84,,50440,7,,,1,84,,50441,7,,,1,45,,50442,7,,,1,80,,50443,7,,,1,80,,50444,7,,,1,40,,50445,7,,,1,80,,50446,7,,,1,78,,50447,7,,,1,34,,50448,7,,,1,75,,50449,7,,,1,35,,50450,7,,,1,75,,50451,7,,,1
10201,'6404',1125,,50452,7,,,1,82,,50453,7,,,1,44,,50454,7,,,1,80,,50455,7,,,1,80,,50456,7,,,1,41,,50457,7,,,1,80,,50458,7,,,1,84,,50459,7,,,1,84,,50460,7,,,1,45,,50461,7,,,1,80,,50462,7,,,1,80,,50463,7,,,1,40,,50464,7,,,1,80,,50465,7,,,1,78,,50466,7,,,1,34,,50467,7,,,1,75,,50468,7,,,1
