1000,'2',610,,44882,49,,,1,15,,44883,49,,,1,15,,44884,64,,,1,15,,44885,49,,,1,55,,44893,64,,,1,15,,44894,49,,,1,20,,44892,64,,,1,55,,44895,49,,,1,17,,44886,64,,,1,19,,44932,64,,,1,17,,44887,64,,,1,54,,44933,64,,,1,15,,44891,64,,,1,18,,44890,64,,,1,69,,44888,64,,,1,30,,44899,64,,,1,70,,44898,64,,,1,30,,44897,64,,,1,70,,44896,64,,,1,32,,44903,64,,,1,14,,44904,49,,,1,66,,44902,64,,,1,14,,44936,49,,,1,16,,44901,64,,,1,60,,44900,64,,,1,15,,44937,49,,,1,18,,44906,64,,,1,63,,44905,64,,,1,18,,44934,64,,,1,16,,44907,64,,,1,15,,44935,64,,,1,59,,44908,64,,,1,16,,44915,64,,,1,14,,44909,64,,,1,56,,44910,64,,,1,16,,44911,64,,,1,18,,44912,64,,,1,15,,44913,64,,,1,55,,44938,64,,,1,12,,44914,64,,,1,33,,44916,64,,,1,57,,44917,64,,,1,33,,44918,64,,,1,73,,44919,64,,,1,30,,44920,64,,,1,70,,44921,64,,,1,35,,44922,64,,,1,65,,44923,64,,,1,38,,44924,64,,,1,73,,44925,64,,,1,30,,44926,64,,,1,75,,44927,64,,,1,75,,44928,64,,,1,30,,44929,64,,,1
1000,'3',618,,44944,49,,,1,35,,44941,49,,,1,75,,44942,64,,,1,75,,44943,64,,,1,37,,44945,64,,,1,70,,44946,64,,,1,15,,44947,64,,,1,30,,44948,64,,,1,72,,44949,64,,,1,30,,44950,64,,,1,70,,44951,64,,,1,30,,44952,64,,,1,80,,44953,64,,,1,70,,44954,64,,,1,30,,44955,64,,,1,70,,44956,64,,,1,31,,44957,64,,,1,70,,44958,64,,,1,30,,44959,64,,,1,65,,44960,64,,,1,12,,44961,64,,,1,30,,44962,64,,,1,70,,44963,64,,,1,30,,44964,64,,,1,68,,44965,64,,,1,28,,44966,64,,,1,65,,44967,64,,,1,30,,44968,64,,,1,70,,44969,64,,,1,30,,44970,64,,,1,70,,44971,64,,,1,30,,44975,64,,,1,65,,44976,64,,,1,25,,44977,64,,,1,25,,44978,64,,,1,65,,44979,64,,,1,30,,44980,64,,,1,62,,44981,64,,,1,47,,44982,64,,,1
1000,'30',712,,44983,49,,,1,37,,45019,64,,,1,60,,44984,64,,,1,35,,45018,64,,,1,60,,44985,64,,,1,30,,44986,64,,,1,70,,44987,64,,,1,30,,44988,64,,,1,25,,44989,64,,,1,65,,44990,64,,,1,25,,44991,64,,,1,66,,44992,64,,,1,31,,44993,64,,,1,70,,44994,64,,,1,30,,44995,64,,,1,70,,44996,64,,,1,30,,44997,64,,,1,70,,44998,64,,,1,30,,44999,64,,,1,70,,45000,64,,,1,30,,45001,64,,,1,70,,45002,64,,,1,29,,45005,64,,,1,70,,45006,64,,,1,30,,45007,64,,,1,70,,45008,64,,,1,30,,45009,64,,,1,66,,45010,64,,,1,30,,45011,64,,,1,70,,45012,64,,,1,28,,45013,64,,,1,70,,45014,64,,,1,32,,45015,64,,,1,70,,45016,64,,,1
1000,'4',712,,45020,49,,,1,37,,45056,64,,,1,60,,45021,64,,,1,35,,45055,64,,,1,60,,45022,64,,,1,30,,45023,64,,,1,70,,45024,64,,,1,30,,45025,64,,,1,25,,45026,64,,,1,65,,45027,64,,,1,25,,45028,64,,,1,66,,45029,64,,,1,31,,45030,64,,,1,70,,45031,64,,,1,30,,45032,64,,,1,70,,45033,64,,,1,30,,45034,64,,,1,70,,45035,64,,,1,30,,45036,64,,,1,70,,45037,64,,,1,30,,45038,64,,,1,70,,45039,64,,,1,29,,45042,64,,,1,70,,45043,64,,,1,30,,45044,64,,,1,70,,45045,64,,,1,30,,45046,64,,,1,66,,45047,64,,,1,30,,45048,64,,,1,70,,45049,64,,,1,28,,45050,64,,,1,70,,45051,64,,,1,32,,45052,64,,,1,70,,45053,64,,,1
12700,'3302',638,,50785,1,,,1,88,,50786,1,,,1,18,,50787,1,,,1,94,,50788,1,,,1,18,,50789,1,,,1,91,,50790,1,,,1,63,,50791,1,,,1,46,,50792,1,,,1,63,,50793,1,,,1,85,,50794,1,,,1,23,,50795,1,,,1,86,,50796,1,,,1,24,,50797,1,,,1,85,,50798,1,,,1,30,,50799,1,,,1,85,,50800,1,,,1,70,,50801,1,,,1,48,,50802,1,,,1,76,,50803,1,,,1,80,,50804,1,,,1,37,,50805,1,,,1,74,,50806,1,,,1,34,,50807,1,,,1,74,,50808,1,,,1,102,,50809,1,,,1,104,,50810,1,,,1,101,,50811,1,,,1
12700,'3602',600,,50812,1,,,1,50,,50813,1,,,1,56,,50814,1,,,1,96,,50815,1,,,1,18,,50816,1,,,1,103,,50817,1,,,1,110,,50818,1,,,1,109,,50819,1,,,1,108,,50820,1,,,1,102,,50821,1,,,1,55,,50822,1,,,1,30,,50823,1,,,1,70,,50824,1,,,1,15,,50825,1,,,1,29,,50826,1,,,1,72,,50827,1,,,1,16,,50828,1,,,1,72,,50829,1,,,1
12700,'3903',600,,50830,1,,,1,100,,50831,1,,,1,100,,50832,1,,,1,102,,50833,1,,,1,102,,50834,1,,,1,34,,50835,1,,,1,74,,50836,1,,,1,34,,50837,1,,,1,73,,50838,1,,,1,35,,50839,1,,,1,75,,50840,1,,,1,76,,50841,1,,,1,35,,50842,1,,,1,75,,50843,1,,,1,35,,50844,1,,,1,75,,50845,1,,,1,75,,50846,1,,,1,35,,50847,1,,,1,78,,50848,1,,,1,34,,50849,1,,,1,74,,50850,1,,,1,34,,50851,1,,,1,74,,50852,1,,,1,104,,50853,1,,,1,102,,50854,1,,,1,102,,50855,1,,,1
12700,'6404',752,,50857,1,,,1,100,,50858,1,,,1,74,,50859,1,,,1,74,,50860,1,,,1,34,,50861,1,,,1,74,,50862,1,,,1,34,,50863,1,,,1,73,,50864,1,,,1,34,,50865,1,,,1,74,,50866,1,,,1,34,,50867,1,,,1,74,,50868,1,,,1,74,,50869,1,,,1,34,,50870,1,,,1,74,,50871,1,,,1,38,,50872,1,,,1,68,,50873,1,,,1,37,,50874,1,,,1,101,,50875,1,,,1,101,,50876,1,,,1,101,,50877,1,,,1,141,,50878,1,,,1,55,,50879,1,0,35 3 54,1
12701,'3302',732,,50880,21,4,,1,93,,50881,21,4,,1,18,,50882,21,4,,1,94,,50883,21,4,,1,21,,50884,21,4,,1,88,,50885,21,4,,1,63,,50886,21,4,,1,46,,50887,21,4,,1,63,,50888,21,4,,1,86,,50889,21,4,,1,23,,50890,21,4,,1,86,,50891,21,4,,1,30,,50892,21,4,,1,85,,50893,21,4,,1,30,,50894,21,4,,1,88,,50895,21,4,,1,72,,50896,21,4,,1,88,,50897,21,4,,1,28,,50898,21,4,,1,77,,50899,21,4,,1,34,,50900,21,4,,1,74,,50901,21,4,,1,34,,50902,21,4,,1,74,,50903,21,4,,1,98,,50904,21,4,,1,104,,50905,21,4,,1,98,,50906,21,4,,1
12701,'3602',653,,50907,21,4,,1,96,,50908,21,4,,1,58,,50909,21,4,,1,94,,50910,21,4,,1,18,,50911,21,4,,1,103,,50912,21,4,,1,110,,50913,21,4,,1,109,,50914,21,4,,1,111,,50915,21,4,,1,76,,50916,21,4,,1,30,,50917,21,4,,1,55,,50918,21,4,,1,30,,50919,21,4,,1,71,,50920,21,4,,1,16,,50921,21,4,,1,72,,50922,21,4,,1,32,,50923,21,4,,1,16,,50924,21,4,,1
12701,'3903',651,,50925,21,4,,1,99,,50926,21,4,,1,103,,50927,21,4,,1,102,,50928,21,4,,1,73,,50929,21,4,,1,74,,50930,21,4,,1,34,,50931,21,4,,1,74,,50932,21,4,,1,36,,50933,21,4,,1,75,,50934,21,4,,1,35,,50935,21,4,,1,76,,50936,21,4,,1,76,,50937,21,4,,1,35,,50938,21,4,,1,75,,50939,21,4,,1,35,,50940,21,4,,1,75,,50941,21,4,,1,77,,50942,21,4,,1,32,,50943,21,4,,1,74,,50944,21,4,,1,34,,50945,21,4,,1,74,,50946,21,4,,1,34,,50947,21,4,,1,72,,50950,21,4,,1,102,,50948,21,4,,1,102,,50949,21,4,,1
12701,'6404',740,,50951,21,4,,1,102,,50952,21,4,,1,78,,50973,10,4,,1,28,,50953,21,4,,1,74,,50954,21,4,,1,34,,50955,21,4,,1,74,,50956,21,4,,1,74,,50957,21,4,,1,36,,50958,21,4,,1,74,,50959,21,4,,1,34,,50960,21,4,,1,74,,50961,21,4,,1,34,,50962,21,4,,1,74,,50963,21,4,,1,74,,50964,21,4,,1,34,,50965,21,4,,1,74,,50966,21,4,,1,31,,50967,21,4,,1,104,,50968,21,4,,1,101,,50969,21,4,,1,101,,50970,21,4,,1,101,,50971,21,4,,1,101,,50972,21,4,,1
