400,'2',613,,34743,3,0,13 18 19 20,1,38,,34742,3,0,10 18 19 20,1,55,,34741,3,0,13 18 19 20,1,15,,34740,3,0,10 18 19 20,1,15,,34739,3,0,13 18 19 20,1,15,,34738,3,0,10 18 19 20,1,55,,34737,3,0,13 18 19 20,1,15,,34736,3,0,10 18 19 20,1,15,,34735,3,0,13 18 19 20,1,21,,34734,3,0,10 18 19 20,1,60,,34733,3,0,13 18 19 20,1,20,,34732,3,0,10 18 19 20,1,20,,34731,3,0,13 18 19 20,1,60,,34730,3,0,10 18 19 20,1,20,,34729,3,0,13 18 19 20,1,20,,34728,3,0,10 18 19 20,1,60,,34727,3,0,13 18 19 20,1,20,,34726,3,0,10 18 19 20,1,20,,34725,3,0,13 18 19 20,1,60,,34724,3,0,10 18 19 20,1,20,,34723,3,0,13 18 19 20,1,20,,34722,3,0,10 18 19 20,1,60,,34721,3,0,13 18 19 20,1,17,,34720,3,0,10 18 19 20,1,14,,34745,3,0,13 18 19 20,1,10,,34746,3,0,10 18 19 20,1,55,,34754,3,0,13 18 19 20,1,15,,34747,3,0,10 18 19 20,1,15,,34755,3,0,13 18 19 20,1,15,,34748,3,0,10 18 19 20,1,55,,34756,3,0,13 18 19 20,1,15,,34749,3,0,10 18 19 20,1,14,,34757,3,0,13 18 19 20,1,13,,34750,3,0,10 18 19 20,1,55,,34758,3,0,13 18 19 20,1,10,,34751,3,0,10 18 19 20,1,15,,34759,3,0,13 18 19 20,1,15,,34752,3,0,10 18 19 20,1,50,,34760,3,0,13 18 19 20,1,15,,34753,3,0,10 18 19 20,1,10,,34761,3,0,13 18 19 20,1,23,,34762,3,0,10 18 19 20,1,61,,34763,3,0,13 18 19 20,1,15,,34767,3,0,10 18 19 20,1,20,,34764,3,0,13 18 19 20,1,60,,34768,3,0,10 18 19 20,1,20,,34765,3,0,13 18 19 20,1,20,,34769,3,0,10 18 19 20,1,60,,34766,3,0,13 18 19 20,1,17,,34770,3,0,10 18 19 20,1,15,,34771,3,0,13 18 19 20,1,67,,34774,3,0,10 18 19 20,1,30,,34772,3,0,13 18 19 20,1,70,,34775,3,0,10 18 19 20,1,30,,34773,3,0,13 18 19 20,1,72,,34776,3,0,10 18 19 20,1,40,,34777,3,0,13 18 19 20,1,99,,34778,3,0,13 18 19 20,1
400,'3',602,,34781,3,0,13 18 19 20,1,13,,34780,3,0,10 18 19 20,1,32,,34783,3,0,13 18 19 20,1,70,,34790,3,0,10 18 19 20,1,30,,34784,3,0,13 18 19 20,1,68,,34791,3,0,10 18 19 20,1,30,,34785,3,0,13 18 19 20,1,70,,34792,3,0,10 18 19 20,1,30,,34786,3,0,13 18 19 20,1,68,,34793,3,0,10 18 19 20,1,30,,34787,3,0,13 18 19 20,1,70,,34794,3,0,10 18 19 20,1,30,,34788,3,0,13 18 19 20,1,67,,34795,3,0,10 18 19 20,1,29,,34789,3,0,13 18 19 20,1,63,,34796,3,0,10 18 19 20,1,20,,34801,3,0,13 18 19 20,1,25,,34797,3,0,10 18 19 20,1,64,,34802,3,0,13 18 19 20,1,25,,34798,3,0,10 18 19 20,1,65,,34803,3,0,13 18 19 20,1,25,,34799,3,0,10 18 19 20,1,25,,34804,3,0,13 18 19 20,1,65,,34800,3,0,10 18 19 20,1,25,,34805,3,0,13 18 19 20,1,65,,34812,3,0,10 18 19 20,1,25,,34808,3,0,13 18 19 20,1,25,,34813,3,0,10 18 19 20,1,65,,34809,3,0,13 18 19 20,1,25,,34814,3,0,10 18 19 20,1,65,,34810,3,0,13 18 19 20,1,25,,34815,3,0,10 18 19 20,1,65,,34811,3,0,13 18 19 20,1,25,,34816,3,0,10 18 19 20,1,23,,34817,3,0,13 18 19 20,1,70,,34820,3,0,10 18 19 20,1,35,,34818,3,0,13 18 19 20,1,70,,34821,3,0,10 18 19 20,1,30,,34819,3,0,13 18 19 20,1,70,,34822,3,0,10 18 19 20,1,27,,34806,3,0,13 18 19 20,1,94,,34807,3,0,10 18 19 20,1
400,'30',645,,34853,3,0,13 18 19 20,1,82,,34854,3,0,10 18 19 20,1,80,,34855,3,0,13 18 19 20,1,43,,34825,3,0,10 18 19 20,1,74,,34826,3,0,13 18 19 20,1,25,,34827,3,0,10 18 19 20,1,70,,34828,3,0,13 18 19 20,1,30,,34829,3,0,10 18 19 20,1,70,,34830,3,0,13 18 19 20,1,30,,34831,3,0,10 18 19 20,1,66,,34832,3,0,13 18 19 20,1,30,,34833,3,0,10 18 19 20,1,70,,34834,3,0,13 18 19 20,1,30,,34835,3,0,10 18 19 20,1,70,,34836,3,0,13 18 19 20,1,30,,34837,3,0,10 18 19 20,1,70,,34838,3,0,13 18 19 20,1,30,,34839,3,0,10 18 19 20,1,70,,34840,3,0,13 18 19 20,1,30,,34841,3,0,10 18 19 20,1,70,,34842,3,0,13 18 19 20,1,30,,34843,3,0,10 18 19 20,1,72,,34844,3,0,13 18 19 20,1,30,,34845,3,0,10 18 19 20,1,70,,34846,3,0,13 18 19 20,1,30,,34847,3,0,10 18 19 20,1,70,,34848,3,0,13 18 19 20,1,30,,34849,3,0,10 18 19 20,1,70,,34850,3,0,13 18 19 20,1,30,,34851,3,0,10 18 19 20,1,66,,34852,3,0,13 18 19 20,1,29,,34823,3,0,10 18 19 20,1
400,'4',645,,34886,3,0,13 18 19 20,1,82,,34887,3,0,10 18 19 20,1,80,,34888,3,0,13 18 19 20,1,43,,34858,3,0,10 18 19 20,1,74,,34859,3,0,13 18 19 20,1,25,,34860,3,0,10 18 19 20,1,70,,34861,3,0,13 18 19 20,1,30,,34862,3,0,10 18 19 20,1,70,,34863,3,0,13 18 19 20,1,30,,34864,3,0,10 18 19 20,1,66,,34865,3,0,13 18 19 20,1,30,,34866,3,0,10 18 19 20,1,70,,34867,3,0,13 18 19 20,1,30,,34868,3,0,10 18 19 20,1,70,,34869,3,0,13 18 19 20,1,30,,34870,3,0,10 18 19 20,1,70,,34871,3,0,13 18 19 20,1,30,,34872,3,0,10 18 19 20,1,70,,34873,3,0,13 18 19 20,1,30,,34874,3,0,10 18 19 20,1,70,,34875,3,0,13 18 19 20,1,30,,34876,3,0,10 18 19 20,1,72,,34877,3,0,13 18 19 20,1,30,,34878,3,0,10 18 19 20,1,70,,34879,3,0,13 18 19 20,1,30,,34880,3,0,10 18 19 20,1,70,,34881,3,0,13 18 19 20,1,30,,34882,3,0,10 18 19 20,1,70,,34883,3,0,13 18 19 20,1,30,,34884,3,0,10 18 19 20,1,66,,34885,3,0,13 18 19 20,1,29,,34856,3,0,10 18 19 20,1
1701,'2',618,,38244,16,0,13 33,1,18,,38285,16,0,10 31,1,16,,38245,16,0,13 33,1,59,,38246,16,0,10 31,1,20,,38247,16,0,13 33,1,20,,38248,16,0,10 31,1,60,,38249,16,0,13 33,1,20,,38250,16,0,10 31,1,20,,38251,16,0,13 33,1,60,,38252,16,0,10 31,1,20,,38253,16,0,13 33,1,20,,38254,16,0,10 31,1,60,,38255,16,0,13 33,1,20,,38256,16,0,10 31,1,19,,38257,16,0,13 33,1,60,,38258,16,0,10 31,1,19,,38259,16,0,13 33,1,20,,38260,16,0,10 31,1,61,,38261,16,0,13 33,1,20,,38262,16,0,10 31,1,21,,38263,16,0,13 33,1,60,,38264,16,0,10 31,1,20,,38265,16,0,13 33,1,21,,38266,16,0,10 31,1,61,,38267,16,0,13 33,1,16,,38268,16,0,10 31,1,20,,38269,16,0,13 33,1,60,,38270,16,0,10 31,1,20,,38271,16,0,13 33,1,20,,38272,16,0,10 31,1,60,,38273,16,0,13 33,1,20,,38274,16,0,10 31,1,15,,38275,16,0,13 33,1,15,,38276,16,0,10 31,1,60,,38277,16,0,13 33,1,18,,38278,16,0,10 31,1,64,,38279,16,0,13 33,1,19,,38240,16,0,10 31,1,19,,38239,16,0,10 31,1,19,,38238,16,0,10 31,1,59,,38237,16,0,10 31,1,19,,38236,16,0,10 31,1,19,,38235,16,0,10 31,1,59,,38234,16,0,10 31,1,25,,38233,16,0,10 31,1,68,,38231,16,0,10 31,1,30,,38232,16,0,10 31,1,20,,38280,16,0,10 31,1,65,,38281,16,0,10 31,1,25,,38282,16,0,10 31,1,65,,38283,16,0,10 31,1,22,,38284,16,0,10 31,1,25,,38241,16,0,10 31,1,90,,38287,16,0,10 31,1
1701,'3',606,,38322,16,0,10 31,1,35,,38321,16,0,10 31,1,74,,38320,16,0,10 31,1,35,,38288,16,0,10 31,1,75,,38319,16,0,10 31,1,75,,38318,16,0,10 31,1,30,,38317,16,0,10 31,1,27,,38324,16,0,10 31,1,69,,38316,16,0,10 31,1,30,,38315,16,0,10 31,1,70,,38314,16,0,10 31,1,30,,38313,16,0,10 31,1,70,,38312,16,0,10 31,1,30,,38311,16,0,10 31,1,70,,38310,16,0,10 31,1,30,,38309,16,0,10 31,1,70,,38308,16,0,10 31,1,30,,38307,16,0,10 31,1,70,,38306,16,0,10 31,1,30,,38305,16,0,10 31,1,70,,38304,16,0,10 31,1,30,,38303,16,0,10 31,1,70,,38302,16,0,10 31,1,33,,38301,16,0,10 31,1,70,,38300,16,0,10 31,1,20,,38299,16,0,10 31,1,70,,38298,16,0,10 31,1,30,,38297,16,0,10 31,1,70,,38296,16,0,10 31,1,20,,38295,16,0,10 31,1,71,,38294,16,0,10 31,1,30,,38293,16,0,10 31,1,70,,38292,16,0,10 31,1,15,,38325,16,0,10 31,1,30,,38291,16,0,10 31,1,65,,38290,16,0,10 31,1,20,,38289,16,0,10 31,1,60,,38326,16,0,10 31,1,30,,38327,16,0,10 31,1
1701,'30',623,,38358,16,0,10 31,1,35,,38359,16,0,10 31,1,75,,38360,16,0,10 31,1,75,,38361,16,0,10 31,1,32,,38330,16,0,10 31,1,70,,38331,16,0,10 31,1,30,,38332,16,0,10 31,1,15,,38333,16,0,10 31,1,65,,38334,16,0,10 31,1,30,,38335,16,0,10 31,1,70,,38336,16,0,10 31,1,28,,38337,16,0,10 31,1,64,,38338,16,0,10 31,1,25,,38339,16,0,10 31,1,70,,38340,16,0,10 31,1,30,,38341,16,0,10 31,1,65,,38342,16,0,10 31,1,28,,38343,16,0,10 31,1,70,,38344,16,0,10 31,1,30,,38345,16,0,10 31,1,70,,38346,16,0,10 31,1,30,,38347,16,0,10 31,1,25,,38348,16,0,10 31,1,70,,38349,16,0,10 31,1,30,,38350,16,0,10 31,1,70,,38351,16,0,10 31,1,80,,38352,16,0,10 31,1,35,,38353,16,0,10 31,1,70,,38354,16,0,10 31,1,40,,38355,16,0,10 31,1,75,,38356,16,0,10 31,1,30,,38357,16,0,10 31,1,75,,38328,16,0,10 31,1,70,,38329,16,0,10 31,1
1701,'4',623,,38392,16,0,10 31,1,35,,38393,16,0,10 31,1,75,,38394,16,0,10 31,1,75,,38395,16,0,10 31,1,32,,38364,16,0,10 31,1,70,,38365,16,0,10 31,1,30,,38366,16,0,10 31,1,15,,38367,16,0,10 31,1,65,,38368,16,0,10 31,1,30,,38369,16,0,10 31,1,70,,38370,16,0,10 31,1,28,,38371,16,0,10 31,1,64,,38372,16,0,10 31,1,25,,38373,16,0,10 31,1,70,,38374,16,0,10 31,1,30,,38375,16,0,10 31,1,65,,38376,16,0,10 31,1,28,,38377,16,0,10 31,1,70,,38378,16,0,10 31,1,30,,38379,16,0,10 31,1,70,,38380,16,0,10 31,1,30,,38381,16,0,10 31,1,25,,38382,16,0,10 31,1,70,,38383,16,0,10 31,1,30,,38384,16,0,10 31,1,70,,38385,16,0,10 31,1,80,,38386,16,0,10 31,1,35,,38387,16,0,10 31,1,70,,38388,16,0,10 31,1,40,,38389,16,0,10 31,1,75,,38390,16,0,10 31,1,30,,38391,16,0,10 31,1,75,,38362,16,0,10 31,1,70,,38363,16,0,10 31,1
2001,'2',606,,38816,3,,,1,45,,38817,3,,,1,54,,38821,3,,,1,15,,38846,3,,,1,15,,38847,3,,,1,15,,38848,3,,,1,55,,38849,3,,,1,15,,38850,3,,,1,15,,38851,3,,,1,15,,38852,3,,,1,55,,38853,3,,,1,15,,38854,3,,,1,15,,38855,3,,,1,15,,38856,3,,,1,53,,38857,3,,,1,15,,38858,3,,,1,15,,38859,3,,,1,15,,38860,3,,,1,55,,38861,3,,,1,15,,38862,3,,,1,15,,38863,3,,,1,12,,38864,3,,,1,55,,38865,3,,,1,15,,38866,3,,,1,15,,38867,3,,,1,15,,38868,3,,,1,55,,38869,3,,,1,15,,38870,3,,,1,15,,38871,3,,,1,16,,38872,3,,,1,55,,38873,3,,,1,15,,38874,3,,,1,15,,38875,3,,,1,15,,38876,3,,,1,55,,38877,3,,,1,15,,38878,3,,,1,15,,38879,3,,,1,13,,38880,3,,,1,15,,38881,3,,,1,60,,38822,3,,,1,10,,38823,3,,,1,15,,38824,3,,,1,15,,38825,3,,,1,55,,38826,3,,,1,15,,38827,3,,,1,19,,38828,3,,,1,56,,38829,3,,,1,20,,38830,3,,,1,24,,38831,3,,,1,60,,38832,3,,,1,20,,38833,3,,,1,25,,38834,3,,,1,60,,38835,3,,,1,32,,38836,3,,,1,72,,38837,3,,,1,26,,38838,3,,,1,66,,38839,3,,,1,26,,38840,3,,,1,66,,38841,3,,,1,26,,38842,3,,,1,20,,38844,3,,,1,68,,38845,3,,,1,26,,38843,3,,,1
2001,'3',613,,38882,3,,,1,35,,38884,3,,,1,68,,38885,3,,,1,35,,38886,3,,,1,65,,38887,3,,,1,22,,38888,3,,,1,70,,38889,3,,,1,26,,38890,3,,,1,66,,38891,3,,,1,21,,38892,3,,,1,20,,38893,3,,,1,60,,38894,3,,,1,20,,38895,3,,,1,20,,38896,3,,,1,60,,38897,3,,,1,20,,38898,3,,,1,20,,38899,3,,,1,60,,38900,3,,,1,20,,38901,3,,,1,20,,38902,3,,,1,60,,38903,3,,,1,20,,38904,3,,,1,20,,38905,3,,,1,60,,38906,3,,,1,20,,38907,3,,,1,20,,38908,3,,,1,60,,38909,3,,,1,20,,38910,3,,,1,20,,38911,3,,,1,60,,38912,3,,,1,20,,38913,3,,,1,20,,38914,3,,,1,60,,38915,3,,,1,20,,38916,3,,,1,27,,38917,3,,,1,67,,38918,3,,,1,27,,38919,3,,,1,67,,38920,3,,,1,27,,38921,3,,,1,67,,38922,3,,,1,27,,38923,3,,,1,27,,38924,3,,,1,67,,38925,3,,,1,27,,38926,3,,,1,62,,38927,3,,,1,32,,38928,3,,,1,67,,38929,3,,,1,32,,38883,3,,,1
2001,'30',638,,38930,3,,,1,80,,38932,3,,,1,41,,38933,3,,,1,69,,38934,3,,,1,25,,38935,3,,,1,59,,38936,3,,,1,26,,38937,3,,,1,71,,38938,3,,,1,26,,38939,3,,,1,66,,38940,3,,,1,26,,38941,3,,,1,26,,38942,3,,,1,66,,38943,3,,,1,26,,38944,3,,,1,66,,38945,3,,,1,26,,38946,3,,,1,66,,38947,3,,,1,26,,38948,3,,,1,26,,38949,3,,,1,66,,38950,3,,,1,26,,38951,3,,,1,66,,38952,3,,,1,26,,38953,3,,,1,66,,38954,3,,,1,26,,38955,3,,,1,26,,38956,3,,,1,66,,38957,3,,,1,25,,38958,3,,,1,65,,38959,3,,,1,25,,38960,3,,,1,65,,38961,3,,,1,25,,38962,3,,,1,25,,38963,3,,,1,65,,38964,3,,,1,25,,38965,3,,,1,67,,38966,3,,,1,35,,38931,3,,,1
2001,'4',638,,38967,3,,,1,80,,38969,3,,,1,41,,38970,3,,,1,69,,38971,3,,,1,25,,38972,3,,,1,59,,38973,3,,,1,26,,38974,3,,,1,71,,38975,3,,,1,26,,38976,3,,,1,66,,38977,3,,,1,26,,38978,3,,,1,26,,38979,3,,,1,66,,38980,3,,,1,26,,38981,3,,,1,66,,38982,3,,,1,26,,38983,3,,,1,66,,38984,3,,,1,26,,38985,3,,,1,26,,38986,3,,,1,66,,38987,3,,,1,26,,38988,3,,,1,66,,38989,3,,,1,26,,38990,3,,,1,66,,38991,3,,,1,26,,38992,3,,,1,26,,38993,3,,,1,66,,38994,3,,,1,25,,38995,3,,,1,65,,38996,3,,,1,25,,38997,3,,,1,65,,38998,3,,,1,25,,38999,3,,,1,25,,39000,3,,,1,65,,39001,3,,,1,25,,39002,3,,,1,67,,39003,3,,,1,35,,38968,3,,,1
10401,'3302',731,,41813,3,,,1,70,,41814,3,,,1,32,,41815,3,,,1,72,,41816,3,,,1,30,,41817,3,,,1,70,,41818,3,,,1,29,,41819,3,,,1,71,,41820,3,,,1,28,,41821,3,,,1,74,,41822,3,,,1,27,,41823,3,,,1,72,,41824,3,,,1,24,,41825,3,,,1,29,,41826,3,,,1,68,,41827,3,,,1,32,,41828,3,,,1,69,,41829,3,,,1,30,,41830,3,,,1,70,,41831,3,,,1,73,,41832,3,,,1,31,,41833,3,,,1,70,,41834,3,,,1
10401,'3903',1006,,41851,3,,,1,21,,41837,3,,,1,30,,41838,3,,,1,67,,41839,3,,,1,29,,41840,3,,,1,60,,41841,3,,,1,30,,41842,3,,,1,65,,41843,3,,,1,29,,41844,3,,,1,68,,41845,3,,,1,31,,41846,3,,,1,70,,41847,3,,,1,30,,41848,3,,,1,69,,41849,3,,,1,30,,41850,3,,,1,70,,41836,3,,,1,30,,41835,3,,,1
