101,'2',603,,42455,2,0,10 11 63,1,26,,42456,2,0,13 11 63,1,17,,42457,2,0,10 11 63,1,13,,42462,2,0,13 11 63,1,54,,42458,2,0,10 11 63,1,16,,42463,2,0,13 11 63,1,9,,42459,2,0,10 11 63,1,16,,42464,2,0,13 11 63,1,54,,42460,2,0,10 11 63,1,16,,42465,2,0,13 11 63,1,16,,42461,2,0,10 11 63,1,62,,42469,2,0,13 11 63,1,1,,42483,2,0,10 16 17 3 43,1,18,,42476,2,0,10 11 63,1,21,,42470,2,0,13 11 63,1,59,,42477,2,0,10 11 63,1,21,,42471,2,0,13 11 63,1,19,,42478,2,0,10 11 63,1,16,,42472,2,0,13 11 63,1,59,,42479,2,0,10 11 63,1,21,,42473,2,0,13 11 63,1,19,,42480,2,0,10 11 63,1,61,,42474,2,0,13 11 63,1,19,,42481,2,0,10 11 63,1,21,,42475,2,0,13 11 63,1,57,,42482,2,0,10 11 63,1,21,,42484,2,0,13 11 63,1,13,,42488,2,0,10 11 63,1,55,,42485,2,0,13 11 63,1,15,,42489,2,0,10 11 63,1,15,,42486,2,0,13 11 63,1,15,,42490,2,0,10 11 63,1,55,,42487,2,0,13 11 63,1,15,,42491,2,0,10 11 63,1,15,,42492,2,0,13 11 63,1,16,,42496,2,0,10 11 63,1,57,,42493,2,0,13 11 63,1,15,,42497,2,0,10 11 63,1,17,,42494,2,0,13 11 63,1,15,,42498,2,0,10 11 63,1,57,,42495,2,0,13 11 63,1,15,,42499,2,0,10 11 63,1,5,,42508,2,0,13 9 15 3 43,1,27,,42500,2,0,13 11 63,1,45,,42518,2,0,10 16 17 3 43,1,18,,42504,2,0,10 11 63,1,27,,42501,2,0,13 11 63,1,63,,42505,2,0,10 11 63,1,27,,42502,2,0,13 11 63,1,63,,42506,2,0,10 11 63,1,27,,42503,2,0,13 11 63,1,32,,42509,2,0,10 11 63,1,45,,42515,2,0,13 9 15 3 43,1,25,,42512,2,0,13 11 63,1,30,,42510,2,0,10 11 63,1,70,,42513,2,0,13 11 63,1,30,,42511,2,0,10 11 63,1,70,,42514,2,0,13 11 63,1,21,,42516,2,0,10 11 63,1,68,,42517,2,0,10 16 17 3 43,1
101,'3',612,,42519,2,0,10 11 63,1,39,,42521,2,0,13 11 63,1,79,,42520,2,0,10 11 63,1,24,,42522,2,0,13 11 63,1,64,,42524,2,0,10 11 63,1,31,,42523,2,0,13 11 63,1,69,,42525,2,0,10 11 63,1,30,,42527,2,0,13 11 63,1,59,,42539,2,0,10 11 63,1,20,,42528,2,0,13 11 63,1,20,,42540,2,0,10 11 63,1,60,,42529,2,0,13 11 63,1,15,,42541,2,0,10 11 63,1,20,,42530,2,0,13 11 63,1,60,,42542,2,0,10 11 63,1,21,,42531,2,0,13 11 63,1,19,,42543,2,0,10 11 63,1,16,,42532,2,0,13 11 63,1,59,,42544,2,0,10 11 63,1,21,,42533,2,0,13 11 63,1,20,,42545,2,0,10 11 63,1,61,,42534,2,0,13 11 63,1,19,,42546,2,0,10 11 63,1,16,,42535,2,0,13 11 63,1,59,,42547,2,0,10 11 63,1,21,,42536,2,0,13 11 63,1,19,,42548,2,0,10 11 63,1,61,,42537,2,0,13 11 63,1,19,,42549,2,0,10 11 63,1,16,,42538,2,0,13 11 63,1,59,,42550,2,0,10 11 63,1,21,,42551,2,0,13 11 63,1,19,,42552,2,0,10 11 63,1,10,,42564,2,0,13 9 15 3 43,1,61,,42558,2,0,13 11 63,1,30,,42553,2,0,10 11 63,1,70,,42559,2,0,13 11 63,1,30,,42554,2,0,10 11 63,1,70,,42560,2,0,13 11 63,1,30,,42555,2,0,10 11 63,1,71,,42561,2,0,13 11 63,1,30,,42556,2,0,10 11 63,1,70,,42562,2,0,13 11 63,1,25,,42557,2,0,10 11 63,1,70,,42563,2,0,13 11 63,1,27,,42565,2,0,10 11 63,1,61,,42566,2,0,13 9 15 3 43,1,23,,42567,2,0,10 16 17 3 43,1
101,'30',816,,42569,2,0,13 11 63,1,31,,42573,2,0,10 11 63,1,73,,42570,2,0,13 11 63,1,31,,42574,2,0,10 11 63,1,73,,42571,2,0,13 11 63,1,31,,42575,2,0,10 11 63,1,68,,42572,2,0,13 11 63,1,23,,42577,2,0,10 11 63,1,65,,42584,2,0,13 11 63,1,19,,42578,2,0,10 11 63,1,26,,42585,2,0,13 11 63,1,64,,42579,2,0,10 11 63,1,26,,42586,2,0,13 11 63,1,64,,42580,2,0,10 11 63,1,26,,42587,2,0,13 11 63,1,64,,42581,2,0,10 11 63,1,26,,42588,2,0,13 11 63,1,24,,42582,2,0,10 11 63,1,66,,42589,2,0,13 11 63,1,25,,42583,2,0,10 11 63,1,67,,42590,2,0,13 11 63,1,25,,42591,2,0,10 11 63,1,5,,42602,2,0,10 16 17 3 43,1,65,,42597,2,0,13 11 63,1,30,,42592,2,0,10 11 63,1,70,,42598,2,0,13 11 63,1,30,,42593,2,0,10 11 63,1,70,,42599,2,0,13 11 63,1,30,,42594,2,0,10 11 63,1,70,,42600,2,0,13 11 63,1,30,,42595,2,0,10 11 63,1,72,,42601,2,0,13 11 63,1,37,,42596,2,0,10 11 63,1,9,,42603,2,0,13 9 15 3 43,1,65,,42604,2,0,10 16 17 3 43,1
101,'4',816,,42605,2,0,13 11 63,1,31,,42609,2,0,10 11 63,1,73,,42606,2,0,13 11 63,1,31,,42610,2,0,10 11 63,1,73,,42607,2,0,13 11 63,1,31,,42611,2,0,10 11 63,1,68,,42608,2,0,13 11 63,1,23,,42613,2,0,10 11 63,1,65,,42620,2,0,13 11 63,1,19,,42614,2,0,10 11 63,1,26,,42621,2,0,13 11 63,1,64,,42615,2,0,10 11 63,1,26,,42622,2,0,13 11 63,1,64,,42616,2,0,10 11 63,1,26,,42623,2,0,13 11 63,1,64,,42617,2,0,10 11 63,1,26,,42624,2,0,13 11 63,1,24,,42618,2,0,10 11 63,1,66,,42625,2,0,13 11 63,1,25,,42619,2,0,10 11 63,1,67,,42626,2,0,13 11 63,1,25,,42627,2,0,10 11 63,1,5,,42638,2,0,10 16 17 3 43,1,65,,42633,2,0,13 11 63,1,30,,42628,2,0,10 11 63,1,70,,42634,2,0,13 11 63,1,30,,42629,2,0,10 11 63,1,70,,42635,2,0,13 11 63,1,30,,42630,2,0,10 11 63,1,70,,42636,2,0,13 11 63,1,30,,42631,2,0,10 11 63,1,72,,42637,2,0,13 11 63,1,37,,42632,2,0,10 11 63,1,9,,42639,2,0,13 9 15 3 43,1,65,,42640,2,0,10 16 17 3 43,1
1600,'2',550,,46309,8,4,,1,69,,46308,50,4,,1,20,,46312,50,4,,1,20,,46313,50,4,,1,52,,46372,8,4,,1,10,,46373,50,4,,1,11,,46314,50,4,,1,21,,46315,50,4,,1,56,,46316,50,4,,1,18,,46317,50,4,,1,14,,46318,50,4,,1,16,,46319,50,4,,1,66,,46321,50,4,,1,16,,46322,50,4,,1,18,,46323,50,4,,1,58,,46324,50,4,,1,18,,46325,50,4,,1,18,,46326,50,4,,1,58,,46327,50,4,,1,18,,46328,50,4,,1,18,,46329,50,4,,1,58,,46330,50,4,,1,21,,46331,50,4,,1,16,,46332,50,4,,1,16,,46333,50,4,,1,58,,46334,50,4,,1,16,,46335,50,4,,1,14,,46336,50,4,,1,56,,46337,50,4,,1,16,,46338,50,4,,1,16,,46339,50,4,,1,18,,46340,50,4,,1,56,,46341,50,4,,1,16,,46342,50,4,,1,10,,46343,50,4,,1,15,,46344,50,4,,1,55,,46345,50,4,,1,15,,46346,50,4,,1,16,,46347,50,4,,1,15,,46348,50,4,,1,55,,46349,50,4,,1,15,,46350,50,4,,1,15,,46351,50,4,,1,68,,46352,50,4,,1,17,,46353,50,4,,1,21,,46354,50,4,,1,62,,46355,50,4,,1,22,,46356,50,4,,1,22,,46357,50,4,,1,62,,46358,50,4,,1,22,,46359,50,4,,1,22,,46360,50,4,,1,62,,46361,50,4,,1,18,,46362,50,4,,1,25,,46363,50,4,,1,65,,46364,50,4,,1,25,,46365,50,4,,1,65,,46366,50,4,,1,25,,46367,50,4,,1,65,,46368,50,4,,1,25,,46369,50,4,,1,25,,46370,50,4,,1
1600,'3',619,,46436,8,4,,1,23,,46374,50,4,,1,65,,46375,50,4,,1,20,,46376,50,4,,1,25,,46377,50,4,,1,65,,46378,50,4,,1,25,,46379,50,4,,1,65,,46380,50,4,,1,25,,46381,50,4,,1,24,,46382,50,4,,1,61,,46383,50,4,,1,21,,46384,50,4,,1,11,,46385,50,4,,1,61,,46386,50,4,,1,21,,46387,50,4,,1,21,,46388,50,4,,1,62,,46389,50,4,,1,15,,46390,50,4,,1,10,,46391,50,4,,1,15,,46392,50,4,,1,55,,46393,50,4,,1,15,,46394,50,4,,1,15,,46395,50,4,,1,15,,46396,50,4,,1,55,,46397,50,4,,1,15,,46398,50,4,,1,15,,46399,50,4,,1,15,,46400,50,4,,1,55,,46401,50,4,,1,15,,46402,50,4,,1,15,,46403,50,4,,1,15,,46404,50,4,,1,55,,46405,50,4,,1,15,,46406,50,4,,1,15,,46407,50,4,,1,15,,46408,50,4,,1,55,,46409,50,4,,1,15,,46410,50,4,,1,15,,46411,50,4,,1,71,,46413,50,4,,1,19,,46414,50,4,,1,20,,46415,50,4,,1,56,,46416,50,4,,1,20,,46417,50,4,,1,20,,46418,50,4,,1,60,,46419,50,4,,1,20,,46420,50,4,,1,20,,46421,50,4,,1,75,,46423,50,4,,1,20,,46424,50,4,,1,62,,46425,50,4,,1,25,,46426,50,4,,1,25,,46427,50,4,,1,65,,46428,50,4,,1,25,,46429,50,4,,1,65,,46430,50,4,,1,37,,46431,50,4,,1
1600,'30',654,,46474,8,4,,1,69,,46437,50,4,,1,35,,46438,50,4,,1,75,,46439,50,4,,1,75,,46440,50,4,,1,16,,46441,50,4,,1,26,,46442,50,4,,1,70,,46443,50,4,,1,30,,46444,50,4,,1,70,,46445,50,4,,1,30,,46446,50,4,,1,70,,46448,50,4,,1,24,,46449,50,4,,1,62,,46447,50,4,,1,22,,46450,50,4,,1,22,,46451,50,4,,1,62,,46452,50,4,,1,22,,46453,50,4,,1,22,,46454,50,4,,1,62,,46455,50,4,,1,22,,46456,50,4,,1,62,,46457,50,4,,1,22,,46458,50,4,,1,22,,46459,50,4,,1,62,,46460,50,4,,1,22,,46461,50,4,,1,76,,46463,50,4,,1,30,,46464,50,4,,1,70,,46465,50,4,,1,30,,46466,50,4,,1,70,,46473,50,4,,1,30,,46467,50,4,,1,70,,46468,50,4,,1,30,,46469,50,4,,1,70,,46470,50,4,,1,28,,46471,50,4,,1,70,,46472,50,4,,1
1600,'4',654,,46514,8,4,,1,69,,46477,50,4,,1,35,,46478,50,4,,1,75,,46479,50,4,,1,75,,46480,50,4,,1,16,,46481,50,4,,1,26,,46482,50,4,,1,70,,46483,50,4,,1,30,,46484,50,4,,1,70,,46485,50,4,,1,30,,46486,50,4,,1,70,,46488,50,4,,1,24,,46489,50,4,,1,62,,46487,50,4,,1,22,,46490,50,4,,1,22,,46491,50,4,,1,62,,46492,50,4,,1,22,,46493,50,4,,1,22,,46494,50,4,,1,62,,46495,50,4,,1,22,,46496,50,4,,1,62,,46497,50,4,,1,22,,46498,50,4,,1,22,,46499,50,4,,1,62,,46500,50,4,,1,22,,46501,50,4,,1,76,,46503,50,4,,1,30,,46504,50,4,,1,70,,46505,50,4,,1,30,,46506,50,4,,1,70,,46513,50,4,,1,30,,46507,50,4,,1,70,,46508,50,4,,1,30,,46509,50,4,,1,70,,46510,50,4,,1,28,,46511,50,4,,1,70,,46512,50,4,,1
1601,'2',550,,46518,1,,,1,57,,46522,1,,,1,18,,46523,1,,,1,18,,46524,1,,,1,59,,46525,1,,,1,9,,46526,1,,,1,16,,46527,1,,,1,16,,46528,1,,,1,16,,46529,1,,,1,56,,46530,1,,,1,16,,46531,1,,,1,16,,46532,1,,,1,58,,46533,1,,,1,22,,46534,1,,,1,18,,46535,1,,,1,58,,46536,1,,,1,18,,46537,1,,,1,18,,46538,1,,,1,18,,46539,1,,,1,58,,46540,1,,,1,18,,46541,1,,,1,17,,46542,1,,,1,56,,46543,1,,,1,10,,46544,1,,,1,16,,46545,1,,,1,16,,46546,1,,,1,56,,46547,1,,,1,16,,46548,1,,,1,16,,46549,1,,,1,14,,46550,1,,,1,6,,46551,1,,,1,55,,46552,1,,,1,15,,46553,1,,,1,15,,46554,1,,,1,15,,46555,1,,,1,55,,46556,1,,,1,15,,46557,1,,,1,15,,46558,1,,,1,14,,46559,1,,,1,55,,46560,1,,,1,15,,46561,1,,,1,15,,46562,1,,,1,15,,46563,1,,,1,55,,46564,1,,,1,15,,46565,1,,,1,15,,46567,1,0,5 3 6,1,63,,46566,1,,,1,19,,46568,1,,,1,23,,46569,1,,,1,62,,46570,1,,,1,22,,46571,1,,,1,22,,46572,1,,,1,62,,46573,1,,,1,22,,46574,1,,,1,24,,46575,1,,,1,57,,46576,1,0,5 3 6,1,20,,46577,1,,,1,65,,46578,1,,,1,25,,46579,1,,,1,25,,46580,1,,,1,65,,46581,1,,,1,25,,46582,1,,,1,63,,46583,1,,,1,23,,46520,1,,,1,25,,46521,1,0,5 3 6,1
1601,'3',619,,46584,1,,,1,25,,46585,1,,,1,65,,46586,1,,,1,25,,46587,1,,,1,24,,46588,1,,,1,65,,46589,1,,,1,25,,46590,1,,,1,65,,46591,1,,,1,25,,46592,1,,,1,20,,46593,1,,,1,61,,46594,1,,,1,21,,46595,1,,,1,16,,46596,1,,,1,61,,46597,1,,,1,21,,46598,1,,,1,15,,46599,1,,,1,55,,46600,1,,,1,15,,46601,1,,,1,15,,46602,1,,,1,10,,46603,1,,,1,55,,46604,1,,,1,15,,46605,1,,,1,15,,46606,1,,,1,15,,46607,1,,,1,55,,46608,1,,,1,15,,46609,1,,,1,15,,46610,1,,,1,15,,46611,1,,,1,55,,46612,1,,,1,15,,46613,1,,,1,15,,46614,1,,,1,15,,46615,1,,,1,55,,46616,1,,,1,15,,46617,1,,,1,15,,46618,1,,,1,15,,46619,1,,,1,55,,46620,1,,,1,15,,46621,1,,,1,15,,46622,1,,,1,20,,46623,1,,,1,60,,46624,1,,,1,20,,46625,1,,,1,20,,46626,1,,,1,60,,46627,1,,,1,20,,46628,1,,,1,20,,46629,1,,,1,60,,46630,1,,,1,20,,46631,1,,,1,22,,46632,1,,,1,66,,46633,1,,,1,25,,46634,1,,,1,65,,46635,1,,,1,25,,46636,1,,,1,65,,46637,1,,,1,21,,46638,1,,,1,25,,46639,1,,,1,69,,46640,1,,,1,30,,46641,1,,,1
1601,'30',654,,46646,1,,,1,75,,46647,1,,,1,75,,46648,1,,,1,35,,46649,1,,,1,69,,46650,1,,,1,25,,46651,1,,,1,70,,46652,1,,,1,30,,46653,1,,,1,70,,46654,1,,,1,30,,46655,1,,,1,69,,46656,1,,,1,22,,46658,1,,,1,23,,46659,1,,,1,62,,46657,1,,,1,22,,46660,1,,,1,22,,46661,1,,,1,62,,46662,1,,,1,22,,46663,1,,,1,22,,46664,1,,,1,62,,46665,1,,,1,22,,46666,1,,,1,62,,46667,1,,,1,22,,46668,1,,,1,21,,46669,1,,,1,70,,46670,1,,,1,30,,46671,1,,,1,70,,46672,1,,,1,30,,46673,1,,,1,70,,46674,1,,,1,30,,46675,1,,,1,70,,46676,1,,,1,30,,46677,1,,,1,70,,46678,1,,,1,31,,46679,1,,,1,70,,46680,1,,,1,30,,46681,1,,,1
1601,'4',654,,46685,1,,,1,75,,46686,1,,,1,75,,46687,1,,,1,35,,46688,1,,,1,69,,46689,1,,,1,25,,46690,1,,,1,70,,46691,1,,,1,30,,46692,1,,,1,70,,46693,1,,,1,30,,46694,1,,,1,69,,46695,1,,,1,22,,46697,1,,,1,23,,46698,1,,,1,62,,46696,1,,,1,22,,46699,1,,,1,22,,46700,1,,,1,62,,46701,1,,,1,22,,46702,1,,,1,22,,46703,1,,,1,62,,46704,1,,,1,22,,46705,1,,,1,62,,46706,1,,,1,22,,46707,1,,,1,21,,46708,1,,,1,70,,46709,1,,,1,30,,46710,1,,,1,70,,46711,1,,,1,30,,46712,1,,,1,70,,46713,1,,,1,30,,46714,1,,,1,70,,46715,1,,,1,30,,46716,1,,,1,70,,46717,1,,,1,31,,46718,1,,,1,70,,46719,1,,,1,30,,46720,1,,,1
