601,'2',622,,44069,9,,,1,37,,44071,9,,,1,75,,44072,9,,,1,25,,44073,9,,,1,65,,44074,9,,,1,25,,44075,9,,,1,69,,44077,9,,,1,25,,44078,9,,,1,70,,44079,9,,,1,30,,44080,9,,,1,65,,44081,9,,,1,30,,44082,9,,,1,68,,44083,9,,,1,30,,44084,9,,,1,70,,44085,9,,,1,25,,44086,9,,,1,71,,44087,9,,,1,30,,44088,9,,,1,70,,44089,9,,,1,30,,44090,9,,,1,69,,44091,9,,,1,25,,44092,9,,,1,30,,44093,9,,,1,70,,44094,9,,,1,30,,44095,9,,,1,65,,44096,9,,,1,25,,44097,9,,,1,65,,44098,9,,,1,25,,44099,9,,,1,21,,44100,9,,,1,65,,44101,9,,,1,27,,44102,9,,,1,65,,44103,9,,,1,25,,44104,9,,,1,65,,44105,9,,,1,25,,44106,9,,,1,25,,44107,9,,,1,65,,44108,9,,,1,26,,44109,9,,,1,67,,44110,9,,,1,43,,44111,9,,,1
601,'3',612,,44113,9,,,1,33,,44114,9,,,1,75,,44115,9,,,1,35,,44116,9,,,1,75,,44117,9,,,1,75,,44118,9,,,1,35,,44119,9,,,1,65,,44120,9,,,1,20,,44121,9,,,1,30,,44122,9,,,1,65,,44123,9,,,1,20,,44124,9,,,1,69,,44126,9,,,1,20,,44127,9,,,1,20,,44128,9,,,1,60,,44129,9,,,1,20,,44130,9,,,1,20,,44131,9,,,1,59,,44132,9,,,1,20,,44133,9,,,1,20,,44134,9,,,1,60,,44135,9,,,1,20,,44136,9,,,1,20,,44137,9,,,1,60,,44138,9,,,1,20,,44139,9,,,1,20,,44140,9,,,1,60,,44141,9,,,1,20,,44142,9,,,1,20,,44143,9,,,1,60,,44144,9,,,1,20,,44146,9,,,1,17,,44145,9,0,37 3 45,1,59,,44147,9,,,1,25,,44148,9,,,1,25,,44149,9,,,1,65,,44150,9,,,1,28,,44151,9,,,1,59,,44152,9,0,37 3 45,1,22,,44153,9,,,1,30,,44154,9,,,1,76,,44155,9,,,1,76,,44156,9,,,1,36,,44157,9,,,1,73,,44158,9,,,1,35,,44159,9,,,1
601,'30',910,,44160,9,,,1,33,,44161,9,,,1,75,,44162,9,,,1,35,,44163,9,,,1,78,,44164,9,,,1,78,,44165,9,,,1,25,,44166,9,,,1,25,,44167,9,,,1,65,,44168,9,,,1,25,,44169,9,,,1,65,,44170,9,,,1,25,,44171,9,,,1,65,,44172,9,,,1,25,,44173,9,,,1,25,,44174,9,,,1,65,,44175,9,,,1,25,,44176,9,,,1,70,,44177,9,,,1,25,,44178,9,,,1,13,,44179,9,0,37 3 45,1,64,,44180,9,,,1,32,,44181,9,,,1,75,,44182,9,,,1,35,,44183,9,,,1,75,,44184,9,,,1,75,,44185,9,,,1,35,,44186,9,,,1,74,,44187,9,,,1,35,,44189,9,,,1,73,,44188,9,0,37 3 45,1
601,'4',910,,44190,9,,,1,33,,44191,9,,,1,75,,44192,9,,,1,35,,44193,9,,,1,78,,44194,9,,,1,78,,44195,9,,,1,25,,44196,9,,,1,25,,44197,9,,,1,65,,44198,9,,,1,25,,44199,9,,,1,65,,44200,9,,,1,25,,44201,9,,,1,65,,44202,9,,,1,25,,44203,9,,,1,25,,44204,9,,,1,65,,44205,9,,,1,25,,44206,9,,,1,70,,44207,9,,,1,25,,44208,9,,,1,13,,44209,9,0,37 3 45,1,64,,44210,9,,,1,32,,44211,9,,,1,75,,44212,9,,,1,35,,44213,9,,,1,75,,44214,9,,,1,75,,44215,9,,,1,35,,44216,9,,,1,74,,44217,9,,,1,35,,44219,9,,,1,73,,44218,9,0,37 3 45,1
1300,'11802',831,,45507,17,,,1,728,,45508,17,,,1,171,,45509,17,,,1
1300,'2',622,,45511,17,0,10 18 19 20,1,18,,45512,17,,,1,14,,45513,17,0,10 18 19 20,1,54,,45514,17,,,1,10,,45515,17,0,10 18 19 20,1,15,,45516,17,,,1,15,,45517,17,0,10 18 19 20,1,55,,45518,17,,,1,15,,45519,17,0,10 18 19 20,1,15,,45520,17,,,1,15,,45521,17,0,10 18 19 20,1,55,,45522,17,,,1,15,,45523,17,0,10 18 19 20,1,15,,45524,17,,,1,15,,45525,17,0,10 18 19 20,1,10,,45526,17,,,1,55,,45527,17,0,10 18 19 20,1,15,,45528,17,,,1,15,,45529,17,0,10 18 19 20,1,15,,45530,17,,,1,55,,45531,17,0,10 18 19 20,1,15,,45532,17,,,1,15,,45533,17,0,10 18 19 20,1,10,,45534,17,,,1,55,,45535,17,0,10 18 19 20,1,15,,45536,17,,,1,15,,45537,17,0,10 18 19 20,1,15,,45538,17,,,1,55,,45539,17,0,10 18 19 20,1,15,,45540,17,,,1,15,,45541,17,0,10 18 19 20,1,15,,45542,17,,,1,55,,45543,17,0,10 18 19 20,1,15,,45544,17,,,1,15,,45545,17,0,10 18 19 20,1,15,,45546,17,,,1,55,,45547,17,0,10 18 19 20,1,15,,45548,17,,,1,15,,45549,17,0,10 18 19 20,1,15,,45550,17,,,1,54,,45551,17,0,10 18 19 20,1,15,,45552,17,,,1,15,,45553,17,0,10 18 19 20,1,15,,45554,17,,,1,55,,45555,17,0,10 18 19 20,1,15,,45556,17,,,1,15,,45557,17,0,10 18 19 20,1,15,,45558,17,,,1,56,,45559,17,0,10 18 19 20,1,20,,45564,17,,,1,20,,45560,17,0,10 18 19 20,1,60,,45565,17,,,1,20,,45561,17,0,10 18 19 20,1,20,,45566,17,,,1,60,,45562,17,0,10 18 19 20,1,20,,45567,17,,,1,20,,45563,17,,,1,70,,45568,17,0,10 18 19 20,1,25,,45571,17,,,1,65,,45569,17,0,10 18 19 20,1,27,,45572,17,,,1,73,,45570,17,0,10 18 19 20,1,30,,45573,17,,,1,67,,45575,17,0,10 18 19 20,1,47,,45574,17,,,1
1300,'3',622,,45580,17,0,10 18 19 20,1,78,,45581,17,,,1,35,,45582,17,0,10 18 19 20,1,73,,45583,17,,,1,11,,45587,17,0,10 18 19 20,1,16,,45584,17,,,1,16,,45588,17,0,10 18 19 20,1,56,,45585,17,,,1,16,,45589,17,,,1,16,,45586,17,0,10 18 19 20,1,16,,45590,17,,,1,55,,45591,17,0,10 18 19 20,1,15,,45596,17,,,1,15,,45592,17,0,10 18 19 20,1,15,,45597,17,,,1,55,,45593,17,0,10 18 19 20,1,15,,45598,17,,,1,15,,45594,17,0,10 18 19 20,1,15,,45599,17,,,1,55,,45595,17,,,1,15,,45600,17,0,10 18 19 20,1,15,,45609,17,,,1,15,,45601,17,0,10 18 19 20,1,55,,45610,17,,,1,15,,45602,17,0,10 18 19 20,1,15,,45611,17,,,1,15,,45603,17,0,10 18 19 20,1,55,,45612,17,,,1,15,,45604,17,0,10 18 19 20,1,15,,45613,17,,,1,15,,45605,17,0,10 18 19 20,1,55,,45614,17,,,1,15,,45606,17,0,10 18 19 20,1,15,,45615,17,,,1,15,,45607,17,0,10 18 19 20,1,55,,45616,17,,,1,15,,45608,17,0,10 18 19 20,1,10,,45617,17,,,1,15,,45620,17,0,10 18 19 20,1,55,,45618,17,,,1,15,,45621,17,0,10 18 19 20,1,15,,45619,17,,,1,15,,45622,17,,,1,54,,45623,17,0,10 18 19 20,1,15,,45647,17,,,1,15,,45627,17,,,1,15,,45624,17,0,10 18 19 20,1,60,,45628,17,,,1,15,,45625,17,0,10 18 19 20,1,20,,45629,17,,,1,60,,45626,17,0,10 18 19 20,1,20,,45630,17,,,1,20,,45634,17,,,1,70,,45631,17,0,10 18 19 20,1,25,,45635,17,,,1,65,,45632,17,0,10 18 19 20,1,30,,45636,17,,,1,70,,45633,17,0,10 18 19 20,1,19,,45637,17,,,1,20,,45638,17,0,10 18 19 20,1,72,,45640,17,,,1,37,,45639,17,0,10 18 19 20,1
1300,'30',650,,45670,17,,,1,83,,45672,17,0,10 18 19 20,1,75,,45671,17,,,1,35,,45673,17,0,10 18 19 20,1,75,,45658,17,,,1,30,,45669,17,0,10 18 19 20,1,55,,45657,17,,,1,30,,45668,17,0,10 18 19 20,1,70,,45656,17,,,1,30,,45667,17,0,10 18 19 20,1,24,,45655,17,,,1,72,,45666,17,0,10 18 19 20,1,30,,45654,17,,,1,70,,45665,17,0,10 18 19 20,1,30,,45653,17,,,1,70,,45664,17,0,10 18 19 20,1,30,,45652,17,,,1,70,,45663,17,0,10 18 19 20,1,30,,45651,17,,,1,70,,45662,17,0,10 18 19 20,1,30,,45650,17,,,1,70,,45661,17,0,10 18 19 20,1,25,,45649,17,,,1,70,,45660,17,0,10 18 19 20,1,31,,45648,17,,,1,65,,45674,17,0,10 18 19 20,1,20,,45677,17,,,1,70,,45675,17,0,10 18 19 20,1,30,,45678,17,,,1,70,,45676,17,0,10 18 19 20,1,30,,45679,17,0,10 18 19 20,1,71,,45680,17,,,1,42,,45659,17,0,10 18 19 20,1
1300,'4',650,,45703,17,,,1,83,,45705,17,0,10 18 19 20,1,75,,45704,17,,,1,35,,45706,17,0,10 18 19 20,1,75,,45691,17,,,1,30,,45702,17,0,10 18 19 20,1,55,,45690,17,,,1,30,,45701,17,0,10 18 19 20,1,70,,45689,17,,,1,30,,45700,17,0,10 18 19 20,1,24,,45688,17,,,1,72,,45699,17,0,10 18 19 20,1,30,,45687,17,,,1,70,,45698,17,0,10 18 19 20,1,30,,45686,17,,,1,70,,45697,17,0,10 18 19 20,1,30,,45685,17,,,1,70,,45696,17,0,10 18 19 20,1,30,,45684,17,,,1,70,,45695,17,0,10 18 19 20,1,30,,45683,17,,,1,70,,45694,17,0,10 18 19 20,1,25,,45682,17,,,1,70,,45693,17,0,10 18 19 20,1,31,,45681,17,,,1,65,,45707,17,0,10 18 19 20,1,20,,45710,17,,,1,70,,45708,17,0,10 18 19 20,1,30,,45711,17,,,1,70,,45709,17,0,10 18 19 20,1,30,,45712,17,0,10 18 19 20,1,71,,45713,17,,,1,42,,45692,17,0,10 18 19 20,1
1500,'2',621,,45918,29,0,13 28 3 8,1,22,,45919,29,0,13 28 3 8,1,60,,45923,29,0,10 29,1,15,,45920,29,0,13 28 3 8,1,16,,45924,29,0,10 29,1,11,,45921,29,0,13 28 3 8,1,56,,45925,29,0,10 29,1,16,,45922,29,0,13 28 3 8,1,16,,45926,29,0,10 29,1,16,,45927,29,0,13 28 3 8,1,55,,45944,29,0,10 29,1,15,,45928,29,0,13 28 3 8,1,15,,45945,29,0,10 29,1,15,,45929,29,0,13 28 3 8,1,55,,45946,29,0,10 29,1,15,,45930,29,0,13 28 3 8,1,15,,45947,29,0,10 29,1,15,,45931,29,0,13 28 3 8,1,55,,45948,29,0,10 29,1,15,,45932,29,0,13 28 3 8,1,15,,45949,29,0,10 29,1,15,,45933,29,0,13 28 3 8,1,55,,45950,29,0,10 29,1,15,,45934,29,0,13 28 3 8,1,15,,45951,29,0,10 29,1,15,,45935,29,0,13 28 3 8,1,55,,45952,29,0,10 29,1,15,,45936,29,0,13 28 3 8,1,15,,45953,29,0,10 29,1,15,,45937,29,0,13 28 3 8,1,54,,45954,29,0,10 29,1,15,,45938,29,0,13 28 3 8,1,15,,45955,29,0,10 29,1,15,,45939,29,0,13 28 3 8,1,10,,45956,29,0,10 29,1,55,,45940,29,0,13 28 3 8,1,15,,45957,29,0,10 29,1,14,,45941,29,0,13 28 3 8,1,17,,45958,29,0,10 29,1,55,,45942,29,0,13 28 3 8,1,17,,45959,29,0,10 29,1,17,,45943,29,0,13 28 3 8,1,57,,45960,29,0,10 29,1,15,,45961,29,0,13 28 3 8,1,17,,45962,29,0,10 29,1,17,,45963,29,0,13 28 3 8,1,59,,45965,29,0,10 29,1,14,,45966,29,0,13 28 3 8,1,26,,45967,29,0,10 29,1,60,,45968,29,0,13 28 3 8,1,20,,45969,29,0,10 29,1,25,,45970,29,0,13 28 3 8,1,70,,45971,29,0,10 29,1,30,,45972,29,0,13 28 3 8,1,67,,45973,29,0,10 29,1,30,,45974,29,0,13 28 3 8,1,70,,45975,29,0,10 29,1,30,,45976,29,0,13 28 3 8,1,70,,45977,29,0,10 29,1,30,,45978,29,0,13 28 3 8,1,68,,45979,29,0,10 29,1,30,,45964,29,0,13 28 3 8,1
1500,'3',621,,45985,29,0,10 29,1,27,,45986,29,0,13 28 3 8,1,70,,45987,29,0,10 29,1,30,,45988,29,0,13 28 3 8,1,64,,45990,29,0,10 29,1,31,,45989,29,0,13 28 3 8,1,69,,45991,29,0,10 29,1,31,,45992,29,0,13 28 3 8,1,70,,45993,29,0,10 29,1,19,,46005,29,0,13 28 3 8,1,16,,45994,29,0,10 29,1,59,,46006,29,0,13 28 3 8,1,21,,45995,29,0,10 29,1,19,,46007,29,0,13 28 3 8,1,60,,45996,29,0,10 29,1,20,,46008,29,0,13 28 3 8,1,20,,45997,29,0,10 29,1,60,,46009,29,0,13 28 3 8,1,20,,45998,29,0,10 29,1,20,,46010,29,0,13 28 3 8,1,60,,45999,29,0,10 29,1,20,,46011,29,0,13 28 3 8,1,20,,46000,29,0,10 29,1,60,,46012,29,0,13 28 3 8,1,20,,46001,29,0,10 29,1,20,,46013,29,0,13 28 3 8,1,60,,46002,29,0,10 29,1,20,,46014,29,0,13 28 3 8,1,20,,46003,29,0,10 29,1,60,,46015,29,0,13 28 3 8,1,18,,46004,29,0,13 28 3 8,1,22,,46016,29,0,10 29,1,71,,46022,29,0,13 28 3 8,1,29,,46017,29,0,10 29,1,71,,46023,29,0,13 28 3 8,1,29,,46018,29,0,10 29,1,71,,46024,29,0,13 28 3 8,1,29,,46019,29,0,10 29,1,66,,46025,29,0,13 28 3 8,1,30,,46020,29,0,10 29,1,65,,46026,29,0,13 28 3 8,1,25,,46021,29,0,10 29,1,70,,46027,29,0,13 28 3 8,1,26,,46029,29,0,10 29,1,30,,46033,29,0,10 29,1,92,,46028,29,0,10 29,1
1500,'30',624,,46071,29,0,10 29,1,28,,46034,29,0,13 28 3 8,1,65,,46070,29,0,10 29,1,27,,46069,29,0,13 28 3 8,1,65,,46035,29,0,10 29,1,34,,46036,29,0,13 28 3 8,1,67,,46037,29,0,10 29,1,22,,46038,29,0,13 28 3 8,1,22,,46039,29,0,10 29,1,70,,46040,29,0,13 28 3 8,1,30,,46041,29,0,10 29,1,65,,46042,29,0,13 28 3 8,1,27,,46043,29,0,10 29,1,69,,46044,29,0,13 28 3 8,1,30,,46045,29,0,10 29,1,70,,46046,29,0,13 28 3 8,1,30,,46047,29,0,10 29,1,70,,46048,29,0,13 28 3 8,1,30,,46049,29,0,10 29,1,70,,46050,29,0,13 28 3 8,1,30,,46051,29,0,10 29,1,70,,46052,29,0,13 28 3 8,1,30,,46053,29,0,10 29,1,71,,46054,29,0,13 28 3 8,1,30,,46055,29,0,10 29,1,70,,46056,29,0,13 28 3 8,1,25,,46057,29,0,10 29,1,70,,46058,29,0,13 28 3 8,1,25,,46059,29,0,10 29,1,70,,46060,29,0,13 28 3 8,1,30,,46061,29,0,10 29,1,65,,46062,29,0,13 28 3 8,1,30,,46063,29,0,10 29,1,27,,46064,29,0,13 28 3 8,1,69,,46065,29,0,10 29,1,24,,46066,29,0,13 28 3 8,1
1500,'4',624,,46109,29,0,10 29,1,28,,46072,29,0,13 28 3 8,1,65,,46108,29,0,10 29,1,27,,46107,29,0,13 28 3 8,1,65,,46073,29,0,10 29,1,34,,46074,29,0,13 28 3 8,1,67,,46075,29,0,10 29,1,22,,46076,29,0,13 28 3 8,1,22,,46077,29,0,10 29,1,70,,46078,29,0,13 28 3 8,1,30,,46079,29,0,10 29,1,65,,46080,29,0,13 28 3 8,1,27,,46081,29,0,10 29,1,69,,46082,29,0,13 28 3 8,1,30,,46083,29,0,10 29,1,70,,46084,29,0,13 28 3 8,1,30,,46085,29,0,10 29,1,70,,46086,29,0,13 28 3 8,1,30,,46087,29,0,10 29,1,70,,46088,29,0,13 28 3 8,1,30,,46089,29,0,10 29,1,70,,46090,29,0,13 28 3 8,1,30,,46091,29,0,10 29,1,71,,46092,29,0,13 28 3 8,1,30,,46093,29,0,10 29,1,70,,46094,29,0,13 28 3 8,1,25,,46095,29,0,10 29,1,70,,46096,29,0,13 28 3 8,1,25,,46097,29,0,10 29,1,70,,46098,29,0,13 28 3 8,1,30,,46099,29,0,10 29,1,65,,46100,29,0,13 28 3 8,1,30,,46101,29,0,10 29,1,27,,46102,29,0,13 28 3 8,1,69,,46103,29,0,10 29,1,24,,46104,29,0,13 28 3 8,1
10200,'11802',855,,50235,13,,,1,867,,50234,13,,,1
10200,'3302',638,,50295,13,,,1,65,,50294,13,,,1,25,,50293,13,,,1,20,,50292,13,,,1,70,,50291,13,,,1,23,,50236,13,,,1,10,,50237,13,,,1,59,,50238,13,,,1,21,,50239,13,,,1,10,,50240,13,,,1,60,,50241,13,,,1,20,,50242,13,,,1,5,,50243,13,,,1,18,,50244,13,,,1,62,,50245,13,,,1,11,,50246,13,,,1,11,,50247,13,,,1,21,,50248,13,,,1,51,,50249,13,,,1,11,,50250,13,,,1,22,,50251,13,,,1,11,,50252,13,,,1,11,,50253,13,,,1,62,,50254,13,,,1,11,,50255,13,,,1,11,,50256,13,,,1,62,,50257,13,,,1,11,,50258,13,,,1,13,,50259,13,,,1,25,,50260,13,,,1,52,,50261,13,,,1,12,,50262,13,,,1,22,,50263,13,,,1,14,,50264,13,,,1,52,,50265,13,,,1,24,,50266,13,,,1,12,,50267,13,,,1,12,,50268,13,,,1,64,,50269,13,,,1,15,,50270,13,,,1,12,,50271,13,,,1,16,,50273,13,,,1,51,,50272,13,,,1,13,,50274,13,,,1,30,,50275,13,,,1,55,,50276,13,,,1,30,,50277,13,,,1,15,,50278,13,,,1,70,,50279,13,,,1,17,,50280,13,,,1,68,,50281,13,,,1,20,,50282,13,,,1,20,,50283,13,,,1,60,,50284,13,,,1,20,,50285,13,,,1,20,,50286,13,,,1,60,,50287,13,,,1,20,,50288,13,,,1,17,,50290,13,,,1,60,,50289,13,,,1
10200,'3602',859,,50296,13,,,1,62,,50297,13,,,1,30,,50298,13,,,1,60,,50299,13,,,1,19,,50303,13,,,1,25,,50300,13,,,1,84,,50301,13,,,1,83,,50302,13,,,1,84,,50304,13,,,1,44,,50305,13,,,1,88,,50306,13,,,1,88,,50307,13,,,1,88,,50308,13,,,1,88,,50309,13,,,1,49,,50310,13,,,1,85,,50311,13,,,1,85,,50312,13,,,1,85,,50313,13,,,1,42,,50314,13,,,1
10200,'3903',1110,,50315,13,,,1,42,,50316,13,,,1,83,,50317,13,,,1,80,,50318,13,,,1,40,,50319,13,,,1,81,,50320,13,,,1,80,,50321,13,,,1,42,,50322,13,,,1,84,,50323,13,,,1,85,,50324,13,,,1,83,,50325,13,,,1,40,,50326,13,,,1,80,,50327,13,,,1,80,,50328,13,,,1,40,,50329,13,,,1,75,,50330,13,,,1,75,,50331,13,,,1,35,,50332,13,,,1,75,,50333,13,,,1
10200,'6404',1110,,50334,13,,,1,42,,50335,13,,,1,83,,50336,13,,,1,80,,50337,13,,,1,40,,50338,13,,,1,81,,50339,13,,,1,80,,50340,13,,,1,42,,50341,13,,,1,84,,50342,13,,,1,85,,50343,13,,,1,83,,50344,13,,,1,40,,50345,13,,,1,80,,50346,13,,,1,80,,50347,13,,,1,40,,50348,13,,,1,75,,50349,13,,,1,75,,50350,13,,,1
