700,'2',605,,44222,3,,,1,27,,44223,3,,,1,25,,44224,3,,,1,60,,44225,3,,,1,20,,44226,3,,,1,20,,44227,3,,,1,60,,44228,3,,,1,21,,44229,3,,,1,66,,44230,3,,,1,30,,44231,3,,,1,70,,44232,3,,,1,25,,44233,3,,,1,30,,44234,3,,,1,70,,44235,3,,,1,29,,44236,3,,,1,70,,44237,3,,,1,30,,44238,3,,,1,70,,44240,3,,,1,25,,44241,3,,,1,60,,44242,3,,,1,20,,44243,3,,,1,20,,44244,3,,,1,60,,44245,3,,,1,20,,44246,3,,,1,19,,44247,3,,,1,60,,44248,3,,,1,20,,44249,3,,,1,25,,44250,3,,,1,55,,44251,3,,,1,20,,44252,3,,,1,68,,44253,3,,,1,25,,44254,3,,,1,25,,44255,3,,,1,65,,44256,3,,,1,25,,44257,3,,,1,65,,44258,3,,,1,25,,44259,3,,,1,79,,44260,3,,,1,30,,44261,3,,,1,70,,44262,3,,,1,30,,44263,3,,,1,70,,44264,3,,,1,27,,44265,3,,,1
700,'3',610,,44301,3,,,1,29,,44302,3,,,1,70,,44300,3,,,1,39,,44266,3,,,1,66,,44299,3,,,1,30,,44267,3,,,1,65,,44268,3,,,1,25,,44269,3,,,1,71,,44270,3,,,1,30,,44271,3,,,1,65,,44272,3,,,1,25,,44273,3,,,1,29,,44274,3,,,1,70,,44275,3,,,1,30,,44276,3,,,1,65,,44277,3,,,1,30,,44278,3,,,1,70,,44279,3,,,1,30,,44280,3,,,1,70,,44281,3,,,1,30,,44282,3,,,1,70,,44283,3,,,1,30,,44284,3,,,1,70,,44285,3,,,1,26,,44286,3,,,1,71,,44287,3,,,1,30,,44288,3,,,1,70,,44289,3,,,1,25,,44290,3,,,1,70,,44291,3,,,1,31,,44292,3,,,1,71,,44293,3,,,1,28,,44294,3,,,1,72,,44295,3,,,1,30,,44296,3,,,1,70,,44297,3,,,1,30,,44298,3,,,1
700,'30',840,,44304,3,,,1,85,,44306,3,,,1,30,,44307,3,,,1,70,,44308,3,,,1,25,,44309,3,,,1,65,,44310,3,,,1,29,,44311,3,,,1,70,,44312,3,,,1,30,,44313,3,,,1,65,,44314,3,,,1,30,,44315,3,,,1,70,,44316,3,,,1,30,,44317,3,,,1,65,,44318,3,,,1,30,,44319,3,,,1,70,,44320,3,,,1,22,,44321,3,,,1,30,,44322,3,,,1,70,,44323,3,,,1,30,,44324,3,,,1,70,,44325,3,,,1,30,,44326,3,,,1,70,,44327,3,,,1,30,,44328,3,,,1,70,,44329,3,,,1,30,,44330,3,,,1,70,,44331,3,,,1,33,,44333,3,,,1,85,,44332,3,,,1
700,'4',840,,44335,3,,,1,85,,44337,3,,,1,30,,44338,3,,,1,70,,44339,3,,,1,25,,44340,3,,,1,65,,44341,3,,,1,29,,44342,3,,,1,70,,44343,3,,,1,30,,44344,3,,,1,65,,44345,3,,,1,30,,44346,3,,,1,70,,44347,3,,,1,30,,44348,3,,,1,65,,44349,3,,,1,30,,44350,3,,,1,70,,44351,3,,,1,22,,44352,3,,,1,30,,44353,3,,,1,70,,44354,3,,,1,30,,44355,3,,,1,70,,44356,3,,,1,30,,44357,3,,,1,70,,44358,3,,,1,30,,44359,3,,,1,70,,44360,3,,,1,30,,44361,3,,,1,70,,44362,3,,,1,33,,44364,3,,,1,85,,44363,3,,,1
1000,'2',611,,44882,51,,,1,15,,44883,51,,,1,15,,44884,66,,,1,15,,44885,51,,,1,55,,44893,66,,,1,15,,44894,51,,,1,20,,44892,66,,,1,55,,44895,51,,,1,17,,44886,66,,,1,19,,44932,66,,,1,17,,44887,66,,,1,54,,44933,66,,,1,15,,44891,66,,,1,18,,44890,66,,,1,69,,44888,66,,,1,30,,44899,66,,,1,70,,44898,66,,,1,30,,44897,66,,,1,71,,44896,66,,,1,32,,44903,66,,,1,13,,44904,51,,,1,67,,44902,66,,,1,13,,44936,51,,,1,17,,44901,66,,,1,59,,44900,66,,,1,15,,44937,51,,,1,18,,44906,66,,,1,63,,44905,66,,,1,18,,44934,66,,,1,16,,44907,66,,,1,15,,44935,66,,,1,59,,44908,66,,,1,17,,44915,66,,,1,13,,44909,66,,,1,57,,44910,66,,,1,16,,44911,66,,,1,18,,44912,66,,,1,15,,44913,66,,,1,55,,44938,66,,,1,12,,44914,66,,,1,33,,44916,66,,,1,56,,44917,66,,,1,33,,44918,66,,,1,73,,44919,66,,,1,30,,44920,66,,,1,70,,44921,66,,,1,35,,44922,66,,,1,65,,44923,66,,,1,38,,44924,66,,,1,73,,44925,66,,,1,30,,44926,66,,,1,75,,44927,66,,,1,75,,44928,66,,,1,30,,44929,66,,,1
1000,'3',619,,44944,51,,,1,35,,44941,51,,,1,75,,44942,66,,,1,75,,44943,66,,,1,37,,44945,66,,,1,70,,44946,66,,,1,15,,44947,66,,,1,30,,44948,66,,,1,72,,44949,66,,,1,30,,44950,66,,,1,70,,44951,66,,,1,30,,44952,66,,,1,80,,44953,66,,,1,70,,44954,66,,,1,30,,44955,66,,,1,70,,44956,66,,,1,31,,44957,66,,,1,70,,44958,66,,,1,30,,44959,66,,,1,65,,44960,66,,,1,12,,44961,66,,,1,30,,44962,66,,,1,70,,44963,66,,,1,30,,44964,66,,,1,68,,44965,66,,,1,28,,44966,66,,,1,65,,44967,66,,,1,30,,44968,66,,,1,70,,44969,66,,,1,30,,44970,66,,,1,70,,44971,66,,,1,30,,44975,66,,,1,65,,44976,66,,,1,25,,44977,66,,,1,25,,44978,66,,,1,65,,44979,66,,,1,30,,44980,66,,,1,62,,44981,66,,,1,47,,44982,66,,,1
1000,'30',713,,44983,51,,,1,37,,45019,66,,,1,60,,44984,66,,,1,35,,45018,66,,,1,60,,44985,66,,,1,30,,44986,66,,,1,70,,44987,66,,,1,30,,44988,66,,,1,65,,44989,66,,,1,25,,44990,66,,,1,25,,44991,66,,,1,66,,44992,66,,,1,31,,44993,66,,,1,70,,44994,66,,,1,30,,44995,66,,,1,70,,44996,66,,,1,30,,44997,66,,,1,70,,44998,66,,,1,30,,44999,66,,,1,70,,45000,66,,,1,30,,45001,66,,,1,70,,45002,66,,,1,29,,45005,66,,,1,70,,45006,66,,,1,30,,45007,66,,,1,70,,45008,66,,,1,30,,45009,66,,,1,66,,45010,66,,,1,30,,45011,66,,,1,70,,45012,66,,,1,28,,45013,66,,,1,70,,45014,66,,,1,32,,45015,66,,,1,70,,45016,66,,,1
1000,'4',713,,45020,51,,,1,37,,45056,66,,,1,60,,45021,66,,,1,35,,45055,66,,,1,60,,45022,66,,,1,30,,45023,66,,,1,70,,45024,66,,,1,30,,45025,66,,,1,65,,45026,66,,,1,25,,45027,66,,,1,25,,45028,66,,,1,66,,45029,66,,,1,31,,45030,66,,,1,70,,45031,66,,,1,30,,45032,66,,,1,70,,45033,66,,,1,30,,45034,66,,,1,70,,45035,66,,,1,30,,45036,66,,,1,70,,45037,66,,,1,30,,45038,66,,,1,70,,45039,66,,,1,29,,45042,66,,,1,70,,45043,66,,,1,30,,45044,66,,,1,70,,45045,66,,,1,30,,45046,66,,,1,66,,45047,66,,,1,30,,45048,66,,,1,70,,45049,66,,,1,28,,45050,66,,,1,70,,45051,66,,,1,32,,45052,66,,,1,70,,45053,66,,,1
2401,'11802',1609,,47773,10,,,1
2401,'2',624,,47775,10,,,1,30,,47776,10,,,1,68,,47777,10,,,1,31,,47778,10,,,1,70,,47779,10,,,1,30,,47780,10,,,1,71,,47781,10,,,1,30,,47782,10,,,1,70,,47783,10,,,1,30,,47784,10,,,1,70,,47785,10,,,1,30,,47786,10,,,1,70,,47787,10,,,1,30,,47788,10,,,1,70,,47789,10,,,1,30,,47790,10,,,1,67,,47791,10,,,1,31,,47792,10,,,1,70,,47793,10,,,1,30,,47794,10,,,1,75,,47797,10,,,1,73,,47798,10,,,1,33,,47799,10,,,1,73,,47800,10,,,1,37,,47801,10,,,1,70,,47802,10,,,1,30,,47803,10,,,1,70,,47804,10,,,1,30,,47805,10,,,1,60,,47806,10,,,1
2401,'3',652,,47822,10,,,1,80,,47821,10,,,1,80,,47807,10,,,1,40,,47808,10,,,1,80,,47815,10,,,1,80,,47809,10,,,1,38,,47816,10,,,1,82,,47810,10,,,1,75,,47817,10,,,1,44,,47811,10,,,1,86,,47818,10,,,1,87,,47812,10,,,1,85,,47819,10,,,1,44,,47813,10,,,1,86,,47820,10,,,1,84,,47814,10,,,1,80,,47824,10,,,1,44,,47825,10,,,1,80,,47826,10,,,1,84,,47827,10,,,1
2401,'30',734,,47828,10,,,1,81,,47830,10,,,1,40,,47831,10,,,1,81,,47832,10,,,1,80,,47833,10,,,1,40,,47834,10,,,1,80,,47835,10,,,1,81,,47836,10,,,1,42,,47837,10,,,1,80,,47838,10,,,1,80,,47839,10,,,1,40,,47840,10,,,1,80,,47841,10,,,1,80,,47842,10,,,1,40,,47843,10,,,1,83,,47844,10,,,1,80,,47845,10,,,1,80,,47846,10,,,1,40,,47847,10,,,1,80,,47848,10,,,1
2401,'4',734,,47850,10,,,1,81,,47852,10,,,1,40,,47853,10,,,1,81,,47854,10,,,1,80,,47855,10,,,1,40,,47856,10,,,1,80,,47857,10,,,1,81,,47858,10,,,1,42,,47859,10,,,1,80,,47860,10,,,1,80,,47861,10,,,1,40,,47862,10,,,1,80,,47863,10,,,1,80,,47864,10,,,1,40,,47865,10,,,1,83,,47866,10,,,1,80,,47867,10,,,1,80,,47868,10,,,1,40,,47869,10,,,1,80,,47870,10,,,1
12700,'3302',639,,50785,3,,,1,89,,50786,3,,,1,18,,50787,3,,,1,94,,50788,3,,,1,18,,50789,3,,,1,91,,50790,3,,,1,63,,50791,3,,,1,46,,50792,3,,,1,63,,50793,3,,,1,85,,50794,3,,,1,23,,50795,3,,,1,86,,50796,3,,,1,24,,50797,3,,,1,85,,50798,3,,,1,30,,50799,3,,,1,85,,50800,3,,,1,70,,50801,3,,,1,48,,50802,3,,,1,76,,50803,3,,,1,80,,50804,3,,,1,37,,50805,3,,,1,74,,50806,3,,,1,34,,50807,3,,,1,74,,50808,3,,,1,101,,50809,3,,,1,104,,50810,3,,,1,101,,50811,3,,,1
12700,'3602',601,,50812,3,,,1,51,,50813,3,,,1,56,,50814,3,,,1,96,,50815,3,,,1,18,,50816,3,,,1,103,,50817,3,,,1,110,,50818,3,,,1,109,,50819,3,,,1,108,,50820,3,,,1,102,,50821,3,,,1,55,,50822,3,,,1,30,,50823,3,,,1,70,,50824,3,,,1,15,,50825,3,,,1,29,,50826,3,,,1,72,,50827,3,,,1,16,,50828,3,,,1,72,,50829,3,,,1
12700,'3903',601,,50830,3,,,1,100,,50831,3,,,1,101,,50832,3,,,1,102,,50833,3,,,1,102,,50834,3,,,1,34,,50835,3,,,1,74,,50836,3,,,1,34,,50837,3,,,1,73,,50838,3,,,1,35,,50839,3,,,1,75,,50840,3,,,1,76,,50841,3,,,1,35,,50842,3,,,1,75,,50843,3,,,1,35,,50844,3,,,1,75,,50845,3,,,1,75,,50846,3,,,1,35,,50847,3,,,1,78,,50848,3,,,1,34,,50849,3,,,1,74,,50850,3,,,1,34,,50851,3,,,1,74,,50852,3,,,1,103,,50853,3,,,1,102,,50854,3,,,1,102,,50855,3,,,1
12700,'6404',753,,50857,3,,,1,100,,50858,3,,,1,74,,50859,3,,,1,74,,50860,3,,,1,34,,50861,3,,,1,74,,50862,3,,,1,34,,50863,3,,,1,74,,50864,3,,,1,34,,50865,3,,,1,74,,50866,3,,,1,34,,50867,3,,,1,74,,50868,3,,,1,74,,50869,3,,,1,34,,50870,3,,,1,74,,50871,3,,,1,37,,50872,3,,,1,68,,50873,3,,,1,37,,50874,3,,,1,101,,50875,3,,,1,101,,50876,3,,,1,141,,50877,3,,,1,101,,50878,3,,,1,55,,50879,3,0,35 3 54,1
