601,'2',619,,35425,4,,,1,36,,35427,4,,,1,75,,35428,4,,,1,25,,35429,4,,,1,65,,35430,4,,,1,25,,35431,4,,,1,69,,35433,4,,,1,25,,35434,4,,,1,70,,35435,4,,,1,30,,35436,4,,,1,65,,35437,4,,,1,30,,35438,4,,,1,68,,35439,4,,,1,30,,35440,4,,,1,70,,35441,4,,,1,25,,35442,4,,,1,31,,35443,4,,,1,70,,35444,4,,,1,30,,35445,4,,,1,70,,35446,4,,,1,29,,35447,4,,,1,65,,35448,4,,,1,30,,35449,4,,,1,70,,35450,4,,,1,30,,35451,4,,,1,65,,35452,4,,,1,25,,35453,4,,,1,65,,35454,4,,,1,25,,35455,4,,,1,21,,35456,4,,,1,65,,35457,4,,,1,27,,35458,4,,,1,65,,35459,4,,,1,25,,35460,4,,,1,65,,35461,4,,,1,25,,35462,4,,,1,25,,35463,4,,,1,65,,35464,4,,,1,26,,35465,4,,,1,67,,35466,4,,,1,43,,35467,4,,,1
601,'3',609,,35469,4,,,1,33,,35470,4,,,1,75,,35471,4,,,1,34,,35472,4,,,1,75,,35473,4,,,1,75,,35474,4,,,1,35,,35475,4,,,1,66,,35476,4,,,1,20,,35477,4,,,1,30,,35478,4,,,1,65,,35479,4,,,1,20,,35480,4,,,1,68,,35482,4,,,1,20,,35483,4,,,1,20,,35484,4,,,1,60,,35485,4,,,1,20,,35486,4,,,1,20,,35487,4,,,1,59,,35488,4,,,1,20,,35489,4,,,1,20,,35490,4,,,1,60,,35491,4,,,1,20,,35492,4,,,1,20,,35493,4,,,1,60,,35494,4,,,1,20,,35495,4,,,1,20,,35496,4,,,1,60,,35497,4,,,1,20,,35498,4,,,1,20,,35499,4,,,1,60,,35500,4,,,1,20,,35502,4,,,1,18,,35501,4,0,37 3 45,1,58,,35503,4,,,1,25,,35504,4,,,1,25,,35505,4,,,1,65,,35506,4,,,1,28,,35507,4,,,1,60,,35508,4,0,37 3 45,1,21,,35509,4,,,1,30,,35510,4,,,1,76,,35511,4,,,1,76,,35512,4,,,1,36,,35513,4,,,1,73,,35514,4,,,1,35,,35515,4,,,1
601,'30',906,,35516,4,,,1,33,,35517,4,,,1,75,,35518,4,,,1,35,,35519,4,,,1,78,,35520,4,,,1,79,,35521,4,,,1,25,,35522,4,,,1,25,,35523,4,,,1,65,,35524,4,,,1,25,,35525,4,,,1,65,,35526,4,,,1,25,,35527,4,,,1,65,,35528,4,,,1,25,,35529,4,,,1,25,,35530,4,,,1,65,,35531,4,,,1,25,,35532,4,,,1,69,,35533,4,,,1,25,,35534,4,,,1,13,,35535,4,0,37 3 45,1,64,,35536,4,,,1,32,,35537,4,,,1,75,,35538,4,,,1,35,,35539,4,,,1,75,,35540,4,,,1,75,,35541,4,,,1,35,,35542,4,,,1,75,,35543,4,,,1,35,,35545,4,,,1,73,,35544,4,0,37 3 45,1
601,'4',906,,35546,4,,,1,33,,35547,4,,,1,75,,35548,4,,,1,35,,35549,4,,,1,78,,35550,4,,,1,79,,35551,4,,,1,25,,35552,4,,,1,25,,35553,4,,,1,65,,35554,4,,,1,25,,35555,4,,,1,65,,35556,4,,,1,25,,35557,4,,,1,65,,35558,4,,,1,25,,35559,4,,,1,25,,35560,4,,,1,65,,35561,4,,,1,25,,35562,4,,,1,69,,35563,4,,,1,25,,35564,4,,,1,13,,35565,4,0,37 3 45,1,64,,35566,4,,,1,32,,35567,4,,,1,75,,35568,4,,,1,35,,35569,4,,,1,75,,35570,4,,,1,75,,35571,4,,,1,35,,35572,4,,,1,75,,35573,4,,,1,35,,35575,4,,,1,73,,35574,4,0,37 3 45,1
1300,'2',618,,36854,12,0,10 18 19 20,1,18,,36855,12,,,1,14,,36856,12,0,10 18 19 20,1,54,,36857,12,,,1,10,,36858,12,0,10 18 19 20,1,15,,36859,12,,,1,15,,36860,12,0,10 18 19 20,1,15,,36861,12,,,1,55,,36862,12,0,10 18 19 20,1,15,,36863,12,,,1,15,,36864,12,0,10 18 19 20,1,15,,36865,12,,,1,55,,36866,12,0,10 18 19 20,1,15,,36867,12,,,1,15,,36868,12,0,10 18 19 20,1,10,,36869,12,,,1,55,,36870,12,0,10 18 19 20,1,15,,36871,12,,,1,15,,36872,12,0,10 18 19 20,1,15,,36873,12,,,1,55,,36874,12,0,10 18 19 20,1,15,,36875,12,,,1,15,,36876,12,0,10 18 19 20,1,10,,36877,12,,,1,55,,36878,12,0,10 18 19 20,1,15,,36879,12,,,1,15,,36880,12,0,10 18 19 20,1,15,,36881,12,,,1,55,,36882,12,0,10 18 19 20,1,15,,36883,12,,,1,15,,36884,12,0,10 18 19 20,1,15,,36885,12,,,1,54,,36886,12,0,10 18 19 20,1,15,,36887,12,,,1,15,,36888,12,0,10 18 19 20,1,15,,36889,12,,,1,55,,36890,12,0,10 18 19 20,1,15,,36891,12,,,1,15,,36892,12,0,10 18 19 20,1,15,,36893,12,,,1,53,,36894,12,0,10 18 19 20,1,15,,36895,12,,,1,15,,36896,12,0,10 18 19 20,1,15,,36897,12,,,1,55,,36898,12,0,10 18 19 20,1,15,,36899,12,,,1,15,,36900,12,0,10 18 19 20,1,15,,36901,12,,,1,57,,36902,12,0,10 18 19 20,1,20,,36907,12,,,1,20,,36903,12,0,10 18 19 20,1,60,,36908,12,,,1,20,,36904,12,0,10 18 19 20,1,20,,36909,12,,,1,60,,36905,12,0,10 18 19 20,1,20,,36910,12,,,1,20,,36906,12,,,1,71,,36911,12,0,10 18 19 20,1,25,,36914,12,,,1,65,,36912,12,0,10 18 19 20,1,27,,36915,12,,,1,73,,36913,12,0,10 18 19 20,1,30,,36916,12,,,1,67,,36918,12,0,10 18 19 20,1,47,,36917,12,,,1
1300,'3',618,,36923,12,0,10 18 19 20,1,38,,36924,12,,,1,75,,36925,12,0,10 18 19 20,1,73,,36926,12,,,1,11,,36930,12,0,10 18 19 20,1,16,,36927,12,,,1,16,,36931,12,0,10 18 19 20,1,56,,36928,12,,,1,16,,36932,12,,,1,16,,36929,12,0,10 18 19 20,1,16,,36933,12,,,1,55,,36934,12,0,10 18 19 20,1,15,,36939,12,,,1,15,,36935,12,0,10 18 19 20,1,15,,36940,12,,,1,55,,36936,12,0,10 18 19 20,1,15,,36941,12,,,1,15,,36937,12,0,10 18 19 20,1,15,,36942,12,,,1,55,,36938,12,,,1,15,,36943,12,0,10 18 19 20,1,15,,36952,12,,,1,15,,36944,12,0,10 18 19 20,1,55,,36953,12,,,1,15,,36945,12,0,10 18 19 20,1,15,,36954,12,,,1,15,,36946,12,0,10 18 19 20,1,55,,36955,12,,,1,15,,36947,12,0,10 18 19 20,1,15,,36956,12,,,1,15,,36948,12,0,10 18 19 20,1,55,,36957,12,,,1,15,,36949,12,0,10 18 19 20,1,15,,36958,12,,,1,15,,36950,12,0,10 18 19 20,1,55,,36959,12,,,1,15,,36951,12,0,10 18 19 20,1,10,,36960,12,,,1,15,,36963,12,0,10 18 19 20,1,55,,36961,12,,,1,15,,36964,12,0,10 18 19 20,1,15,,36962,12,,,1,15,,36965,12,,,1,13,,36966,12,0,10 18 19 20,1,55,,36990,12,,,1,15,,36970,12,,,1,15,,36967,12,0,10 18 19 20,1,60,,36971,12,,,1,15,,36968,12,0,10 18 19 20,1,20,,36972,12,,,1,20,,36969,12,0,10 18 19 20,1,60,,36973,12,,,1,20,,36977,12,,,1,71,,36974,12,0,10 18 19 20,1,25,,36978,12,,,1,65,,36975,12,0,10 18 19 20,1,30,,36979,12,,,1,70,,36976,12,0,10 18 19 20,1,19,,36980,12,,,1,20,,36981,12,0,10 18 19 20,1,72,,36983,12,,,1,37,,36982,12,0,10 18 19 20,1
1300,'30',646,,37013,12,,,1,83,,37015,12,0,10 18 19 20,1,75,,37014,12,,,1,35,,37016,12,0,10 18 19 20,1,75,,37001,12,,,1,30,,37012,12,0,10 18 19 20,1,15,,37000,12,,,1,70,,37011,12,0,10 18 19 20,1,30,,36999,12,,,1,70,,37010,12,0,10 18 19 20,1,24,,36998,12,,,1,71,,37009,12,0,10 18 19 20,1,30,,36997,12,,,1,70,,37008,12,0,10 18 19 20,1,30,,36996,12,,,1,70,,37007,12,0,10 18 19 20,1,30,,36995,12,,,1,70,,37006,12,0,10 18 19 20,1,30,,36994,12,,,1,70,,37005,12,0,10 18 19 20,1,30,,36993,12,,,1,70,,37004,12,0,10 18 19 20,1,25,,36992,12,,,1,70,,37003,12,0,10 18 19 20,1,31,,36991,12,,,1,66,,37017,12,0,10 18 19 20,1,20,,37020,12,,,1,70,,37018,12,0,10 18 19 20,1,30,,37021,12,,,1,70,,37019,12,0,10 18 19 20,1,30,,37022,12,0,10 18 19 20,1,71,,37023,12,,,1,42,,37002,12,0,10 18 19 20,1
1300,'4',646,,37046,12,,,1,83,,37048,12,0,10 18 19 20,1,75,,37047,12,,,1,35,,37049,12,0,10 18 19 20,1,75,,37034,12,,,1,30,,37045,12,0,10 18 19 20,1,15,,37033,12,,,1,70,,37044,12,0,10 18 19 20,1,30,,37032,12,,,1,70,,37043,12,0,10 18 19 20,1,24,,37031,12,,,1,71,,37042,12,0,10 18 19 20,1,30,,37030,12,,,1,70,,37041,12,0,10 18 19 20,1,30,,37029,12,,,1,70,,37040,12,0,10 18 19 20,1,30,,37028,12,,,1,70,,37039,12,0,10 18 19 20,1,30,,37027,12,,,1,70,,37038,12,0,10 18 19 20,1,30,,37026,12,,,1,70,,37037,12,0,10 18 19 20,1,25,,37025,12,,,1,70,,37036,12,0,10 18 19 20,1,31,,37024,12,,,1,66,,37050,12,0,10 18 19 20,1,20,,37053,12,,,1,70,,37051,12,0,10 18 19 20,1,30,,37054,12,,,1,70,,37052,12,0,10 18 19 20,1,30,,37055,12,0,10 18 19 20,1,71,,37056,12,,,1,42,,37035,12,0,10 18 19 20,1
2701,'2',600,,39699,14,,,1,52,,39628,15,,,1,65,,39629,14,,,1,13,,39630,15,,,1,13,,39631,14,,,1,13,,39632,14,,,1,53,,39633,15,,,1,13,,39634,15,,,1,8,,39635,15,,,1,13,,39636,15,,,1,13,,39637,15,,,1,52,,39638,15,,,1,14,,39639,15,,,1,13,,39640,15,,,1,13,,39641,15,,,1,53,,39642,15,,,1,13,,39643,15,,,1,13,,39644,15,,,1,13,,39645,15,,,1,13,,39646,15,,,1,53,,39647,15,,,1,13,,39648,15,,,1,13,,39649,15,,,1,13,,39650,15,,,1,13,,39651,15,,,1,52,,39652,15,,,1,12,,39653,15,,,1,12,,39654,15,,,1,12,,39655,15,,,1,12,,39656,15,,,1,52,,39657,15,,,1,12,,39658,15,,,1,12,,39659,15,,,1,12,,39660,15,,,1,12,,39661,15,,,1,52,,39662,15,,,1,14,,39663,15,,,1,13,,39664,15,,,1,13,,39665,15,,,1,53,,39666,15,,,1,13,,39667,15,,,1,13,,39668,15,,,1,9,,39669,14,,,1,12,,39670,15,,,1,52,,39671,15,,,1,11,,39672,15,,,1,11,,39673,15,,,1,11,,39674,14,,,1,11,,39675,15,,,1,11,,39676,15,,,1,51,,39677,15,,,1,11,,39678,15,,,1,11,,39679,15,,,1,11,,39680,15,,,1,11,,39681,15,,,1,7,,39682,15,,,1,53,,39683,15,,,1,9,,39684,15,,,1,13,,39685,15,,,1,11,,39686,15,,,1,11,,39687,15,,,1,57,,39688,15,,,1,17,,39689,15,,,1,17,,39690,15,,,1,57,,39691,15,,,1,17,,39692,15,,,1,17,,39693,15,,,1,17,,39694,15,,,1,61,,39695,15,,,1,27,,39696,15,,,1,67,,39697,15,,,1,27,,39698,15,,,1
2701,'3',902,,39700,14,,,1,43,,39710,15,,,1,71,,39701,15,,,1,104,,39711,15,,,1,34,,39702,15,,,1,72,,39719,15,,,1,32,,39712,15,,,1,72,,39703,15,,,1,72,,39720,15,,,1,31,,39713,15,,,1,74,,39704,15,,,1,32,,39721,15,,,1,70,,39714,15,,,1,34,,39705,15,,,1,72,,39722,15,,,1,30,,39715,15,,,1,75,,39706,15,,,1,85,,39716,15,,,1,45,,39707,15,,,1,85,,39717,15,,,1,83,,39708,15,,,1,40,,39718,15,,,1,80,,39709,15,,,1,80,,39723,15,,,1
2701,'30',846,,39724,14,,,1,85,,39725,15,,,1,85,,39731,15,,,1,85,,39726,15,,,1,45,,39732,15,,,1,85,,39727,15,,,1,88,,39733,15,,,1,32,,39734,15,,,1,72,,39728,15,,,1,32,,39736,15,,,1,72,,39735,15,,,1,32,,39729,15,,,1,72,,39737,15,,,1,72,,39739,15,,,1,30,,39730,15,,,1,77,,39738,15,,,1,45,,39740,15,,,1,85,,39741,15,,,1
2701,'4',846,,39742,14,,,1,85,,39743,15,,,1,85,,39749,15,,,1,85,,39744,15,,,1,45,,39750,15,,,1,85,,39745,15,,,1,88,,39751,15,,,1,32,,39752,15,,,1,72,,39746,15,,,1,32,,39754,15,,,1,72,,39753,15,,,1,32,,39747,15,,,1,72,,39755,15,,,1,72,,39757,15,,,1,30,,39748,15,,,1,77,,39756,15,,,1,45,,39758,15,,,1,85,,39759,15,,,1
