2501,'11802',727,,48021,28,,,1,887,,48022,28,,,1,106,,48023,28,,,1
2501,'2',622,,48024,28,,,1,24,,48025,28,,,1,74,,48026,28,,,1,20,,48027,28,,,1,60,,48028,28,,,1,20,,48029,28,,,1,20,,48030,28,,,1,60,,48031,28,,,1,19,,48032,28,,,1,20,,48033,28,,,1,20,,48034,28,,,1,60,,48035,28,,,1,20,,48036,28,,,1,20,,48037,28,,,1,60,,48038,28,,,1,20,,48039,28,,,1,20,,48040,28,,,1,60,,48041,28,,,1,20,,48042,28,,,1,20,,48043,28,,,1,60,,48044,28,,,1,20,,48045,28,,,1,20,,48046,28,,,1,65,,48047,28,,,1,20,,48048,28,,,1,60,,48049,28,,,1,20,,48050,28,,,1,20,,48051,28,,,1,60,,48052,28,,,1,22,,48053,28,,,1,21,,48054,28,,,1,61,,48055,28,,,1,21,,48056,28,,,1,21,,48057,28,,,1,61,,48058,28,,,1,13,,48059,28,,,1,20,,48060,28,,,1,60,,48061,28,,,1,20,,48062,28,,,1,20,,48063,28,,,1,60,,48064,28,,,1,20,,48065,28,,,1,20,,48066,28,,,1,60,,48067,28,,,1,27,,48068,28,,,1,24,,48069,28,,,1,65,,48070,28,,,1,25,,48071,28,,,1,65,,48072,28,,,1,25,,48073,28,,,1,21,,48074,28,,,1
2501,'3',634,,48108,28,,,1,25,,48075,28,,,1,66,,48107,28,,,1,25,,48076,28,,,1,66,,48106,28,,,1,26,,48077,28,,,1,67,,48078,28,,,1,27,,48079,28,,,1,65,,48080,28,,,1,32,,48081,28,,,1,25,,48082,28,,,1,70,,48083,28,,,1,24,,48084,28,,,1,69,,48085,28,,,1,30,,48086,28,,,1,65,,48087,28,,,1,30,,48088,28,,,1,65,,48089,28,,,1,29,,48090,28,,,1,70,,48091,28,,,1,30,,48092,28,,,1,70,,48093,28,,,1,30,,48094,28,,,1,70,,48095,28,,,1,30,,48096,28,,,1,70,,48097,28,,,1,30,,48098,28,,,1,70,,48099,28,,,1,24,,48105,28,,,1,71,,48100,28,,,1,27,,48109,28,,,1,69,,48101,28,,,1,23,,48110,28,,,1,27,,48102,28,,,1,65,,48111,28,,,1,25,,48103,28,,,1,65,,48112,28,,,1,22,,48104,28,,,1
2501,'30',929,,48120,28,,,1,30,,48129,28,,,1,70,,48130,28,,,1,30,,48131,28,,,1,70,,48132,28,,,1,30,,48133,28,,,1,70,,48134,28,,,1,30,,48135,28,,,1,70,,48136,28,,,1,30,,48137,28,,,1,70,,48138,28,,,1,30,,48139,28,,,1,68,,48121,28,,,1,27,,48119,28,,,1,67,,48122,28,,,1,27,,48118,28,,,1,64,,48123,28,,,1,27,,48117,28,,,1,67,,48124,28,,,1,27,,48116,28,,,1,67,,48125,28,,,1,25,,48128,28,,,1,30,,48126,28,,,1,70,,48140,28,,,1,30,,48115,28,,,1,72,,48141,28,,,1,31,,48114,28,,,1,68,,48142,28,,,1,15,,48113,28,,,1,82,,48127,28,,,1
2501,'4',929,,48150,28,,,1,30,,48159,28,,,1,70,,48160,28,,,1,30,,48161,28,,,1,70,,48162,28,,,1,30,,48163,28,,,1,70,,48164,28,,,1,30,,48165,28,,,1,70,,48166,28,,,1,30,,48167,28,,,1,70,,48168,28,,,1,30,,48169,28,,,1,68,,48151,28,,,1,27,,48149,28,,,1,67,,48152,28,,,1,27,,48148,28,,,1,64,,48153,28,,,1,27,,48147,28,,,1,67,,48154,28,,,1,27,,48146,28,,,1,67,,48155,28,,,1,25,,48158,28,,,1,30,,48156,28,,,1,70,,48170,28,,,1,30,,48145,28,,,1,72,,48171,28,,,1,31,,48144,28,,,1,68,,48172,28,,,1,15,,48143,28,,,1,82,,48157,28,,,1
2701,'11802',824,,48307,37,,,1,880,,48308,37,,,1
2701,'2',621,,48380,36,,,1,92,,48309,37,,,1,25,,48310,36,,,1,13,,48311,37,,,1,53,,48312,36,,,1,13,,48313,36,,,1,13,,48314,37,,,1,13,,48315,37,,,1,8,,48316,37,,,1,53,,48317,37,,,1,15,,48318,37,,,1,12,,48319,37,,,1,14,,48320,37,,,1,13,,48321,37,,,1,53,,48322,37,,,1,13,,48323,37,,,1,13,,48324,37,,,1,13,,48325,37,,,1,53,,48326,37,,,1,13,,48327,37,,,1,13,,48328,37,,,1,13,,48329,37,,,1,13,,48330,37,,,1,53,,48331,37,,,1,12,,48332,37,,,1,13,,48333,37,,,1,12,,48334,37,,,1,12,,48335,37,,,1,52,,48336,37,,,1,12,,48337,37,,,1,12,,48338,37,,,1,12,,48339,37,,,1,12,,48340,37,,,1,53,,48341,37,,,1,12,,48342,37,,,1,12,,48343,37,,,1,14,,48344,37,,,1,53,,48345,37,,,1,13,,48346,37,,,1,13,,48347,37,,,1,13,,48348,37,,,1,13,,48349,37,,,1,49,,48350,36,,,1,12,,48351,37,,,1,12,,48352,37,,,1,11,,48353,37,,,1,11,,48354,37,,,1,11,,48355,36,,,1,51,,48356,37,,,1,11,,48357,37,,,1,11,,48358,37,,,1,11,,48359,37,,,1,11,,48360,37,,,1,50,,48361,37,,,1,11,,48362,37,,,1,7,,48363,37,,,1,13,,48364,37,,,1,9,,48365,37,,,1,13,,48366,37,,,1,51,,48367,37,,,1,11,,48368,37,,,1,17,,48369,37,,,1,17,,48370,37,,,1,57,,48371,37,,,1,17,,48372,37,,,1,17,,48373,37,,,1,57,,48374,37,,,1,13,,48375,37,,,1,20,,48376,37,,,1,67,,48377,37,,,1,27,,48378,37,,,1,27,,48379,37,,,1
2701,'3',920,,48381,36,,,1,83,,48391,37,,,1,32,,48382,37,,,1,104,,48392,37,,,1,74,,48383,37,,,1,32,,48400,37,,,1,72,,48393,37,,,1,32,,48384,37,,,1,72,,48401,37,,,1,30,,48394,37,,,1,74,,48385,37,,,1,32,,48402,37,,,1,70,,48395,37,,,1,74,,48386,37,,,1,32,,48403,37,,,1,70,,48396,37,,,1,35,,48387,37,,,1,85,,48397,37,,,1,85,,48388,37,,,1,45,,48398,37,,,1,80,,48389,37,,,1,80,,48399,37,,,1,40,,48390,37,,,1,80,,48404,37,,,1
2701,'30',904,,48405,36,,,1,45,,48406,37,,,1,85,,48412,37,,,1,85,,48407,37,,,1,85,,48413,37,,,1,46,,48408,37,,,1,88,,48414,37,,,1,72,,48415,37,,,1,32,,48409,37,,,1,72,,48417,37,,,1,32,,48416,37,,,1,72,,48410,37,,,1,32,,48418,37,,,1,72,,48420,37,,,1,28,,48411,37,,,1,77,,48419,37,,,1,85,,48421,37,,,1,45,,48422,37,,,1
2701,'4',904,,48423,36,,,1,45,,48424,37,,,1,85,,48430,37,,,1,85,,48425,37,,,1,85,,48431,37,,,1,46,,48426,37,,,1,88,,48432,37,,,1,72,,48433,37,,,1,32,,48427,37,,,1,72,,48435,37,,,1,32,,48434,37,,,1,72,,48428,37,,,1,32,,48436,37,,,1,72,,48438,37,,,1,28,,48429,37,,,1,77,,48437,37,,,1,85,,48439,37,,,1,45,,48440,37,,,1
