200,'11802',733,,42643,13,0,10 22 27,1,1022,,42642,52,0,10 23 20,1
200,'2',622,,42649,13,0,10 22 27,1,30,,42648,13,0,10 22 27,1,57,,42686,52,0,10 23 20,1,30,,42687,52,0,10 23 20,1,70,,42688,52,0,10 23 20,1,30,,42689,52,0,10 23 20,1,70,,42690,52,0,10 23 20,1,30,,42691,52,0,10 23 20,1,70,,42692,52,0,10 23 20,1,30,,42693,52,0,10 23 20,1,70,,42694,52,0,10 23 20,1,30,,42695,52,0,10 23 20,1,73,,42696,52,0,10 23 20,1,27,,42697,52,0,10 23 20,1,70,,42698,52,0,10 23 20,1,30,,42699,52,0,10 23 20,1,71,,42700,52,0,10 23 20,1,30,,42701,52,0,10 23 20,1,68,,42702,52,0,10 23 20,1,29,,42703,52,0,10 23 20,1,74,,42704,52,0,10 23 20,1,34,,42705,52,0,10 23 20,1,70,,42706,52,0,10 23 20,1,28,,42707,52,0,10 23 20,1,70,,42708,52,0,10 23 20,1,29,,42709,52,0,10 23 20,1,67,,42710,52,0,10 23 20,1,30,,42711,52,0,10 23 20,1,70,,42712,52,0,10 23 20,1,30,,42713,52,0,10 23 20,1,70,,42714,52,0,10 23 20,1,35,,42715,52,0,10 23 20,1,80,,42716,52,0,10 23 20,1,80,,42717,52,0,10 23 20,1,37,,42718,52,0,10 23 20,1,72,,42719,52,0,10 23 20,1,35,,42720,52,0,10 23 20,1
200,'3',626,,42724,13,0,10 22 27,1,94,,42726,52,0,10 23 20,1,32,,42727,13,0,10 22 27,1,65,,42729,13,0,10 22 27,1,20,,42731,52,0,10 23 20,1,70,,42733,52,0,10 23 20,1,30,,42735,52,0,10 23 20,1,65,,42737,52,0,10 23 20,1,31,,42739,52,0,10 23 20,1,70,,42741,52,0,10 23 20,1,25,,42743,52,0,10 23 20,1,25,,42745,52,0,10 23 20,1,71,,42747,52,0,10 23 20,1,30,,42749,52,0,10 23 20,1,65,,42761,52,0,10 23 20,1,25,,42762,52,0,10 23 20,1,70,,42763,52,0,10 23 20,1,29,,42764,52,0,10 23 20,1,70,,42765,52,0,10 23 20,1,30,,42766,52,0,10 23 20,1,60,,42767,52,0,10 23 20,1,30,,42768,52,0,10 23 20,1,70,,42769,52,0,10 23 20,1,30,,42770,52,0,10 23 20,1,70,,42771,52,0,10 23 20,1,31,,42773,52,0,10 23 20,1,70,,42774,52,0,10 23 20,1,30,,42775,52,0,10 23 20,1,70,,42776,52,0,10 23 20,1,30,,42777,52,0,10 23 20,1,70,,42778,52,0,10 23 20,1,43,,42788,52,0,10 23 20,1,100,,42789,52,0,10 23 20,1,99,,42722,52,0,10 23 20,1,100,,42792,52,0,10 23 20,1
200,'30',655,,42799,13,0,10 22 27,1,96,,42800,52,0,10 23 20,1,100,,42801,52,0,10 23 20,1,96,,42804,52,0,10 23 20,1,90,,42805,52,0,10 23 20,1,90,,42806,52,0,10 23 20,1,26,,42810,52,0,10 23 20,1,67,,42807,52,0,10 23 20,1,30,,42823,52,0,10 23 20,1,70,,42824,52,0,10 23 20,1,30,,42825,52,0,10 23 20,1,70,,42826,52,0,10 23 20,1,30,,42827,52,0,10 23 20,1,70,,42828,52,0,10 23 20,1,30,,42829,52,0,10 23 20,1,70,,42830,52,0,10 23 20,1,30,,42831,52,0,10 23 20,1,70,,42832,52,0,10 23 20,1,30,,42833,52,0,10 23 20,1,66,,42834,52,0,10 23 20,1,90,,42843,52,0,10 23 20,1,50,,42844,52,0,10 23 20,1,90,,42845,52,0,10 23 20,1,90,,42846,52,0,10 23 20,1,90,,42847,52,0,10 23 20,1,95,,42796,52,0,10 23 20,1
200,'4',655,,42853,13,0,10 22 27,1,96,,42854,52,0,10 23 20,1,100,,42855,52,0,10 23 20,1,96,,42858,52,0,10 23 20,1,90,,42859,52,0,10 23 20,1,90,,42860,52,0,10 23 20,1,26,,42864,52,0,10 23 20,1,67,,42861,52,0,10 23 20,1,30,,42877,52,0,10 23 20,1,70,,42878,52,0,10 23 20,1,30,,42879,52,0,10 23 20,1,70,,42880,52,0,10 23 20,1,30,,42881,52,0,10 23 20,1,70,,42882,52,0,10 23 20,1,30,,42883,52,0,10 23 20,1,70,,42884,52,0,10 23 20,1,30,,42885,52,0,10 23 20,1,70,,42886,52,0,10 23 20,1,30,,42887,52,0,10 23 20,1,66,,42888,52,0,10 23 20,1,90,,42897,52,0,10 23 20,1,50,,42898,52,0,10 23 20,1,90,,42899,52,0,10 23 20,1,90,,42900,52,0,10 23 20,1,90,,42901,52,0,10 23 20,1,95,,42850,52,0,10 23 20,1
301,'11802',1601,,43258,37,,,1,127,,43259,37,,,1
301,'2',615,,43260,37,,,1,97,,43261,37,,,1,30,,43262,37,,,1,73,,43263,37,,,1,27,,43264,37,,,1,70,,43265,37,,,1,28,,43266,37,,,1,70,,43267,37,,,1,30,,43268,37,,,1,70,,43269,37,,,1,30,,43270,37,,,1,70,,43271,37,,,1,32,,43272,37,,,1,70,,43273,37,,,1,30,,43274,37,,,1,71,,43275,37,,,1,33,,43276,37,,,1,70,,43277,37,,,1,30,,43278,37,,,1,70,,43279,37,,,1,30,,43280,37,,,1,70,,43281,37,,,1,30,,43282,37,,,1,69,,43283,37,,,1,26,,43284,37,,,1,68,,43288,37,,,1,30,,43289,37,,,1,70,,43290,37,,,1,30,,43291,37,,,1,70,,43292,37,,,1,28,,43293,37,,,1,66,,43294,37,,,1,30,,43295,37,,,1,70,,43296,37,,,1,30,,43297,37,,,1,19,,43285,37,,,1
301,'3',725,,43298,37,,,1,100,,43299,37,,,1,102,,43300,37,,,1,104,,43301,37,,,1,71,,43305,37,,,1,35,,43306,37,,,1,75,,43307,37,,,1,36,,43308,37,,,1,75,,43309,37,,,1,35,,43310,37,,,1,75,,43311,37,,,1,75,,43312,37,,,1,35,,43313,37,,,1,75,,43314,37,,,1,35,,43315,37,,,1,75,,43316,37,,,1,75,,43317,37,,,1,33,,43318,37,,,1,100,,43319,37,,,1,100,,43320,37,,,1,100,,43321,37,,,1,100,,43322,37,,,1,108,,43302,37,,,1
301,'30',944,,43323,37,,,1,87,,43324,37,,,1,87,,43325,37,,,1,88,,43326,37,,,1,48,,43327,37,,,1,87,,43328,37,,,1,87,,43329,37,,,1,87,,43330,37,,,1,87,,43331,37,,,1,47,,43332,37,,,1,86,,43333,37,,,1,87,,43334,37,,,1,87,,43335,37,,,1,107,,43336,37,,,1,100,,43337,37,,,1,98,,43338,37,,,1,100,,43339,37,,,1
301,'4',944,,43340,37,,,1,87,,43341,37,,,1,87,,43342,37,,,1,88,,43343,37,,,1,48,,43344,37,,,1,87,,43345,37,,,1,87,,43346,37,,,1,87,,43347,37,,,1,87,,43348,37,,,1,47,,43349,37,,,1,86,,43350,37,,,1,87,,43351,37,,,1,87,,43352,37,,,1,107,,43353,37,,,1,100,,43354,37,,,1,98,,43355,37,,,1,100,,43356,37,,,1
501,'2',654,,43812,76,0,10 23 20,1,74,,43813,80,0,13 36,1,30,,43814,76,0,10 23 20,1,70,,43815,80,0,13 36,1,72,,43816,76,0,10 23 20,1,26,,43826,80,0,13 36,1,30,,43817,76,0,10 23 20,1,70,,43827,80,0,13 36,1,30,,43818,76,0,10 23 20,1,70,,43828,80,0,13 36,1,30,,43819,76,0,10 23 20,1,72,,43829,80,0,13 36,1,30,,43820,76,0,10 23 20,1,70,,43830,80,0,13 36,1,30,,43821,76,0,10 23 20,1,74,,43831,80,0,13 36,1,70,,43822,76,0,10 23 20,1,30,,43832,80,0,13 36,1,70,,43823,76,0,10 23 20,1,30,,43833,80,0,13 36,1,70,,43824,76,0,10 23 20,1,30,,43834,80,0,13 36,1,72,,43825,76,0,10 23 20,1,26,,43835,80,0,13 36,1,70,,43836,76,0,10 23 20,1,38,,43841,76,0,10 23 20,1,70,,43842,76,0,10 23 20,1,30,,43843,76,0,10 23 20,1,70,,43844,76,0,10 23 20,1,26,,43845,76,0,10 23 20,1,69,,43846,76,0,10 23 20,1,30,,43847,76,0,10 23 20,1,24,,43848,76,0,10 23 20,1,71,,43849,76,0,10 23 20,1,98,,43850,76,0,10 23 20,1
501,'3',655,,43852,76,0,10 23 20,1,100,,43853,76,0,10 23 20,1,100,,43854,76,0,10 23 20,1,147,,43855,76,0,10 23 20,1,43,,43859,76,0,10 23 20,1,75,,43866,80,0,13 36,1,35,,43860,76,0,10 23 20,1,79,,43867,80,0,13 36,1,75,,43861,76,0,10 23 20,1,35,,43868,80,0,13 36,1,75,,43862,76,0,10 23 20,1,35,,43869,80,0,13 36,1,74,,43863,76,0,10 23 20,1,76,,43870,80,0,13 36,1,34,,43864,76,0,10 23 20,1,76,,43871,80,0,13 36,1,34,,43865,76,0,10 23 20,1,76,,43872,80,0,13 36,1,29,,43873,76,0,10 23 20,1,75,,43874,80,0,13 36,1,78,,43875,76,0,10 23 20,1,100,,43876,76,0,10 23 20,1,99,,43877,76,0,10 23 20,1,110,,43878,76,0,10 23 20,1,110,,43856,76,0,10 23 20,1
501,'30',921,,43880,76,0,10 23 20,1,87,,43881,76,0,10 23 20,1,47,,43882,76,0,10 23 20,1,87,,43883,76,0,10 23 20,1,89,,43884,76,0,10 23 20,1,87,,43885,76,0,10 23 20,1,87,,43886,76,0,10 23 20,1,47,,43887,76,0,10 23 20,1,87,,43888,76,0,10 23 20,1,87,,43889,76,0,10 23 20,1,86,,43890,76,0,10 23 20,1,47,,43891,76,0,10 23 20,1,87,,43892,76,0,10 23 20,1,100,,43893,76,0,10 23 20,1,100,,43894,76,0,10 23 20,1,95,,43895,76,0,10 23 20,1,91,,43896,76,0,10 23 20,1,88,,43897,76,0,10 23 20,1
501,'4',921,,43899,76,0,10 23 20,1,87,,43900,76,0,10 23 20,1,47,,43901,76,0,10 23 20,1,87,,43902,76,0,10 23 20,1,89,,43903,76,0,10 23 20,1,87,,43904,76,0,10 23 20,1,87,,43905,76,0,10 23 20,1,47,,43906,76,0,10 23 20,1,87,,43907,76,0,10 23 20,1,87,,43908,76,0,10 23 20,1,86,,43909,76,0,10 23 20,1,47,,43910,76,0,10 23 20,1,87,,43911,76,0,10 23 20,1,100,,43912,76,0,10 23 20,1,100,,43913,76,0,10 23 20,1,95,,43914,76,0,10 23 20,1,91,,43915,76,0,10 23 20,1,88,,43916,76,0,10 23 20,1
700,'2',554,,44220,8,,,1,47,,44220,16,,,1,20,,44221,8,,,1,7,,44221,16,,,1,18,,44222,52,,,1,7,,44222,60,,,1,54,,44223,52,,,1,8,,44223,60,,,1,26,,44224,52,,,1,8,,44224,60,,,1,52,,44225,52,,,1,8,,44225,60,,,1,12,,44226,52,,,1,8,,44226,60,,,1,12,,44227,52,,,1,8,,44227,60,,,1,52,,44228,52,,,1,8,,44228,60,,,1,10,,44229,52,,,1,8,,44229,60,,,1,17,,44230,52,,,1,8,,44230,60,,,1,62,,44231,52,,,1,8,,44231,60,,,1,22,,44232,52,,,1,8,,44232,60,,,1,57,,44233,52,,,1,8,,44233,60,,,1,22,,44234,52,,,1,8,,44234,60,,,1,62,,44235,52,,,1,8,,44235,60,,,1,23,,44236,52,,,1,8,,44236,60,,,1,62,,44237,52,,,1,8,,44237,60,,,1,22,,44238,52,,,1,8,,44238,60,,,1,53,,44239,8,,,1,7,,44239,16,,,1,3,,44240,52,,,1,8,,44240,60,,,1,17,,44241,52,,,1,8,,44241,60,,,1,12,,44242,52,,,1,48,,44242,60,,,1,12,,44243,52,,,1,8,,44243,60,,,1,12,,44244,52,,,1,8,,44244,60,,,1,12,,44245,52,,,1,48,,44245,60,,,1,12,,44246,52,,,1,8,,44246,60,,,1,13,,44247,52,,,1,8,,44247,60,,,1,12,,44248,52,,,1,48,,44248,60,,,1,12,,44249,52,,,1,8,,44249,60,,,1,17,,44250,52,,,1,8,,44250,60,,,1,2,,44251,52,,,1,48,,44251,60,,,1,15,,44252,52,,,1,8,,44252,60,,,1,14,,44253,52,,,1,8,,44253,60,,,1,57,,44254,52,,,1,8,,44254,60,,,1,17,,44255,52,,,1,8,,44255,60,,,1,17,,44256,52,,,1,48,,44256,60,,,1,17,,44257,52,,,1,8,,44257,60,,,1,17,,44258,52,,,1,8,,44258,60,,,1,57,,44259,52,,,1,7,,44259,60,,,1,28,,44260,52,,,1,7,,44260,60,,,1,63,,44261,52,,,1,7,,44261,60,,,1,23,,44262,52,,,1,7,,44262,60,,,1,63,,44263,52,,,1,7,,44263,60,,,1,23,,44264,52,,,1,7,,44264,60,,,1,60,,44265,52,,,1,7,,44265,60,,,1
700,'3',642,,44301,52,,,1,4,,44301,60,,,1,65,,44302,52,,,1,5,,44302,60,,,1,25,,44300,52,,,1,5,,44300,60,,,1,77,,44266,52,,,1,6,,44266,60,,,1,24,,44299,52,,,1,6,,44299,60,,,1,64,,44267,52,,,1,6,,44267,60,,,1,19,,44268,52,,,1,6,,44268,60,,,1,59,,44269,52,,,1,6,,44269,60,,,1,24,,44270,52,,,1,6,,44270,60,,,1,64,,44271,52,,,1,6,,44271,60,,,1,19,,44272,52,,,1,6,,44272,60,,,1,59,,44273,52,,,1,7,,44273,60,,,1,25,,44274,52,,,1,7,,44274,60,,,1,63,,44275,52,,,1,7,,44275,60,,,1,23,,44276,52,,,1,7,,44276,60,,,1,58,,44277,52,,,1,7,,44277,60,,,1,23,,44278,52,,,1,7,,44278,60,,,1,63,,44279,52,,,1,7,,44279,60,,,1,23,,44280,52,,,1,7,,44280,60,,,1,63,,44281,52,,,1,7,,44281,60,,,1,23,,44282,52,,,1,7,,44282,60,,,1,63,,44283,52,,,1,7,,44283,60,,,1,23,,44284,52,,,1,7,,44284,60,,,1,63,,44285,52,,,1,6,,44285,60,,,1,18,,44286,52,,,1,6,,44286,60,,,1,24,,44287,52,,,1,46,,44287,60,,,1,24,,44288,52,,,1,6,,44288,60,,,1,24,,44289,52,,,1,46,,44289,60,,,1,19,,44290,52,,,1,6,,44290,60,,,1,24,,44291,52,,,1,6,,44291,60,,,1,62,,44292,52,,,1,6,,44292,60,,,1,24,,44293,52,,,1,6,,44293,60,,,1,62,,44294,52,,,1,6,,44294,60,,,1,26,,44295,52,,,1,6,,44295,60,,,1,64,,44296,52,,,1,6,,44296,60,,,1,24,,44297,52,,,1,6,,44297,60,,,1,64,,44298,52,,,1,6,,44298,60,,,1
700,'30',855,,44303,8,,,1,47,,44303,16,,,1,16,,44304,52,,,1,6,,44304,60,,,1,16,,44305,25,,,1,7,,44305,33,,,1,56,,44306,52,,,1,6,,44306,60,,,1,24,,44307,52,,,1,6,,44307,60,,,1,64,,44308,52,,,1,6,,44308,60,,,1,19,,44309,52,,,1,6,,44309,60,,,1,19,,44310,52,,,1,6,,44310,60,,,1,64,,44311,52,,,1,6,,44311,60,,,1,24,,44312,52,,,1,6,,44312,60,,,1,64,,44313,52,,,1,6,,44313,60,,,1,19,,44314,52,,,1,6,,44314,60,,,1,64,,44315,52,,,1,6,,44315,60,,,1,24,,44316,52,,,1,6,,44316,60,,,1,64,,44317,52,,,1,6,,44317,60,,,1,19,,44318,52,,,1,6,,44318,60,,,1,64,,44319,52,,,1,6,,44319,60,,,1,24,,44320,52,,,1,6,,44320,60,,,1,56,,44321,52,,,1,6,,44321,60,,,1,21,,44322,52,,,1,6,,44322,60,,,1,64,,44323,52,,,1,6,,44323,60,,,1,24,,44324,52,,,1,6,,44324,60,,,1,64,,44325,52,,,1,6,,44325,60,,,1,24,,44326,52,,,1,6,,44326,60,,,1,64,,44327,52,,,1,6,,44327,60,,,1,24,,44328,52,,,1,6,,44328,60,,,1,64,,44329,52,,,1,6,,44329,60,,,1,24,,44330,52,,,1,6,,44330,60,,,1,64,,44331,52,,,1,5,,44331,60,,,1,24,,44333,52,,,1,5,,44333,60,,,1,80,,44332,52,,,1,5,,44332,60,,,1
700,'4',855,,44334,8,,,1,47,,44334,16,,,1,16,,44335,52,,,1,6,,44335,60,,,1,16,,44336,25,,,1,7,,44336,33,,,1,56,,44337,52,,,1,6,,44337,60,,,1,24,,44338,52,,,1,6,,44338,60,,,1,64,,44339,52,,,1,6,,44339,60,,,1,19,,44340,52,,,1,6,,44340,60,,,1,19,,44341,52,,,1,6,,44341,60,,,1,64,,44342,52,,,1,6,,44342,60,,,1,24,,44343,52,,,1,6,,44343,60,,,1,64,,44344,52,,,1,6,,44344,60,,,1,19,,44345,52,,,1,6,,44345,60,,,1,64,,44346,52,,,1,6,,44346,60,,,1,24,,44347,52,,,1,6,,44347,60,,,1,64,,44348,52,,,1,6,,44348,60,,,1,19,,44349,52,,,1,6,,44349,60,,,1,64,,44350,52,,,1,6,,44350,60,,,1,24,,44351,52,,,1,6,,44351,60,,,1,56,,44352,52,,,1,6,,44352,60,,,1,21,,44353,52,,,1,6,,44353,60,,,1,64,,44354,52,,,1,6,,44354,60,,,1,24,,44355,52,,,1,6,,44355,60,,,1,64,,44356,52,,,1,6,,44356,60,,,1,24,,44357,52,,,1,6,,44357,60,,,1,64,,44358,52,,,1,6,,44358,60,,,1,24,,44359,52,,,1,6,,44359,60,,,1,64,,44360,52,,,1,6,,44360,60,,,1,24,,44361,52,,,1,6,,44361,60,,,1,64,,44362,52,,,1,5,,44362,60,,,1,24,,44364,52,,,1,5,,44364,60,,,1,80,,44363,52,,,1,5,,44363,60,,,1
3501,'11802',753,,49203,16,,,1
3501,'2',712,,49232,16,,,1,27,,49204,16,,,1,70,,49205,16,,,1,30,,49206,16,,,1,70,,49207,16,,,1,30,,49208,16,,,1,70,,49209,16,,,1,30,,49210,16,,,1,70,,49211,16,,,1,30,,49212,16,,,1,70,,49213,16,,,1,30,,49214,16,,,1,70,,49215,16,,,1,30,,49216,16,,,1,70,,49217,16,,,1,30,,49218,16,,,1,70,,49219,16,,,1,30,,49220,16,,,1,70,,49221,16,,,1,30,,49222,16,,,1,70,,49223,16,,,1,30,,49224,16,,,1,69,,49225,16,,,1,28,,49226,16,,,1,68,,49227,16,,,1,28,,49228,16,,,1,68,,49229,16,,,1,28,,49230,16,,,1,27,,49231,16,,,1
3501,'3',811,,49233,16,,,1,28,,49234,16,,,1,68,,49235,16,,,1,28,,49236,16,,,1,68,,49237,16,,,1,28,,49238,16,,,1,28,,49239,16,,,1,68,,49240,16,,,1,28,,49241,16,,,1,70,,49242,16,,,1,30,,49243,16,,,1,70,,49244,16,,,1,30,,49245,16,,,1,69,,49246,16,,,1,28,,49247,16,,,1,70,,49248,16,,,1,28,,49249,16,,,1,70,,49250,16,,,1,28,,49251,16,,,1,70,,49252,16,,,1,28,,49253,16,,,1,70,,49254,16,,,1,27,,49255,16,,,1,67,,49256,16,,,1,27,,49257,16,,,1,67,,49258,16,,,1
3501,'30',1211,,49273,16,,,1,24,,49272,16,,,1,67,,49271,16,,,1,27,,49270,16,,,1,27,,49269,16,,,1,67,,49268,16,,,1,27,,49267,16,,,1,70,,49266,16,,,1,30,,49265,16,,,1,70,,49264,16,,,1,27,,49263,16,,,1,68,,49262,16,,,1,28,,49261,16,,,1,68,,49260,16,,,1,28,,49259,16,,,1,67,,49274,16,,,1
3501,'4',1211,,49289,16,,,1,24,,49288,16,,,1,67,,49287,16,,,1,27,,49286,16,,,1,27,,49285,16,,,1,67,,49284,16,,,1,27,,49283,16,,,1,70,,49282,16,,,1,30,,49281,16,,,1,70,,49280,16,,,1,27,,49279,16,,,1,68,,49278,16,,,1,28,,49277,16,,,1,68,,49276,16,,,1,28,,49275,16,,,1,67,,49290,16,,,1
