400,'11802',1512,,43357,28,0,13 18 19 20,1,289,,43358,28,0,10 18 19 20,1
400,'2',632,,43385,28,0,13 18 19 20,1,80,,43384,28,0,10 18 19 20,1,15,,43383,28,0,13 18 19 20,1,15,,43382,28,0,10 18 19 20,1,15,,43381,28,0,13 18 19 20,1,55,,43380,28,0,10 18 19 20,1,15,,43379,28,0,13 18 19 20,1,15,,43378,28,0,10 18 19 20,1,15,,43377,28,0,13 18 19 20,1,60,,43376,28,0,10 18 19 20,1,20,,43375,28,0,13 18 19 20,1,20,,43374,28,0,10 18 19 20,1,60,,43373,28,0,13 18 19 20,1,20,,43372,28,0,10 18 19 20,1,20,,43371,28,0,13 18 19 20,1,60,,43370,28,0,10 18 19 20,1,20,,43369,28,0,13 18 19 20,1,20,,43368,28,0,10 18 19 20,1,60,,43367,28,0,13 18 19 20,1,20,,43366,28,0,10 18 19 20,1,20,,43365,28,0,13 18 19 20,1,60,,43364,28,0,10 18 19 20,1,20,,43363,28,0,13 18 19 20,1,17,,43362,28,0,10 18 19 20,1,55,,43387,28,0,13 18 19 20,1,10,,43388,28,0,10 18 19 20,1,15,,43396,28,0,13 18 19 20,1,15,,43389,28,0,10 18 19 20,1,55,,43397,28,0,13 18 19 20,1,15,,43390,28,0,10 18 19 20,1,15,,43398,28,0,13 18 19 20,1,15,,43391,28,0,10 18 19 20,1,55,,43399,28,0,13 18 19 20,1,15,,43392,28,0,10 18 19 20,1,15,,43400,28,0,13 18 19 20,1,10,,43393,28,0,10 18 19 20,1,15,,43401,28,0,13 18 19 20,1,55,,43394,28,0,10 18 19 20,1,10,,43402,28,0,13 18 19 20,1,15,,43395,28,0,10 18 19 20,1,10,,43403,28,0,13 18 19 20,1,59,,43404,28,0,10 18 19 20,1,20,,43405,28,0,13 18 19 20,1,15,,43409,28,0,10 18 19 20,1,60,,43406,28,0,13 18 19 20,1,20,,43410,28,0,10 18 19 20,1,20,,43407,28,0,13 18 19 20,1,60,,43411,28,0,10 18 19 20,1,20,,43408,28,0,13 18 19 20,1,17,,43412,28,0,10 18 19 20,1,15,,43413,28,0,13 18 19 20,1,65,,43416,28,0,10 18 19 20,1,30,,43414,28,0,13 18 19 20,1,70,,43417,28,0,10 18 19 20,1,30,,43415,28,0,13 18 19 20,1,70,,43418,28,0,10 18 19 20,1,80,,43419,28,0,13 18 19 20,1,101,,43420,28,0,13 18 19 20,1
400,'3',616,,43423,28,0,13 18 19 20,1,15,,43422,28,0,10 18 19 20,1,70,,43425,28,0,13 18 19 20,1,30,,43432,28,0,10 18 19 20,1,70,,43426,28,0,13 18 19 20,1,30,,43433,28,0,10 18 19 20,1,70,,43427,28,0,13 18 19 20,1,30,,43434,28,0,10 18 19 20,1,70,,43428,28,0,13 18 19 20,1,30,,43435,28,0,10 18 19 20,1,70,,43429,28,0,13 18 19 20,1,30,,43436,28,0,10 18 19 20,1,71,,43430,28,0,13 18 19 20,1,27,,43437,28,0,10 18 19 20,1,29,,43431,28,0,13 18 19 20,1,63,,43438,28,0,10 18 19 20,1,20,,43443,28,0,13 18 19 20,1,65,,43439,28,0,10 18 19 20,1,25,,43444,28,0,13 18 19 20,1,25,,43440,28,0,10 18 19 20,1,65,,43445,28,0,13 18 19 20,1,25,,43441,28,0,10 18 19 20,1,65,,43446,28,0,13 18 19 20,1,25,,43442,28,0,10 18 19 20,1,65,,43447,28,0,13 18 19 20,1,25,,43454,28,0,10 18 19 20,1,25,,43450,28,0,13 18 19 20,1,64,,43455,28,0,10 18 19 20,1,25,,43451,28,0,13 18 19 20,1,65,,43456,28,0,10 18 19 20,1,25,,43452,28,0,13 18 19 20,1,25,,43457,28,0,10 18 19 20,1,65,,43453,28,0,13 18 19 20,1,25,,43458,28,0,10 18 19 20,1,61,,43459,28,0,13 18 19 20,1,30,,43462,28,0,10 18 19 20,1,75,,43460,28,0,13 18 19 20,1,30,,43463,28,0,10 18 19 20,1,70,,43461,28,0,13 18 19 20,1,30,,43464,28,0,10 18 19 20,1,66,,43448,28,0,13 18 19 20,1,94,,43449,28,0,10 18 19 20,1
400,'30',701,,43495,28,0,13 18 19 20,1,40,,43496,28,0,10 18 19 20,1,80,,43497,28,0,13 18 19 20,1,85,,43467,28,0,10 18 19 20,1,35,,43468,28,0,13 18 19 20,1,65,,43469,28,0,10 18 19 20,1,30,,43470,28,0,13 18 19 20,1,70,,43471,28,0,10 18 19 20,1,30,,43472,28,0,13 18 19 20,1,70,,43473,28,0,10 18 19 20,1,26,,43474,28,0,13 18 19 20,1,70,,43475,28,0,10 18 19 20,1,30,,43476,28,0,13 18 19 20,1,70,,43477,28,0,10 18 19 20,1,30,,43478,28,0,13 18 19 20,1,70,,43479,28,0,10 18 19 20,1,30,,43480,28,0,13 18 19 20,1,70,,43481,28,0,10 18 19 20,1,30,,43482,28,0,13 18 19 20,1,70,,43483,28,0,10 18 19 20,1,30,,43484,28,0,13 18 19 20,1,70,,43485,28,0,10 18 19 20,1,32,,43486,28,0,13 18 19 20,1,70,,43487,28,0,10 18 19 20,1,30,,43488,28,0,13 18 19 20,1,70,,43489,28,0,10 18 19 20,1,30,,43490,28,0,13 18 19 20,1,70,,43491,28,0,10 18 19 20,1,30,,43492,28,0,13 18 19 20,1,70,,43493,28,0,10 18 19 20,1,26,,43494,28,0,13 18 19 20,1,29,,43465,28,0,10 18 19 20,1
400,'4',701,,43528,28,0,13 18 19 20,1,40,,43529,28,0,10 18 19 20,1,80,,43530,28,0,13 18 19 20,1,85,,43500,28,0,10 18 19 20,1,35,,43501,28,0,13 18 19 20,1,65,,43502,28,0,10 18 19 20,1,30,,43503,28,0,13 18 19 20,1,70,,43504,28,0,10 18 19 20,1,30,,43505,28,0,13 18 19 20,1,70,,43506,28,0,10 18 19 20,1,26,,43507,28,0,13 18 19 20,1,70,,43508,28,0,10 18 19 20,1,30,,43509,28,0,13 18 19 20,1,70,,43510,28,0,10 18 19 20,1,30,,43511,28,0,13 18 19 20,1,70,,43512,28,0,10 18 19 20,1,30,,43513,28,0,13 18 19 20,1,70,,43514,28,0,10 18 19 20,1,30,,43515,28,0,13 18 19 20,1,70,,43516,28,0,10 18 19 20,1,30,,43517,28,0,13 18 19 20,1,70,,43518,28,0,10 18 19 20,1,32,,43519,28,0,13 18 19 20,1,70,,43520,28,0,10 18 19 20,1,30,,43521,28,0,13 18 19 20,1,70,,43522,28,0,10 18 19 20,1,30,,43523,28,0,13 18 19 20,1,70,,43524,28,0,10 18 19 20,1,30,,43525,28,0,13 18 19 20,1,70,,43526,28,0,10 18 19 20,1,26,,43527,28,0,13 18 19 20,1,71,,43498,28,0,10 18 19 20,1
1500,'2',631,,45918,37,0,13 28 3 8,1,20,,45919,37,0,13 28 3 8,1,61,,45923,37,0,10 29,1,15,,45920,37,0,13 28 3 8,1,16,,45924,37,0,10 29,1,11,,45921,37,0,13 28 3 8,1,56,,45925,37,0,10 29,1,16,,45922,37,0,13 28 3 8,1,16,,45926,37,0,10 29,1,16,,45927,37,0,13 28 3 8,1,55,,45944,37,0,10 29,1,15,,45928,37,0,13 28 3 8,1,15,,45945,37,0,10 29,1,15,,45929,37,0,13 28 3 8,1,55,,45946,37,0,10 29,1,15,,45930,37,0,13 28 3 8,1,15,,45947,37,0,10 29,1,15,,45931,37,0,13 28 3 8,1,55,,45948,37,0,10 29,1,15,,45932,37,0,13 28 3 8,1,15,,45949,37,0,10 29,1,15,,45933,37,0,13 28 3 8,1,55,,45950,37,0,10 29,1,15,,45934,37,0,13 28 3 8,1,15,,45951,37,0,10 29,1,15,,45935,37,0,13 28 3 8,1,55,,45952,37,0,10 29,1,15,,45936,37,0,13 28 3 8,1,15,,45953,37,0,10 29,1,15,,45937,37,0,13 28 3 8,1,55,,45954,37,0,10 29,1,15,,45938,37,0,13 28 3 8,1,15,,45955,37,0,10 29,1,15,,45939,37,0,13 28 3 8,1,50,,45956,37,0,10 29,1,15,,45940,37,0,13 28 3 8,1,15,,45957,37,0,10 29,1,14,,45941,37,0,13 28 3 8,1,58,,45958,37,0,10 29,1,15,,45942,37,0,13 28 3 8,1,17,,45959,37,0,10 29,1,17,,45943,37,0,13 28 3 8,1,57,,45960,37,0,10 29,1,15,,45961,37,0,13 28 3 8,1,17,,45962,37,0,10 29,1,55,,45963,37,0,13 28 3 8,1,20,,45965,37,0,10 29,1,13,,45966,37,0,13 28 3 8,1,67,,45967,37,0,10 29,1,19,,45968,37,0,13 28 3 8,1,21,,45969,37,0,10 29,1,64,,45970,37,0,13 28 3 8,1,31,,45971,37,0,10 29,1,69,,45972,37,0,13 28 3 8,1,26,,45973,37,0,10 29,1,70,,45974,37,0,13 28 3 8,1,30,,45975,37,0,10 29,1,70,,45976,37,0,13 28 3 8,1,30,,45977,37,0,10 29,1,70,,45978,37,0,13 28 3 8,1,30,,45979,37,0,10 29,1,68,,45964,37,0,13 28 3 8,1
1500,'3',631,,45985,37,0,10 29,1,25,,45986,37,0,13 28 3 8,1,70,,45987,37,0,10 29,1,30,,45988,37,0,13 28 3 8,1,65,,45990,37,0,10 29,1,30,,45989,37,0,13 28 3 8,1,70,,45991,37,0,10 29,1,30,,45992,37,0,13 28 3 8,1,70,,45993,37,0,10 29,1,20,,46005,37,0,13 28 3 8,1,15,,45994,37,0,10 29,1,60,,46006,37,0,13 28 3 8,1,20,,45995,37,0,10 29,1,20,,46007,37,0,13 28 3 8,1,60,,45996,37,0,10 29,1,20,,46008,37,0,13 28 3 8,1,20,,45997,37,0,10 29,1,60,,46009,37,0,13 28 3 8,1,20,,45998,37,0,10 29,1,20,,46010,37,0,13 28 3 8,1,60,,45999,37,0,10 29,1,20,,46011,37,0,13 28 3 8,1,20,,46000,37,0,10 29,1,60,,46012,37,0,13 28 3 8,1,20,,46001,37,0,10 29,1,20,,46013,37,0,13 28 3 8,1,60,,46002,37,0,10 29,1,20,,46014,37,0,13 28 3 8,1,20,,46003,37,0,10 29,1,60,,46015,37,0,13 28 3 8,1,18,,46004,37,0,13 28 3 8,1,22,,46016,37,0,10 29,1,70,,46022,37,0,13 28 3 8,1,30,,46017,37,0,10 29,1,70,,46023,37,0,13 28 3 8,1,30,,46018,37,0,10 29,1,70,,46024,37,0,13 28 3 8,1,30,,46019,37,0,10 29,1,65,,46025,37,0,13 28 3 8,1,30,,46020,37,0,10 29,1,65,,46026,37,0,13 28 3 8,1,25,,46021,37,0,10 29,1,70,,46027,37,0,13 28 3 8,1,26,,46029,37,0,10 29,1,70,,46033,37,0,10 29,1,94,,46028,37,0,10 29,1
1500,'30',631,,46071,37,0,10 29,1,70,,46034,37,0,13 28 3 8,1,23,,46070,37,0,10 29,1,27,,46069,37,0,13 28 3 8,1,65,,46035,37,0,10 29,1,34,,46036,37,0,13 28 3 8,1,68,,46037,37,0,10 29,1,22,,46038,37,0,13 28 3 8,1,62,,46039,37,0,10 29,1,30,,46040,37,0,13 28 3 8,1,70,,46041,37,0,10 29,1,25,,46042,37,0,13 28 3 8,1,27,,46043,37,0,10 29,1,70,,46044,37,0,13 28 3 8,1,30,,46045,37,0,10 29,1,70,,46046,37,0,13 28 3 8,1,30,,46047,37,0,10 29,1,70,,46048,37,0,13 28 3 8,1,30,,46049,37,0,10 29,1,70,,46050,37,0,13 28 3 8,1,30,,46051,37,0,10 29,1,70,,46052,37,0,13 28 3 8,1,30,,46053,37,0,10 29,1,70,,46054,37,0,13 28 3 8,1,30,,46055,37,0,10 29,1,70,,46056,37,0,13 28 3 8,1,25,,46057,37,0,10 29,1,70,,46058,37,0,13 28 3 8,1,25,,46059,37,0,10 29,1,70,,46060,37,0,13 28 3 8,1,30,,46061,37,0,10 29,1,65,,46062,37,0,13 28 3 8,1,30,,46063,37,0,10 29,1,67,,46064,37,0,13 28 3 8,1,29,,46065,37,0,10 29,1,66,,46066,37,0,13 28 3 8,1
1500,'4',631,,46109,37,0,10 29,1,70,,46072,37,0,13 28 3 8,1,23,,46108,37,0,10 29,1,27,,46107,37,0,13 28 3 8,1,65,,46073,37,0,10 29,1,34,,46074,37,0,13 28 3 8,1,68,,46075,37,0,10 29,1,22,,46076,37,0,13 28 3 8,1,62,,46077,37,0,10 29,1,30,,46078,37,0,13 28 3 8,1,70,,46079,37,0,10 29,1,25,,46080,37,0,13 28 3 8,1,27,,46081,37,0,10 29,1,70,,46082,37,0,13 28 3 8,1,30,,46083,37,0,10 29,1,70,,46084,37,0,13 28 3 8,1,30,,46085,37,0,10 29,1,70,,46086,37,0,13 28 3 8,1,30,,46087,37,0,10 29,1,70,,46088,37,0,13 28 3 8,1,30,,46089,37,0,10 29,1,70,,46090,37,0,13 28 3 8,1,30,,46091,37,0,10 29,1,70,,46092,37,0,13 28 3 8,1,30,,46093,37,0,10 29,1,70,,46094,37,0,13 28 3 8,1,25,,46095,37,0,10 29,1,70,,46096,37,0,13 28 3 8,1,25,,46097,37,0,10 29,1,70,,46098,37,0,13 28 3 8,1,30,,46099,37,0,10 29,1,65,,46100,37,0,13 28 3 8,1,30,,46101,37,0,10 29,1,67,,46102,37,0,13 28 3 8,1,29,,46103,37,0,10 29,1,66,,46104,37,0,13 28 3 8,1
10401,'3302',753,,50511,28,,,1,70,,50512,28,,,1,32,,50513,28,,,1,70,,50514,28,,,1,30,,50515,28,,,1,70,,50516,28,,,1,29,,50517,28,,,1,71,,50518,28,,,1,28,,50519,28,,,1,73,,50520,28,,,1,27,,50521,28,,,1,72,,50522,28,,,1,24,,50523,28,,,1,69,,50524,28,,,1,30,,50525,28,,,1,72,,50526,28,,,1,29,,50527,28,,,1,70,,50528,28,,,1,31,,50529,28,,,1,73,,50530,28,,,1,31,,50531,28,,,1,67,,50532,28,,,1
10401,'3903',1024,,50549,28,,,1,21,,50535,28,,,1,70,,50536,28,,,1,27,,50537,28,,,1,71,,50538,28,,,1,20,,50539,28,,,1,70,,50540,28,,,1,25,,50541,28,,,1,29,,50542,28,,,1,68,,50543,28,,,1,31,,50544,28,,,1,70,,50545,28,,,1,30,,50546,28,,,1,69,,50547,28,,,1,30,,50548,28,,,1,70,,50534,28,,,1,30,,50533,28,,,1
