400,'11802',1454,,43357,8,0,13 18 19 20,1,286,,43358,8,0,10 18 19 20,1
400,'2',615,,43385,8,0,13 18 19 20,1,39,,43384,8,0,10 18 19 20,1,55,,43383,8,0,13 18 19 20,1,15,,43382,8,0,10 18 19 20,1,15,,43381,8,0,13 18 19 20,1,15,,43380,8,0,10 18 19 20,1,55,,43379,8,0,13 18 19 20,1,15,,43378,8,0,10 18 19 20,1,15,,43377,8,0,13 18 19 20,1,61,,43376,8,0,10 18 19 20,1,20,,43375,8,0,13 18 19 20,1,20,,43374,8,0,10 18 19 20,1,60,,43373,8,0,13 18 19 20,1,20,,43372,8,0,10 18 19 20,1,20,,43371,8,0,13 18 19 20,1,60,,43370,8,0,10 18 19 20,1,20,,43369,8,0,13 18 19 20,1,20,,43368,8,0,10 18 19 20,1,60,,43367,8,0,13 18 19 20,1,20,,43366,8,0,10 18 19 20,1,20,,43365,8,0,13 18 19 20,1,60,,43364,8,0,10 18 19 20,1,20,,43363,8,0,13 18 19 20,1,17,,43362,8,0,10 18 19 20,1,14,,43387,8,0,13 18 19 20,1,50,,43388,8,0,10 18 19 20,1,15,,43396,8,0,13 18 19 20,1,15,,43389,8,0,10 18 19 20,1,15,,43397,8,0,13 18 19 20,1,55,,43390,8,0,10 18 19 20,1,15,,43398,8,0,13 18 19 20,1,15,,43391,8,0,10 18 19 20,1,14,,43399,8,0,13 18 19 20,1,13,,43392,8,0,10 18 19 20,1,55,,43400,8,0,13 18 19 20,1,10,,43393,8,0,10 18 19 20,1,15,,43401,8,0,13 18 19 20,1,15,,43394,8,0,10 18 19 20,1,50,,43402,8,0,13 18 19 20,1,15,,43395,8,0,10 18 19 20,1,10,,43403,8,0,13 18 19 20,1,23,,43404,8,0,10 18 19 20,1,61,,43405,8,0,13 18 19 20,1,15,,43409,8,0,10 18 19 20,1,20,,43406,8,0,13 18 19 20,1,60,,43410,8,0,10 18 19 20,1,20,,43407,8,0,13 18 19 20,1,20,,43411,8,0,10 18 19 20,1,60,,43408,8,0,13 18 19 20,1,17,,43412,8,0,10 18 19 20,1,15,,43413,8,0,13 18 19 20,1,66,,43416,8,0,10 18 19 20,1,30,,43414,8,0,13 18 19 20,1,70,,43417,8,0,10 18 19 20,1,30,,43415,8,0,13 18 19 20,1,72,,43418,8,0,10 18 19 20,1,40,,43419,8,0,13 18 19 20,1,99,,43420,8,0,13 18 19 20,1
400,'3',604,,43423,8,0,13 18 19 20,1,13,,43422,8,0,10 18 19 20,1,32,,43425,8,0,13 18 19 20,1,70,,43432,8,0,10 18 19 20,1,30,,43426,8,0,13 18 19 20,1,68,,43433,8,0,10 18 19 20,1,30,,43427,8,0,13 18 19 20,1,70,,43434,8,0,10 18 19 20,1,30,,43428,8,0,13 18 19 20,1,69,,43435,8,0,10 18 19 20,1,30,,43429,8,0,13 18 19 20,1,70,,43436,8,0,10 18 19 20,1,30,,43430,8,0,13 18 19 20,1,66,,43437,8,0,10 18 19 20,1,29,,43431,8,0,13 18 19 20,1,63,,43438,8,0,10 18 19 20,1,20,,43443,8,0,13 18 19 20,1,25,,43439,8,0,10 18 19 20,1,65,,43444,8,0,13 18 19 20,1,25,,43440,8,0,10 18 19 20,1,65,,43445,8,0,13 18 19 20,1,25,,43441,8,0,10 18 19 20,1,25,,43446,8,0,13 18 19 20,1,65,,43442,8,0,10 18 19 20,1,25,,43447,8,0,13 18 19 20,1,65,,43454,8,0,10 18 19 20,1,25,,43450,8,0,13 18 19 20,1,25,,43455,8,0,10 18 19 20,1,65,,43451,8,0,13 18 19 20,1,25,,43456,8,0,10 18 19 20,1,65,,43452,8,0,13 18 19 20,1,25,,43457,8,0,10 18 19 20,1,65,,43453,8,0,13 18 19 20,1,25,,43458,8,0,10 18 19 20,1,22,,43459,8,0,13 18 19 20,1,70,,43462,8,0,10 18 19 20,1,35,,43460,8,0,13 18 19 20,1,70,,43463,8,0,10 18 19 20,1,30,,43461,8,0,13 18 19 20,1,70,,43464,8,0,10 18 19 20,1,27,,43448,8,0,13 18 19 20,1,94,,43449,8,0,10 18 19 20,1
400,'30',647,,43495,8,0,13 18 19 20,1,82,,43496,8,0,10 18 19 20,1,80,,43497,8,0,13 18 19 20,1,43,,43467,8,0,10 18 19 20,1,74,,43468,8,0,13 18 19 20,1,25,,43469,8,0,10 18 19 20,1,70,,43470,8,0,13 18 19 20,1,30,,43471,8,0,10 18 19 20,1,70,,43472,8,0,13 18 19 20,1,30,,43473,8,0,10 18 19 20,1,66,,43474,8,0,13 18 19 20,1,30,,43475,8,0,10 18 19 20,1,70,,43476,8,0,13 18 19 20,1,30,,43477,8,0,10 18 19 20,1,70,,43478,8,0,13 18 19 20,1,30,,43479,8,0,10 18 19 20,1,70,,43480,8,0,13 18 19 20,1,30,,43481,8,0,10 18 19 20,1,70,,43482,8,0,13 18 19 20,1,30,,43483,8,0,10 18 19 20,1,70,,43484,8,0,13 18 19 20,1,30,,43485,8,0,10 18 19 20,1,72,,43486,8,0,13 18 19 20,1,30,,43487,8,0,10 18 19 20,1,70,,43488,8,0,13 18 19 20,1,30,,43489,8,0,10 18 19 20,1,70,,43490,8,0,13 18 19 20,1,30,,43491,8,0,10 18 19 20,1,70,,43492,8,0,13 18 19 20,1,30,,43493,8,0,10 18 19 20,1,66,,43494,8,0,13 18 19 20,1,29,,43465,8,0,10 18 19 20,1
400,'4',647,,43528,8,0,13 18 19 20,1,82,,43529,8,0,10 18 19 20,1,80,,43530,8,0,13 18 19 20,1,43,,43500,8,0,10 18 19 20,1,74,,43501,8,0,13 18 19 20,1,25,,43502,8,0,10 18 19 20,1,70,,43503,8,0,13 18 19 20,1,30,,43504,8,0,10 18 19 20,1,70,,43505,8,0,13 18 19 20,1,30,,43506,8,0,10 18 19 20,1,66,,43507,8,0,13 18 19 20,1,30,,43508,8,0,10 18 19 20,1,70,,43509,8,0,13 18 19 20,1,30,,43510,8,0,10 18 19 20,1,70,,43511,8,0,13 18 19 20,1,30,,43512,8,0,10 18 19 20,1,70,,43513,8,0,13 18 19 20,1,30,,43514,8,0,10 18 19 20,1,70,,43515,8,0,13 18 19 20,1,30,,43516,8,0,10 18 19 20,1,70,,43517,8,0,13 18 19 20,1,30,,43518,8,0,10 18 19 20,1,72,,43519,8,0,13 18 19 20,1,30,,43520,8,0,10 18 19 20,1,70,,43521,8,0,13 18 19 20,1,30,,43522,8,0,10 18 19 20,1,70,,43523,8,0,13 18 19 20,1,30,,43524,8,0,10 18 19 20,1,70,,43525,8,0,13 18 19 20,1,30,,43526,8,0,10 18 19 20,1,66,,43527,8,0,13 18 19 20,1,29,,43498,8,0,10 18 19 20,1
1701,'11802',1542,,46896,7,0,54 3 35,1,80,,46897,7,0,54 3 35,1
1701,'2',620,,46912,21,0,13 33,1,18,,46953,21,0,10 31,1,16,,46913,21,0,13 33,1,60,,46914,21,0,10 31,1,20,,46915,21,0,13 33,1,20,,46916,21,0,10 31,1,60,,46917,21,0,13 33,1,20,,46918,21,0,10 31,1,20,,46919,21,0,13 33,1,60,,46920,21,0,10 31,1,20,,46921,21,0,13 33,1,20,,46922,21,0,10 31,1,60,,46923,21,0,13 33,1,20,,46924,21,0,10 31,1,19,,46925,21,0,13 33,1,60,,46926,21,0,10 31,1,19,,46927,21,0,13 33,1,20,,46928,21,0,10 31,1,61,,46929,21,0,13 33,1,20,,46930,21,0,10 31,1,21,,46931,21,0,13 33,1,60,,46932,21,0,10 31,1,20,,46933,21,0,13 33,1,21,,46934,21,0,10 31,1,61,,46935,21,0,13 33,1,16,,46936,21,0,10 31,1,20,,46937,21,0,13 33,1,60,,46938,21,0,10 31,1,20,,46939,21,0,13 33,1,20,,46940,21,0,10 31,1,60,,46941,21,0,13 33,1,20,,46942,21,0,10 31,1,15,,46943,21,0,13 33,1,55,,46944,21,0,10 31,1,20,,46945,21,0,13 33,1,18,,46946,21,0,10 31,1,64,,46947,21,0,13 33,1,19,,46908,21,0,10 31,1,19,,46907,21,0,10 31,1,59,,46906,21,0,10 31,1,19,,46905,21,0,10 31,1,19,,46904,21,0,10 31,1,19,,46903,21,0,10 31,1,59,,46902,21,0,10 31,1,25,,46901,21,0,10 31,1,68,,46899,21,0,10 31,1,30,,46900,21,0,10 31,1,60,,46948,21,0,10 31,1,25,,46949,21,0,10 31,1,25,,46950,21,0,10 31,1,65,,46951,21,0,10 31,1,22,,46952,21,0,10 31,1,65,,46909,21,0,10 31,1,50,,46955,21,0,10 31,1
1701,'3',608,,46990,21,0,10 31,1,35,,46989,21,0,10 31,1,74,,46988,21,0,10 31,1,35,,46956,21,0,10 31,1,75,,46987,21,0,10 31,1,75,,46986,21,0,10 31,1,30,,46985,21,0,10 31,1,27,,46992,21,0,10 31,1,70,,46984,21,0,10 31,1,30,,46983,21,0,10 31,1,70,,46982,21,0,10 31,1,30,,46981,21,0,10 31,1,70,,46980,21,0,10 31,1,30,,46979,21,0,10 31,1,70,,46978,21,0,10 31,1,30,,46977,21,0,10 31,1,70,,46976,21,0,10 31,1,30,,46975,21,0,10 31,1,70,,46974,21,0,10 31,1,30,,46973,21,0,10 31,1,70,,46972,21,0,10 31,1,30,,46971,21,0,10 31,1,70,,46970,21,0,10 31,1,73,,46969,21,0,10 31,1,30,,46968,21,0,10 31,1,20,,46967,21,0,10 31,1,70,,46966,21,0,10 31,1,30,,46965,21,0,10 31,1,70,,46964,21,0,10 31,1,20,,46963,21,0,10 31,1,70,,46962,21,0,10 31,1,30,,46961,21,0,10 31,1,70,,46960,21,0,10 31,1,15,,46993,21,0,10 31,1,30,,46959,21,0,10 31,1,65,,46958,21,0,10 31,1,20,,46957,21,0,10 31,1,60,,46994,21,0,10 31,1,30,,46995,21,0,10 31,1
1701,'30',625,,47026,21,0,10 31,1,75,,47027,21,0,10 31,1,35,,47028,21,0,10 31,1,75,,47029,21,0,10 31,1,32,,46998,21,0,10 31,1,70,,46999,21,0,10 31,1,30,,47000,21,0,10 31,1,15,,47001,21,0,10 31,1,65,,47002,21,0,10 31,1,30,,47003,21,0,10 31,1,70,,47004,21,0,10 31,1,28,,47005,21,0,10 31,1,65,,47006,21,0,10 31,1,25,,47007,21,0,10 31,1,70,,47008,21,0,10 31,1,30,,47009,21,0,10 31,1,65,,47010,21,0,10 31,1,28,,47011,21,0,10 31,1,70,,47012,21,0,10 31,1,30,,47013,21,0,10 31,1,70,,47014,21,0,10 31,1,30,,47015,21,0,10 31,1,25,,47016,21,0,10 31,1,70,,47017,21,0,10 31,1,30,,47018,21,0,10 31,1,70,,47019,21,0,10 31,1,80,,47020,21,0,10 31,1,35,,47021,21,0,10 31,1,70,,47022,21,0,10 31,1,40,,47023,21,0,10 31,1,75,,47024,21,0,10 31,1,30,,47025,21,0,10 31,1,75,,46996,21,0,10 31,1,70,,46997,21,0,10 31,1
1701,'4',625,,47060,21,0,10 31,1,75,,47061,21,0,10 31,1,35,,47062,21,0,10 31,1,75,,47063,21,0,10 31,1,32,,47032,21,0,10 31,1,70,,47033,21,0,10 31,1,30,,47034,21,0,10 31,1,15,,47035,21,0,10 31,1,65,,47036,21,0,10 31,1,30,,47037,21,0,10 31,1,70,,47038,21,0,10 31,1,28,,47039,21,0,10 31,1,65,,47040,21,0,10 31,1,25,,47041,21,0,10 31,1,70,,47042,21,0,10 31,1,30,,47043,21,0,10 31,1,65,,47044,21,0,10 31,1,28,,47045,21,0,10 31,1,70,,47046,21,0,10 31,1,30,,47047,21,0,10 31,1,70,,47048,21,0,10 31,1,30,,47049,21,0,10 31,1,25,,47050,21,0,10 31,1,70,,47051,21,0,10 31,1,30,,47052,21,0,10 31,1,70,,47053,21,0,10 31,1,80,,47054,21,0,10 31,1,35,,47055,21,0,10 31,1,70,,47056,21,0,10 31,1,40,,47057,21,0,10 31,1,75,,47058,21,0,10 31,1,30,,47059,21,0,10 31,1,75,,47030,21,0,10 31,1,70,,47031,21,0,10 31,1
10401,'3302',734,,50511,8,,,1,70,,50512,8,,,1,32,,50513,8,,,1,72,,50514,8,,,1,30,,50515,8,,,1,70,,50516,8,,,1,29,,50517,8,,,1,71,,50518,8,,,1,28,,50519,8,,,1,74,,50520,8,,,1,27,,50521,8,,,1,72,,50522,8,,,1,24,,50523,8,,,1,69,,50524,8,,,1,28,,50525,8,,,1,72,,50526,8,,,1,29,,50527,8,,,1,70,,50528,8,,,1,30,,50529,8,,,1,73,,50530,8,,,1,31,,50531,8,,,1,70,,50532,8,,,1
10401,'3903',1008,,50549,8,,,1,21,,50535,8,,,1,30,,50536,8,,,1,67,,50537,8,,,1,30,,50538,8,,,1,60,,50539,8,,,1,30,,50540,8,,,1,65,,50541,8,,,1,29,,50542,8,,,1,68,,50543,8,,,1,31,,50544,8,,,1,70,,50545,8,,,1,30,,50546,8,,,1,69,,50547,8,,,1,30,,50548,8,,,1,70,,50534,8,,,1,30,,50533,8,,,1
