201,'11802',723,,42903,28,0,13 24 25,1,35,,42905,22,0,10 24 25,1,68,,42904,28,0,13 24 25,1,30,,42906,22,0,10 24 25,1
201,'2',617,,42908,22,0,10 24 25,1,15,,42944,28,0,13 24 25,1,15,,42909,22,0,10 24 25,1,55,,42945,28,0,13 24 25,1,15,,42910,22,0,10 24 25,1,15,,42946,28,0,13 24 25,1,15,,42911,22,0,10 24 25,1,55,,42947,28,0,13 24 25,1,15,,42912,22,0,10 24 25,1,15,,42948,28,0,13 24 25,1,13,,42913,22,0,10 24 25,1,55,,42949,28,0,13 24 25,1,15,,42914,22,0,10 24 25,1,15,,42950,28,0,13 24 25,1,15,,42915,22,0,10 24 25,1,55,,42951,28,0,13 24 25,1,15,,42916,22,0,10 24 25,1,15,,42952,28,0,13 24 25,1,15,,42917,22,0,10 24 25,1,55,,42953,28,0,13 24 25,1,15,,42918,22,0,10 24 25,1,15,,42954,28,0,13 24 25,1,15,,42919,22,0,10 24 25,1,55,,42955,28,0,13 24 25,1,15,,42920,22,0,10 24 25,1,15,,42956,28,0,13 24 25,1,15,,42921,22,0,10 24 25,1,55,,42957,28,0,13 24 25,1,15,,42922,22,0,10 24 25,1,15,,42958,28,0,13 24 25,1,14,,42923,22,0,10 24 25,1,15,,42959,28,0,13 24 25,1,55,,42924,22,0,10 24 25,1,15,,42960,28,0,13 24 25,1,15,,42925,22,0,10 24 25,1,15,,42961,28,0,13 24 25,1,55,,42926,22,0,10 24 25,1,15,,42962,28,0,13 24 25,1,15,,42927,22,0,10 24 25,1,15,,42963,28,0,13 24 25,1,55,,42928,22,0,10 24 25,1,15,,42964,28,0,13 24 25,1,20,,42929,22,0,10 24 25,1,58,,42965,28,0,13 24 25,1,16,,42930,22,0,10 24 25,1,14,,42966,28,0,13 24 25,1,12,,42931,22,0,10 24 25,1,51,,42967,28,0,13 24 25,1,17,,42932,22,0,10 24 25,1,15,,42968,28,0,13 24 25,1,15,,42933,22,0,10 24 25,1,10,,42969,28,0,13 24 25,1,55,,42934,22,0,10 24 25,1,15,,42970,28,0,13 24 25,1,27,,42971,28,0,13 24 25,1,53,,42936,22,0,10 24 25,1,18,,42972,28,0,13 24 25,1,14,,42937,22,0,10 24 25,1,16,,42973,28,0,13 24 25,1,63,,42974,28,0,13 24 25,1,18,,42939,22,0,10 24 25,1,64,,42975,28,0,13 24 25,1,16,,42940,22,0,10 24 25,1,18,,42976,28,0,13 24 25,1,20,,42941,22,0,10 24 25,1,56,,42977,28,0,13 24 25,1,20,,42942,22,0,10 24 25,1,20,,42978,28,0,13 24 25,1,63,,42943,22,0,10 24 25,1,37,,42979,28,0,13 24 25,1,59,,42980,22,0,10 24 25,1
201,'3',620,,42983,28,0,13 24 25,1,30,,42984,22,0,10 24 25,1,70,,42985,28,0,13 24 25,1,29,,42986,22,0,10 24 25,1,53,,42987,28,0,13 24 25,1,15,,42988,22,0,10 24 25,1,10,,42989,28,0,13 24 25,1,15,,42990,22,0,10 24 25,1,10,,42991,28,0,13 24 25,1,55,,42992,22,0,10 24 25,1,15,,42993,28,0,13 24 25,1,15,,42994,22,0,10 24 25,1,14,,42995,28,0,13 24 25,1,54,,42996,22,0,10 24 25,1,10,,43039,4,,,1,5,,42997,28,0,13 24 25,1,15,,43018,22,0,10 24 25,1,15,,42998,28,0,13 24 25,1,55,,43019,22,0,10 24 25,1,15,,42999,28,0,13 24 25,1,15,,43020,22,0,10 24 25,1,16,,43000,28,0,13 24 25,1,50,,43021,22,0,10 24 25,1,15,,43001,28,0,13 24 25,1,10,,43022,22,0,10 24 25,1,15,,43002,28,0,13 24 25,1,15,,43023,22,0,10 24 25,1,55,,43003,28,0,13 24 25,1,15,,43024,22,0,10 24 25,1,15,,43004,28,0,13 24 25,1,15,,43025,22,0,10 24 25,1,55,,43005,28,0,13 24 25,1,10,,43026,22,0,10 24 25,1,10,,43006,28,0,13 24 25,1,15,,43027,22,0,10 24 25,1,55,,43007,28,0,13 24 25,1,15,,43028,22,0,10 24 25,1,15,,43008,28,0,13 24 25,1,15,,43029,22,0,10 24 25,1,55,,43009,28,0,13 24 25,1,15,,43030,22,0,10 24 25,1,15,,43010,28,0,13 24 25,1,10,,43031,22,0,10 24 25,1,15,,43011,28,0,13 24 25,1,55,,43032,22,0,10 24 25,1,10,,43012,28,0,13 24 25,1,15,,43033,22,0,10 24 25,1,15,,43013,28,0,13 24 25,1,56,,43034,22,0,10 24 25,1,10,,43014,28,0,13 24 25,1,15,,43035,22,0,10 24 25,1,15,,43015,28,0,13 24 25,1,55,,43036,22,0,10 24 25,1,15,,43016,28,0,13 24 25,1,15,,43037,22,0,10 24 25,1,15,,43017,28,0,13 24 25,1,55,,43038,22,0,10 24 25,1,15,,43040,28,0,13 24 25,1,15,,43041,22,0,10 24 25,1,15,,43042,28,0,13 24 25,1,65,,43047,22,0,10 24 25,1,30,,43043,28,0,13 24 25,1,70,,43048,22,0,10 24 25,1,27,,43044,28,0,13 24 25,1,71,,43049,22,0,10 24 25,1,30,,43045,28,0,13 24 25,1,70,,43050,22,0,10 24 25,1,38,,43046,28,0,13 24 25,1
201,'30',616,,43059,4,,,1,31,,43058,28,0,13 24 25,1,70,,43060,22,0,10 24 25,1,30,,43062,28,0,13 24 25,1,70,,43061,22,0,10 24 25,1,35,,43063,28,0,13 24 25,1,70,,43064,22,0,10 24 25,1,25,,43068,28,0,13 24 25,1,65,,43065,22,0,10 24 25,1,25,,43069,28,0,13 24 25,1,65,,43066,22,0,10 24 25,1,15,,43094,12,,,1,10,,43070,28,0,13 24 25,1,25,,43067,22,0,10 24 25,1,55,,43071,28,0,13 24 25,1,15,,43083,22,0,10 24 25,1,15,,43072,28,0,13 24 25,1,15,,43084,22,0,10 24 25,1,55,,43073,28,0,13 24 25,1,15,,43085,22,0,10 24 25,1,15,,43074,28,0,13 24 25,1,15,,43086,22,0,10 24 25,1,55,,43075,28,0,13 24 25,1,15,,43087,22,0,10 24 25,1,15,,43076,28,0,13 24 25,1,15,,43088,22,0,10 24 25,1,55,,43077,28,0,13 24 25,1,15,,43089,22,0,10 24 25,1,15,,43078,28,0,13 24 25,1,15,,43090,22,0,10 24 25,1,55,,43079,28,0,13 24 25,1,15,,43091,22,0,10 24 25,1,15,,43080,28,0,13 24 25,1,15,,43092,22,0,10 24 25,1,55,,43081,28,0,13 24 25,1,15,,43093,22,0,10 24 25,1,15,,43082,28,0,13 24 25,1,17,,43095,22,0,10 24 25,1,75,,43101,28,0,13 24 25,1,15,,43096,22,0,10 24 25,1,65,,43102,28,0,13 24 25,1,25,,43097,22,0,10 24 25,1,25,,43103,28,0,13 24 25,1,65,,43098,22,0,10 24 25,1,25,,43104,28,0,13 24 25,1,65,,43099,22,0,10 24 25,1,25,,43105,28,0,13 24 25,1,65,,43100,22,0,10 24 25,1,25,,43106,28,0,13 24 25,1,20,,43057,22,0,10 24 25,1
201,'4',616,,43113,4,,,1,31,,43112,28,0,13 24 25,1,70,,43114,22,0,10 24 25,1,30,,43116,28,0,13 24 25,1,70,,43115,22,0,10 24 25,1,35,,43117,28,0,13 24 25,1,70,,43118,22,0,10 24 25,1,25,,43122,28,0,13 24 25,1,65,,43119,22,0,10 24 25,1,25,,43123,28,0,13 24 25,1,65,,43120,22,0,10 24 25,1,15,,43148,12,,,1,10,,43124,28,0,13 24 25,1,25,,43121,22,0,10 24 25,1,55,,43125,28,0,13 24 25,1,15,,43137,22,0,10 24 25,1,15,,43126,28,0,13 24 25,1,15,,43138,22,0,10 24 25,1,55,,43127,28,0,13 24 25,1,15,,43139,22,0,10 24 25,1,15,,43128,28,0,13 24 25,1,15,,43140,22,0,10 24 25,1,55,,43129,28,0,13 24 25,1,15,,43141,22,0,10 24 25,1,15,,43130,28,0,13 24 25,1,15,,43142,22,0,10 24 25,1,55,,43131,28,0,13 24 25,1,15,,43143,22,0,10 24 25,1,15,,43132,28,0,13 24 25,1,15,,43144,22,0,10 24 25,1,55,,43133,28,0,13 24 25,1,15,,43145,22,0,10 24 25,1,15,,43134,28,0,13 24 25,1,15,,43146,22,0,10 24 25,1,55,,43135,28,0,13 24 25,1,15,,43147,22,0,10 24 25,1,15,,43136,28,0,13 24 25,1,17,,43149,22,0,10 24 25,1,75,,43155,28,0,13 24 25,1,15,,43150,22,0,10 24 25,1,65,,43156,28,0,13 24 25,1,25,,43151,22,0,10 24 25,1,25,,43157,28,0,13 24 25,1,65,,43152,22,0,10 24 25,1,25,,43158,28,0,13 24 25,1,65,,43153,22,0,10 24 25,1,25,,43159,28,0,13 24 25,1,65,,43154,22,0,10 24 25,1,25,,43160,28,0,13 24 25,1,20,,43111,22,0,10 24 25,1
701,'2',611,,44365,16,,,1,27,,44366,16,,,1,72,,44367,16,,,1,23,,44368,16,,,1,22,,44369,16,,,1,60,,44370,16,,,1,20,,44371,16,,,1,21,,44372,16,,,1,70,,44373,16,,,1,15,,44374,16,,,1,70,,44375,16,,,1,30,,44376,16,,,1,70,,44377,16,,,1,30,,44378,16,,,1,70,,44379,16,,,1,30,,44380,16,,,1,70,,44381,16,,,1,30,,44382,16,,,1,64,,44383,16,,,1,20,,44384,16,,,1,20,,44385,16,,,1,60,,44386,16,,,1,20,,44387,16,,,1,20,,44388,16,,,1,59,,44389,16,,,1,20,,44390,16,,,1,20,,44391,16,,,1,60,,44392,16,,,1,20,,44393,16,,,1,21,,44394,16,,,1,68,,44395,16,,,1,25,,44396,16,,,1,65,,44397,16,,,1,25,,44398,16,,,1,25,,44399,16,,,1,70,,44400,16,,,1,81,,44401,16,,,1,30,,44402,16,,,1,70,,44403,16,,,1,30,,44404,16,,,1,70,,44405,16,,,1,30,,44406,16,,,1
701,'3',620,,44449,16,,,1,36,,44450,16,,,1,71,,44448,16,,,1,30,,44412,16,,,1,70,,44413,16,,,1,25,,44414,16,,,1,70,,44415,16,,,1,30,,44416,16,,,1,65,,44417,16,,,1,25,,44418,16,,,1,70,,44419,16,,,1,30,,44420,16,,,1,66,,44421,16,,,1,25,,44422,16,,,1,70,,44423,16,,,1,30,,44424,16,,,1,70,,44425,16,,,1,30,,44426,16,,,1,70,,44427,16,,,1,30,,44428,16,,,1,70,,44429,16,,,1,30,,44430,16,,,1,70,,44431,16,,,1,30,,44432,16,,,1,69,,44433,16,,,1,30,,44434,16,,,1,25,,44435,16,,,1,65,,44436,16,,,1,30,,44437,16,,,1,65,,44438,16,,,1,22,,44439,16,,,1,72,,44440,16,,,1,30,,44441,16,,,1,70,,44442,16,,,1,30,,44443,16,,,1,70,,44444,16,,,1,30,,44445,16,,,1
701,'30',849,,44451,16,,,1,65,,44452,16,,,1,35,,44453,16,,,1,60,,44454,16,,,1,25,,44455,16,,,1,70,,44456,16,,,1,30,,44457,16,,,1,25,,44458,16,,,1,65,,44459,16,,,1,30,,44460,16,,,1,70,,44461,16,,,1,30,,44462,16,,,1,65,,44463,16,,,1,30,,44464,16,,,1,70,,44465,16,,,1,30,,44466,16,,,1,70,,44467,16,,,1,30,,44468,16,,,1,71,,44469,16,,,1,30,,44470,16,,,1,70,,44471,16,,,1,30,,44473,16,,,1,70,,44474,16,,,1,30,,44475,16,,,1,70,,44476,16,,,1,30,,44477,16,,,1,70,,44478,16,,,1,30,,44481,16,,,1,70,,44482,16,,,1,30,,44479,16,,,1
701,'4',849,,44483,16,,,1,65,,44484,16,,,1,35,,44485,16,,,1,60,,44486,16,,,1,25,,44487,16,,,1,70,,44488,16,,,1,30,,44489,16,,,1,25,,44490,16,,,1,65,,44491,16,,,1,30,,44492,16,,,1,70,,44493,16,,,1,30,,44494,16,,,1,65,,44495,16,,,1,30,,44496,16,,,1,70,,44497,16,,,1,30,,44498,16,,,1,70,,44499,16,,,1,30,,44500,16,,,1,71,,44501,16,,,1,30,,44502,16,,,1,70,,44503,16,,,1,30,,44505,16,,,1,70,,44506,16,,,1,30,,44507,16,,,1,70,,44508,16,,,1,30,,44509,16,,,1,70,,44510,16,,,1,30,,44513,16,,,1,70,,44514,16,,,1,30,,44511,16,,,1
9401,'11802',833,,50182,5,,,1
9401,'2',707,,50183,5,,,1,26,,50184,5,,,1,26,,50185,5,,,1,66,,50186,5,,,1,26,,50187,5,,,1,66,,50188,5,,,1,26,,50189,5,,,1,312,,50190,5,,,1,61,,50191,5,,,1,21,,50192,5,,,1,20,,50193,5,,,1,61,,50194,5,,,1,21,,50195,5,,,1,61,,50196,5,,,1,21,,50197,5,,,1,21,,50198,5,,,1,62,,50199,5,,,1,23,,50200,5,,,1,23,,50201,5,,,1,63,,50202,5,,,1,23,,50203,5,,,1
