2501,'11802',726,,48021,27,,,1,886,,48022,27,,,1,106,,48023,27,,,1
2501,'2',621,,48024,27,,,1,24,,48025,27,,,1,74,,48026,27,,,1,20,,48027,27,,,1,20,,48028,27,,,1,60,,48029,27,,,1,20,,48030,27,,,1,20,,48031,27,,,1,59,,48032,27,,,1,20,,48033,27,,,1,20,,48034,27,,,1,60,,48035,27,,,1,20,,48036,27,,,1,20,,48037,27,,,1,60,,48038,27,,,1,20,,48039,27,,,1,20,,48040,27,,,1,60,,48041,27,,,1,20,,48042,27,,,1,20,,48043,27,,,1,60,,48044,27,,,1,20,,48045,27,,,1,20,,48046,27,,,1,64,,48047,27,,,1,20,,48048,27,,,1,60,,48049,27,,,1,20,,48050,27,,,1,20,,48051,27,,,1,60,,48052,27,,,1,22,,48053,27,,,1,21,,48054,27,,,1,61,,48055,27,,,1,21,,48056,27,,,1,21,,48057,27,,,1,61,,48058,27,,,1,14,,48059,27,,,1,20,,48060,27,,,1,60,,48061,27,,,1,20,,48062,27,,,1,20,,48063,27,,,1,60,,48064,27,,,1,20,,48065,27,,,1,20,,48066,27,,,1,60,,48067,27,,,1,27,,48068,27,,,1,24,,48069,27,,,1,65,,48070,27,,,1,25,,48071,27,,,1,65,,48072,27,,,1,25,,48073,27,,,1,21,,48074,27,,,1
2501,'3',633,,48108,27,,,1,25,,48075,27,,,1,66,,48107,27,,,1,25,,48076,27,,,1,66,,48106,27,,,1,26,,48077,27,,,1,67,,48078,27,,,1,27,,48079,27,,,1,65,,48080,27,,,1,32,,48081,27,,,1,25,,48082,27,,,1,70,,48083,27,,,1,24,,48084,27,,,1,69,,48085,27,,,1,30,,48086,27,,,1,65,,48087,27,,,1,30,,48088,27,,,1,65,,48089,27,,,1,29,,48090,27,,,1,70,,48091,27,,,1,30,,48092,27,,,1,70,,48093,27,,,1,30,,48094,27,,,1,70,,48095,27,,,1,30,,48096,27,,,1,70,,48097,27,,,1,30,,48098,27,,,1,70,,48099,27,,,1,24,,48105,27,,,1,71,,48100,27,,,1,27,,48109,27,,,1,69,,48101,27,,,1,23,,48110,27,,,1,27,,48102,27,,,1,65,,48111,27,,,1,25,,48103,27,,,1,65,,48112,27,,,1,22,,48104,27,,,1
2501,'30',928,,48120,27,,,1,30,,48129,27,,,1,70,,48130,27,,,1,30,,48131,27,,,1,70,,48132,27,,,1,30,,48133,27,,,1,70,,48134,27,,,1,30,,48135,27,,,1,70,,48136,27,,,1,30,,48137,27,,,1,70,,48138,27,,,1,30,,48139,27,,,1,68,,48121,27,,,1,27,,48119,27,,,1,67,,48122,27,,,1,27,,48118,27,,,1,64,,48123,27,,,1,27,,48117,27,,,1,67,,48124,27,,,1,27,,48116,27,,,1,27,,48125,27,,,1,65,,48128,27,,,1,30,,48126,27,,,1,70,,48140,27,,,1,30,,48115,27,,,1,72,,48141,27,,,1,31,,48114,27,,,1,68,,48142,27,,,1,15,,48113,27,,,1,82,,48127,27,,,1
2501,'4',928,,48150,27,,,1,30,,48159,27,,,1,70,,48160,27,,,1,30,,48161,27,,,1,70,,48162,27,,,1,30,,48163,27,,,1,70,,48164,27,,,1,30,,48165,27,,,1,70,,48166,27,,,1,30,,48167,27,,,1,70,,48168,27,,,1,30,,48169,27,,,1,68,,48151,27,,,1,27,,48149,27,,,1,67,,48152,27,,,1,27,,48148,27,,,1,64,,48153,27,,,1,27,,48147,27,,,1,67,,48154,27,,,1,27,,48146,27,,,1,27,,48155,27,,,1,65,,48158,27,,,1,30,,48156,27,,,1,70,,48170,27,,,1,30,,48145,27,,,1,72,,48171,27,,,1,31,,48144,27,,,1,68,,48172,27,,,1,15,,48143,27,,,1,82,,48157,27,,,1
2701,'11802',823,,48307,36,,,1,879,,48308,36,,,1
2701,'2',620,,48380,35,,,1,92,,48309,36,,,1,25,,48310,35,,,1,13,,48311,36,,,1,53,,48312,35,,,1,13,,48313,35,,,1,13,,48314,36,,,1,13,,48315,36,,,1,8,,48316,36,,,1,53,,48317,36,,,1,15,,48318,36,,,1,12,,48319,36,,,1,14,,48320,36,,,1,13,,48321,36,,,1,53,,48322,36,,,1,13,,48323,36,,,1,13,,48324,36,,,1,13,,48325,36,,,1,53,,48326,36,,,1,13,,48327,36,,,1,13,,48328,36,,,1,13,,48329,36,,,1,13,,48330,36,,,1,53,,48331,36,,,1,12,,48332,36,,,1,13,,48333,36,,,1,12,,48334,36,,,1,12,,48335,36,,,1,52,,48336,36,,,1,12,,48337,36,,,1,12,,48338,36,,,1,12,,48339,36,,,1,12,,48340,36,,,1,52,,48341,36,,,1,12,,48342,36,,,1,12,,48343,36,,,1,14,,48344,36,,,1,13,,48345,36,,,1,53,,48346,36,,,1,13,,48347,36,,,1,13,,48348,36,,,1,13,,48349,36,,,1,49,,48350,35,,,1,12,,48351,36,,,1,12,,48352,36,,,1,11,,48353,36,,,1,11,,48354,36,,,1,11,,48355,35,,,1,51,,48356,36,,,1,11,,48357,36,,,1,11,,48358,36,,,1,11,,48359,36,,,1,11,,48360,36,,,1,51,,48361,36,,,1,11,,48362,36,,,1,7,,48363,36,,,1,13,,48364,36,,,1,9,,48365,36,,,1,13,,48366,36,,,1,51,,48367,36,,,1,11,,48368,36,,,1,17,,48369,36,,,1,17,,48370,36,,,1,57,,48371,36,,,1,17,,48372,36,,,1,17,,48373,36,,,1,57,,48374,36,,,1,13,,48375,36,,,1,20,,48376,36,,,1,67,,48377,36,,,1,27,,48378,36,,,1,27,,48379,36,,,1
2701,'3',919,,48381,35,,,1,83,,48391,36,,,1,32,,48382,36,,,1,104,,48392,36,,,1,74,,48383,36,,,1,32,,48400,36,,,1,72,,48393,36,,,1,32,,48384,36,,,1,72,,48401,36,,,1,30,,48394,36,,,1,74,,48385,36,,,1,32,,48402,36,,,1,70,,48395,36,,,1,74,,48386,36,,,1,32,,48403,36,,,1,70,,48396,36,,,1,35,,48387,36,,,1,85,,48397,36,,,1,85,,48388,36,,,1,45,,48398,36,,,1,80,,48389,36,,,1,80,,48399,36,,,1,40,,48390,36,,,1,80,,48404,36,,,1
2701,'30',903,,48405,35,,,1,45,,48406,36,,,1,85,,48412,36,,,1,85,,48407,36,,,1,85,,48413,36,,,1,46,,48408,36,,,1,88,,48414,36,,,1,72,,48415,36,,,1,32,,48409,36,,,1,72,,48417,36,,,1,32,,48416,36,,,1,72,,48410,36,,,1,32,,48418,36,,,1,72,,48420,36,,,1,28,,48411,36,,,1,77,,48419,36,,,1,85,,48421,36,,,1,45,,48422,36,,,1
2701,'4',903,,48423,35,,,1,45,,48424,36,,,1,85,,48430,36,,,1,85,,48425,36,,,1,85,,48431,36,,,1,46,,48426,36,,,1,88,,48432,36,,,1,72,,48433,36,,,1,32,,48427,36,,,1,72,,48435,36,,,1,32,,48434,36,,,1,72,,48428,36,,,1,32,,48436,36,,,1,72,,48438,36,,,1,28,,48429,36,,,1,77,,48437,36,,,1,85,,48439,36,,,1,45,,48440,36,,,1
