400,'11802',1452,,43357,5,0,13 18 19 20,1,286,,43358,5,0,10 18 19 20,1
400,'2',614,,43385,5,0,13 18 19 20,1,38,,43384,5,0,10 18 19 20,1,55,,43383,5,0,13 18 19 20,1,15,,43382,5,0,10 18 19 20,1,15,,43381,5,0,13 18 19 20,1,15,,43380,5,0,10 18 19 20,1,55,,43379,5,0,13 18 19 20,1,15,,43378,5,0,10 18 19 20,1,15,,43377,5,0,13 18 19 20,1,21,,43376,5,0,10 18 19 20,1,60,,43375,5,0,13 18 19 20,1,20,,43374,5,0,10 18 19 20,1,20,,43373,5,0,13 18 19 20,1,60,,43372,5,0,10 18 19 20,1,20,,43371,5,0,13 18 19 20,1,20,,43370,5,0,10 18 19 20,1,60,,43369,5,0,13 18 19 20,1,20,,43368,5,0,10 18 19 20,1,20,,43367,5,0,13 18 19 20,1,60,,43366,5,0,10 18 19 20,1,20,,43365,5,0,13 18 19 20,1,20,,43364,5,0,10 18 19 20,1,60,,43363,5,0,13 18 19 20,1,17,,43362,5,0,10 18 19 20,1,14,,43387,5,0,13 18 19 20,1,10,,43388,5,0,10 18 19 20,1,55,,43396,5,0,13 18 19 20,1,15,,43389,5,0,10 18 19 20,1,15,,43397,5,0,13 18 19 20,1,15,,43390,5,0,10 18 19 20,1,55,,43398,5,0,13 18 19 20,1,15,,43391,5,0,10 18 19 20,1,14,,43399,5,0,13 18 19 20,1,13,,43392,5,0,10 18 19 20,1,55,,43400,5,0,13 18 19 20,1,10,,43393,5,0,10 18 19 20,1,15,,43401,5,0,13 18 19 20,1,15,,43394,5,0,10 18 19 20,1,50,,43402,5,0,13 18 19 20,1,15,,43395,5,0,10 18 19 20,1,10,,43403,5,0,13 18 19 20,1,23,,43404,5,0,10 18 19 20,1,61,,43405,5,0,13 18 19 20,1,15,,43409,5,0,10 18 19 20,1,20,,43406,5,0,13 18 19 20,1,60,,43410,5,0,10 18 19 20,1,20,,43407,5,0,13 18 19 20,1,20,,43411,5,0,10 18 19 20,1,60,,43408,5,0,13 18 19 20,1,17,,43412,5,0,10 18 19 20,1,15,,43413,5,0,13 18 19 20,1,67,,43416,5,0,10 18 19 20,1,30,,43414,5,0,13 18 19 20,1,70,,43417,5,0,10 18 19 20,1,30,,43415,5,0,13 18 19 20,1,72,,43418,5,0,10 18 19 20,1,40,,43419,5,0,13 18 19 20,1,99,,43420,5,0,13 18 19 20,1
400,'3',603,,43423,5,0,13 18 19 20,1,13,,43422,5,0,10 18 19 20,1,32,,43425,5,0,13 18 19 20,1,70,,43432,5,0,10 18 19 20,1,30,,43426,5,0,13 18 19 20,1,68,,43433,5,0,10 18 19 20,1,30,,43427,5,0,13 18 19 20,1,70,,43434,5,0,10 18 19 20,1,30,,43428,5,0,13 18 19 20,1,68,,43435,5,0,10 18 19 20,1,30,,43429,5,0,13 18 19 20,1,70,,43436,5,0,10 18 19 20,1,30,,43430,5,0,13 18 19 20,1,67,,43437,5,0,10 18 19 20,1,29,,43431,5,0,13 18 19 20,1,63,,43438,5,0,10 18 19 20,1,20,,43443,5,0,13 18 19 20,1,25,,43439,5,0,10 18 19 20,1,64,,43444,5,0,13 18 19 20,1,25,,43440,5,0,10 18 19 20,1,65,,43445,5,0,13 18 19 20,1,25,,43441,5,0,10 18 19 20,1,25,,43446,5,0,13 18 19 20,1,65,,43442,5,0,10 18 19 20,1,25,,43447,5,0,13 18 19 20,1,65,,43454,5,0,10 18 19 20,1,25,,43450,5,0,13 18 19 20,1,25,,43455,5,0,10 18 19 20,1,65,,43451,5,0,13 18 19 20,1,25,,43456,5,0,10 18 19 20,1,65,,43452,5,0,13 18 19 20,1,25,,43457,5,0,10 18 19 20,1,65,,43453,5,0,13 18 19 20,1,25,,43458,5,0,10 18 19 20,1,23,,43459,5,0,13 18 19 20,1,70,,43462,5,0,10 18 19 20,1,35,,43460,5,0,13 18 19 20,1,70,,43463,5,0,10 18 19 20,1,30,,43461,5,0,13 18 19 20,1,70,,43464,5,0,10 18 19 20,1,27,,43448,5,0,13 18 19 20,1,94,,43449,5,0,10 18 19 20,1
400,'30',646,,43495,5,0,13 18 19 20,1,82,,43496,5,0,10 18 19 20,1,80,,43497,5,0,13 18 19 20,1,43,,43467,5,0,10 18 19 20,1,74,,43468,5,0,13 18 19 20,1,25,,43469,5,0,10 18 19 20,1,70,,43470,5,0,13 18 19 20,1,30,,43471,5,0,10 18 19 20,1,70,,43472,5,0,13 18 19 20,1,30,,43473,5,0,10 18 19 20,1,66,,43474,5,0,13 18 19 20,1,30,,43475,5,0,10 18 19 20,1,70,,43476,5,0,13 18 19 20,1,30,,43477,5,0,10 18 19 20,1,70,,43478,5,0,13 18 19 20,1,30,,43479,5,0,10 18 19 20,1,70,,43480,5,0,13 18 19 20,1,30,,43481,5,0,10 18 19 20,1,70,,43482,5,0,13 18 19 20,1,30,,43483,5,0,10 18 19 20,1,70,,43484,5,0,13 18 19 20,1,30,,43485,5,0,10 18 19 20,1,72,,43486,5,0,13 18 19 20,1,30,,43487,5,0,10 18 19 20,1,70,,43488,5,0,13 18 19 20,1,30,,43489,5,0,10 18 19 20,1,70,,43490,5,0,13 18 19 20,1,30,,43491,5,0,10 18 19 20,1,70,,43492,5,0,13 18 19 20,1,30,,43493,5,0,10 18 19 20,1,66,,43494,5,0,13 18 19 20,1,29,,43465,5,0,10 18 19 20,1
400,'4',646,,43528,5,0,13 18 19 20,1,82,,43529,5,0,10 18 19 20,1,80,,43530,5,0,13 18 19 20,1,43,,43500,5,0,10 18 19 20,1,74,,43501,5,0,13 18 19 20,1,25,,43502,5,0,10 18 19 20,1,70,,43503,5,0,13 18 19 20,1,30,,43504,5,0,10 18 19 20,1,70,,43505,5,0,13 18 19 20,1,30,,43506,5,0,10 18 19 20,1,66,,43507,5,0,13 18 19 20,1,30,,43508,5,0,10 18 19 20,1,70,,43509,5,0,13 18 19 20,1,30,,43510,5,0,10 18 19 20,1,70,,43511,5,0,13 18 19 20,1,30,,43512,5,0,10 18 19 20,1,70,,43513,5,0,13 18 19 20,1,30,,43514,5,0,10 18 19 20,1,70,,43515,5,0,13 18 19 20,1,30,,43516,5,0,10 18 19 20,1,70,,43517,5,0,13 18 19 20,1,30,,43518,5,0,10 18 19 20,1,72,,43519,5,0,13 18 19 20,1,30,,43520,5,0,10 18 19 20,1,70,,43521,5,0,13 18 19 20,1,30,,43522,5,0,10 18 19 20,1,70,,43523,5,0,13 18 19 20,1,30,,43524,5,0,10 18 19 20,1,70,,43525,5,0,13 18 19 20,1,30,,43526,5,0,10 18 19 20,1,66,,43527,5,0,13 18 19 20,1,29,,43498,5,0,10 18 19 20,1
1701,'2',619,,46912,18,0,13 33,1,18,,46953,18,0,10 31,1,16,,46913,18,0,13 33,1,59,,46914,18,0,10 31,1,20,,46915,18,0,13 33,1,20,,46916,18,0,10 31,1,60,,46917,18,0,13 33,1,20,,46918,18,0,10 31,1,20,,46919,18,0,13 33,1,60,,46920,18,0,10 31,1,20,,46921,18,0,13 33,1,20,,46922,18,0,10 31,1,60,,46923,18,0,13 33,1,20,,46924,18,0,10 31,1,19,,46925,18,0,13 33,1,60,,46926,18,0,10 31,1,19,,46927,18,0,13 33,1,20,,46928,18,0,10 31,1,61,,46929,18,0,13 33,1,20,,46930,18,0,10 31,1,21,,46931,18,0,13 33,1,60,,46932,18,0,10 31,1,20,,46933,18,0,13 33,1,21,,46934,18,0,10 31,1,61,,46935,18,0,13 33,1,16,,46936,18,0,10 31,1,20,,46937,18,0,13 33,1,60,,46938,18,0,10 31,1,20,,46939,18,0,13 33,1,20,,46940,18,0,10 31,1,60,,46941,18,0,13 33,1,20,,46942,18,0,10 31,1,15,,46943,18,0,13 33,1,55,,46944,18,0,10 31,1,20,,46945,18,0,13 33,1,18,,46946,18,0,10 31,1,64,,46947,18,0,13 33,1,19,,46908,18,0,10 31,1,19,,46907,18,0,10 31,1,19,,46906,18,0,10 31,1,59,,46905,18,0,10 31,1,19,,46904,18,0,10 31,1,19,,46903,18,0,10 31,1,59,,46902,18,0,10 31,1,25,,46901,18,0,10 31,1,68,,46899,18,0,10 31,1,30,,46900,18,0,10 31,1,20,,46948,18,0,10 31,1,65,,46949,18,0,10 31,1,25,,46950,18,0,10 31,1,65,,46951,18,0,10 31,1,22,,46952,18,0,10 31,1,65,,46909,18,0,10 31,1,50,,46955,18,0,10 31,1
1701,'3',607,,46990,18,0,10 31,1,35,,46989,18,0,10 31,1,74,,46988,18,0,10 31,1,35,,46956,18,0,10 31,1,75,,46987,18,0,10 31,1,75,,46986,18,0,10 31,1,30,,46985,18,0,10 31,1,27,,46992,18,0,10 31,1,69,,46984,18,0,10 31,1,30,,46983,18,0,10 31,1,70,,46982,18,0,10 31,1,30,,46981,18,0,10 31,1,70,,46980,18,0,10 31,1,30,,46979,18,0,10 31,1,70,,46978,18,0,10 31,1,30,,46977,18,0,10 31,1,70,,46976,18,0,10 31,1,30,,46975,18,0,10 31,1,70,,46974,18,0,10 31,1,30,,46973,18,0,10 31,1,70,,46972,18,0,10 31,1,30,,46971,18,0,10 31,1,70,,46970,18,0,10 31,1,73,,46969,18,0,10 31,1,30,,46968,18,0,10 31,1,20,,46967,18,0,10 31,1,70,,46966,18,0,10 31,1,30,,46965,18,0,10 31,1,70,,46964,18,0,10 31,1,20,,46963,18,0,10 31,1,71,,46962,18,0,10 31,1,30,,46961,18,0,10 31,1,70,,46960,18,0,10 31,1,15,,46993,18,0,10 31,1,30,,46959,18,0,10 31,1,65,,46958,18,0,10 31,1,20,,46957,18,0,10 31,1,60,,46994,18,0,10 31,1,30,,46995,18,0,10 31,1
1701,'30',624,,47026,18,0,10 31,1,35,,47027,18,0,10 31,1,75,,47028,18,0,10 31,1,75,,47029,18,0,10 31,1,32,,46998,18,0,10 31,1,70,,46999,18,0,10 31,1,30,,47000,18,0,10 31,1,15,,47001,18,0,10 31,1,65,,47002,18,0,10 31,1,30,,47003,18,0,10 31,1,70,,47004,18,0,10 31,1,28,,47005,18,0,10 31,1,64,,47006,18,0,10 31,1,25,,47007,18,0,10 31,1,70,,47008,18,0,10 31,1,30,,47009,18,0,10 31,1,65,,47010,18,0,10 31,1,28,,47011,18,0,10 31,1,70,,47012,18,0,10 31,1,30,,47013,18,0,10 31,1,70,,47014,18,0,10 31,1,30,,47015,18,0,10 31,1,25,,47016,18,0,10 31,1,70,,47017,18,0,10 31,1,30,,47018,18,0,10 31,1,70,,47019,18,0,10 31,1,80,,47020,18,0,10 31,1,35,,47021,18,0,10 31,1,70,,47022,18,0,10 31,1,40,,47023,18,0,10 31,1,75,,47024,18,0,10 31,1,30,,47025,18,0,10 31,1,75,,46996,18,0,10 31,1,70,,46997,18,0,10 31,1
1701,'4',624,,47060,18,0,10 31,1,35,,47061,18,0,10 31,1,75,,47062,18,0,10 31,1,75,,47063,18,0,10 31,1,32,,47032,18,0,10 31,1,70,,47033,18,0,10 31,1,30,,47034,18,0,10 31,1,15,,47035,18,0,10 31,1,65,,47036,18,0,10 31,1,30,,47037,18,0,10 31,1,70,,47038,18,0,10 31,1,28,,47039,18,0,10 31,1,64,,47040,18,0,10 31,1,25,,47041,18,0,10 31,1,70,,47042,18,0,10 31,1,30,,47043,18,0,10 31,1,65,,47044,18,0,10 31,1,28,,47045,18,0,10 31,1,70,,47046,18,0,10 31,1,30,,47047,18,0,10 31,1,70,,47048,18,0,10 31,1,30,,47049,18,0,10 31,1,25,,47050,18,0,10 31,1,70,,47051,18,0,10 31,1,30,,47052,18,0,10 31,1,70,,47053,18,0,10 31,1,80,,47054,18,0,10 31,1,35,,47055,18,0,10 31,1,70,,47056,18,0,10 31,1,40,,47057,18,0,10 31,1,75,,47058,18,0,10 31,1,30,,47059,18,0,10 31,1,75,,47030,18,0,10 31,1,70,,47031,18,0,10 31,1
10401,'3302',732,,50511,5,,,1,70,,50512,5,,,1,32,,50513,5,,,1,72,,50514,5,,,1,30,,50515,5,,,1,70,,50516,5,,,1,29,,50517,5,,,1,71,,50518,5,,,1,28,,50519,5,,,1,74,,50520,5,,,1,27,,50521,5,,,1,72,,50522,5,,,1,24,,50523,5,,,1,69,,50524,5,,,1,28,,50525,5,,,1,72,,50526,5,,,1,29,,50527,5,,,1,30,,50528,5,,,1,70,,50529,5,,,1,73,,50530,5,,,1,31,,50531,5,,,1,70,,50532,5,,,1
10401,'3903',1007,,50549,5,,,1,21,,50535,5,,,1,30,,50536,5,,,1,67,,50537,5,,,1,29,,50538,5,,,1,60,,50539,5,,,1,30,,50540,5,,,1,65,,50541,5,,,1,29,,50542,5,,,1,68,,50543,5,,,1,31,,50544,5,,,1,70,,50545,5,,,1,30,,50546,5,,,1,69,,50547,5,,,1,30,,50548,5,,,1,70,,50534,5,,,1,30,,50533,5,,,1
