200,'11802',1437,,42641,7,0,13 30,1,274,,42642,7,0,10 23 20,1
200,'2',619,,42650,7,0,13 30,1,16,,42686,7,0,10 23 20,1,15,,42651,7,0,13 30,1,55,,42687,7,0,10 23 20,1,15,,42652,7,0,13 30,1,15,,42688,7,0,10 23 20,1,15,,42653,7,0,13 30,1,55,,42689,7,0,10 23 20,1,15,,42654,7,0,13 30,1,15,,42690,7,0,10 23 20,1,15,,42655,7,0,13 30,1,55,,42691,7,0,10 23 20,1,15,,42656,7,0,13 30,1,15,,42692,7,0,10 23 20,1,15,,42657,7,0,13 30,1,55,,42693,7,0,10 23 20,1,15,,42658,7,0,13 30,1,15,,42694,7,0,10 23 20,1,15,,42659,7,0,13 30,1,55,,42695,7,0,10 23 20,1,15,,42660,7,0,13 30,1,15,,42696,7,0,10 23 20,1,12,,42661,7,0,13 30,1,55,,42697,7,0,10 23 20,1,15,,42662,7,0,13 30,1,15,,42698,7,0,10 23 20,1,15,,42663,7,0,13 30,1,55,,42699,7,0,10 23 20,1,15,,42664,7,0,13 30,1,15,,42700,7,0,10 23 20,1,15,,42665,7,0,13 30,1,55,,42701,7,0,10 23 20,1,15,,42666,7,0,13 30,1,13,,42702,7,0,10 23 20,1,14,,42667,7,0,13 30,1,15,,42703,7,0,10 23 20,1,55,,42668,7,0,13 30,1,13,,42704,7,0,10 23 20,1,19,,42669,7,0,13 30,1,55,,42705,7,0,10 23 20,1,15,,42670,7,0,13 30,1,15,,42706,7,0,10 23 20,1,15,,42671,7,0,13 30,1,13,,42707,7,0,10 23 20,1,59,,42672,7,0,13 30,1,11,,42708,7,0,10 23 20,1,24,,42673,7,0,13 30,1,55,,42709,7,0,10 23 20,1,15,,42674,7,0,13 30,1,12,,42710,7,0,10 23 20,1,15,,42675,7,0,13 30,1,55,,42711,7,0,10 23 20,1,15,,42676,7,0,13 30,1,15,,42712,7,0,10 23 20,1,15,,42677,7,0,13 30,1,55,,42713,7,0,10 23 20,1,10,,42678,7,0,13 30,1,24,,42714,7,0,10 23 20,1,12,,42679,7,0,13 30,1,63,,42715,7,0,10 23 20,1,17,,42680,7,0,13 30,1,23,,42716,7,0,10 23 20,1,57,,42681,7,0,13 30,1,23,,42717,7,0,10 23 20,1,20,,42682,7,0,13 30,1,57,,42718,7,0,10 23 20,1,16,,42683,7,0,13 30,1,20,,42719,7,0,10 23 20,1,55,,42684,7,0,13 30,1,20,,42720,7,0,10 23 20,1,20,,42685,7,0,13 30,1,73,,42721,7,0,45 3 21,1
200,'3',623,,42725,7,0,13 30,1,30,,42726,7,0,10 23 20,1,70,,42728,7,0,13 30,1,30,,42730,7,0,13 30,1,55,,42731,7,0,10 23 20,1,15,,42732,7,0,13 30,1,15,,42733,7,0,10 23 20,1,15,,42734,7,0,13 30,1,55,,42735,7,0,10 23 20,1,15,,42736,7,0,13 30,1,10,,42737,7,0,10 23 20,1,15,,42738,7,0,13 30,1,52,,42739,7,0,10 23 20,1,15,,42740,7,0,13 30,1,15,,42741,7,0,10 23 20,1,15,,42742,7,0,13 30,1,10,,42743,7,0,10 23 20,1,55,,42744,7,0,13 30,1,10,,42745,7,0,10 23 20,1,15,,42746,7,0,13 30,1,15,,42747,7,0,10 23 20,1,55,,42748,7,0,13 30,1,15,,42749,7,0,10 23 20,1,15,,42750,7,0,13 30,1,10,,42761,7,0,10 23 20,1,55,,42751,7,0,13 30,1,10,,42762,7,0,10 23 20,1,15,,42752,7,0,13 30,1,15,,42763,7,0,10 23 20,1,15,,42753,7,0,13 30,1,55,,42764,7,0,10 23 20,1,15,,42754,7,0,13 30,1,15,,42765,7,0,10 23 20,1,15,,42755,7,0,13 30,1,55,,42766,7,0,10 23 20,1,10,,42756,7,0,13 30,1,10,,42767,7,0,10 23 20,1,15,,42757,7,0,13 30,1,55,,42768,7,0,10 23 20,1,15,,42758,7,0,13 30,1,15,,42769,7,0,10 23 20,1,15,,42759,7,0,13 30,1,55,,42770,7,0,10 23 20,1,15,,42760,7,0,13 30,1,15,,42771,7,0,10 23 20,1,15,,42772,7,0,13 30,1,2,,42784,7,0,45 3 21,1,54,,42773,7,0,10 23 20,1,16,,42779,7,0,13 30,1,14,,42774,7,0,10 23 20,1,16,,42780,7,0,13 30,1,54,,42775,7,0,10 23 20,1,16,,42781,7,0,13 30,1,14,,42776,7,0,10 23 20,1,16,,42782,7,0,13 30,1,54,,42777,7,0,10 23 20,1,16,,42783,7,0,13 30,1,14,,42778,7,0,10 23 20,1,16,,42785,7,0,13 30,1,5,,42790,7,0,45 3 21,1,65,,42788,7,0,10 23 20,1,4,,42791,7,0,45 3 21,1,26,,42786,7,0,13 30,1,70,,42789,7,0,10 23 20,1,30,,42787,7,0,13 30,1,70,,42722,7,0,10 23 20,1,30,,42723,7,0,13 30,1,70,,42792,7,0,10 23 20,1,35,,42793,7,0,13 30,1,69,,42794,7,0,45 3 21,1
200,'30',653,,42797,7,0,13 30,1,70,,42800,7,0,10 23 20,1,30,,42802,7,0,13 30,1,70,,42801,7,0,10 23 20,1,30,,42803,7,0,13 30,1,65,,42804,7,0,10 23 20,1,25,,42808,7,0,13 30,1,65,,42805,7,0,10 23 20,1,25,,42809,7,0,13 30,1,25,,42806,7,0,10 23 20,1,65,,42810,7,0,10 23 20,1,24,,42807,7,0,10 23 20,1,55,,42811,7,0,13 30,1,15,,42823,7,0,10 23 20,1,15,,42812,7,0,13 30,1,15,,42824,7,0,10 23 20,1,55,,42813,7,0,13 30,1,15,,42825,7,0,10 23 20,1,15,,42814,7,0,13 30,1,15,,42826,7,0,10 23 20,1,55,,42815,7,0,13 30,1,15,,42827,7,0,10 23 20,1,15,,42816,7,0,13 30,1,15,,42828,7,0,10 23 20,1,55,,42817,7,0,13 30,1,15,,42829,7,0,10 23 20,1,15,,42818,7,0,13 30,1,15,,42830,7,0,10 23 20,1,55,,42819,7,0,13 30,1,15,,42831,7,0,10 23 20,1,15,,42820,7,0,13 30,1,15,,42832,7,0,10 23 20,1,55,,42821,7,0,13 30,1,15,,42833,7,0,10 23 20,1,15,,42822,7,0,13 30,1,15,,42834,7,0,10 23 20,1,65,,42837,7,0,13 30,1,5,,42848,7,0,45 3 21,1,20,,42843,7,0,10 23 20,1,65,,42838,7,0,13 30,1,25,,42844,7,0,10 23 20,1,25,,42839,7,0,13 30,1,65,,42845,7,0,10 23 20,1,25,,42840,7,0,13 30,1,65,,42846,7,0,10 23 20,1,25,,42841,7,0,13 30,1,25,,42847,7,0,10 23 20,1,65,,42842,7,0,13 30,1,30,,42796,7,0,10 23 20,1,70,,42795,7,0,45 3 21,1
200,'4',653,,42851,7,0,13 30,1,70,,42854,7,0,10 23 20,1,30,,42856,7,0,13 30,1,70,,42855,7,0,10 23 20,1,30,,42857,7,0,13 30,1,65,,42858,7,0,10 23 20,1,25,,42862,7,0,13 30,1,65,,42859,7,0,10 23 20,1,25,,42863,7,0,13 30,1,25,,42860,7,0,10 23 20,1,65,,42864,7,0,10 23 20,1,24,,42861,7,0,10 23 20,1,55,,42865,7,0,13 30,1,15,,42877,7,0,10 23 20,1,15,,42866,7,0,13 30,1,15,,42878,7,0,10 23 20,1,55,,42867,7,0,13 30,1,15,,42879,7,0,10 23 20,1,15,,42868,7,0,13 30,1,15,,42880,7,0,10 23 20,1,55,,42869,7,0,13 30,1,15,,42881,7,0,10 23 20,1,15,,42870,7,0,13 30,1,15,,42882,7,0,10 23 20,1,55,,42871,7,0,13 30,1,15,,42883,7,0,10 23 20,1,15,,42872,7,0,13 30,1,15,,42884,7,0,10 23 20,1,55,,42873,7,0,13 30,1,15,,42885,7,0,10 23 20,1,15,,42874,7,0,13 30,1,15,,42886,7,0,10 23 20,1,55,,42875,7,0,13 30,1,15,,42887,7,0,10 23 20,1,15,,42876,7,0,13 30,1,15,,42888,7,0,10 23 20,1,65,,42891,7,0,13 30,1,5,,42902,7,0,45 3 21,1,20,,42897,7,0,10 23 20,1,65,,42892,7,0,13 30,1,25,,42898,7,0,10 23 20,1,25,,42893,7,0,13 30,1,65,,42899,7,0,10 23 20,1,25,,42894,7,0,13 30,1,65,,42900,7,0,10 23 20,1,25,,42895,7,0,13 30,1,25,,42901,7,0,10 23 20,1,65,,42896,7,0,13 30,1,30,,42850,7,0,10 23 20,1,70,,42849,7,0,45 3 21,1
10601,'11802',850,,50671,7,,,1,688,,50669,7,,,1,90,,50670,7,,,1
10601,'3302',729,,50672,7,,,1,20,,50686,7,,,1,65,,50673,7,,,1,20,,50687,7,,,1,25,,50674,7,,,1,60,,50688,7,,,1,25,,50675,7,,,1,65,,50699,7,,,1,20,,50676,7,,,1,25,,50689,7,,,1,60,,50677,7,,,1,20,,50690,7,,,1,25,,50678,7,,,1,61,,50691,7,,,1,25,,50679,7,,,1,60,,50692,7,,,1,25,,50680,7,,,1,20,,50693,7,,,1,65,,50681,7,,,1,20,,50694,7,,,1,65,,50682,7,,,1,20,,50695,7,,,1,25,,50683,7,,,1,60,,50696,7,,,1,30,,50684,7,,,1,20,,50697,7,,,1,50,,50700,7,,,1,25,,50685,7,,,1,20,,50698,7,,,1,50,,50701,7,,,1,21,,50715,7,,,1,19,,50702,7,,,1,18,,50706,7,,,1,62,,50703,7,,,1,18,,50707,7,,,1,62,,50704,7,,,1,18,,50708,7,,,1,22,,50705,7,,,1,18,,50714,7,,,1,79,,50709,7,,,1,80,,50710,7,,,1,40,,50711,7,,,1,80,,50712,7,,,1,75,,50713,7,,,1
10601,'3602',739,,50716,7,,,1,20,,50730,7,,,1,65,,50717,7,,,1,20,,50731,7,,,1,65,,50718,7,,,1,20,,50732,7,,,1,25,,50719,7,,,1,65,,50733,7,,,1,20,,50720,7,,,1,65,,50734,7,,,1,20,,50721,7,,,1,20,,50735,7,,,1,66,,50722,7,,,1,20,,50736,7,,,1,25,,50723,7,,,1,60,,50737,7,,,1,25,,50724,7,,,1,60,,50738,7,,,1,25,,50725,7,,,1,20,,50739,7,,,1,65,,50726,7,,,1,20,,50740,7,,,1,25,,50727,7,,,1,65,,50741,7,,,1,25,,50728,7,,,1,75,,50742,7,,,1,20,,50729,7,,,1,71,,50750,7,,,1,20,,50743,7,,,1,18,,50744,7,,,1,60,,50745,7,,,1,21,,50746,7,,,1,18,,50747,7,,,1,62,,50748,7,,,1,18,,50751,7,,,1,20,,50749,7,,,1
10601,'3903',1127,,50752,7,,,1,86,,50753,7,,,1,40,,50754,7,,,1,80,,50755,7,,,1,80,,50756,7,,,1,45,,50757,7,,,1,85,,50758,7,,,1,90,,50759,7,,,1,90,,50760,7,,,1,85,,50761,7,,,1,40,,50762,7,,,1,80,,50763,7,,,1,80,,50764,7,,,1,40,,50765,7,,,1,79,,50766,7,,,1,80,,50767,7,,,1,40,,50768,7,,,1
10601,'6404',1127,,50769,7,,,1,86,,50770,7,,,1,40,,50771,7,,,1,80,,50772,7,,,1,80,,50773,7,,,1,45,,50774,7,,,1,85,,50775,7,,,1,90,,50776,7,,,1,90,,50777,7,,,1,85,,50778,7,,,1,40,,50779,7,,,1,80,,50780,7,,,1,80,,50781,7,,,1,40,,50782,7,,,1,79,,50783,7,,,1,80,,50784,7,,,1
