200,'11802',736,,42643,17,0,10 22 27,1,99,,42644,3,0,10 22 27,1,971,,42642,56,0,10 23 20,1
200,'2',625,,42649,17,0,10 22 27,1,30,,42648,17,0,10 22 27,1,66,,42686,56,0,10 23 20,1,30,,42687,56,0,10 23 20,1,70,,42688,56,0,10 23 20,1,30,,42689,56,0,10 23 20,1,71,,42690,56,0,10 23 20,1,30,,42691,56,0,10 23 20,1,70,,42692,56,0,10 23 20,1,30,,42693,56,0,10 23 20,1,70,,42694,56,0,10 23 20,1,30,,42695,56,0,10 23 20,1,72,,42696,56,0,10 23 20,1,27,,42697,56,0,10 23 20,1,70,,42698,56,0,10 23 20,1,30,,42699,56,0,10 23 20,1,69,,42700,56,0,10 23 20,1,30,,42701,56,0,10 23 20,1,68,,42702,56,0,10 23 20,1,29,,42703,56,0,10 23 20,1,75,,42704,56,0,10 23 20,1,34,,42705,56,0,10 23 20,1,70,,42706,56,0,10 23 20,1,28,,42707,56,0,10 23 20,1,70,,42708,56,0,10 23 20,1,25,,42709,56,0,10 23 20,1,67,,42710,56,0,10 23 20,1,30,,42711,56,0,10 23 20,1,70,,42712,56,0,10 23 20,1,30,,42713,56,0,10 23 20,1,70,,42714,56,0,10 23 20,1,39,,42715,56,0,10 23 20,1,80,,42716,56,0,10 23 20,1,77,,42717,56,0,10 23 20,1,44,,42718,56,0,10 23 20,1,60,,42719,56,0,10 23 20,1,35,,42720,56,0,10 23 20,1
200,'3',629,,42724,17,0,10 22 27,1,99,,42726,56,0,10 23 20,1,27,,42727,17,0,10 22 27,1,65,,42729,17,0,10 22 27,1,25,,42731,56,0,10 23 20,1,70,,42733,56,0,10 23 20,1,27,,42735,56,0,10 23 20,1,70,,42737,56,0,10 23 20,1,30,,42739,56,0,10 23 20,1,70,,42741,56,0,10 23 20,1,26,,42743,56,0,10 23 20,1,65,,42745,56,0,10 23 20,1,30,,42747,56,0,10 23 20,1,70,,42749,56,0,10 23 20,1,30,,42761,56,0,10 23 20,1,25,,42762,56,0,10 23 20,1,65,,42763,56,0,10 23 20,1,30,,42764,56,0,10 23 20,1,70,,42765,56,0,10 23 20,1,30,,42766,56,0,10 23 20,1,65,,42767,56,0,10 23 20,1,30,,42768,56,0,10 23 20,1,65,,42769,56,0,10 23 20,1,33,,42770,56,0,10 23 20,1,65,,42771,56,0,10 23 20,1,30,,42773,56,0,10 23 20,1,70,,42774,56,0,10 23 20,1,30,,42775,56,0,10 23 20,1,70,,42776,56,0,10 23 20,1,41,,42777,56,0,10 23 20,1,56,,42778,56,0,10 23 20,1,44,,42788,56,0,10 23 20,1,99,,42789,56,0,10 23 20,1,101,,42722,56,0,10 23 20,1,149,,42792,56,0,10 23 20,1
200,'30',658,,42799,17,0,10 22 27,1,99,,42800,56,0,10 23 20,1,145,,42801,56,0,10 23 20,1,50,,42804,56,0,10 23 20,1,90,,42805,56,0,10 23 20,1,90,,42806,56,0,10 23 20,1,69,,42810,56,0,10 23 20,1,30,,42807,56,0,10 23 20,1,70,,42823,56,0,10 23 20,1,30,,42824,56,0,10 23 20,1,70,,42825,56,0,10 23 20,1,30,,42826,56,0,10 23 20,1,70,,42827,56,0,10 23 20,1,30,,42828,56,0,10 23 20,1,70,,42829,56,0,10 23 20,1,30,,42830,56,0,10 23 20,1,70,,42831,56,0,10 23 20,1,33,,42832,56,0,10 23 20,1,20,,42833,56,0,10 23 20,1,70,,42834,56,0,10 23 20,1,90,,42843,56,0,10 23 20,1,91,,42844,56,0,10 23 20,1,49,,42845,56,0,10 23 20,1,90,,42846,56,0,10 23 20,1,85,,42847,56,0,10 23 20,1,99,,42796,56,0,10 23 20,1
200,'4',658,,42853,17,0,10 22 27,1,99,,42854,56,0,10 23 20,1,145,,42855,56,0,10 23 20,1,50,,42858,56,0,10 23 20,1,90,,42859,56,0,10 23 20,1,90,,42860,56,0,10 23 20,1,69,,42864,56,0,10 23 20,1,30,,42861,56,0,10 23 20,1,70,,42877,56,0,10 23 20,1,30,,42878,56,0,10 23 20,1,70,,42879,56,0,10 23 20,1,30,,42880,56,0,10 23 20,1,70,,42881,56,0,10 23 20,1,30,,42882,56,0,10 23 20,1,70,,42883,56,0,10 23 20,1,30,,42884,56,0,10 23 20,1,70,,42885,56,0,10 23 20,1,33,,42886,56,0,10 23 20,1,20,,42887,56,0,10 23 20,1,70,,42888,56,0,10 23 20,1,90,,42897,56,0,10 23 20,1,91,,42898,56,0,10 23 20,1,49,,42899,56,0,10 23 20,1,90,,42900,56,0,10 23 20,1,85,,42901,56,0,10 23 20,1,99,,42850,56,0,10 23 20,1
300,'11802',1453,,43163,3,,,1,166,,43164,3,,,1
300,'2',618,,43166,3,,,1,23,,43167,3,,,1,73,,43168,3,,,1,27,,43169,3,,,1,70,,43170,3,,,1,31,,43171,3,,,1,70,,43172,3,,,1,30,,43173,3,,,1,70,,43174,3,,,1,30,,43175,3,,,1,70,,43176,3,,,1,29,,43177,3,,,1,69,,43178,3,,,1,30,,43179,3,,,1,70,,43180,3,,,1,29,,43181,3,,,1,69,,43182,3,,,1,30,,43183,3,,,1,70,,43184,3,,,1,29,,43185,3,,,1,70,,43186,3,,,1,30,,43187,3,,,1,70,,43188,3,,,1,34,,43189,3,,,1,70,,43191,3,,,1,30,,43192,3,,,1,70,,43193,3,,,1,30,,43194,3,,,1,70,,43195,3,,,1,30,,43196,3,,,1,70,,43197,3,,,1,30,,43198,3,,,1,70,,43199,3,,,1,30,,43200,3,,,1,59,,43190,3,,,1
300,'3',633,,43201,3,,,1,100,,43202,3,,,1,100,,43203,3,,,1,100,,43204,3,,,1,72,,43206,3,,,1,35,,43207,3,,,1,75,,43208,3,,,1,36,,43209,3,,,1,75,,43210,3,,,1,75,,43211,3,,,1,34,,43212,3,,,1,75,,43213,3,,,1,35,,43214,3,,,1,75,,43215,3,,,1,35,,43216,3,,,1,75,,43217,3,,,1,75,,43218,3,,,1,38,,43219,3,,,1,100,,43220,3,,,1,100,,43221,3,,,1,102,,43222,3,,,1,100,,43223,3,,,1,108,,43205,3,,,1
300,'30',850,,43224,3,,,1,87,,43225,3,,,1,87,,43226,3,,,1,87,,43227,3,,,1,46,,43228,3,,,1,87,,43229,3,,,1,87,,43230,3,,,1,87,,43231,3,,,1,87,,43232,3,,,1,47,,43233,3,,,1,88,,43234,3,,,1,89,,43235,3,,,1,87,,43236,3,,,1,107,,43237,3,,,1,100,,43238,3,,,1,100,,43239,3,,,1,103,,43240,3,,,1
300,'4',850,,43241,3,,,1,87,,43242,3,,,1,87,,43243,3,,,1,87,,43244,3,,,1,46,,43245,3,,,1,87,,43246,3,,,1,87,,43247,3,,,1,87,,43248,3,,,1,87,,43249,3,,,1,47,,43250,3,,,1,88,,43251,3,,,1,89,,43252,3,,,1,87,,43253,3,,,1,107,,43254,3,,,1,100,,43255,3,,,1,100,,43256,3,,,1,103,,43257,3,,,1
500,'2',558,,43711,3,0,13 31,1,76,,43713,3,0,10 31,1,24,,43714,3,0,13 31,1,70,,43725,3,0,10 31,1,30,,43715,3,0,13 31,1,70,,43726,3,0,10 31,1,30,,43716,3,0,13 31,1,70,,43727,3,0,10 31,1,30,,43717,3,0,13 31,1,70,,43728,3,0,10 31,1,30,,43718,3,0,13 31,1,70,,43729,3,0,10 31,1,29,,43719,3,0,13 31,1,70,,43730,3,0,10 31,1,30,,43720,3,0,13 31,1,70,,43731,3,0,10 31,1,30,,43721,3,0,13 31,1,70,,43732,3,0,10 31,1,30,,43722,3,0,13 31,1,70,,43733,3,0,10 31,1,30,,43723,3,0,13 31,1,70,,43734,3,0,10 31,1,30,,43724,3,0,13 31,1,70,,43735,3,0,10 31,1,24,,43736,3,0,13 31,1,70,,43739,3,0,10 31,1,30,,43740,3,0,10 31,1,70,,43741,3,0,10 31,1,30,,43742,3,0,10 31,1,70,,43743,3,0,10 31,1,30,,43744,3,0,10 31,1,70,,43745,3,0,10 31,1,30,,43746,3,0,10 31,1,65,,43747,3,0,10 31,1,28,,43748,3,0,10 31,1,88,,43737,3,0,10 31,1
500,'3',604,,43749,3,0,10 31,1,100,,43750,3,0,10 31,1,99,,43751,3,0,10 31,1,100,,43752,3,0,10 31,1,45,,43753,3,0,13 31,1,75,,43760,3,0,10 31,1,35,,43754,3,0,13 31,1,75,,43761,3,0,10 31,1,75,,43755,3,0,13 31,1,35,,43762,3,0,10 31,1,75,,43756,3,0,13 31,1,35,,43763,3,0,10 31,1,75,,43757,3,0,13 31,1,75,,43764,3,0,10 31,1,35,,43758,3,0,13 31,1,75,,43765,3,0,10 31,1,35,,43759,3,0,13 31,1,75,,43766,3,0,10 31,1,82,,43767,3,0,13 31,1,34,,43773,3,0,10 31,1,75,,43768,3,0,10 31,1,100,,43769,3,0,10 31,1,101,,43770,3,0,10 31,1,110,,43771,3,0,10 31,1,110,,43772,3,0,10 31,1
500,'30',829,,43775,3,0,10 31,1,85,,43776,3,0,10 31,1,87,,43777,3,0,10 31,1,47,,43778,3,0,10 31,1,87,,43779,3,0,10 31,1,87,,43780,3,0,10 31,1,87,,43781,3,0,10 31,1,47,,43782,3,0,10 31,1,87,,43783,3,0,10 31,1,87,,43784,3,0,10 31,1,87,,43785,3,0,10 31,1,88,,43786,3,0,10 31,1,47,,43787,3,0,10 31,1,100,,43788,3,0,10 31,1,100,,43789,3,0,10 31,1,100,,43790,3,0,10 31,1,94,,43791,3,0,10 31,1,92,,43792,3,0,10 31,1
500,'4',829,,43794,3,0,10 31,1,85,,43795,3,0,10 31,1,87,,43796,3,0,10 31,1,47,,43797,3,0,10 31,1,87,,43798,3,0,10 31,1,87,,43799,3,0,10 31,1,87,,43800,3,0,10 31,1,47,,43801,3,0,10 31,1,87,,43802,3,0,10 31,1,87,,43803,3,0,10 31,1,87,,43804,3,0,10 31,1,88,,43805,3,0,10 31,1,47,,43806,3,0,10 31,1,100,,43807,3,0,10 31,1,100,,43808,3,0,10 31,1,100,,43809,3,0,10 31,1,94,,43810,3,0,10 31,1,92,,43811,3,0,10 31,1
