200,'2',625,,26335,13,0,13 30,0,16,,26371,13,0,10 23 20,0,15,,26336,13,0,13 30,0,55,,26372,13,0,10 23 20,0,15,,26337,13,0,13 30,0,15,,26373,13,0,10 23 20,0,15,,26338,13,0,13 30,0,55,,26374,13,0,10 23 20,0,15,,26339,13,0,13 30,0,15,,26375,13,0,10 23 20,0,15,,26340,13,0,13 30,0,55,,26376,13,0,10 23 20,0,15,,26341,13,0,13 30,0,15,,26377,13,0,10 23 20,0,15,,26342,13,0,13 30,0,55,,26378,13,0,10 23 20,0,15,,26343,13,0,13 30,0,15,,26379,13,0,10 23 20,0,15,,26344,13,0,13 30,0,55,,26380,13,0,10 23 20,0,15,,26345,13,0,13 30,0,15,,26381,13,0,10 23 20,0,12,,26346,13,0,13 30,0,55,,26382,13,0,10 23 20,0,15,,26347,13,0,13 30,0,15,,26383,13,0,10 23 20,0,15,,26348,13,0,13 30,0,55,,26384,13,0,10 23 20,0,15,,26349,13,0,13 30,0,15,,26385,13,0,10 23 20,0,15,,26350,13,0,13 30,0,55,,26386,13,0,10 23 20,0,15,,26351,13,0,13 30,0,13,,26387,13,0,10 23 20,0,14,,26352,13,0,13 30,0,55,,26388,13,0,10 23 20,0,15,,26353,13,0,13 30,0,15,,26389,13,0,10 23 20,0,19,,26354,13,0,13 30,0,55,,26390,13,0,10 23 20,0,15,,26355,13,0,13 30,0,15,,26391,13,0,10 23 20,0,15,,26356,13,0,13 30,0,53,,26392,13,0,10 23 20,0,19,,26357,13,0,13 30,0,11,,26393,13,0,10 23 20,0,22,,26358,13,0,13 30,0,55,,26394,13,0,10 23 20,0,15,,26359,13,0,13 30,0,12,,26395,13,0,10 23 20,0,15,,26360,13,0,13 30,0,55,,26396,13,0,10 23 20,0,15,,26361,13,0,13 30,0,15,,26397,13,0,10 23 20,0,15,,26362,13,0,13 30,0,55,,26398,13,0,10 23 20,0,10,,26363,13,0,13 30,0,23,,26399,13,0,10 23 20,0,12,,26364,13,0,13 30,0,63,,26400,13,0,10 23 20,0,17,,26365,13,0,13 30,0,23,,26401,13,0,10 23 20,0,57,,26366,13,0,13 30,0,23,,26402,13,0,10 23 20,0,20,,26367,13,0,13 30,0,57,,26403,13,0,10 23 20,0,15,,26368,13,0,13 30,0,20,,26404,13,0,10 23 20,0,55,,26369,13,0,13 30,0,20,,26405,13,0,10 23 20,0,20,,26370,13,0,13 30,0,74,,26406,13,0,45 3 21,0
200,'3',627,,26410,13,0,13 30,0,30,,26411,13,0,10 23 20,0,70,,26413,13,0,13 30,0,30,,26415,13,0,13 30,0,55,,26416,13,0,10 23 20,0,15,,26417,13,0,13 30,0,15,,26418,13,0,10 23 20,0,15,,26419,13,0,13 30,0,55,,26420,13,0,10 23 20,0,15,,26421,13,0,13 30,0,10,,26422,13,0,10 23 20,0,15,,26423,13,0,13 30,0,54,,26424,13,0,10 23 20,0,15,,26425,13,0,13 30,0,15,,26426,13,0,10 23 20,0,15,,26427,13,0,13 30,0,50,,26428,13,0,10 23 20,0,15,,26429,13,0,13 30,0,10,,26430,13,0,10 23 20,0,15,,26431,13,0,13 30,0,15,,26432,13,0,10 23 20,0,55,,26433,13,0,13 30,0,15,,26434,13,0,10 23 20,0,15,,26435,13,0,13 30,0,10,,26446,13,0,10 23 20,0,55,,26436,13,0,13 30,0,10,,26447,13,0,10 23 20,0,15,,26437,13,0,13 30,0,15,,26448,13,0,10 23 20,0,55,,26438,13,0,13 30,0,15,,26449,13,0,10 23 20,0,15,,26439,13,0,13 30,0,15,,26450,13,0,10 23 20,0,55,,26440,13,0,13 30,0,15,,26451,13,0,10 23 20,0,10,,26441,13,0,13 30,0,10,,26452,13,0,10 23 20,0,15,,26442,13,0,13 30,0,55,,26453,13,0,10 23 20,0,15,,26443,13,0,13 30,0,15,,26454,13,0,10 23 20,0,15,,26444,13,0,13 30,0,55,,26455,13,0,10 23 20,0,15,,26445,13,0,13 30,0,15,,26456,13,0,10 23 20,0,15,,26457,13,0,13 30,0,0,,26469,13,0,45 3 21,0,55,,26458,13,0,10 23 20,0,15,,26464,13,0,13 30,0,15,,26459,13,0,10 23 20,0,15,,26465,13,0,13 30,0,55,,26460,13,0,10 23 20,0,15,,26466,13,0,13 30,0,15,,26461,13,0,10 23 20,0,15,,26467,13,0,13 30,0,55,,26462,13,0,10 23 20,0,15,,26468,13,0,13 30,0,15,,26463,13,0,10 23 20,0,15,,26470,13,0,13 30,0,5,,26475,13,0,45 3 21,0,65,,26473,13,0,10 23 20,0,4,,26476,13,0,45 3 21,0,26,,26471,13,0,13 30,0,70,,26474,13,0,10 23 20,0,30,,26472,13,0,13 30,0,70,,26407,13,0,10 23 20,0,30,,26408,13,0,13 30,0,70,,26477,13,0,10 23 20,0,35,,26478,13,0,13 30,0,69,,26479,13,0,45 3 21,0
200,'30',657,,26482,13,0,13 30,0,70,,26485,13,0,10 23 20,0,30,,26487,13,0,13 30,0,70,,26486,13,0,10 23 20,0,30,,26488,13,0,13 30,0,65,,26489,13,0,10 23 20,0,25,,26493,13,0,13 30,0,65,,26490,13,0,10 23 20,0,25,,26494,13,0,13 30,0,65,,26491,13,0,10 23 20,0,25,,26495,13,0,10 23 20,0,24,,26492,13,0,10 23 20,0,55,,26496,13,0,13 30,0,15,,26508,13,0,10 23 20,0,15,,26497,13,0,13 30,0,15,,26509,13,0,10 23 20,0,55,,26498,13,0,13 30,0,15,,26510,13,0,10 23 20,0,15,,26499,13,0,13 30,0,15,,26511,13,0,10 23 20,0,55,,26500,13,0,13 30,0,15,,26512,13,0,10 23 20,0,15,,26501,13,0,13 30,0,15,,26513,13,0,10 23 20,0,55,,26502,13,0,13 30,0,15,,26514,13,0,10 23 20,0,15,,26503,13,0,13 30,0,15,,26515,13,0,10 23 20,0,55,,26504,13,0,13 30,0,15,,26516,13,0,10 23 20,0,15,,26505,13,0,13 30,0,15,,26517,13,0,10 23 20,0,55,,26506,13,0,13 30,0,15,,26518,13,0,10 23 20,0,15,,26507,13,0,13 30,0,15,,26519,13,0,10 23 20,0,65,,26522,13,0,13 30,0,5,,26533,13,0,45 3 21,0,20,,26528,13,0,10 23 20,0,65,,26523,13,0,13 30,0,25,,26529,13,0,10 23 20,0,25,,26524,13,0,13 30,0,65,,26530,13,0,10 23 20,0,25,,26525,13,0,13 30,0,65,,26531,13,0,10 23 20,0,25,,26526,13,0,13 30,0,65,,26532,13,0,10 23 20,0,25,,26527,13,0,13 30,0,30,,26481,13,0,10 23 20,0,70,,26480,13,0,45 3 21,0
200,'4',657,,26536,13,0,13 30,0,70,,26539,13,0,10 23 20,0,30,,26541,13,0,13 30,0,70,,26540,13,0,10 23 20,0,30,,26542,13,0,13 30,0,65,,26543,13,0,10 23 20,0,25,,26547,13,0,13 30,0,65,,26544,13,0,10 23 20,0,25,,26548,13,0,13 30,0,65,,26545,13,0,10 23 20,0,25,,26549,13,0,10 23 20,0,24,,26546,13,0,10 23 20,0,55,,26550,13,0,13 30,0,15,,26562,13,0,10 23 20,0,15,,26551,13,0,13 30,0,15,,26563,13,0,10 23 20,0,55,,26552,13,0,13 30,0,15,,26564,13,0,10 23 20,0,15,,26553,13,0,13 30,0,15,,26565,13,0,10 23 20,0,55,,26554,13,0,13 30,0,15,,26566,13,0,10 23 20,0,15,,26555,13,0,13 30,0,15,,26567,13,0,10 23 20,0,55,,26556,13,0,13 30,0,15,,26568,13,0,10 23 20,0,15,,26557,13,0,13 30,0,15,,26569,13,0,10 23 20,0,55,,26558,13,0,13 30,0,15,,26570,13,0,10 23 20,0,15,,26559,13,0,13 30,0,15,,26571,13,0,10 23 20,0,55,,26560,13,0,13 30,0,15,,26572,13,0,10 23 20,0,15,,26561,13,0,13 30,0,15,,26573,13,0,10 23 20,0,65,,26576,13,0,13 30,0,5,,26587,13,0,45 3 21,0,20,,26582,13,0,10 23 20,0,65,,26577,13,0,13 30,0,25,,26583,13,0,10 23 20,0,25,,26578,13,0,13 30,0,65,,26584,13,0,10 23 20,0,25,,26579,13,0,13 30,0,65,,26585,13,0,10 23 20,0,25,,26580,13,0,13 30,0,65,,26586,13,0,10 23 20,0,25,,26581,13,0,13 30,0,30,,26535,13,0,10 23 20,0,70,,26534,13,0,45 3 21,0
901,'2',617,,28360,28,,,0,20,,28361,28,,,0,17,,28362,28,,,0,55,,28363,28,,,0,16,,28364,28,,,0,15,,28365,28,,,0,14,,28366,28,,,0,56,,28367,28,,,0,15,,28368,28,,,0,17,,28369,28,,,0,16,,28370,28,,,0,55,,28371,28,,,0,15,,28372,28,,,0,15,,28373,28,,,0,15,,28374,28,,,0,55,,28375,28,,,0,15,,28376,28,,,0,15,,28377,28,,,0,15,,28378,28,,,0,55,,28379,28,,,0,15,,28380,28,,,0,15,,28381,28,,,0,15,,28382,28,,,0,55,,28383,28,,,0,15,,28384,28,,,0,15,,28385,28,,,0,15,,28386,28,,,0,55,,28387,28,,,0,15,,28388,28,,,0,15,,28389,28,,,0,13,,28390,28,,,0,55,,28391,28,,,0,15,,28392,28,,,0,15,,28393,28,,,0,15,,28394,28,,,0,55,,28395,28,,,0,15,,28396,28,,,0,15,,28397,28,,,0,15,,28398,28,,,0,55,,28399,28,,,0,15,,28400,28,,,0,15,,28401,28,,,0,15,,28402,28,,,0,55,,28403,28,,,0,15,,28404,28,,,0,15,,28405,28,,,0,17,,28406,28,,,0,63,,28407,28,,,0,15,,28408,28,,,0,14,,28409,28,,,0,62,,28410,28,,,0,22,,28411,28,,,0,22,,28412,28,,,0,62,,28413,28,,,0,22,,28414,28,,,0,66,,28415,28,,,0,29,,28416,28,,,0,72,,28417,28,,,0,32,,28418,28,,,0,72,,28419,28,,,0,37,,28420,28,,,0,100,,28421,28,,,0
901,'3',621,,28427,28,,,0,30,,28466,28,,,0,70,,28428,28,,,0,30,,28465,28,,,0,70,,28429,28,,,0,35,,28430,28,,,0,72,,28431,28,,,0,86,,28432,28,,,0,25,,28433,28,,,0,65,,28434,28,,,0,22,,28435,28,,,0,25,,28436,28,,,0,65,,28437,28,,,0,29,,28438,28,,,0,61,,28439,28,,,0,25,,28440,28,,,0,28,,28441,28,,,0,62,,28442,28,,,0,25,,28443,28,,,0,65,,28444,28,,,0,25,,28445,28,,,0,65,,28446,28,,,0,25,,28447,28,,,0,25,,28448,28,,,0,65,,28449,28,,,0,25,,28450,28,,,0,65,,28451,28,,,0,44,,28453,28,,,0,65,,28454,28,,,0,38,,28455,28,,,0,75,,28456,28,,,0,75,,28457,28,,,0,36,,28458,28,,,0,75,,28459,28,,,0,35,,28460,28,,,0,75,,28461,28,,,0,35,,28462,28,,,0
901,'30',701,,28501,28,,,0,35,,28467,28,,,0,75,,28502,28,,,0,34,,28468,28,,,0,75,,28503,28,,,0,33,,28469,28,,,0,73,,28470,28,,,0,33,,28471,28,,,0,73,,28472,28,,,0,79,,28473,28,,,0,28,,28474,28,,,0,63,,28475,28,,,0,23,,28476,28,,,0,23,,28477,28,,,0,63,,28478,28,,,0,23,,28479,28,,,0,23,,28480,28,,,0,63,,28481,28,,,0,23,,28482,28,,,0,63,,28483,28,,,0,23,,28484,28,,,0,24,,28485,28,,,0,63,,28486,28,,,0,23,,28487,28,,,0,65,,28488,28,,,0,17,,28489,28,,,0,19,,28490,28,,,0,70,,28491,28,,,0,30,,28492,28,,,0,70,,28493,28,,,0,30,,28494,28,,,0,70,,28495,28,,,0,30,,28496,28,,,0,71,,28497,28,,,0,41,,28498,28,,,0,58,,28499,28,,,0
901,'4',701,,28538,28,,,0,35,,28504,28,,,0,75,,28539,28,,,0,34,,28505,28,,,0,75,,28540,28,,,0,33,,28506,28,,,0,73,,28507,28,,,0,33,,28508,28,,,0,73,,28509,28,,,0,79,,28510,28,,,0,28,,28511,28,,,0,63,,28512,28,,,0,23,,28513,28,,,0,23,,28514,28,,,0,63,,28515,28,,,0,23,,28516,28,,,0,23,,28517,28,,,0,63,,28518,28,,,0,23,,28519,28,,,0,63,,28520,28,,,0,23,,28521,28,,,0,24,,28522,28,,,0,63,,28523,28,,,0,23,,28524,28,,,0,65,,28525,28,,,0,17,,28526,28,,,0,19,,28527,28,,,0,70,,28528,28,,,0,30,,28529,28,,,0,70,,28530,28,,,0,30,,28531,28,,,0,70,,28532,28,,,0,30,,28533,28,,,0,71,,28534,28,,,0,41,,28535,28,,,0,58,,28536,28,,,0
1201,'2',619,,29045,27,,,0,30,,29044,27,,,0,70,,29046,27,,,0,28,,29047,27,,,0,70,,29048,27,,,0,30,,29049,27,,,0,70,,29050,27,,,0,31,,29051,27,,,0,70,,29052,27,,,0,30,,29053,27,,,0,70,,29054,27,,,0,30,,29055,27,,,0,70,,29056,27,,,0,30,,29057,27,,,0,70,,29058,27,,,0,30,,29059,27,,,0,70,,29060,27,,,0,23,,29061,27,,,0,17,,29062,27,,,0,65,,29063,27,,,0,25,,29064,27,,,0,65,,29065,27,,,0,27,,29066,27,,,0,65,,29067,27,,,0,25,,29068,27,,,0,25,,29069,27,,,0,65,,29070,27,,,0,29,,29072,27,,,0,70,,29073,27,,,0,30,,29074,27,,,0,70,,29075,27,,,0,30,,29076,27,,,0,70,,29081,27,,,0,30,,29080,27,,,0,69,,29082,27,,,0,32,,29077,27,,,0,70,,29083,27,,,0,29,,29078,27,,,0
1201,'3',622,,29085,27,,,0,29,,29107,27,,,0,71,,29086,27,,,0,29,,29106,27,,,0,70,,29087,27,,,0,30,,29105,27,,,0,65,,29088,27,,,0,25,,29104,27,,,0,70,,29089,27,,,0,30,,29103,27,,,0,70,,29090,27,,,0,30,,29102,27,,,0,70,,29091,27,,,0,35,,29101,27,,,0,75,,29092,27,,,0,35,,29093,27,,,0,75,,29094,27,,,0,75,,29095,27,,,0,35,,29096,27,,,0,75,,29097,27,,,0,35,,29098,27,,,0,77,,29099,27,,,0,25,,29100,27,,,0,73,,29108,27,,,0,27,,29114,27,,,0,73,,29109,27,,,0,27,,29115,27,,,0,73,,29110,27,,,0,27,,29116,27,,,0,72,,29111,27,,,0,27,,29117,27,,,0,73,,29112,27,,,0,27,,29118,27,,,0,73,,29113,27,,,0,27,,29119,27,,,0,65,,29120,27,,,0
1201,'30',823,,29136,27,,,0,30,,29135,27,,,0,70,,29137,27,,,0,23,,29122,27,,,0,70,,29138,27,,,0,30,,29134,27,,,0,70,,29139,27,,,0,24,,29133,27,,,0,70,,29140,27,,,0,24,,29132,27,,,0,24,,29141,27,,,0,71,,29131,27,,,0,24,,29142,27,,,0,70,,29130,27,,,0,30,,29143,27,,,0,70,,29129,27,,,0,30,,29144,27,,,0,70,,29128,27,,,0,30,,29145,27,,,0,70,,29127,27,,,0,30,,29146,27,,,0,70,,29126,27,,,0,30,,29147,27,,,0,70,,29125,27,,,0,30,,29148,27,,,0,70,,29124,27,,,0,30,,29149,27,,,0,70,,29121,27,,,0,30,,29150,27,,,0
1201,'4',823,,29166,27,,,0,30,,29165,27,,,0,70,,29167,27,,,0,23,,29152,27,,,0,70,,29168,27,,,0,30,,29164,27,,,0,70,,29169,27,,,0,24,,29163,27,,,0,70,,29170,27,,,0,24,,29162,27,,,0,24,,29171,27,,,0,71,,29161,27,,,0,24,,29172,27,,,0,70,,29160,27,,,0,30,,29173,27,,,0,70,,29159,27,,,0,30,,29174,27,,,0,70,,29158,27,,,0,30,,29175,27,,,0,70,,29157,27,,,0,30,,29176,27,,,0,70,,29156,27,,,0,30,,29177,27,,,0,70,,29155,27,,,0,30,,29178,27,,,0,70,,29154,27,,,0,30,,29179,27,,,0,70,,29151,27,,,0,30,,29180,27,,,0
1901,'2',657,,30839,64,,,0,79,,30840,64,,,0,67,,30841,64,,,0,27,,30842,64,,,0,29,,30843,64,,,0,65,,30844,64,,,0,27,,30845,64,,,0,67,,30846,64,,,0,27,,30847,64,,,0,67,,30848,64,,,0,27,,30849,64,,,0,67,,30850,64,,,0,27,,30851,64,,,0,67,,30852,64,,,0,27,,30853,64,,,0,24,,30854,64,,,0,67,,30855,64,,,0,27,,30856,64,,,0,71,,30857,64,,,0,27,,30858,64,,,0,70,,30859,64,,,0,28,,30860,64,,,0,69,,30861,64,,,0,28,,30862,64,,,0,68,,30863,64,,,0,28,,30864,64,,,0,68,,30865,64,,,0,24,,30866,64,,,0,27,,30867,64,,,0,67,,30868,64,,,0,27,,30869,64,,,0,67,,30870,64,,,0,27,,30871,64,,,0,60,,30872,64,,,0,27,,30873,64,,,0,27,,30874,64,,,0,76,,30875,64,,,0,12,,30876,64,,,0,85,,30877,64,,,0
1901,'3',829,,30878,48,,,0,71,,30880,64,,,0,33,,30881,64,,,0,71,,30882,64,,,0,32,,30883,64,,,0,72,,30884,64,,,0,32,,30885,64,,,0,72,,30886,64,,,0,32,,30887,64,,,0,72,,30888,64,,,0,32,,30889,64,,,0,70,,30890,64,,,0,27,,30891,64,,,0,64,,30892,64,,,0,27,,30893,64,,,0,67,,30894,64,,,0,27,,30895,64,,,0,27,,30896,64,,,0,67,,30897,64,,,0,27,,30898,64,,,0,6,,30899,64,0,9 3 37,0,73,,30900,64,,,0,72,,30901,64,,,0,32,,30902,64,,,0,72,,30903,64,,,0,32,,30904,64,,,0,72,,30905,64,,,0,35,,30906,64,,,0,69,,30907,64,0,9 3 37,0,26,,30908,64,0,9 3 37,0,14,,30879,64,0,9 3 37,0
1901,'30',906,,30930,64,,,0,35,,30910,64,,,0,75,,30924,64,,,0,35,,30911,64,,,0,74,,30912,64,,,0,81,,30913,64,,,0,40,,30928,64,,,0,80,,30914,64,,,0,80,,30915,64,,,0,40,,30916,64,,,0,80,,30917,64,,,0,80,,30925,64,,,0,40,,30918,64,,,0,75,,30919,64,,,0,35,,30929,64,,,0,76,,30920,64,,,0,75,,30921,64,,,0,35,,30926,64,,,0,65,,30927,64,0,9 3 37,0
1901,'4',906,,30951,64,,,0,35,,30931,64,,,0,75,,30945,64,,,0,35,,30932,64,,,0,74,,30933,64,,,0,81,,30934,64,,,0,40,,30949,64,,,0,80,,30935,64,,,0,80,,30936,64,,,0,40,,30937,64,,,0,80,,30938,64,,,0,80,,30946,64,,,0,40,,30939,64,,,0,75,,30940,64,,,0,35,,30950,64,,,0,76,,30941,64,,,0,75,,30942,64,,,0,35,,30947,64,,,0,65,,30948,64,0,9 3 37,0
2000,'2',620,,30953,32,,,0,23,,30956,32,,,0,72,,30954,32,,,0,15,,30955,32,,,0,15,,30957,32,,,0,55,,30979,32,,,0,15,,30980,32,,,0,15,,30981,32,,,0,15,,30982,32,,,0,56,,30983,32,,,0,15,,30984,32,,,0,15,,30985,32,,,0,15,,30986,32,,,0,55,,30987,32,,,0,15,,30988,32,,,0,15,,30989,32,,,0,15,,30990,32,,,0,55,,30991,32,,,0,10,,30992,32,,,0,15,,30993,32,,,0,15,,30994,32,,,0,15,,30995,32,,,0,55,,30996,32,,,0,15,,30997,32,,,0,15,,30998,32,,,0,15,,30999,32,,,0,55,,31000,32,,,0,15,,31001,32,,,0,15,,31002,32,,,0,9,,31003,32,,,0,55,,31004,32,,,0,15,,31005,32,,,0,15,,31006,32,,,0,15,,31007,32,,,0,55,,31008,32,,,0,15,,31009,32,,,0,15,,31010,32,,,0,15,,31011,32,,,0,55,,31012,32,,,0,15,,31013,32,,,0,15,,31014,32,,,0,15,,31015,32,,,0,55,,31016,32,,,0,19,,31017,32,,,0,21,,30958,32,,,0,55,,30960,32,,,0,16,,30961,32,,,0,16,,30962,32,,,0,13,,30971,32,,,0,14,,30963,32,,,0,55,,30964,32,,,0,20,,30965,32,,,0,72,,30966,32,,,0,13,,30967,32,,,0,27,,30968,32,,,0,66,,30969,32,,,0,19,,30972,32,,,0,71,,30973,32,,,0,26,,30974,32,,,0,26,,30975,32,,,0,66,,30952,32,,,0,30,,30977,32,,,0,65,,30978,32,,,0,12,,31018,32,0,36,0,25,,30976,32,,,0,57,,31019,32,0,36,0
2000,'3',627,,31021,32,,,0,26,,31024,32,,,0,70,,31025,32,,,0,81,,31026,32,,,0,27,,31027,32,,,0,26,,31028,32,,,0,66,,31029,32,,,0,26,,31030,32,,,0,72,,31031,32,,,0,22,,31032,32,,,0,60,,31033,32,,,0,20,,31034,32,,,0,20,,31035,32,,,0,60,,31036,32,,,0,20,,31037,32,,,0,22,,31038,32,,,0,60,,31039,32,,,0,20,,31040,32,,,0,20,,31041,32,,,0,60,,31042,32,,,0,20,,31043,32,,,0,19,,31044,32,,,0,60,,31045,32,,,0,20,,31046,32,,,0,20,,31047,32,,,0,60,,31048,32,,,0,20,,31049,32,,,0,20,,31050,32,,,0,60,,31051,32,,,0,20,,31052,32,,,0,20,,31053,32,,,0,14,,31054,32,,,0,60,,31055,32,,,0,24,,31056,32,,,0,67,,31057,32,,,0,27,,31058,32,,,0,67,,31059,32,,,0,27,,31060,32,,,0,27,,31061,32,,,0,67,,31062,32,,,0,23,,31063,32,,,0,67,,31064,32,,,0,27,,31065,32,,,0,67,,31066,32,,,0,27,,31067,32,,,0,21,,31068,32,,,0,59,,31069,32,,,0,42,,31023,32,,,0
2000,'30',652,,31071,32,,,0,82,,31072,32,,,0,85,,31073,32,,,0,87,,31074,32,,,0,30,,31075,32,,,0,66,,31076,32,,,0,25,,31077,32,,,0,26,,31078,32,,,0,67,,31079,32,,,0,26,,31080,32,,,0,66,,31081,32,,,0,26,,31082,32,,,0,66,,31083,32,,,0,26,,31084,32,,,0,26,,31085,32,,,0,66,,31086,32,,,0,26,,31087,32,,,0,66,,31088,32,,,0,26,,31089,32,,,0,66,,31090,32,,,0,26,,31091,32,,,0,26,,31092,32,,,0,66,,31093,32,,,0,27,,31094,32,,,0,65,,31095,32,,,0,25,,31096,32,,,0,65,,31097,32,,,0,25,,31098,32,,,0,25,,31099,32,,,0,65,,31100,32,,,0,25,,31101,32,,,0,65,,31102,32,,,0,25,,31103,32,,,0,66,,31104,32,,,0,21,,31105,32,,,0,20,,31106,32,,,0,70,,31070,32,0,36,0
2000,'4',652,,31108,32,,,0,82,,31109,32,,,0,85,,31110,32,,,0,87,,31111,32,,,0,30,,31112,32,,,0,66,,31113,32,,,0,25,,31114,32,,,0,26,,31115,32,,,0,67,,31116,32,,,0,26,,31117,32,,,0,66,,31118,32,,,0,26,,31119,32,,,0,66,,31120,32,,,0,26,,31121,32,,,0,26,,31122,32,,,0,66,,31123,32,,,0,26,,31124,32,,,0,66,,31125,32,,,0,26,,31126,32,,,0,66,,31127,32,,,0,26,,31128,32,,,0,26,,31129,32,,,0,66,,31130,32,,,0,27,,31131,32,,,0,65,,31132,32,,,0,25,,31133,32,,,0,65,,31134,32,,,0,25,,31135,32,,,0,25,,31136,32,,,0,65,,31137,32,,,0,25,,31138,32,,,0,65,,31139,32,,,0,25,,31140,32,,,0,66,,31141,32,,,0,21,,31142,32,,,0,20,,31143,32,,,0,70,,31107,32,0,36,0
9400,'2',725,,33600,5,,,0,26,,33601,5,,,0,66,,33602,5,,,0,26,,33603,5,,,0,67,,33604,5,,,0,26,,33605,5,,,0,66,,33606,5,,,0,316,,33607,5,,,0,21,,33608,5,,,0,61,,33609,5,,,0,20,,33610,5,,,0,21,,33611,5,,,0,61,,33612,5,,,0,21,,33613,5,,,0,21,,33614,5,,,0,63,,33615,5,,,0,23,,33616,5,,,0,24,,33617,5,,,0,63,,33618,5,,,0,23,,33619,5,,,0,62,,33620,5,,,0
