400,'2',614,,27059,4,0,13 18 19 20,0,38,,27058,4,0,10 18 19 20,0,55,,27057,4,0,13 18 19 20,0,15,,27056,4,0,10 18 19 20,0,15,,27055,4,0,13 18 19 20,0,15,,27054,4,0,10 18 19 20,0,55,,27053,4,0,13 18 19 20,0,15,,27052,4,0,10 18 19 20,0,15,,27051,4,0,13 18 19 20,0,21,,27050,4,0,10 18 19 20,0,60,,27049,4,0,13 18 19 20,0,20,,27048,4,0,10 18 19 20,0,20,,27047,4,0,13 18 19 20,0,60,,27046,4,0,10 18 19 20,0,20,,27045,4,0,13 18 19 20,0,20,,27044,4,0,10 18 19 20,0,60,,27043,4,0,13 18 19 20,0,20,,27042,4,0,10 18 19 20,0,20,,27041,4,0,13 18 19 20,0,60,,27040,4,0,10 18 19 20,0,20,,27039,4,0,13 18 19 20,0,20,,27038,4,0,10 18 19 20,0,60,,27037,4,0,13 18 19 20,0,17,,27036,4,0,10 18 19 20,0,14,,27061,4,0,13 18 19 20,0,10,,27062,4,0,10 18 19 20,0,55,,27070,4,0,13 18 19 20,0,15,,27063,4,0,10 18 19 20,0,15,,27071,4,0,13 18 19 20,0,15,,27064,4,0,10 18 19 20,0,55,,27072,4,0,13 18 19 20,0,15,,27065,4,0,10 18 19 20,0,14,,27073,4,0,13 18 19 20,0,13,,27066,4,0,10 18 19 20,0,55,,27074,4,0,13 18 19 20,0,10,,27067,4,0,10 18 19 20,0,15,,27075,4,0,13 18 19 20,0,15,,27068,4,0,10 18 19 20,0,50,,27076,4,0,13 18 19 20,0,15,,27069,4,0,10 18 19 20,0,10,,27077,4,0,13 18 19 20,0,23,,27078,4,0,10 18 19 20,0,61,,27079,4,0,13 18 19 20,0,15,,27083,4,0,10 18 19 20,0,20,,27080,4,0,13 18 19 20,0,60,,27084,4,0,10 18 19 20,0,20,,27081,4,0,13 18 19 20,0,20,,27085,4,0,10 18 19 20,0,60,,27082,4,0,13 18 19 20,0,17,,27086,4,0,10 18 19 20,0,15,,27087,4,0,13 18 19 20,0,67,,27090,4,0,10 18 19 20,0,30,,27088,4,0,13 18 19 20,0,70,,27091,4,0,10 18 19 20,0,30,,27089,4,0,13 18 19 20,0,72,,27092,4,0,10 18 19 20,0,40,,27093,4,0,13 18 19 20,0,99,,27094,4,0,13 18 19 20,0
400,'3',603,,27096,4,0,13 18 19 20,0,13,,27095,4,0,10 18 19 20,0,32,,27098,4,0,13 18 19 20,0,70,,27105,4,0,10 18 19 20,0,30,,27099,4,0,13 18 19 20,0,68,,27106,4,0,10 18 19 20,0,30,,27100,4,0,13 18 19 20,0,70,,27107,4,0,10 18 19 20,0,30,,27101,4,0,13 18 19 20,0,68,,27108,4,0,10 18 19 20,0,30,,27102,4,0,13 18 19 20,0,70,,27109,4,0,10 18 19 20,0,30,,27103,4,0,13 18 19 20,0,67,,27110,4,0,10 18 19 20,0,29,,27104,4,0,13 18 19 20,0,63,,27111,4,0,10 18 19 20,0,20,,27116,4,0,13 18 19 20,0,25,,27112,4,0,10 18 19 20,0,64,,27117,4,0,13 18 19 20,0,25,,27113,4,0,10 18 19 20,0,65,,27118,4,0,13 18 19 20,0,25,,27114,4,0,10 18 19 20,0,25,,27119,4,0,13 18 19 20,0,65,,27115,4,0,10 18 19 20,0,25,,27120,4,0,13 18 19 20,0,65,,27127,4,0,10 18 19 20,0,25,,27123,4,0,13 18 19 20,0,25,,27128,4,0,10 18 19 20,0,65,,27124,4,0,13 18 19 20,0,25,,27129,4,0,10 18 19 20,0,65,,27125,4,0,13 18 19 20,0,25,,27130,4,0,10 18 19 20,0,65,,27126,4,0,13 18 19 20,0,25,,27131,4,0,10 18 19 20,0,23,,27132,4,0,13 18 19 20,0,70,,27135,4,0,10 18 19 20,0,35,,27133,4,0,13 18 19 20,0,70,,27136,4,0,10 18 19 20,0,30,,27134,4,0,13 18 19 20,0,70,,27137,4,0,10 18 19 20,0,27,,27121,4,0,13 18 19 20,0,94,,27122,4,0,10 18 19 20,0
400,'30',646,,27168,4,0,13 18 19 20,0,82,,27169,4,0,10 18 19 20,0,80,,27170,4,0,13 18 19 20,0,43,,27140,4,0,10 18 19 20,0,74,,27141,4,0,13 18 19 20,0,25,,27142,4,0,10 18 19 20,0,70,,27143,4,0,13 18 19 20,0,30,,27144,4,0,10 18 19 20,0,70,,27145,4,0,13 18 19 20,0,30,,27146,4,0,10 18 19 20,0,66,,27147,4,0,13 18 19 20,0,30,,27148,4,0,10 18 19 20,0,70,,27149,4,0,13 18 19 20,0,30,,27150,4,0,10 18 19 20,0,70,,27151,4,0,13 18 19 20,0,30,,27152,4,0,10 18 19 20,0,70,,27153,4,0,13 18 19 20,0,30,,27154,4,0,10 18 19 20,0,70,,27155,4,0,13 18 19 20,0,30,,27156,4,0,10 18 19 20,0,70,,27157,4,0,13 18 19 20,0,30,,27158,4,0,10 18 19 20,0,72,,27159,4,0,13 18 19 20,0,30,,27160,4,0,10 18 19 20,0,70,,27161,4,0,13 18 19 20,0,30,,27162,4,0,10 18 19 20,0,70,,27163,4,0,13 18 19 20,0,30,,27164,4,0,10 18 19 20,0,70,,27165,4,0,13 18 19 20,0,30,,27166,4,0,10 18 19 20,0,66,,27167,4,0,13 18 19 20,0,29,,27138,4,0,10 18 19 20,0
400,'4',646,,27201,4,0,13 18 19 20,0,82,,27202,4,0,10 18 19 20,0,80,,27203,4,0,13 18 19 20,0,43,,27173,4,0,10 18 19 20,0,74,,27174,4,0,13 18 19 20,0,25,,27175,4,0,10 18 19 20,0,70,,27176,4,0,13 18 19 20,0,30,,27177,4,0,10 18 19 20,0,70,,27178,4,0,13 18 19 20,0,30,,27179,4,0,10 18 19 20,0,66,,27180,4,0,13 18 19 20,0,30,,27181,4,0,10 18 19 20,0,70,,27182,4,0,13 18 19 20,0,30,,27183,4,0,10 18 19 20,0,70,,27184,4,0,13 18 19 20,0,30,,27185,4,0,10 18 19 20,0,70,,27186,4,0,13 18 19 20,0,30,,27187,4,0,10 18 19 20,0,70,,27188,4,0,13 18 19 20,0,30,,27189,4,0,10 18 19 20,0,70,,27190,4,0,13 18 19 20,0,30,,27191,4,0,10 18 19 20,0,72,,27192,4,0,13 18 19 20,0,30,,27193,4,0,10 18 19 20,0,70,,27194,4,0,13 18 19 20,0,30,,27195,4,0,10 18 19 20,0,70,,27196,4,0,13 18 19 20,0,30,,27197,4,0,10 18 19 20,0,70,,27198,4,0,13 18 19 20,0,30,,27199,4,0,10 18 19 20,0,66,,27200,4,0,13 18 19 20,0,29,,27171,4,0,10 18 19 20,0
1701,'2',619,,30572,17,0,13 33,0,18,,30613,17,0,10 31,0,16,,30573,17,0,13 33,0,59,,30574,17,0,10 31,0,20,,30575,17,0,13 33,0,20,,30576,17,0,10 31,0,60,,30577,17,0,13 33,0,20,,30578,17,0,10 31,0,20,,30579,17,0,13 33,0,60,,30580,17,0,10 31,0,20,,30581,17,0,13 33,0,20,,30582,17,0,10 31,0,60,,30583,17,0,13 33,0,20,,30584,17,0,10 31,0,19,,30585,17,0,13 33,0,60,,30586,17,0,10 31,0,19,,30587,17,0,13 33,0,20,,30588,17,0,10 31,0,61,,30589,17,0,13 33,0,20,,30590,17,0,10 31,0,21,,30591,17,0,13 33,0,60,,30592,17,0,10 31,0,20,,30593,17,0,13 33,0,21,,30594,17,0,10 31,0,61,,30595,17,0,13 33,0,16,,30596,17,0,10 31,0,20,,30597,17,0,13 33,0,60,,30598,17,0,10 31,0,20,,30599,17,0,13 33,0,20,,30600,17,0,10 31,0,60,,30601,17,0,13 33,0,20,,30602,17,0,10 31,0,15,,30603,17,0,13 33,0,55,,30604,17,0,10 31,0,20,,30605,17,0,13 33,0,18,,30606,17,0,10 31,0,64,,30607,17,0,13 33,0,19,,30568,17,0,10 31,0,19,,30567,17,0,10 31,0,19,,30566,17,0,10 31,0,59,,30565,17,0,10 31,0,19,,30564,17,0,10 31,0,19,,30563,17,0,10 31,0,59,,30562,17,0,10 31,0,25,,30561,17,0,10 31,0,68,,30559,17,0,10 31,0,30,,30560,17,0,10 31,0,20,,30608,17,0,10 31,0,65,,30609,17,0,10 31,0,25,,30610,17,0,10 31,0,65,,30611,17,0,10 31,0,22,,30612,17,0,10 31,0,65,,30569,17,0,10 31,0,50,,30615,17,0,10 31,0
1701,'3',607,,30650,17,0,10 31,0,35,,30649,17,0,10 31,0,74,,30648,17,0,10 31,0,35,,30616,17,0,10 31,0,75,,30647,17,0,10 31,0,75,,30646,17,0,10 31,0,30,,30645,17,0,10 31,0,27,,30652,17,0,10 31,0,69,,30644,17,0,10 31,0,30,,30643,17,0,10 31,0,70,,30642,17,0,10 31,0,30,,30641,17,0,10 31,0,70,,30640,17,0,10 31,0,30,,30639,17,0,10 31,0,70,,30638,17,0,10 31,0,30,,30637,17,0,10 31,0,70,,30636,17,0,10 31,0,30,,30635,17,0,10 31,0,70,,30634,17,0,10 31,0,30,,30633,17,0,10 31,0,70,,30632,17,0,10 31,0,30,,30631,17,0,10 31,0,70,,30630,17,0,10 31,0,73,,30629,17,0,10 31,0,30,,30628,17,0,10 31,0,20,,30627,17,0,10 31,0,70,,30626,17,0,10 31,0,30,,30625,17,0,10 31,0,70,,30624,17,0,10 31,0,20,,30623,17,0,10 31,0,71,,30622,17,0,10 31,0,30,,30621,17,0,10 31,0,70,,30620,17,0,10 31,0,15,,30653,17,0,10 31,0,30,,30619,17,0,10 31,0,65,,30618,17,0,10 31,0,20,,30617,17,0,10 31,0,60,,30654,17,0,10 31,0,30,,30655,17,0,10 31,0
1701,'30',624,,30686,17,0,10 31,0,35,,30687,17,0,10 31,0,75,,30688,17,0,10 31,0,75,,30689,17,0,10 31,0,32,,30658,17,0,10 31,0,70,,30659,17,0,10 31,0,30,,30660,17,0,10 31,0,15,,30661,17,0,10 31,0,65,,30662,17,0,10 31,0,30,,30663,17,0,10 31,0,70,,30664,17,0,10 31,0,28,,30665,17,0,10 31,0,64,,30666,17,0,10 31,0,25,,30667,17,0,10 31,0,70,,30668,17,0,10 31,0,30,,30669,17,0,10 31,0,65,,30670,17,0,10 31,0,28,,30671,17,0,10 31,0,70,,30672,17,0,10 31,0,30,,30673,17,0,10 31,0,70,,30674,17,0,10 31,0,30,,30675,17,0,10 31,0,25,,30676,17,0,10 31,0,70,,30677,17,0,10 31,0,30,,30678,17,0,10 31,0,70,,30679,17,0,10 31,0,80,,30680,17,0,10 31,0,35,,30681,17,0,10 31,0,70,,30682,17,0,10 31,0,40,,30683,17,0,10 31,0,75,,30684,17,0,10 31,0,30,,30685,17,0,10 31,0,75,,30656,17,0,10 31,0,70,,30657,17,0,10 31,0
1701,'4',624,,30720,17,0,10 31,0,35,,30721,17,0,10 31,0,75,,30722,17,0,10 31,0,75,,30723,17,0,10 31,0,32,,30692,17,0,10 31,0,70,,30693,17,0,10 31,0,30,,30694,17,0,10 31,0,15,,30695,17,0,10 31,0,65,,30696,17,0,10 31,0,30,,30697,17,0,10 31,0,70,,30698,17,0,10 31,0,28,,30699,17,0,10 31,0,64,,30700,17,0,10 31,0,25,,30701,17,0,10 31,0,70,,30702,17,0,10 31,0,30,,30703,17,0,10 31,0,65,,30704,17,0,10 31,0,28,,30705,17,0,10 31,0,70,,30706,17,0,10 31,0,30,,30707,17,0,10 31,0,70,,30708,17,0,10 31,0,30,,30709,17,0,10 31,0,25,,30710,17,0,10 31,0,70,,30711,17,0,10 31,0,30,,30712,17,0,10 31,0,70,,30713,17,0,10 31,0,80,,30714,17,0,10 31,0,35,,30715,17,0,10 31,0,70,,30716,17,0,10 31,0,40,,30717,17,0,10 31,0,75,,30718,17,0,10 31,0,30,,30719,17,0,10 31,0,75,,30690,17,0,10 31,0,70,,30691,17,0,10 31,0
2001,'2',607,,31144,4,,,0,45,,31145,4,,,0,54,,31149,4,,,0,15,,31174,4,,,0,15,,31175,4,,,0,15,,31176,4,,,0,55,,31177,4,,,0,15,,31178,4,,,0,15,,31179,4,,,0,15,,31180,4,,,0,55,,31181,4,,,0,15,,31182,4,,,0,15,,31183,4,,,0,15,,31184,4,,,0,53,,31185,4,,,0,15,,31186,4,,,0,15,,31187,4,,,0,15,,31188,4,,,0,55,,31189,4,,,0,15,,31190,4,,,0,15,,31191,4,,,0,12,,31192,4,,,0,55,,31193,4,,,0,15,,31194,4,,,0,15,,31195,4,,,0,15,,31196,4,,,0,55,,31197,4,,,0,15,,31198,4,,,0,15,,31199,4,,,0,16,,31200,4,,,0,55,,31201,4,,,0,15,,31202,4,,,0,15,,31203,4,,,0,15,,31204,4,,,0,55,,31205,4,,,0,15,,31206,4,,,0,15,,31207,4,,,0,13,,31208,4,,,0,55,,31209,4,,,0,20,,31150,4,,,0,10,,31151,4,,,0,15,,31152,4,,,0,55,,31153,4,,,0,15,,31154,4,,,0,15,,31155,4,,,0,19,,31156,4,,,0,56,,31157,4,,,0,20,,31158,4,,,0,24,,31159,4,,,0,60,,31160,4,,,0,20,,31161,4,,,0,25,,31162,4,,,0,60,,31163,4,,,0,32,,31164,4,,,0,72,,31165,4,,,0,26,,31166,4,,,0,66,,31167,4,,,0,26,,31168,4,,,0,66,,31169,4,,,0,26,,31170,4,,,0,20,,31172,4,,,0,68,,31173,4,,,0,26,,31171,4,,,0
2001,'3',614,,31210,4,,,0,35,,31212,4,,,0,68,,31213,4,,,0,35,,31214,4,,,0,65,,31215,4,,,0,22,,31216,4,,,0,70,,31217,4,,,0,26,,31218,4,,,0,66,,31219,4,,,0,21,,31220,4,,,0,20,,31221,4,,,0,60,,31222,4,,,0,20,,31223,4,,,0,20,,31224,4,,,0,60,,31225,4,,,0,20,,31226,4,,,0,20,,31227,4,,,0,60,,31228,4,,,0,20,,31229,4,,,0,20,,31230,4,,,0,60,,31231,4,,,0,20,,31232,4,,,0,20,,31233,4,,,0,60,,31234,4,,,0,20,,31235,4,,,0,20,,31236,4,,,0,60,,31237,4,,,0,20,,31238,4,,,0,20,,31239,4,,,0,60,,31240,4,,,0,20,,31241,4,,,0,20,,31242,4,,,0,60,,31243,4,,,0,20,,31244,4,,,0,27,,31245,4,,,0,67,,31246,4,,,0,27,,31247,4,,,0,67,,31248,4,,,0,27,,31249,4,,,0,67,,31250,4,,,0,27,,31251,4,,,0,27,,31252,4,,,0,67,,31253,4,,,0,27,,31254,4,,,0,62,,31255,4,,,0,32,,31256,4,,,0,67,,31257,4,,,0,32,,31211,4,,,0
2001,'30',639,,31258,4,,,0,80,,31260,4,,,0,81,,31261,4,,,0,29,,31262,4,,,0,25,,31263,4,,,0,59,,31264,4,,,0,26,,31265,4,,,0,71,,31266,4,,,0,26,,31267,4,,,0,66,,31268,4,,,0,26,,31269,4,,,0,26,,31270,4,,,0,66,,31271,4,,,0,26,,31272,4,,,0,66,,31273,4,,,0,26,,31274,4,,,0,66,,31275,4,,,0,26,,31276,4,,,0,26,,31277,4,,,0,66,,31278,4,,,0,26,,31279,4,,,0,66,,31280,4,,,0,26,,31281,4,,,0,66,,31282,4,,,0,26,,31283,4,,,0,26,,31284,4,,,0,66,,31285,4,,,0,25,,31286,4,,,0,65,,31287,4,,,0,25,,31288,4,,,0,65,,31289,4,,,0,25,,31290,4,,,0,25,,31291,4,,,0,65,,31292,4,,,0,25,,31293,4,,,0,67,,31294,4,,,0,35,,31259,4,,,0
2001,'4',639,,31295,4,,,0,80,,31297,4,,,0,81,,31298,4,,,0,29,,31299,4,,,0,25,,31300,4,,,0,59,,31301,4,,,0,26,,31302,4,,,0,71,,31303,4,,,0,26,,31304,4,,,0,66,,31305,4,,,0,26,,31306,4,,,0,26,,31307,4,,,0,66,,31308,4,,,0,26,,31309,4,,,0,66,,31310,4,,,0,26,,31311,4,,,0,66,,31312,4,,,0,26,,31313,4,,,0,26,,31314,4,,,0,66,,31315,4,,,0,26,,31316,4,,,0,66,,31317,4,,,0,26,,31318,4,,,0,66,,31319,4,,,0,26,,31320,4,,,0,26,,31321,4,,,0,66,,31322,4,,,0,25,,31323,4,,,0,65,,31324,4,,,0,25,,31325,4,,,0,65,,31326,4,,,0,25,,31327,4,,,0,25,,31328,4,,,0,65,,31329,4,,,0,25,,31330,4,,,0,67,,31331,4,,,0,35,,31296,4,,,0
9101,'2',727,,33226,2,,,0,15,,33221,2,,,0,15,,33222,2,,,0,55,,33223,2,,,0,15,,33224,2,,,0,10,,33225,2,,,0,15,,33227,2,,,0,57,,33228,2,,,0,17,,33229,2,,,0,17,,33230,2,,,0,57,,33231,2,,,0,17,,33232,2,,,0,17,,33233,2,,,0,17,,33234,2,,,0,57,,33235,2,,,0,17,,33236,2,,,0,17,,33237,2,,,0,17,,33238,2,,,0,58,,33239,2,,,0,18,,33240,2,,,0,18,,33241,2,,,0,58,,33242,2,,,0,18,,33243,2,,,0,18,,33244,2,,,0,53,,33245,2,,,0,10,,33246,2,,,0,15,,33247,2,,,0,15,,33248,2,,,0,15,,33249,2,,,0,55,,33250,2,,,0,15,,33251,2,,,0,15,,33252,2,,,0,14,,33253,2,,,0,55,,33254,2,,,0,15,,33255,2,,,0,15,,33256,2,,,0,15,,33257,2,,,0,55,,33258,2,,,0,15,,33259,2,,,0,15,,33260,2,,,0,19,,33261,2,,,0,57,,33262,2,,,0,16,,33263,2,,,0,16,,33264,2,,,0,56,,33265,2,,,0,16,,33266,2,,,0,16,,33267,2,,,0,16,,33268,2,,,0
9101,'3',1051,,33292,2,,,0,65,,33291,2,,,0,25,,33290,2,,,0,65,,33289,2,,,0,25,,33288,2,,,0,25,,33287,2,,,0,65,,33286,2,,,0,25,,33285,2,,,0,65,,33284,2,,,0,25,,33283,2,,,0,65,,33282,2,,,0,25,,33281,2,,,0,25,,33280,2,,,0,65,,33279,2,,,0,25,,33278,2,,,0,65,,33277,2,,,0,25,,33276,2,,,0,25,,33275,2,,,0,65,,33274,2,,,0,25,,33273,2,,,0,65,,33272,2,,,0,25,,33271,2,,,0,65,,33270,2,,,0,25,,33269,2,,,0,25,,33293,2,,,0
9101,'4',1151,,33313,2,,,0,65,,33312,2,,,0,25,,33311,2,,,0,65,,33310,2,,,0,25,,33309,2,,,0,25,,33308,2,,,0,65,,33307,2,,,0,25,,33306,2,,,0,65,,33305,2,,,0,25,,33304,2,,,0,65,,33303,2,,,0,25,,33302,2,,,0,25,,33301,2,,,0,65,,33300,2,,,0,25,,33299,2,,,0,65,,33298,2,,,0,25,,33297,2,,,0,25,,33296,2,,,0,65,,33295,2,,,0,25,,33294,2,,,0
