200,'11802',1442,,42641,12,0,13 30,1,276,,42642,12,0,10 23 20,1
200,'2',624,,42650,12,0,13 30,1,16,,42686,12,0,10 23 20,1,15,,42651,12,0,13 30,1,55,,42687,12,0,10 23 20,1,15,,42652,12,0,13 30,1,15,,42688,12,0,10 23 20,1,15,,42653,12,0,13 30,1,55,,42689,12,0,10 23 20,1,15,,42654,12,0,13 30,1,15,,42690,12,0,10 23 20,1,15,,42655,12,0,13 30,1,55,,42691,12,0,10 23 20,1,15,,42656,12,0,13 30,1,15,,42692,12,0,10 23 20,1,15,,42657,12,0,13 30,1,55,,42693,12,0,10 23 20,1,15,,42658,12,0,13 30,1,15,,42694,12,0,10 23 20,1,15,,42659,12,0,13 30,1,55,,42695,12,0,10 23 20,1,15,,42660,12,0,13 30,1,15,,42696,12,0,10 23 20,1,12,,42661,12,0,13 30,1,55,,42697,12,0,10 23 20,1,15,,42662,12,0,13 30,1,15,,42698,12,0,10 23 20,1,15,,42663,12,0,13 30,1,55,,42699,12,0,10 23 20,1,15,,42664,12,0,13 30,1,15,,42700,12,0,10 23 20,1,15,,42665,12,0,13 30,1,55,,42701,12,0,10 23 20,1,15,,42666,12,0,13 30,1,13,,42702,12,0,10 23 20,1,14,,42667,12,0,13 30,1,55,,42703,12,0,10 23 20,1,15,,42668,12,0,13 30,1,15,,42704,12,0,10 23 20,1,19,,42669,12,0,13 30,1,55,,42705,12,0,10 23 20,1,15,,42670,12,0,13 30,1,15,,42706,12,0,10 23 20,1,15,,42671,12,0,13 30,1,53,,42707,12,0,10 23 20,1,19,,42672,12,0,13 30,1,11,,42708,12,0,10 23 20,1,22,,42673,12,0,13 30,1,55,,42709,12,0,10 23 20,1,15,,42674,12,0,13 30,1,12,,42710,12,0,10 23 20,1,15,,42675,12,0,13 30,1,55,,42711,12,0,10 23 20,1,15,,42676,12,0,13 30,1,15,,42712,12,0,10 23 20,1,15,,42677,12,0,13 30,1,55,,42713,12,0,10 23 20,1,10,,42678,12,0,13 30,1,24,,42714,12,0,10 23 20,1,12,,42679,12,0,13 30,1,63,,42715,12,0,10 23 20,1,17,,42680,12,0,13 30,1,23,,42716,12,0,10 23 20,1,57,,42681,12,0,13 30,1,23,,42717,12,0,10 23 20,1,20,,42682,12,0,13 30,1,57,,42718,12,0,10 23 20,1,15,,42683,12,0,13 30,1,20,,42719,12,0,10 23 20,1,55,,42684,12,0,13 30,1,20,,42720,12,0,10 23 20,1,20,,42685,12,0,13 30,1,74,,42721,12,0,45 3 21,1
200,'3',626,,42725,12,0,13 30,1,30,,42726,12,0,10 23 20,1,70,,42728,12,0,13 30,1,30,,42730,12,0,13 30,1,55,,42731,12,0,10 23 20,1,15,,42732,12,0,13 30,1,15,,42733,12,0,10 23 20,1,15,,42734,12,0,13 30,1,55,,42735,12,0,10 23 20,1,15,,42736,12,0,13 30,1,10,,42737,12,0,10 23 20,1,15,,42738,12,0,13 30,1,54,,42739,12,0,10 23 20,1,15,,42740,12,0,13 30,1,15,,42741,12,0,10 23 20,1,15,,42742,12,0,13 30,1,50,,42743,12,0,10 23 20,1,15,,42744,12,0,13 30,1,10,,42745,12,0,10 23 20,1,15,,42746,12,0,13 30,1,15,,42747,12,0,10 23 20,1,55,,42748,12,0,13 30,1,15,,42749,12,0,10 23 20,1,15,,42750,12,0,13 30,1,10,,42761,12,0,10 23 20,1,55,,42751,12,0,13 30,1,10,,42762,12,0,10 23 20,1,15,,42752,12,0,13 30,1,15,,42763,12,0,10 23 20,1,55,,42753,12,0,13 30,1,15,,42764,12,0,10 23 20,1,15,,42754,12,0,13 30,1,15,,42765,12,0,10 23 20,1,55,,42755,12,0,13 30,1,15,,42766,12,0,10 23 20,1,10,,42756,12,0,13 30,1,10,,42767,12,0,10 23 20,1,15,,42757,12,0,13 30,1,55,,42768,12,0,10 23 20,1,15,,42758,12,0,13 30,1,15,,42769,12,0,10 23 20,1,15,,42759,12,0,13 30,1,55,,42770,12,0,10 23 20,1,15,,42760,12,0,13 30,1,15,,42771,12,0,10 23 20,1,15,,42772,12,0,13 30,1,0,,42784,12,0,45 3 21,1,56,,42773,12,0,10 23 20,1,15,,42779,12,0,13 30,1,15,,42774,12,0,10 23 20,1,15,,42780,12,0,13 30,1,55,,42775,12,0,10 23 20,1,15,,42781,12,0,13 30,1,15,,42776,12,0,10 23 20,1,15,,42782,12,0,13 30,1,55,,42777,12,0,10 23 20,1,15,,42783,12,0,13 30,1,15,,42778,12,0,10 23 20,1,15,,42785,12,0,13 30,1,4,,42790,12,0,45 3 21,1,66,,42788,12,0,10 23 20,1,3,,42791,12,0,45 3 21,1,27,,42786,12,0,13 30,1,70,,42789,12,0,10 23 20,1,30,,42787,12,0,13 30,1,70,,42722,12,0,10 23 20,1,30,,42723,12,0,13 30,1,70,,42792,12,0,10 23 20,1,35,,42793,12,0,13 30,1,68,,42794,12,0,45 3 21,1
200,'30',656,,42797,12,0,13 30,1,70,,42800,12,0,10 23 20,1,30,,42802,12,0,13 30,1,70,,42801,12,0,10 23 20,1,30,,42803,12,0,13 30,1,65,,42804,12,0,10 23 20,1,25,,42808,12,0,13 30,1,65,,42805,12,0,10 23 20,1,25,,42809,12,0,13 30,1,65,,42806,12,0,10 23 20,1,25,,42810,12,0,10 23 20,1,25,,42807,12,0,10 23 20,1,55,,42811,12,0,13 30,1,15,,42823,12,0,10 23 20,1,15,,42812,12,0,13 30,1,15,,42824,12,0,10 23 20,1,55,,42813,12,0,13 30,1,15,,42825,12,0,10 23 20,1,15,,42814,12,0,13 30,1,15,,42826,12,0,10 23 20,1,55,,42815,12,0,13 30,1,15,,42827,12,0,10 23 20,1,15,,42816,12,0,13 30,1,15,,42828,12,0,10 23 20,1,55,,42817,12,0,13 30,1,15,,42829,12,0,10 23 20,1,15,,42818,12,0,13 30,1,15,,42830,12,0,10 23 20,1,55,,42819,12,0,13 30,1,15,,42831,12,0,10 23 20,1,15,,42820,12,0,13 30,1,15,,42832,12,0,10 23 20,1,55,,42821,12,0,13 30,1,15,,42833,12,0,10 23 20,1,15,,42822,12,0,13 30,1,15,,42834,12,0,10 23 20,1,65,,42837,12,0,13 30,1,4,,42848,12,0,45 3 21,1,21,,42843,12,0,10 23 20,1,65,,42838,12,0,13 30,1,25,,42844,12,0,10 23 20,1,25,,42839,12,0,13 30,1,65,,42845,12,0,10 23 20,1,25,,42840,12,0,13 30,1,65,,42846,12,0,10 23 20,1,25,,42841,12,0,13 30,1,65,,42847,12,0,10 23 20,1,25,,42842,12,0,13 30,1,30,,42796,12,0,10 23 20,1,69,,42795,12,0,45 3 21,1
200,'4',656,,42851,12,0,13 30,1,70,,42854,12,0,10 23 20,1,30,,42856,12,0,13 30,1,70,,42855,12,0,10 23 20,1,30,,42857,12,0,13 30,1,65,,42858,12,0,10 23 20,1,25,,42862,12,0,13 30,1,65,,42859,12,0,10 23 20,1,25,,42863,12,0,13 30,1,65,,42860,12,0,10 23 20,1,25,,42864,12,0,10 23 20,1,25,,42861,12,0,10 23 20,1,55,,42865,12,0,13 30,1,15,,42877,12,0,10 23 20,1,15,,42866,12,0,13 30,1,15,,42878,12,0,10 23 20,1,55,,42867,12,0,13 30,1,15,,42879,12,0,10 23 20,1,15,,42868,12,0,13 30,1,15,,42880,12,0,10 23 20,1,55,,42869,12,0,13 30,1,15,,42881,12,0,10 23 20,1,15,,42870,12,0,13 30,1,15,,42882,12,0,10 23 20,1,55,,42871,12,0,13 30,1,15,,42883,12,0,10 23 20,1,15,,42872,12,0,13 30,1,15,,42884,12,0,10 23 20,1,55,,42873,12,0,13 30,1,15,,42885,12,0,10 23 20,1,15,,42874,12,0,13 30,1,15,,42886,12,0,10 23 20,1,55,,42875,12,0,13 30,1,15,,42887,12,0,10 23 20,1,15,,42876,12,0,13 30,1,15,,42888,12,0,10 23 20,1,65,,42891,12,0,13 30,1,4,,42902,12,0,45 3 21,1,21,,42897,12,0,10 23 20,1,65,,42892,12,0,13 30,1,25,,42898,12,0,10 23 20,1,25,,42893,12,0,13 30,1,65,,42899,12,0,10 23 20,1,25,,42894,12,0,13 30,1,65,,42900,12,0,10 23 20,1,25,,42895,12,0,13 30,1,65,,42901,12,0,10 23 20,1,25,,42896,12,0,13 30,1,30,,42850,12,0,10 23 20,1,69,,42849,12,0,45 3 21,1
10601,'11802',854,,50671,12,,,1,689,,50669,12,,,1,90,,50670,12,,,1
10601,'3302',733,,50672,12,,,1,20,,50686,12,,,1,65,,50673,12,,,1,20,,50687,12,,,1,65,,50674,12,,,1,20,,50688,12,,,1,25,,50675,12,,,1,65,,50699,12,,,1,20,,50676,12,,,1,25,,50689,12,,,1,60,,50677,12,,,1,20,,50690,12,,,1,65,,50678,12,,,1,21,,50691,12,,,1,25,,50679,12,,,1,60,,50692,12,,,1,25,,50680,12,,,1,20,,50693,12,,,1,66,,50681,12,,,1,20,,50694,12,,,1,65,,50682,12,,,1,20,,50695,12,,,1,25,,50683,12,,,1,60,,50696,12,,,1,30,,50684,12,,,1,60,,50697,12,,,1,10,,50700,12,,,1,25,,50685,12,,,1,20,,50698,12,,,1,50,,50701,12,,,1,20,,50715,12,,,1,19,,50702,12,,,1,58,,50706,12,,,1,22,,50703,12,,,1,18,,50707,12,,,1,62,,50704,12,,,1,18,,50708,12,,,1,22,,50705,12,,,1,58,,50714,12,,,1,39,,50709,12,,,1,80,,50710,12,,,1,80,,50711,12,,,1,40,,50712,12,,,1,75,,50713,12,,,1
10601,'3602',743,,50716,12,,,1,60,,50730,12,,,1,25,,50717,12,,,1,20,,50731,12,,,1,65,,50718,12,,,1,20,,50732,12,,,1,25,,50719,12,,,1,65,,50733,12,,,1,20,,50720,12,,,1,65,,50734,12,,,1,20,,50721,12,,,1,20,,50735,12,,,1,66,,50722,12,,,1,20,,50736,12,,,1,25,,50723,12,,,1,60,,50737,12,,,1,25,,50724,12,,,1,60,,50738,12,,,1,26,,50725,12,,,1,20,,50739,12,,,1,65,,50726,12,,,1,20,,50740,12,,,1,65,,50727,12,,,1,25,,50741,12,,,1,25,,50728,12,,,1,75,,50742,12,,,1,20,,50729,12,,,1,70,,50750,12,,,1,20,,50743,12,,,1,18,,50744,12,,,1,60,,50745,12,,,1,21,,50746,12,,,1,18,,50747,12,,,1,62,,50748,12,,,1,18,,50751,12,,,1,20,,50749,12,,,1
10601,'3903',1131,,50752,12,,,1,86,,50753,12,,,1,40,,50754,12,,,1,80,,50755,12,,,1,81,,50756,12,,,1,85,,50757,12,,,1,45,,50758,12,,,1,90,,50759,12,,,1,90,,50760,12,,,1,84,,50761,12,,,1,40,,50762,12,,,1,80,,50763,12,,,1,80,,50764,12,,,1,40,,50765,12,,,1,79,,50766,12,,,1,80,,50767,12,,,1,40,,50768,12,,,1
10601,'6404',1131,,50769,12,,,1,86,,50770,12,,,1,40,,50771,12,,,1,80,,50772,12,,,1,81,,50773,12,,,1,85,,50774,12,,,1,45,,50775,12,,,1,90,,50776,12,,,1,90,,50777,12,,,1,84,,50778,12,,,1,40,,50779,12,,,1,80,,50780,12,,,1,80,,50781,12,,,1,40,,50782,12,,,1,79,,50783,12,,,1,80,,50784,12,,,1
