200,'11802',744,,42643,28,4,,1,99,,42644,14,4,,1,973,,42642,67,4,,1
200,'2',601,,42646,9,4,,1,32,,42649,28,4,,1,70,,42648,28,4,,1,27,,42686,67,4,,1,70,,42687,67,4,,1,30,,42688,67,4,,1,70,,42689,67,4,,1,30,,42690,67,4,,1,70,,42691,67,4,,1,30,,42692,67,4,,1,70,,42693,67,4,,1,30,,42694,67,4,,1,70,,42695,67,4,,1,32,,42696,67,4,,1,27,,42697,67,4,,1,70,,42698,67,4,,1,30,,42699,67,4,,1,70,,42700,67,4,,1,30,,42701,67,4,,1,68,,42702,67,4,,1,29,,42703,67,4,,1,76,,42704,67,4,,1,74,,42705,67,4,,1,30,,42706,67,4,,1,68,,42707,67,4,,1,30,,42708,67,4,,1,23,,42709,67,4,,1,67,,42710,67,4,,1,30,,42711,67,4,,1,70,,42712,67,4,,1,30,,42713,67,4,,1,69,,42714,67,4,,1,79,,42715,67,4,,1,40,,42716,67,4,,1,78,,42717,67,4,,1,83,,42718,67,4,,1,20,,42719,67,4,,1,35,,42720,67,4,,1
200,'3',637,,42724,28,4,,1,99,,42726,67,4,,1,67,,42727,28,4,,1,25,,42729,28,4,,1,25,,42731,67,4,,1,70,,42733,67,4,,1,27,,42735,67,4,,1,70,,42737,67,4,,1,30,,42739,67,4,,1,70,,42741,67,4,,1,26,,42743,67,4,,1,65,,42745,67,4,,1,30,,42747,67,4,,1,70,,42749,67,4,,1,30,,42761,67,4,,1,65,,42762,67,4,,1,25,,42763,67,4,,1,70,,42764,67,4,,1,30,,42765,67,4,,1,70,,42766,67,4,,1,25,,42767,67,4,,1,30,,42768,67,4,,1,65,,42769,67,4,,1,33,,42770,67,4,,1,65,,42771,67,4,,1,30,,42773,67,4,,1,70,,42774,67,4,,1,30,,42775,67,4,,1,70,,42776,67,4,,1,81,,42777,67,4,,1,16,,42778,67,4,,1,84,,42788,67,4,,1,59,,42789,67,4,,1,100,,42722,67,4,,1,149,,42792,67,4,,1
200,'30',704,,42799,28,4,,1,100,,42800,67,4,,1,105,,42801,67,4,,1,50,,42804,67,4,,1,90,,42805,67,4,,1,90,,42806,67,4,,1,70,,42810,67,4,,1,30,,42807,67,4,,1,70,,42823,67,4,,1,30,,42824,67,4,,1,70,,42825,67,4,,1,30,,42826,67,4,,1,70,,42827,67,4,,1,30,,42828,67,4,,1,70,,42829,67,4,,1,30,,42830,67,4,,1,70,,42831,67,4,,1,33,,42832,67,4,,1,60,,42833,67,4,,1,30,,42834,67,4,,1,90,,42843,67,4,,1,90,,42844,67,4,,1,90,,42845,67,4,,1,50,,42846,67,4,,1,85,,42847,67,4,,1,99,,42796,67,4,,1
200,'4',704,,42853,28,4,,1,100,,42854,67,4,,1,105,,42855,67,4,,1,50,,42858,67,4,,1,90,,42859,67,4,,1,90,,42860,67,4,,1,70,,42864,67,4,,1,30,,42861,67,4,,1,70,,42877,67,4,,1,30,,42878,67,4,,1,70,,42879,67,4,,1,30,,42880,67,4,,1,70,,42881,67,4,,1,30,,42882,67,4,,1,70,,42883,67,4,,1,30,,42884,67,4,,1,70,,42885,67,4,,1,33,,42886,67,4,,1,60,,42887,67,4,,1,30,,42888,67,4,,1,90,,42897,67,4,,1,90,,42898,67,4,,1,90,,42899,67,4,,1,50,,42900,67,4,,1,85,,42901,67,4,,1,99,,42850,67,4,,1
201,'11802',744,,42905,1,0,10 24 25,1,99,,42906,1,0,10 24 25,1
201,'2',603,,42908,1,0,10 24 25,1,30,,42909,1,0,10 24 25,1,70,,42910,1,0,10 24 25,1,30,,42911,1,0,10 24 25,1,70,,42912,1,0,10 24 25,1,29,,42913,1,0,10 24 25,1,70,,42914,1,0,10 24 25,1,30,,42915,1,0,10 24 25,1,70,,42916,1,0,10 24 25,1,30,,42917,1,0,10 24 25,1,70,,42918,1,0,10 24 25,1,30,,42919,1,0,10 24 25,1,70,,42920,1,0,10 24 25,1,30,,42921,1,0,10 24 25,1,70,,42922,1,0,10 24 25,1,27,,42923,1,0,10 24 25,1,30,,42924,1,0,10 24 25,1,70,,42925,1,0,10 24 25,1,30,,42926,1,0,10 24 25,1,68,,42927,1,0,10 24 25,1,30,,42928,1,0,10 24 25,1,75,,42929,1,0,10 24 25,1,74,,42930,1,0,10 24 25,1,30,,42931,1,0,10 24 25,1,68,,42932,1,0,10 24 25,1,30,,42933,1,0,10 24 25,1,25,,42934,1,0,10 24 25,1,67,,42935,1,0,55 3 32,1,28,,42936,1,0,10 24 25,1,73,,42937,1,0,10 24 25,1,27,,42938,1,0,55 3 32,1,70,,42939,1,0,10 24 25,1,80,,42940,1,0,10 24 25,1,40,,42941,1,0,10 24 25,1,76,,42942,1,0,10 24 25,1,83,,42943,1,0,10 24 25,1,56,,42980,1,0,10 24 25,1
201,'3',637,,42984,1,0,10 24 25,1,99,,42986,1,0,10 24 25,1,67,,42988,1,0,10 24 25,1,25,,42990,1,0,10 24 25,1,25,,42992,1,0,10 24 25,1,70,,42994,1,0,10 24 25,1,27,,42996,1,0,10 24 25,1,70,,43018,1,0,10 24 25,1,30,,43019,1,0,10 24 25,1,70,,43020,1,0,10 24 25,1,26,,43021,1,0,10 24 25,1,65,,43022,1,0,10 24 25,1,30,,43023,1,0,10 24 25,1,70,,43024,1,0,10 24 25,1,30,,43025,1,0,10 24 25,1,65,,43026,1,0,10 24 25,1,25,,43027,1,0,10 24 25,1,70,,43028,1,0,10 24 25,1,30,,43029,1,0,10 24 25,1,70,,43030,1,0,10 24 25,1,25,,43031,1,0,10 24 25,1,30,,43032,1,0,10 24 25,1,65,,43033,1,0,10 24 25,1,33,,43034,1,0,10 24 25,1,65,,43035,1,0,10 24 25,1,30,,43036,1,0,10 24 25,1,70,,43037,1,0,10 24 25,1,30,,43038,1,0,10 24 25,1,70,,43041,1,0,10 24 25,1,81,,43047,1,0,10 24 25,1,16,,43054,1,0,55 3 32,1,84,,43048,1,0,10 24 25,1,59,,43049,1,0,10 24 25,1,100,,43050,1,0,10 24 25,1,149,,43051,1,0,55 3 32,1
201,'30',704,,43060,1,0,10 24 25,1,100,,43061,1,0,10 24 25,1,105,,43064,1,0,10 24 25,1,50,,43065,1,0,10 24 25,1,90,,43066,1,0,10 24 25,1,90,,43067,1,0,10 24 25,1,70,,43083,1,0,10 24 25,1,30,,43084,1,0,10 24 25,1,70,,43085,1,0,10 24 25,1,30,,43086,1,0,10 24 25,1,70,,43087,1,0,10 24 25,1,30,,43088,1,0,10 24 25,1,70,,43089,1,0,10 24 25,1,30,,43090,1,0,10 24 25,1,70,,43091,1,0,10 24 25,1,30,,43092,1,0,10 24 25,1,70,,43093,1,0,10 24 25,1,33,,43095,1,0,10 24 25,1,60,,43108,1,0,55 3 32,1,30,,43096,1,0,10 24 25,1,90,,43097,1,0,10 24 25,1,90,,43098,1,0,10 24 25,1,90,,43099,1,0,10 24 25,1,50,,43100,1,0,10 24 25,1,85,,43057,1,0,10 24 25,1,99,,43056,1,0,55 3 32,1
201,'4',704,,43114,1,0,10 24 25,1,100,,43115,1,0,10 24 25,1,105,,43118,1,0,10 24 25,1,50,,43119,1,0,10 24 25,1,90,,43120,1,0,10 24 25,1,90,,43121,1,0,10 24 25,1,70,,43137,1,0,10 24 25,1,30,,43138,1,0,10 24 25,1,70,,43139,1,0,10 24 25,1,30,,43140,1,0,10 24 25,1,70,,43141,1,0,10 24 25,1,30,,43142,1,0,10 24 25,1,70,,43143,1,0,10 24 25,1,30,,43144,1,0,10 24 25,1,70,,43145,1,0,10 24 25,1,30,,43146,1,0,10 24 25,1,70,,43147,1,0,10 24 25,1,33,,43149,1,0,10 24 25,1,60,,43162,1,0,55 3 32,1,30,,43150,1,0,10 24 25,1,90,,43151,1,0,10 24 25,1,90,,43152,1,0,10 24 25,1,90,,43153,1,0,10 24 25,1,50,,43154,1,0,10 24 25,1,85,,43111,1,0,10 24 25,1,99,,43110,1,0,55 3 32,1
