401,'11802',724,,43532,44,0,13 40 41,1,82,,43531,44,0,13 40 41,1
401,'2',600,,43559,38,0,10 40 41,1,36,,43558,44,0,13 40 41,1,10,,43600,38,0,10 40 41,1,71,,43557,38,0,10 40 41,1,15,,43556,44,0,13 40 41,1,11,,43555,10,,,1,16,,43554,38,0,10 40 41,1,55,,43553,38,0,10 40 41,1,15,,43552,44,0,13 40 41,1,15,,43551,38,0,10 40 41,1,15,,43550,44,0,13 40 41,1,55,,43549,38,0,10 40 41,1,15,,43548,44,0,13 40 41,1,15,,43547,38,0,10 40 41,1,15,,43546,44,0,13 40 41,1,60,,43545,38,0,10 40 41,1,20,,43544,44,0,13 40 41,1,20,,43543,38,0,10 40 41,1,60,,43542,44,0,13 40 41,1,21,,43541,38,0,10 40 41,1,60,,43540,44,0,13 40 41,1,20,,43539,38,0,10 40 41,1,20,,43538,44,0,13 40 41,1,60,,43537,38,0,10 40 41,1,20,,43536,44,0,13 40 41,1,20,,43535,38,0,10 40 41,1,60,,43534,44,0,13 40 41,1,21,,43533,38,0,10 40 41,1,15,,43562,44,0,13 40 41,1,19,,43570,38,0,10 40 41,1,55,,43563,44,0,13 40 41,1,15,,43571,38,0,10 40 41,1,15,,43564,44,0,13 40 41,1,15,,43572,38,0,10 40 41,1,56,,43565,44,0,13 40 41,1,15,,43573,38,0,10 40 41,1,15,,43566,44,0,13 40 41,1,15,,43574,38,0,10 40 41,1,55,,43567,44,0,13 40 41,1,15,,43575,38,0,10 40 41,1,15,,43568,44,0,13 40 41,1,15,,43576,38,0,10 40 41,1,50,,43569,44,0,13 40 41,1,17,,43579,38,0,10 40 41,1,21,,43584,44,0,13 40 41,1,60,,43580,38,0,10 40 41,1,20,,43585,44,0,13 40 41,1,20,,43581,38,0,10 40 41,1,60,,43586,44,0,13 40 41,1,20,,43582,38,0,10 40 41,1,20,,43587,44,0,13 40 41,1,69,,43583,38,0,10 40 41,1,33,,43588,44,0,13 40 41,1,70,,43591,38,0,10 40 41,1,30,,43589,44,0,13 40 41,1,70,,43592,38,0,10 40 41,1,30,,43590,44,0,13 40 41,1,70,,43593,38,0,10 40 41,1,90,,43594,44,0,13 40 41,1
401,'3',635,,43601,38,0,10 40 41,1,70,,43602,44,0,13 40 41,1,20,,43609,38,0,10 40 41,1,30,,43603,44,0,13 40 41,1,71,,43610,38,0,10 40 41,1,30,,43604,44,0,13 40 41,1,70,,43611,38,0,10 40 41,1,30,,43605,44,0,13 40 41,1,71,,43612,38,0,10 40 41,1,30,,43606,44,0,13 40 41,1,70,,43613,38,0,10 40 41,1,30,,43607,44,0,13 40 41,1,70,,43614,38,0,10 40 41,1,30,,43608,44,0,13 40 41,1,66,,43615,38,0,10 40 41,1,27,,43621,44,0,13 40 41,1,66,,43616,38,0,10 40 41,1,25,,43622,44,0,13 40 41,1,65,,43617,38,0,10 40 41,1,25,,43623,44,0,13 40 41,1,25,,43618,38,0,10 40 41,1,65,,43624,44,0,13 40 41,1,25,,43619,38,0,10 40 41,1,65,,43625,44,0,13 40 41,1,25,,43620,38,0,10 40 41,1,65,,43633,44,0,13 40 41,1,24,,43629,38,0,10 40 41,1,25,,43634,44,0,13 40 41,1,65,,43630,38,0,10 40 41,1,25,,43635,44,0,13 40 41,1,65,,43631,38,0,10 40 41,1,25,,43636,44,0,13 40 41,1,25,,43632,38,0,10 40 41,1,65,,43637,44,0,13 40 41,1,17,,43638,38,0,10 40 41,1,70,,43642,44,0,13 40 41,1,30,,43639,38,0,10 40 41,1,70,,43643,44,0,13 40 41,1,30,,43640,38,0,10 40 41,1,70,,43644,44,0,13 40 41,1,28,,43641,38,0,10 40 41,1,72,,43627,44,0,13 40 41,1
401,'30',705,,43677,38,0,10 40 41,1,45,,43676,44,0,13 40 41,1,85,,43675,38,0,10 40 41,1,86,,43646,44,0,13 40 41,1,85,,43647,38,0,10 40 41,1,30,,43648,44,0,13 40 41,1,64,,43649,38,0,10 40 41,1,30,,43650,44,0,13 40 41,1,27,,43651,38,0,10 40 41,1,71,,43652,44,0,13 40 41,1,29,,43653,38,0,10 40 41,1,72,,43654,44,0,13 40 41,1,30,,43655,38,0,10 40 41,1,70,,43656,44,0,13 40 41,1,30,,43657,38,0,10 40 41,1,70,,43658,44,0,13 40 41,1,30,,43659,38,0,10 40 41,1,70,,43660,44,0,13 40 41,1,30,,43661,38,0,10 40 41,1,69,,43662,44,0,13 40 41,1,30,,43663,38,0,10 40 41,1,70,,43664,44,0,13 40 41,1,30,,43665,38,0,10 40 41,1,70,,43666,44,0,13 40 41,1,28,,43667,38,0,10 40 41,1,72,,43668,44,0,13 40 41,1,30,,43669,38,0,10 40 41,1,72,,43670,44,0,13 40 41,1,28,,43671,38,0,10 40 41,1,70,,43672,44,0,13 40 41,1,78,,43645,38,0,10 40 41,1
401,'4',705,,43710,38,0,10 40 41,1,45,,43709,44,0,13 40 41,1,85,,43708,38,0,10 40 41,1,86,,43679,44,0,13 40 41,1,85,,43680,38,0,10 40 41,1,30,,43681,44,0,13 40 41,1,64,,43682,38,0,10 40 41,1,30,,43683,44,0,13 40 41,1,27,,43684,38,0,10 40 41,1,71,,43685,44,0,13 40 41,1,29,,43686,38,0,10 40 41,1,72,,43687,44,0,13 40 41,1,30,,43688,38,0,10 40 41,1,70,,43689,44,0,13 40 41,1,30,,43690,38,0,10 40 41,1,70,,43691,44,0,13 40 41,1,30,,43692,38,0,10 40 41,1,70,,43693,44,0,13 40 41,1,30,,43694,38,0,10 40 41,1,69,,43695,44,0,13 40 41,1,30,,43696,38,0,10 40 41,1,70,,43697,44,0,13 40 41,1,30,,43698,38,0,10 40 41,1,70,,43699,44,0,13 40 41,1,28,,43700,38,0,10 40 41,1,72,,43701,44,0,13 40 41,1,30,,43702,38,0,10 40 41,1,72,,43703,44,0,13 40 41,1,28,,43704,38,0,10 40 41,1,70,,43705,44,0,13 40 41,1,78,,43678,38,0,10 40 41,1
1700,'11802',707,,46724,16,,,1,225,,46728,16,,,1
1700,'2',630,,46739,36,0,10 23 20,1,20,,46740,44,0,13 23 20,1,60,,46780,36,0,10 23 20,1,20,,46741,44,0,13 23 20,1,21,,46781,36,0,10 23 20,1,59,,46742,44,0,13 23 20,1,20,,46743,36,0,10 23 20,1,18,,46744,44,0,13 23 20,1,60,,46745,36,0,10 23 20,1,20,,46746,44,0,13 23 20,1,20,,46747,36,0,10 23 20,1,60,,46748,44,0,13 23 20,1,20,,46749,36,0,10 23 20,1,20,,46750,44,0,13 23 20,1,60,,46751,36,0,10 23 20,1,20,,46752,44,0,13 23 20,1,20,,46753,36,0,10 23 20,1,60,,46754,44,0,13 23 20,1,20,,46755,36,0,10 23 20,1,21,,46756,44,0,13 23 20,1,61,,46757,36,0,10 23 20,1,24,,46758,44,0,13 23 20,1,23,,46759,36,0,10 23 20,1,61,,46760,44,0,13 23 20,1,20,,46761,36,0,10 23 20,1,20,,46762,44,0,13 23 20,1,58,,46763,36,0,10 23 20,1,20,,46764,44,0,13 23 20,1,17,,46765,36,0,10 23 20,1,55,,46766,44,0,13 23 20,1,21,,46767,36,0,10 23 20,1,23,,46768,44,0,13 23 20,1,60,,46769,36,0,10 23 20,1,20,,46770,44,0,13 23 20,1,22,,46771,36,0,10 23 20,1,54,,46772,44,0,13 23 20,1,23,,46773,36,0,10 23 20,1,23,,46782,36,0,10 23 20,1,61,,46775,44,0,13 23 20,1,14,,46729,36,0,10 23 20,1,19,,46738,36,0,10 23 20,1,59,,46737,36,0,10 23 20,1,19,,46736,36,0,10 23 20,1,19,,46735,36,0,10 23 20,1,59,,46734,36,0,10 23 20,1,17,,46733,36,0,10 23 20,1,21,,46731,36,0,10 23 20,1,70,,46732,36,0,10 23 20,1,25,,46730,36,0,10 23 20,1,20,,46776,36,0,10 23 20,1,65,,46777,36,0,10 23 20,1,25,,46778,36,0,10 23 20,1,65,,46779,36,0,10 23 20,1,22,,46783,36,0,10 23 20,1,25,,46784,36,0,10 23 20,1
1700,'3',624,,46819,36,0,10 23 20,1,78,,46817,36,0,10 23 20,1,36,,46818,36,0,10 23 20,1,80,,46816,36,0,10 23 20,1,35,,46815,36,0,10 23 20,1,70,,46814,36,0,10 23 20,1,81,,46813,36,0,10 23 20,1,31,,46812,36,0,10 23 20,1,72,,46811,36,0,10 23 20,1,30,,46820,36,0,10 23 20,1,70,,46810,36,0,10 23 20,1,31,,46809,36,0,10 23 20,1,70,,46808,36,0,10 23 20,1,30,,46807,36,0,10 23 20,1,70,,46806,36,0,10 23 20,1,30,,46805,36,0,10 23 20,1,70,,46804,36,0,10 23 20,1,30,,46803,36,0,10 23 20,1,70,,46802,36,0,10 23 20,1,30,,46801,36,0,10 23 20,1,70,,46800,36,0,10 23 20,1,30,,46799,36,0,10 23 20,1,69,,46798,36,0,10 23 20,1,30,,46797,36,0,10 23 20,1,68,,46796,36,0,10 23 20,1,30,,46795,36,0,10 23 20,1,20,,46794,36,0,10 23 20,1,70,,46793,36,0,10 23 20,1,30,,46792,36,0,10 23 20,1,70,,46791,36,0,10 23 20,1,14,,46790,36,0,10 23 20,1,69,,46789,36,0,10 23 20,1,30,,46788,36,0,10 23 20,1,70,,46787,36,0,10 23 20,1,15,,46821,36,0,10 23 20,1,30,,46786,36,0,10 23 20,1,63,,46822,36,0,10 23 20,1,19,,46823,36,0,10 23 20,1,20,,46824,36,0,10 23 20,1
1700,'30',649,,46855,36,0,10 23 20,1,75,,46856,36,0,10 23 20,1,35,,46857,36,0,10 23 20,1,75,,46858,36,0,10 23 20,1,75,,46828,36,0,10 23 20,1,30,,46829,36,0,10 23 20,1,70,,46830,36,0,10 23 20,1,30,,46831,36,0,10 23 20,1,65,,46832,36,0,10 23 20,1,25,,46833,36,0,10 23 20,1,22,,46834,36,0,10 23 20,1,72,,46835,36,0,10 23 20,1,30,,46836,36,0,10 23 20,1,65,,46837,36,0,10 23 20,1,25,,46838,36,0,10 23 20,1,70,,46839,36,0,10 23 20,1,30,,46840,36,0,10 23 20,1,68,,46841,36,0,10 23 20,1,30,,46842,36,0,10 23 20,1,70,,46843,36,0,10 23 20,1,30,,46844,36,0,10 23 20,1,70,,46845,36,0,10 23 20,1,30,,46846,36,0,10 23 20,1,60,,46847,36,0,10 23 20,1,29,,46848,36,0,10 23 20,1,70,,46849,36,0,10 23 20,1,30,,46850,36,0,10 23 20,1,80,,46851,36,0,10 23 20,1,35,,46852,36,0,10 23 20,1,75,,46853,36,0,10 23 20,1,35,,46854,36,0,10 23 20,1,71,,46827,36,0,10 23 20,1,30,,46860,36,0,10 23 20,1,75,,46859,36,0,10 23 20,1
1700,'4',649,,46890,36,0,10 23 20,1,75,,46891,36,0,10 23 20,1,35,,46892,36,0,10 23 20,1,75,,46893,36,0,10 23 20,1,75,,46863,36,0,10 23 20,1,30,,46864,36,0,10 23 20,1,70,,46865,36,0,10 23 20,1,30,,46866,36,0,10 23 20,1,65,,46867,36,0,10 23 20,1,25,,46868,36,0,10 23 20,1,22,,46869,36,0,10 23 20,1,72,,46870,36,0,10 23 20,1,30,,46871,36,0,10 23 20,1,65,,46872,36,0,10 23 20,1,25,,46873,36,0,10 23 20,1,70,,46874,36,0,10 23 20,1,30,,46875,36,0,10 23 20,1,68,,46876,36,0,10 23 20,1,30,,46877,36,0,10 23 20,1,70,,46878,36,0,10 23 20,1,30,,46879,36,0,10 23 20,1,70,,46880,36,0,10 23 20,1,30,,46881,36,0,10 23 20,1,60,,46882,36,0,10 23 20,1,29,,46883,36,0,10 23 20,1,70,,46884,36,0,10 23 20,1,30,,46885,36,0,10 23 20,1,80,,46886,36,0,10 23 20,1,35,,46887,36,0,10 23 20,1,75,,46888,36,0,10 23 20,1,35,,46889,36,0,10 23 20,1,71,,46862,36,0,10 23 20,1,30,,46895,36,0,10 23 20,1,75,,46894,36,0,10 23 20,1
10400,'3302',718,,50469,9,,,1,27,,50470,9,,,1,69,,50471,15,,,1,30,,50472,15,,,1,72,,50473,15,,,1,30,,50474,15,,,1,70,,50475,15,,,1,30,,50476,15,,,1,69,,50477,15,,,1,31,,50478,15,,,1,68,,50479,15,,,1,32,,50480,15,,,1,67,,50481,15,,,1,32,,50482,15,,,1,66,,50483,15,,,1,29,,50484,15,,,1,71,,50485,15,,,1,32,,50486,15,,,1,71,,50487,15,,,1,30,,50488,15,,,1,71,,50489,15,,,1,33,,50490,15,,,1,68,,50491,15,,,1,26,,50492,15,,,1
10400,'3903',1014,,50510,9,,,1,28,,50495,15,,,1,61,,50496,15,,,1,30,,50497,15,,,1,67,,50498,15,,,1,30,,50499,15,,,1,20,,50500,15,,,1,70,,50501,15,,,1,25,,50502,15,,,1,71,,50503,15,,,1,28,,50504,15,,,1,71,,50505,15,,,1,30,,50506,15,,,1,70,,50507,15,,,1,29,,50508,15,,,1,70,,50509,15,,,1,30,,50494,15,,,1,70,,50493,15,,,1
