400,'11802',1508,,43357,25,0,13 18 19 20,1,248,,43358,25,0,10 18 19 20,1
400,'2',626,,43385,25,0,13 18 19 20,1,82,,43384,25,0,10 18 19 20,1,15,,43383,25,0,13 18 19 20,1,15,,43382,25,0,10 18 19 20,1,15,,43381,25,0,13 18 19 20,1,55,,43380,25,0,10 18 19 20,1,15,,43379,25,0,13 18 19 20,1,15,,43378,25,0,10 18 19 20,1,15,,43377,25,0,13 18 19 20,1,60,,43376,25,0,10 18 19 20,1,20,,43375,25,0,13 18 19 20,1,20,,43374,25,0,10 18 19 20,1,60,,43373,25,0,13 18 19 20,1,20,,43372,25,0,10 18 19 20,1,20,,43371,25,0,13 18 19 20,1,60,,43370,25,0,10 18 19 20,1,20,,43369,25,0,13 18 19 20,1,20,,43368,25,0,10 18 19 20,1,60,,43367,25,0,13 18 19 20,1,20,,43366,25,0,10 18 19 20,1,20,,43365,25,0,13 18 19 20,1,60,,43364,25,0,10 18 19 20,1,20,,43363,25,0,13 18 19 20,1,17,,43362,25,0,10 18 19 20,1,55,,43387,25,0,13 18 19 20,1,10,,43388,25,0,10 18 19 20,1,15,,43396,25,0,13 18 19 20,1,15,,43389,25,0,10 18 19 20,1,55,,43397,25,0,13 18 19 20,1,15,,43390,25,0,10 18 19 20,1,15,,43398,25,0,13 18 19 20,1,15,,43391,25,0,10 18 19 20,1,14,,43399,25,0,13 18 19 20,1,55,,43392,25,0,10 18 19 20,1,15,,43400,25,0,13 18 19 20,1,10,,43393,25,0,10 18 19 20,1,15,,43401,25,0,13 18 19 20,1,55,,43394,25,0,10 18 19 20,1,10,,43402,25,0,13 18 19 20,1,15,,43395,25,0,10 18 19 20,1,10,,43403,25,0,13 18 19 20,1,61,,43404,25,0,10 18 19 20,1,20,,43405,25,0,13 18 19 20,1,15,,43409,25,0,10 18 19 20,1,60,,43406,25,0,13 18 19 20,1,20,,43410,25,0,10 18 19 20,1,20,,43407,25,0,13 18 19 20,1,60,,43411,25,0,10 18 19 20,1,20,,43408,25,0,13 18 19 20,1,17,,43412,25,0,10 18 19 20,1,15,,43413,25,0,13 18 19 20,1,65,,43416,25,0,10 18 19 20,1,30,,43414,25,0,13 18 19 20,1,70,,43417,25,0,10 18 19 20,1,30,,43415,25,0,13 18 19 20,1,70,,43418,25,0,10 18 19 20,1,40,,43419,25,0,13 18 19 20,1,99,,43420,25,0,13 18 19 20,1
400,'3',613,,43423,25,0,13 18 19 20,1,13,,43422,25,0,10 18 19 20,1,32,,43425,25,0,13 18 19 20,1,70,,43432,25,0,10 18 19 20,1,30,,43426,25,0,13 18 19 20,1,70,,43433,25,0,10 18 19 20,1,30,,43427,25,0,13 18 19 20,1,70,,43434,25,0,10 18 19 20,1,30,,43428,25,0,13 18 19 20,1,70,,43435,25,0,10 18 19 20,1,30,,43429,25,0,13 18 19 20,1,70,,43436,25,0,10 18 19 20,1,30,,43430,25,0,13 18 19 20,1,67,,43437,25,0,10 18 19 20,1,29,,43431,25,0,13 18 19 20,1,63,,43438,25,0,10 18 19 20,1,20,,43443,25,0,13 18 19 20,1,65,,43439,25,0,10 18 19 20,1,25,,43444,25,0,13 18 19 20,1,25,,43440,25,0,10 18 19 20,1,65,,43445,25,0,13 18 19 20,1,25,,43441,25,0,10 18 19 20,1,65,,43446,25,0,13 18 19 20,1,25,,43442,25,0,10 18 19 20,1,25,,43447,25,0,13 18 19 20,1,65,,43454,25,0,10 18 19 20,1,25,,43450,25,0,13 18 19 20,1,65,,43455,25,0,10 18 19 20,1,25,,43451,25,0,13 18 19 20,1,65,,43456,25,0,10 18 19 20,1,25,,43452,25,0,13 18 19 20,1,25,,43457,25,0,10 18 19 20,1,65,,43453,25,0,13 18 19 20,1,25,,43458,25,0,10 18 19 20,1,61,,43459,25,0,13 18 19 20,1,30,,43462,25,0,10 18 19 20,1,75,,43460,25,0,13 18 19 20,1,30,,43463,25,0,10 18 19 20,1,70,,43461,25,0,13 18 19 20,1,30,,43464,25,0,10 18 19 20,1,66,,43448,25,0,13 18 19 20,1,54,,43449,25,0,10 18 19 20,1
400,'30',656,,43495,25,0,13 18 19 20,1,82,,43496,25,0,10 18 19 20,1,80,,43497,25,0,13 18 19 20,1,85,,43467,25,0,10 18 19 20,1,35,,43468,25,0,13 18 19 20,1,65,,43469,25,0,10 18 19 20,1,30,,43470,25,0,13 18 19 20,1,70,,43471,25,0,10 18 19 20,1,30,,43472,25,0,13 18 19 20,1,70,,43473,25,0,10 18 19 20,1,26,,43474,25,0,13 18 19 20,1,30,,43475,25,0,10 18 19 20,1,70,,43476,25,0,13 18 19 20,1,30,,43477,25,0,10 18 19 20,1,70,,43478,25,0,13 18 19 20,1,30,,43479,25,0,10 18 19 20,1,70,,43480,25,0,13 18 19 20,1,30,,43481,25,0,10 18 19 20,1,70,,43482,25,0,13 18 19 20,1,30,,43483,25,0,10 18 19 20,1,70,,43484,25,0,13 18 19 20,1,30,,43485,25,0,10 18 19 20,1,72,,43486,25,0,13 18 19 20,1,70,,43487,25,0,10 18 19 20,1,30,,43488,25,0,13 18 19 20,1,70,,43489,25,0,10 18 19 20,1,30,,43490,25,0,13 18 19 20,1,70,,43491,25,0,10 18 19 20,1,30,,43492,25,0,13 18 19 20,1,70,,43493,25,0,10 18 19 20,1,26,,43494,25,0,13 18 19 20,1,29,,43465,25,0,10 18 19 20,1
400,'4',656,,43528,25,0,13 18 19 20,1,82,,43529,25,0,10 18 19 20,1,80,,43530,25,0,13 18 19 20,1,85,,43500,25,0,10 18 19 20,1,35,,43501,25,0,13 18 19 20,1,65,,43502,25,0,10 18 19 20,1,30,,43503,25,0,13 18 19 20,1,70,,43504,25,0,10 18 19 20,1,30,,43505,25,0,13 18 19 20,1,70,,43506,25,0,10 18 19 20,1,26,,43507,25,0,13 18 19 20,1,30,,43508,25,0,10 18 19 20,1,70,,43509,25,0,13 18 19 20,1,30,,43510,25,0,10 18 19 20,1,70,,43511,25,0,13 18 19 20,1,30,,43512,25,0,10 18 19 20,1,70,,43513,25,0,13 18 19 20,1,30,,43514,25,0,10 18 19 20,1,70,,43515,25,0,13 18 19 20,1,30,,43516,25,0,10 18 19 20,1,70,,43517,25,0,13 18 19 20,1,30,,43518,25,0,10 18 19 20,1,72,,43519,25,0,13 18 19 20,1,70,,43520,25,0,10 18 19 20,1,30,,43521,25,0,13 18 19 20,1,70,,43522,25,0,10 18 19 20,1,30,,43523,25,0,13 18 19 20,1,70,,43524,25,0,10 18 19 20,1,30,,43525,25,0,13 18 19 20,1,70,,43526,25,0,10 18 19 20,1,26,,43527,25,0,13 18 19 20,1,29,,43498,25,0,10 18 19 20,1
601,'2',626,,44069,14,,,1,77,,44071,14,,,1,35,,44072,14,,,1,65,,44073,14,,,1,25,,44074,14,,,1,25,,44075,14,,,1,69,,44077,14,,,1,25,,44078,14,,,1,70,,44079,14,,,1,30,,44080,14,,,1,65,,44081,14,,,1,30,,44082,14,,,1,69,,44083,14,,,1,30,,44084,14,,,1,70,,44085,14,,,1,25,,44086,14,,,1,70,,44087,14,,,1,30,,44088,14,,,1,70,,44089,14,,,1,30,,44090,14,,,1,70,,44091,14,,,1,25,,44092,14,,,1,70,,44093,14,,,1,30,,44094,14,,,1,70,,44095,14,,,1,25,,44096,14,,,1,25,,44097,14,,,1,65,,44098,14,,,1,25,,44099,14,,,1,61,,44100,14,,,1,25,,44101,14,,,1,26,,44102,14,,,1,65,,44103,14,,,1,25,,44104,14,,,1,65,,44105,14,,,1,25,,44106,14,,,1,25,,44107,14,,,1,65,,44108,14,,,1,26,,44109,14,,,1,67,,44110,14,,,1,43,,44111,14,,,1
601,'3',616,,44113,14,,,1,33,,44114,14,,,1,75,,44115,14,,,1,35,,44116,14,,,1,75,,44117,14,,,1,75,,44118,14,,,1,35,,44119,14,,,1,65,,44120,14,,,1,20,,44121,14,,,1,30,,44122,14,,,1,65,,44123,14,,,1,20,,44124,14,,,1,69,,44126,14,,,1,20,,44127,14,,,1,20,,44128,14,,,1,60,,44129,14,,,1,20,,44130,14,,,1,20,,44131,14,,,1,59,,44132,14,,,1,20,,44133,14,,,1,20,,44134,14,,,1,60,,44135,14,,,1,20,,44136,14,,,1,20,,44137,14,,,1,60,,44138,14,,,1,20,,44139,14,,,1,20,,44140,14,,,1,60,,44141,14,,,1,20,,44142,14,,,1,20,,44143,14,,,1,60,,44144,14,,,1,20,,44146,14,,,1,16,,44145,14,0,37 3 45,1,60,,44147,14,,,1,25,,44148,14,,,1,25,,44149,14,,,1,65,,44150,14,,,1,28,,44151,14,,,1,58,,44152,14,0,37 3 45,1,23,,44153,14,,,1,70,,44154,14,,,1,36,,44155,14,,,1,76,,44156,14,,,1,36,,44157,14,,,1,73,,44158,14,,,1,35,,44159,14,,,1
601,'30',914,,44160,14,,,1,33,,44161,14,,,1,75,,44162,14,,,1,35,,44163,14,,,1,78,,44164,14,,,1,78,,44165,14,,,1,25,,44166,14,,,1,65,,44167,14,,,1,25,,44168,14,,,1,25,,44169,14,,,1,65,,44170,14,,,1,25,,44171,14,,,1,65,,44172,14,,,1,25,,44173,14,,,1,25,,44174,14,,,1,65,,44175,14,,,1,25,,44176,14,,,1,70,,44177,14,,,1,25,,44178,14,,,1,13,,44179,14,0,37 3 45,1,64,,44180,14,,,1,32,,44181,14,,,1,75,,44182,14,,,1,75,,44183,14,,,1,35,,44184,14,,,1,75,,44185,14,,,1,35,,44186,14,,,1,74,,44187,14,,,1,35,,44189,14,,,1,73,,44188,14,0,37 3 45,1
601,'4',914,,44190,14,,,1,33,,44191,14,,,1,75,,44192,14,,,1,35,,44193,14,,,1,78,,44194,14,,,1,78,,44195,14,,,1,25,,44196,14,,,1,65,,44197,14,,,1,25,,44198,14,,,1,25,,44199,14,,,1,65,,44200,14,,,1,25,,44201,14,,,1,65,,44202,14,,,1,25,,44203,14,,,1,25,,44204,14,,,1,65,,44205,14,,,1,25,,44206,14,,,1,70,,44207,14,,,1,25,,44208,14,,,1,13,,44209,14,0,37 3 45,1,64,,44210,14,,,1,32,,44211,14,,,1,75,,44212,14,,,1,75,,44213,14,,,1,35,,44214,14,,,1,75,,44215,14,,,1,35,,44216,14,,,1,74,,44217,14,,,1,35,,44219,14,,,1,73,,44218,14,0,37 3 45,1
1300,'11802',836,,45507,22,,,1,768,,45508,22,,,1,131,,45509,22,,,1
1300,'2',626,,45511,22,0,10 18 19 20,1,18,,45512,22,,,1,14,,45513,22,0,10 18 19 20,1,55,,45514,22,,,1,10,,45515,22,0,10 18 19 20,1,15,,45516,22,,,1,15,,45517,22,0,10 18 19 20,1,55,,45518,22,,,1,15,,45519,22,0,10 18 19 20,1,15,,45520,22,,,1,15,,45521,22,0,10 18 19 20,1,55,,45522,22,,,1,15,,45523,22,0,10 18 19 20,1,15,,45524,22,,,1,15,,45525,22,0,10 18 19 20,1,50,,45526,22,,,1,15,,45527,22,0,10 18 19 20,1,15,,45528,22,,,1,15,,45529,22,0,10 18 19 20,1,55,,45530,22,,,1,15,,45531,22,0,10 18 19 20,1,15,,45532,22,,,1,15,,45533,22,0,10 18 19 20,1,10,,45534,22,,,1,55,,45535,22,0,10 18 19 20,1,15,,45536,22,,,1,15,,45537,22,0,10 18 19 20,1,15,,45538,22,,,1,55,,45539,22,0,10 18 19 20,1,15,,45540,22,,,1,15,,45541,22,0,10 18 19 20,1,15,,45542,22,,,1,55,,45543,22,0,10 18 19 20,1,15,,45544,22,,,1,15,,45545,22,0,10 18 19 20,1,15,,45546,22,,,1,55,,45547,22,0,10 18 19 20,1,15,,45548,22,,,1,15,,45549,22,0,10 18 19 20,1,15,,45550,22,,,1,54,,45551,22,0,10 18 19 20,1,15,,45552,22,,,1,15,,45553,22,0,10 18 19 20,1,15,,45554,22,,,1,55,,45555,22,0,10 18 19 20,1,15,,45556,22,,,1,15,,45557,22,0,10 18 19 20,1,15,,45558,22,,,1,56,,45559,22,0,10 18 19 20,1,20,,45564,22,,,1,20,,45560,22,0,10 18 19 20,1,60,,45565,22,,,1,20,,45561,22,0,10 18 19 20,1,20,,45566,22,,,1,60,,45562,22,0,10 18 19 20,1,20,,45567,22,,,1,20,,45563,22,,,1,70,,45568,22,0,10 18 19 20,1,25,,45571,22,,,1,65,,45569,22,0,10 18 19 20,1,27,,45572,22,,,1,73,,45570,22,0,10 18 19 20,1,30,,45573,22,,,1,66,,45575,22,0,10 18 19 20,1,47,,45574,22,,,1
1300,'3',625,,45580,22,0,10 18 19 20,1,78,,45581,22,,,1,35,,45582,22,0,10 18 19 20,1,75,,45583,22,,,1,11,,45587,22,0,10 18 19 20,1,16,,45584,22,,,1,16,,45588,22,0,10 18 19 20,1,56,,45585,22,,,1,16,,45589,22,,,1,16,,45586,22,0,10 18 19 20,1,56,,45590,22,,,1,15,,45591,22,0,10 18 19 20,1,15,,45596,22,,,1,15,,45592,22,0,10 18 19 20,1,55,,45597,22,,,1,15,,45593,22,0,10 18 19 20,1,15,,45598,22,,,1,15,,45594,22,0,10 18 19 20,1,55,,45599,22,,,1,15,,45595,22,,,1,15,,45600,22,0,10 18 19 20,1,15,,45609,22,,,1,55,,45601,22,0,10 18 19 20,1,15,,45610,22,,,1,15,,45602,22,0,10 18 19 20,1,15,,45611,22,,,1,55,,45603,22,0,10 18 19 20,1,15,,45612,22,,,1,15,,45604,22,0,10 18 19 20,1,15,,45613,22,,,1,55,,45605,22,0,10 18 19 20,1,15,,45614,22,,,1,15,,45606,22,0,10 18 19 20,1,15,,45615,22,,,1,55,,45607,22,0,10 18 19 20,1,15,,45616,22,,,1,15,,45608,22,0,10 18 19 20,1,10,,45617,22,,,1,15,,45620,22,0,10 18 19 20,1,55,,45618,22,,,1,15,,45621,22,0,10 18 19 20,1,15,,45619,22,,,1,15,,45622,22,,,1,54,,45623,22,0,10 18 19 20,1,15,,45647,22,,,1,15,,45627,22,,,1,15,,45624,22,0,10 18 19 20,1,60,,45628,22,,,1,15,,45625,22,0,10 18 19 20,1,20,,45629,22,,,1,60,,45626,22,0,10 18 19 20,1,20,,45630,22,,,1,20,,45634,22,,,1,70,,45631,22,0,10 18 19 20,1,25,,45635,22,,,1,65,,45632,22,0,10 18 19 20,1,30,,45636,22,,,1,70,,45633,22,0,10 18 19 20,1,19,,45637,22,,,1,20,,45638,22,0,10 18 19 20,1,71,,45640,22,,,1,37,,45639,22,0,10 18 19 20,1
1300,'30',655,,45670,22,,,1,83,,45672,22,0,10 18 19 20,1,75,,45671,22,,,1,35,,45673,22,0,10 18 19 20,1,75,,45658,22,,,1,30,,45669,22,0,10 18 19 20,1,55,,45657,22,,,1,30,,45668,22,0,10 18 19 20,1,70,,45656,22,,,1,30,,45667,22,0,10 18 19 20,1,64,,45655,22,,,1,32,,45666,22,0,10 18 19 20,1,70,,45654,22,,,1,30,,45665,22,0,10 18 19 20,1,70,,45653,22,,,1,30,,45664,22,0,10 18 19 20,1,70,,45652,22,,,1,30,,45663,22,0,10 18 19 20,1,70,,45651,22,,,1,30,,45662,22,0,10 18 19 20,1,70,,45650,22,,,1,30,,45661,22,0,10 18 19 20,1,25,,45649,22,,,1,70,,45660,22,0,10 18 19 20,1,71,,45648,22,,,1,24,,45674,22,0,10 18 19 20,1,20,,45677,22,,,1,70,,45675,22,0,10 18 19 20,1,30,,45678,22,,,1,70,,45676,22,0,10 18 19 20,1,30,,45679,22,0,10 18 19 20,1,71,,45680,22,,,1,41,,45659,22,0,10 18 19 20,1
1300,'4',655,,45703,22,,,1,83,,45705,22,0,10 18 19 20,1,75,,45704,22,,,1,35,,45706,22,0,10 18 19 20,1,75,,45691,22,,,1,30,,45702,22,0,10 18 19 20,1,55,,45690,22,,,1,30,,45701,22,0,10 18 19 20,1,70,,45689,22,,,1,30,,45700,22,0,10 18 19 20,1,64,,45688,22,,,1,32,,45699,22,0,10 18 19 20,1,70,,45687,22,,,1,30,,45698,22,0,10 18 19 20,1,70,,45686,22,,,1,30,,45697,22,0,10 18 19 20,1,70,,45685,22,,,1,30,,45696,22,0,10 18 19 20,1,70,,45684,22,,,1,30,,45695,22,0,10 18 19 20,1,70,,45683,22,,,1,30,,45694,22,0,10 18 19 20,1,25,,45682,22,,,1,70,,45693,22,0,10 18 19 20,1,71,,45681,22,,,1,24,,45707,22,0,10 18 19 20,1,20,,45710,22,,,1,70,,45708,22,0,10 18 19 20,1,30,,45711,22,,,1,70,,45709,22,0,10 18 19 20,1,30,,45712,22,0,10 18 19 20,1,71,,45713,22,,,1,41,,45692,22,0,10 18 19 20,1
1500,'2',626,,45918,34,0,13 28 3 8,1,22,,45919,34,0,13 28 3 8,1,60,,45923,34,0,10 29,1,15,,45920,34,0,13 28 3 8,1,16,,45924,34,0,10 29,1,11,,45921,34,0,13 28 3 8,1,56,,45925,34,0,10 29,1,16,,45922,34,0,13 28 3 8,1,16,,45926,34,0,10 29,1,16,,45927,34,0,13 28 3 8,1,55,,45944,34,0,10 29,1,15,,45928,34,0,13 28 3 8,1,15,,45945,34,0,10 29,1,15,,45929,34,0,13 28 3 8,1,55,,45946,34,0,10 29,1,15,,45930,34,0,13 28 3 8,1,15,,45947,34,0,10 29,1,15,,45931,34,0,13 28 3 8,1,55,,45948,34,0,10 29,1,15,,45932,34,0,13 28 3 8,1,15,,45949,34,0,10 29,1,15,,45933,34,0,13 28 3 8,1,55,,45950,34,0,10 29,1,15,,45934,34,0,13 28 3 8,1,15,,45951,34,0,10 29,1,15,,45935,34,0,13 28 3 8,1,55,,45952,34,0,10 29,1,15,,45936,34,0,13 28 3 8,1,15,,45953,34,0,10 29,1,15,,45937,34,0,13 28 3 8,1,54,,45954,34,0,10 29,1,15,,45938,34,0,13 28 3 8,1,15,,45955,34,0,10 29,1,15,,45939,34,0,13 28 3 8,1,50,,45956,34,0,10 29,1,15,,45940,34,0,13 28 3 8,1,15,,45957,34,0,10 29,1,14,,45941,34,0,13 28 3 8,1,58,,45958,34,0,10 29,1,15,,45942,34,0,13 28 3 8,1,17,,45959,34,0,10 29,1,17,,45943,34,0,13 28 3 8,1,57,,45960,34,0,10 29,1,15,,45961,34,0,13 28 3 8,1,17,,45962,34,0,10 29,1,16,,45963,34,0,13 28 3 8,1,59,,45965,34,0,10 29,1,14,,45966,34,0,13 28 3 8,1,26,,45967,34,0,10 29,1,60,,45968,34,0,13 28 3 8,1,20,,45969,34,0,10 29,1,65,,45970,34,0,13 28 3 8,1,30,,45971,34,0,10 29,1,70,,45972,34,0,13 28 3 8,1,27,,45973,34,0,10 29,1,70,,45974,34,0,13 28 3 8,1,30,,45975,34,0,10 29,1,70,,45976,34,0,13 28 3 8,1,30,,45977,34,0,10 29,1,70,,45978,34,0,13 28 3 8,1,28,,45979,34,0,10 29,1,30,,45964,34,0,13 28 3 8,1
1500,'3',626,,45985,34,0,10 29,1,27,,45986,34,0,13 28 3 8,1,70,,45987,34,0,10 29,1,30,,45988,34,0,13 28 3 8,1,64,,45990,34,0,10 29,1,31,,45989,34,0,13 28 3 8,1,69,,45991,34,0,10 29,1,31,,45992,34,0,13 28 3 8,1,70,,45993,34,0,10 29,1,19,,46005,34,0,13 28 3 8,1,16,,45994,34,0,10 29,1,59,,46006,34,0,13 28 3 8,1,21,,45995,34,0,10 29,1,19,,46007,34,0,13 28 3 8,1,60,,45996,34,0,10 29,1,20,,46008,34,0,13 28 3 8,1,20,,45997,34,0,10 29,1,60,,46009,34,0,13 28 3 8,1,20,,45998,34,0,10 29,1,20,,46010,34,0,13 28 3 8,1,60,,45999,34,0,10 29,1,20,,46011,34,0,13 28 3 8,1,20,,46000,34,0,10 29,1,60,,46012,34,0,13 28 3 8,1,20,,46001,34,0,10 29,1,20,,46013,34,0,13 28 3 8,1,60,,46002,34,0,10 29,1,20,,46014,34,0,13 28 3 8,1,20,,46003,34,0,10 29,1,60,,46015,34,0,13 28 3 8,1,18,,46004,34,0,13 28 3 8,1,22,,46016,34,0,10 29,1,71,,46022,34,0,13 28 3 8,1,29,,46017,34,0,10 29,1,71,,46023,34,0,13 28 3 8,1,29,,46018,34,0,10 29,1,71,,46024,34,0,13 28 3 8,1,29,,46019,34,0,10 29,1,66,,46025,34,0,13 28 3 8,1,30,,46020,34,0,10 29,1,65,,46026,34,0,13 28 3 8,1,25,,46021,34,0,10 29,1,70,,46027,34,0,13 28 3 8,1,26,,46029,34,0,10 29,1,70,,46033,34,0,10 29,1,52,,46028,34,0,10 29,1
1500,'30',628,,46071,34,0,10 29,1,28,,46034,34,0,13 28 3 8,1,65,,46070,34,0,10 29,1,27,,46069,34,0,13 28 3 8,1,65,,46035,34,0,10 29,1,34,,46036,34,0,13 28 3 8,1,68,,46037,34,0,10 29,1,22,,46038,34,0,13 28 3 8,1,22,,46039,34,0,10 29,1,70,,46040,34,0,13 28 3 8,1,30,,46041,34,0,10 29,1,65,,46042,34,0,13 28 3 8,1,27,,46043,34,0,10 29,1,69,,46044,34,0,13 28 3 8,1,30,,46045,34,0,10 29,1,70,,46046,34,0,13 28 3 8,1,30,,46047,34,0,10 29,1,70,,46048,34,0,13 28 3 8,1,30,,46049,34,0,10 29,1,70,,46050,34,0,13 28 3 8,1,30,,46051,34,0,10 29,1,70,,46052,34,0,13 28 3 8,1,30,,46053,34,0,10 29,1,71,,46054,34,0,13 28 3 8,1,30,,46055,34,0,10 29,1,70,,46056,34,0,13 28 3 8,1,25,,46057,34,0,10 29,1,70,,46058,34,0,13 28 3 8,1,25,,46059,34,0,10 29,1,70,,46060,34,0,13 28 3 8,1,30,,46061,34,0,10 29,1,65,,46062,34,0,13 28 3 8,1,30,,46063,34,0,10 29,1,67,,46064,34,0,13 28 3 8,1,29,,46065,34,0,10 29,1,24,,46066,34,0,13 28 3 8,1
1500,'4',628,,46109,34,0,10 29,1,28,,46072,34,0,13 28 3 8,1,65,,46108,34,0,10 29,1,27,,46107,34,0,13 28 3 8,1,65,,46073,34,0,10 29,1,34,,46074,34,0,13 28 3 8,1,68,,46075,34,0,10 29,1,22,,46076,34,0,13 28 3 8,1,22,,46077,34,0,10 29,1,70,,46078,34,0,13 28 3 8,1,30,,46079,34,0,10 29,1,65,,46080,34,0,13 28 3 8,1,27,,46081,34,0,10 29,1,69,,46082,34,0,13 28 3 8,1,30,,46083,34,0,10 29,1,70,,46084,34,0,13 28 3 8,1,30,,46085,34,0,10 29,1,70,,46086,34,0,13 28 3 8,1,30,,46087,34,0,10 29,1,70,,46088,34,0,13 28 3 8,1,30,,46089,34,0,10 29,1,70,,46090,34,0,13 28 3 8,1,30,,46091,34,0,10 29,1,71,,46092,34,0,13 28 3 8,1,30,,46093,34,0,10 29,1,70,,46094,34,0,13 28 3 8,1,25,,46095,34,0,10 29,1,70,,46096,34,0,13 28 3 8,1,25,,46097,34,0,10 29,1,70,,46098,34,0,13 28 3 8,1,30,,46099,34,0,10 29,1,65,,46100,34,0,13 28 3 8,1,30,,46101,34,0,10 29,1,67,,46102,34,0,13 28 3 8,1,29,,46103,34,0,10 29,1,24,,46104,34,0,13 28 3 8,1
10200,'11802',901,,50235,18,,,1,827,,50234,18,,,1
10200,'3302',644,,50295,18,,,1,65,,50294,18,,,1,25,,50293,18,,,1,20,,50292,18,,,1,70,,50291,18,,,1,23,,50236,18,,,1,10,,50237,18,,,1,59,,50238,18,,,1,21,,50239,18,,,1,10,,50240,18,,,1,60,,50241,18,,,1,20,,50242,18,,,1,5,,50243,18,,,1,18,,50244,18,,,1,62,,50245,18,,,1,11,,50246,18,,,1,11,,50247,18,,,1,21,,50248,18,,,1,51,,50249,18,,,1,11,,50250,18,,,1,22,,50251,18,,,1,11,,50252,18,,,1,51,,50253,18,,,1,22,,50254,18,,,1,11,,50255,18,,,1,11,,50256,18,,,1,62,,50257,18,,,1,11,,50258,18,,,1,13,,50259,18,,,1,25,,50260,18,,,1,52,,50261,18,,,1,12,,50262,18,,,1,22,,50263,18,,,1,14,,50264,18,,,1,52,,50265,18,,,1,24,,50266,18,,,1,12,,50267,18,,,1,12,,50268,18,,,1,64,,50269,18,,,1,15,,50270,18,,,1,12,,50271,18,,,1,54,,50273,18,,,1,13,,50272,18,,,1,13,,50274,18,,,1,30,,50275,18,,,1,55,,50276,18,,,1,30,,50277,18,,,1,15,,50278,18,,,1,70,,50279,18,,,1,17,,50280,18,,,1,67,,50281,18,,,1,20,,50282,18,,,1,20,,50283,18,,,1,60,,50284,18,,,1,20,,50285,18,,,1,20,,50286,18,,,1,60,,50287,18,,,1,20,,50288,18,,,1,14,,50290,18,,,1,60,,50289,18,,,1
10200,'3602',905,,50296,18,,,1,22,,50297,18,,,1,30,,50298,18,,,1,60,,50299,18,,,1,17,,50303,18,,,1,67,,50300,18,,,1,44,,50301,18,,,1,83,,50302,18,,,1,84,,50304,18,,,1,44,,50305,18,,,1,88,,50306,18,,,1,88,,50307,18,,,1,88,,50308,18,,,1,88,,50309,18,,,1,49,,50310,18,,,1,85,,50311,18,,,1,85,,50312,18,,,1,85,,50313,18,,,1,38,,50314,18,,,1
10200,'3903',1116,,50315,18,,,1,42,,50316,18,,,1,83,,50317,18,,,1,80,,50318,18,,,1,80,,50319,18,,,1,41,,50320,18,,,1,80,,50321,18,,,1,82,,50322,18,,,1,44,,50323,18,,,1,85,,50324,18,,,1,83,,50325,18,,,1,40,,50326,18,,,1,80,,50327,18,,,1,80,,50328,18,,,1,40,,50329,18,,,1,74,,50330,18,,,1,75,,50331,18,,,1,35,,50332,18,,,1,75,,50333,18,,,1
10200,'6404',1116,,50334,18,,,1,42,,50335,18,,,1,83,,50336,18,,,1,80,,50337,18,,,1,80,,50338,18,,,1,41,,50339,18,,,1,80,,50340,18,,,1,82,,50341,18,,,1,44,,50342,18,,,1,85,,50343,18,,,1,83,,50344,18,,,1,40,,50345,18,,,1,80,,50346,18,,,1,80,,50347,18,,,1,40,,50348,18,,,1,74,,50349,18,,,1,75,,50350,18,,,1
10401,'3302',748,,50511,25,,,1,70,,50512,25,,,1,32,,50513,25,,,1,71,,50514,25,,,1,30,,50515,25,,,1,70,,50516,25,,,1,29,,50517,25,,,1,71,,50518,25,,,1,28,,50519,25,,,1,73,,50520,25,,,1,27,,50521,25,,,1,72,,50522,25,,,1,24,,50523,25,,,1,69,,50524,25,,,1,30,,50525,25,,,1,72,,50526,25,,,1,29,,50527,25,,,1,70,,50528,25,,,1,31,,50529,25,,,1,73,,50530,25,,,1,31,,50531,25,,,1,68,,50532,25,,,1
10401,'3903',1020,,50549,25,,,1,21,,50535,25,,,1,70,,50536,25,,,1,27,,50537,25,,,1,71,,50538,25,,,1,20,,50539,25,,,1,30,,50540,25,,,1,65,,50541,25,,,1,29,,50542,25,,,1,68,,50543,25,,,1,31,,50544,25,,,1,70,,50545,25,,,1,30,,50546,25,,,1,69,,50547,25,,,1,30,,50548,25,,,1,70,,50534,25,,,1,30,,50533,25,,,1
