900,'2',641,,35871,15,,,1,17,,35872,15,,,1,59,,35873,15,,,1,16,,35874,15,,,1,16,,35875,15,,,1,56,,35876,15,,,1,14,,35877,15,,,1,16,,35878,15,,,1,15,,35879,15,,,1,57,,35880,15,,,1,15,,35881,15,,,1,15,,35882,15,,,1,15,,35883,15,,,1,55,,35884,15,,,1,15,,35885,15,,,1,15,,35886,15,,,1,15,,35887,15,,,1,55,,35888,15,,,1,15,,35889,15,,,1,15,,35890,15,,,1,15,,35891,15,,,1,55,,35892,15,,,1,15,,35893,15,,,1,15,,35894,15,,,1,15,,35895,15,,,1,55,,35896,15,,,1,15,,35897,15,,,1,15,,35898,15,,,1,15,,35899,15,,,1,56,,35900,15,,,1,15,,35901,15,,,1,15,,35902,15,,,1,15,,35903,15,,,1,55,,35904,15,,,1,15,,35905,15,,,1,15,,35906,15,,,1,15,,35907,15,,,1,55,,35908,15,,,1,16,,35909,15,,,1,15,,35910,15,,,1,15,,35911,15,,,1,55,,35912,15,,,1,15,,35913,15,,,1,15,,35914,15,,,1,15,,35915,15,,,1,54,,35916,15,,,1,13,,35917,15,,,1,22,,35918,15,,,1,69,,35919,15,,,1,22,,35920,15,,,1,22,,35921,15,,,1,62,,35922,15,,,1,22,,35923,15,,,1,62,,35924,15,,,1,24,,35925,15,,,1,29,,35926,15,,,1,72,,35927,15,,,1,32,,35928,15,,,1,72,,35929,15,,,1,77,,35931,15,,,1,103,,35930,15,,,1
900,'3',541,,35974,14,,,1,68,,35977,14,,,1,30,,35938,15,,,1,70,,35976,15,,,1,30,,35939,15,,,1,75,,35975,15,,,1,29,,35940,15,,,1,75,,35941,15,,,1,32,,35942,15,,,1,60,,35943,14,,,1,27,,35944,15,,,1,65,,35945,15,,,1,25,,35946,15,,,1,22,,35947,15,,,1,66,,35948,15,,,1,25,,35949,15,,,1,69,,35950,15,,,1,21,,35951,15,,,1,25,,35952,15,,,1,68,,35953,15,,,1,22,,35954,15,,,1,65,,35955,15,,,1,25,,35956,15,,,1,65,,35957,15,,,1,25,,35958,15,,,1,25,,35959,15,,,1,65,,35960,15,,,1,25,,35961,15,,,1,65,,35962,15,,,1,22,,35963,15,,,1,84,,35964,15,,,1,25,,35965,15,,,1,78,,35966,15,,,1,35,,35967,15,,,1,74,,35968,15,,,1,35,,35969,15,,,1,75,,35970,15,,,1,75,,35971,15,,,1,35,,35972,15,,,1,74,,35973,15,,,1
900,'30',617,,35981,14,,,1,25,,35978,15,,,1,80,,36014,15,,,1,35,,35979,15,,,1,75,,36013,15,,,1,76,,35980,15,,,1,35,,35982,15,,,1,73,,35983,15,,,1,33,,35984,15,,,1,73,,35985,15,,,1,33,,35986,15,,,1,62,,35987,14,,,1,18,,35988,15,,,1,68,,35989,15,,,1,23,,35990,15,,,1,23,,35991,15,,,1,63,,35992,15,,,1,23,,35993,15,,,1,23,,35994,15,,,1,63,,35995,15,,,1,23,,35996,15,,,1,63,,35997,15,,,1,23,,35998,15,,,1,23,,35999,15,,,1,61,,36000,15,,,1,23,,36001,15,,,1,63,,36002,15,,,1,25,,36003,15,,,1,75,,36004,15,,,1,30,,36005,15,,,1,70,,36006,15,,,1,30,,36007,15,,,1,70,,36008,15,,,1,30,,36009,15,,,1,70,,36010,15,,,1,29,,36011,15,,,1,81,,36012,15,,,1
900,'4',617,,36018,14,,,1,25,,36015,15,,,1,80,,36051,15,,,1,35,,36016,15,,,1,75,,36050,15,,,1,76,,36017,15,,,1,35,,36019,15,,,1,73,,36020,15,,,1,33,,36021,15,,,1,73,,36022,15,,,1,33,,36023,15,,,1,62,,36024,14,,,1,18,,36025,15,,,1,68,,36026,15,,,1,23,,36027,15,,,1,23,,36028,15,,,1,63,,36029,15,,,1,23,,36030,15,,,1,23,,36031,15,,,1,63,,36032,15,,,1,23,,36033,15,,,1,63,,36034,15,,,1,23,,36035,15,,,1,23,,36036,15,,,1,61,,36037,15,,,1,23,,36038,15,,,1,63,,36039,15,,,1,25,,36040,15,,,1,75,,36041,15,,,1,30,,36042,15,,,1,70,,36043,15,,,1,30,,36044,15,,,1,70,,36045,15,,,1,30,,36046,15,,,1,70,,36047,15,,,1,29,,36048,15,,,1,81,,36049,15,,,1
2700,'2',622,,39567,29,,,1,33,,39497,29,,,1,76,,39498,29,,,1,13,,39499,29,,,1,13,,39500,29,,,1,53,,39501,29,,,1,13,,39502,29,,,1,13,,39503,29,,,1,13,,39504,29,,,1,53,,39505,29,,,1,12,,39506,29,,,1,13,,39507,29,,,1,13,,39508,29,,,1,13,,39509,29,,,1,53,,39510,29,,,1,13,,39511,29,,,1,13,,39512,29,,,1,13,,39513,29,,,1,13,,39514,29,,,1,53,,39515,29,,,1,13,,39516,29,,,1,13,,39517,29,,,1,13,,39518,29,,,1,53,,39519,29,,,1,12,,39520,29,,,1,12,,39521,29,,,1,12,,39522,29,,,1,12,,39523,29,,,1,52,,39524,29,,,1,12,,39525,29,,,1,12,,39526,29,,,1,12,,39527,29,,,1,12,,39528,29,,,1,52,,39529,29,,,1,15,,39530,29,,,1,13,,39531,29,,,1,13,,39532,29,,,1,13,,39533,29,,,1,53,,39534,29,,,1,13,,39535,29,,,1,13,,39536,29,,,1,13,,39537,29,,,1,52,,39538,29,,,1,15,,39539,29,,,1,9,,39540,29,,,1,11,,39541,29,,,1,11,,39542,29,,,1,11,,39543,29,,,1,51,,39544,29,,,1,11,,39545,29,,,1,11,,39546,29,,,1,11,,39547,29,,,1,11,,39548,29,,,1,51,,39549,29,,,1,6,,39550,29,,,1,13,,39551,29,,,1,15,,39552,29,,,1,13,,39553,29,,,1,54,,39554,29,,,1,13,,39555,29,,,1,17,,39556,29,,,1,17,,39557,29,,,1,57,,39558,29,,,1,17,,39559,29,,,1,17,,39560,29,,,1,57,,39561,29,,,1,16,,39562,29,,,1,27,,39563,29,,,1,67,,39564,29,,,1,27,,39565,29,,,1,70,,39566,29,,,1
2700,'3',921,,39568,29,,,1,29,,39570,29,,,1,98,,39579,29,,,1,76,,39571,29,,,1,32,,39589,29,,,1,72,,39580,29,,,1,72,,39572,29,,,1,32,,39569,29,,,1,72,,39581,29,,,1,34,,39573,29,,,1,72,,39588,29,,,1,30,,39582,29,,,1,74,,39574,29,,,1,32,,39590,29,,,1,70,,39583,29,,,1,34,,39575,29,,,1,72,,39591,29,,,1,18,,39584,29,,,1,85,,39576,29,,,1,85,,39585,29,,,1,45,,39577,29,,,1,80,,39586,29,,,1,80,,39578,29,,,1,40,,39587,29,,,1
2700,'30',903,,39592,29,,,1,45,,39599,29,,,1,85,,39593,29,,,1,85,,39600,29,,,1,85,,39594,29,,,1,48,,39601,29,,,1,72,,39603,29,,,1,27,,39595,29,,,1,77,,39602,29,,,1,32,,39604,29,,,1,72,,39596,29,,,1,72,,39605,29,,,1,32,,39607,29,,,1,72,,39597,29,,,1,35,,39606,29,,,1,86,,39598,29,,,1,85,,39609,29,,,1,45,,39608,29,,,1
2700,'4',903,,39610,29,,,1,45,,39617,29,,,1,85,,39611,29,,,1,85,,39618,29,,,1,85,,39612,29,,,1,48,,39619,29,,,1,72,,39621,29,,,1,27,,39613,29,,,1,77,,39620,29,,,1,32,,39622,29,,,1,72,,39614,29,,,1,72,,39623,29,,,1,32,,39625,29,,,1,72,,39615,29,,,1,35,,39624,29,,,1,86,,39616,29,,,1,85,,39627,29,,,1,45,,39626,29,,,1
3100,'2',611,,39830,2,,,1,16,,39831,2,,,1,74,,39832,2,,,1,20,,39833,2,,,1,20,,39834,2,,,1,60,,39835,2,,,1,20,,39836,2,,,1,20,,39837,2,,,1,61,,39838,2,,,1,37,,39839,2,,,1,20,,39840,2,,,1,70,,39841,2,,,1,30,,39842,2,,,1,70,,39843,2,,,1,30,,39844,2,,,1,70,,39845,2,,,1,30,,39846,2,,,1,70,,39847,2,,,1,26,,39848,2,,,1,59,,39849,2,,,1,12,,39850,2,,,1,25,,39851,2,,,1,60,,39852,2,,,1,20,,39853,2,,,1,20,,39854,2,,,1,62,,39855,2,,,1,20,,39856,2,,,1,20,,39857,2,,,1,60,,39858,2,,,1,20,,39859,2,,,1,20,,39860,2,,,1,77,,39861,2,,,1,18,,39862,2,,,1,70,,39863,2,,,1,30,,39864,2,,,1,70,,39865,2,,,1,30,,39866,2,,,1,70,,39867,2,,,1,30,,39868,2,,,1,70,,39869,2,,,1,30,,39870,2,,,1,70,,39871,2,,,1,30,,39872,2,,,1,71,,39873,2,,,1,24,,39874,2,,,1
3100,'3',708,,39875,2,,,1,23,,39876,2,,,1,25,,39877,2,,,1,65,,39878,2,,,1,25,,39879,2,,,1,65,,39880,2,,,1,25,,39881,2,,,1,65,,39882,2,,,1,25,,39883,2,,,1,25,,39884,2,,,1,65,,39885,2,,,1,25,,39886,2,,,1,65,,39887,2,,,1,27,,39888,2,,,1,67,,39889,2,,,1,27,,39890,2,,,1,27,,39891,2,,,1,66,,39892,2,,,1,27,,39893,2,,,1,67,,39894,2,,,1,27,,39895,2,,,1,67,,39896,2,,,1,27,,39897,2,,,1,65,,39898,2,,,1,27,,39899,2,,,1,28,,39900,2,,,1,65,,39901,2,,,1,25,,39902,2,,,1,65,,39903,2,,,1,25,,39904,2,,,1,65,,39905,2,,,1,25,,39906,2,,,1,25,,39907,2,,,1,65,,39908,2,,,1,25,,39909,2,,,1,65,,39910,2,,,1,25,,39911,2,,,1,25,,39912,2,,,1,65,,39913,2,,,1,25,,39914,2,,,1,65,,39915,2,,,1,25,,39916,2,,,1
3100,'30',715,,39929,2,,,1,21,,39917,2,,,1,65,,39918,2,,,1,25,,39919,2,,,1,25,,39920,2,,,1,65,,39921,2,,,1,25,,39922,2,,,1,65,,39923,2,,,1,25,,39924,2,,,1,25,,39925,2,,,1,65,,39926,2,,,1,25,,39927,2,,,1,65,,39928,2,,,1,25,,39930,2,,,1,65,,39931,2,,,1,25,,39932,2,,,1,25,,39933,2,,,1,65,,39934,2,,,1,25,,39935,2,,,1,65,,39936,2,,,1,25,,39937,2,,,1,25,,39938,2,,,1,65,,39939,2,,,1,25,,39940,2,,,1,65,,39941,2,,,1,25,,39942,2,,,1,65,,39943,2,,,1,25,,39944,2,,,1,25,,39945,2,,,1,65,,39946,2,,,1,25,,39947,2,,,1
3100,'4',715,,39960,2,,,1,21,,39948,2,,,1,65,,39949,2,,,1,25,,39950,2,,,1,25,,39951,2,,,1,65,,39952,2,,,1,25,,39953,2,,,1,65,,39954,2,,,1,25,,39955,2,,,1,25,,39956,2,,,1,65,,39957,2,,,1,25,,39958,2,,,1,65,,39959,2,,,1,25,,39961,2,,,1,65,,39962,2,,,1,25,,39963,2,,,1,25,,39964,2,,,1,65,,39965,2,,,1,25,,39966,2,,,1,65,,39967,2,,,1,25,,39968,2,,,1,25,,39969,2,,,1,65,,39970,2,,,1,25,,39971,2,,,1,65,,39972,2,,,1,25,,39973,2,,,1,65,,39974,2,,,1,25,,39975,2,,,1,25,,39976,2,,,1,65,,39977,2,,,1,25,,39978,2,,,1
12701,'3302',711,,42175,4,,,1,93,,42176,4,,,1,18,,42177,4,,,1,94,,42178,4,,,1,21,,42179,4,,,1,88,,42180,4,,,1,23,,42181,4,,,1,86,,42182,4,,,1,23,,42183,4,,,1,86,,42184,4,,,1,63,,42185,4,,,1,44,,42186,4,,,1,70,,42187,4,,,1,85,,42188,4,,,1,30,,42189,4,,,1,87,,42190,4,,,1,32,,42191,4,,,1,88,,42192,4,,,1,73,,42193,4,,,1,37,,42194,4,,,1,74,,42195,4,,,1,74,,42196,4,,,1,34,,42197,4,,,1,74,,42198,4,,,1,98,,42199,4,,,1,104,,42200,4,,,1,98,,42201,4,,,1
12701,'3602',634,,42202,4,,,1,94,,42203,4,,,1,18,,42204,4,,,1,94,,42205,4,,,1,18,,42206,4,,,1,143,,42207,4,,,1,110,,42208,4,,,1,109,,42209,4,,,1,111,,42210,4,,,1,74,,42211,4,,,1,30,,42212,4,,,1,15,,42213,4,,,1,70,,42214,4,,,1,30,,42215,4,,,1,56,,42216,4,,,1,32,,42217,4,,,1,72,,42218,4,,,1,16,,42219,4,,,1
12701,'3903',633,,42220,4,,,1,99,,42221,4,,,1,102,,42222,4,,,1,102,,42223,4,,,1,72,,42224,4,,,1,34,,42225,4,,,1,74,,42226,4,,,1,34,,42227,4,,,1,75,,42228,4,,,1,75,,42229,4,,,1,35,,42230,4,,,1,75,,42231,4,,,1,36,,42232,4,,,1,75,,42233,4,,,1,35,,42234,4,,,1,75,,42235,4,,,1,75,,42236,4,,,1,37,,42237,4,,,1,75,,42238,4,,,1,34,,42239,4,,,1,74,,42240,4,,,1,74,,42241,4,,,1,34,,42242,4,,,1,73,,42245,4,,,1,102,,42243,4,,,1,102,,42244,4,,,1
12701,'6404',722,,42246,4,,,1,102,,42247,4,,,1,105,,42248,4,,,1,74,,42249,4,,,1,34,,42250,4,,,1,74,,42251,4,,,1,34,,42252,4,,,1,73,,42253,4,,,1,34,,42254,4,,,1,74,,42255,4,,,1,74,,42256,4,,,1,34,,42257,4,,,1,74,,42258,4,,,1,34,,42259,4,,,1,74,,42260,4,,,1,34,,42261,4,,,1,75,,42262,4,,,1,104,,42263,4,,,1,101,,42264,4,,,1,101,,42265,4,,,1,101,,42266,4,,,1,101,,42267,4,,,1
