400,'11802',1459,,43357,16,0,13 18 19 20,1,287,,43358,16,0,10 18 19 20,1
400,'2',620,,43385,16,0,13 18 19 20,1,80,,43384,16,0,10 18 19 20,1,15,,43383,16,0,13 18 19 20,1,15,,43382,16,0,10 18 19 20,1,15,,43381,16,0,13 18 19 20,1,55,,43380,16,0,10 18 19 20,1,15,,43379,16,0,13 18 19 20,1,15,,43378,16,0,10 18 19 20,1,15,,43377,16,0,13 18 19 20,1,60,,43376,16,0,10 18 19 20,1,20,,43375,16,0,13 18 19 20,1,20,,43374,16,0,10 18 19 20,1,60,,43373,16,0,13 18 19 20,1,20,,43372,16,0,10 18 19 20,1,20,,43371,16,0,13 18 19 20,1,60,,43370,16,0,10 18 19 20,1,20,,43369,16,0,13 18 19 20,1,20,,43368,16,0,10 18 19 20,1,60,,43367,16,0,13 18 19 20,1,20,,43366,16,0,10 18 19 20,1,20,,43365,16,0,13 18 19 20,1,60,,43364,16,0,10 18 19 20,1,20,,43363,16,0,13 18 19 20,1,17,,43362,16,0,10 18 19 20,1,14,,43387,16,0,13 18 19 20,1,50,,43388,16,0,10 18 19 20,1,15,,43396,16,0,13 18 19 20,1,15,,43389,16,0,10 18 19 20,1,15,,43397,16,0,13 18 19 20,1,55,,43390,16,0,10 18 19 20,1,15,,43398,16,0,13 18 19 20,1,15,,43391,16,0,10 18 19 20,1,14,,43399,16,0,13 18 19 20,1,54,,43392,16,0,10 18 19 20,1,15,,43400,16,0,13 18 19 20,1,10,,43393,16,0,10 18 19 20,1,15,,43401,16,0,13 18 19 20,1,15,,43394,16,0,10 18 19 20,1,50,,43402,16,0,13 18 19 20,1,15,,43395,16,0,10 18 19 20,1,10,,43403,16,0,13 18 19 20,1,23,,43404,16,0,10 18 19 20,1,60,,43405,16,0,13 18 19 20,1,15,,43409,16,0,10 18 19 20,1,20,,43406,16,0,13 18 19 20,1,60,,43410,16,0,10 18 19 20,1,20,,43407,16,0,13 18 19 20,1,20,,43411,16,0,10 18 19 20,1,60,,43408,16,0,13 18 19 20,1,17,,43412,16,0,10 18 19 20,1,15,,43413,16,0,13 18 19 20,1,66,,43416,16,0,10 18 19 20,1,30,,43414,16,0,13 18 19 20,1,70,,43417,16,0,10 18 19 20,1,30,,43415,16,0,13 18 19 20,1,71,,43418,16,0,10 18 19 20,1,40,,43419,16,0,13 18 19 20,1,99,,43420,16,0,13 18 19 20,1
400,'3',608,,43423,16,0,13 18 19 20,1,13,,43422,16,0,10 18 19 20,1,32,,43425,16,0,13 18 19 20,1,70,,43432,16,0,10 18 19 20,1,30,,43426,16,0,13 18 19 20,1,69,,43433,16,0,10 18 19 20,1,30,,43427,16,0,13 18 19 20,1,70,,43434,16,0,10 18 19 20,1,30,,43428,16,0,13 18 19 20,1,69,,43435,16,0,10 18 19 20,1,30,,43429,16,0,13 18 19 20,1,70,,43436,16,0,10 18 19 20,1,30,,43430,16,0,13 18 19 20,1,66,,43437,16,0,10 18 19 20,1,29,,43431,16,0,13 18 19 20,1,63,,43438,16,0,10 18 19 20,1,20,,43443,16,0,13 18 19 20,1,25,,43439,16,0,10 18 19 20,1,65,,43444,16,0,13 18 19 20,1,25,,43440,16,0,10 18 19 20,1,65,,43445,16,0,13 18 19 20,1,25,,43441,16,0,10 18 19 20,1,25,,43446,16,0,13 18 19 20,1,65,,43442,16,0,10 18 19 20,1,25,,43447,16,0,13 18 19 20,1,65,,43454,16,0,10 18 19 20,1,25,,43450,16,0,13 18 19 20,1,65,,43455,16,0,10 18 19 20,1,25,,43451,16,0,13 18 19 20,1,25,,43456,16,0,10 18 19 20,1,65,,43452,16,0,13 18 19 20,1,25,,43457,16,0,10 18 19 20,1,65,,43453,16,0,13 18 19 20,1,25,,43458,16,0,10 18 19 20,1,22,,43459,16,0,13 18 19 20,1,70,,43462,16,0,10 18 19 20,1,75,,43460,16,0,13 18 19 20,1,30,,43463,16,0,10 18 19 20,1,70,,43461,16,0,13 18 19 20,1,30,,43464,16,0,10 18 19 20,1,26,,43448,16,0,13 18 19 20,1,94,,43449,16,0,10 18 19 20,1
400,'30',651,,43495,16,0,13 18 19 20,1,82,,43496,16,0,10 18 19 20,1,80,,43497,16,0,13 18 19 20,1,43,,43467,16,0,10 18 19 20,1,75,,43468,16,0,13 18 19 20,1,25,,43469,16,0,10 18 19 20,1,70,,43470,16,0,13 18 19 20,1,30,,43471,16,0,10 18 19 20,1,70,,43472,16,0,13 18 19 20,1,30,,43473,16,0,10 18 19 20,1,66,,43474,16,0,13 18 19 20,1,30,,43475,16,0,10 18 19 20,1,70,,43476,16,0,13 18 19 20,1,30,,43477,16,0,10 18 19 20,1,70,,43478,16,0,13 18 19 20,1,30,,43479,16,0,10 18 19 20,1,70,,43480,16,0,13 18 19 20,1,30,,43481,16,0,10 18 19 20,1,70,,43482,16,0,13 18 19 20,1,30,,43483,16,0,10 18 19 20,1,70,,43484,16,0,13 18 19 20,1,30,,43485,16,0,10 18 19 20,1,72,,43486,16,0,13 18 19 20,1,30,,43487,16,0,10 18 19 20,1,70,,43488,16,0,13 18 19 20,1,30,,43489,16,0,10 18 19 20,1,70,,43490,16,0,13 18 19 20,1,30,,43491,16,0,10 18 19 20,1,70,,43492,16,0,13 18 19 20,1,30,,43493,16,0,10 18 19 20,1,66,,43494,16,0,13 18 19 20,1,29,,43465,16,0,10 18 19 20,1
400,'4',651,,43528,16,0,13 18 19 20,1,82,,43529,16,0,10 18 19 20,1,80,,43530,16,0,13 18 19 20,1,43,,43500,16,0,10 18 19 20,1,75,,43501,16,0,13 18 19 20,1,25,,43502,16,0,10 18 19 20,1,70,,43503,16,0,13 18 19 20,1,30,,43504,16,0,10 18 19 20,1,70,,43505,16,0,13 18 19 20,1,30,,43506,16,0,10 18 19 20,1,66,,43507,16,0,13 18 19 20,1,30,,43508,16,0,10 18 19 20,1,70,,43509,16,0,13 18 19 20,1,30,,43510,16,0,10 18 19 20,1,70,,43511,16,0,13 18 19 20,1,30,,43512,16,0,10 18 19 20,1,70,,43513,16,0,13 18 19 20,1,30,,43514,16,0,10 18 19 20,1,70,,43515,16,0,13 18 19 20,1,30,,43516,16,0,10 18 19 20,1,70,,43517,16,0,13 18 19 20,1,30,,43518,16,0,10 18 19 20,1,72,,43519,16,0,13 18 19 20,1,30,,43520,16,0,10 18 19 20,1,70,,43521,16,0,13 18 19 20,1,30,,43522,16,0,10 18 19 20,1,70,,43523,16,0,13 18 19 20,1,30,,43524,16,0,10 18 19 20,1,70,,43525,16,0,13 18 19 20,1,30,,43526,16,0,10 18 19 20,1,66,,43527,16,0,13 18 19 20,1,29,,43498,16,0,10 18 19 20,1
1701,'11802',1548,,46896,14,0,54 3 35,1,80,,46897,14,0,54 3 35,1
1701,'2',625,,46912,29,0,13 33,1,18,,46953,29,0,10 31,1,16,,46913,29,0,13 33,1,60,,46914,29,0,10 31,1,20,,46915,29,0,13 33,1,20,,46916,29,0,10 31,1,60,,46917,29,0,13 33,1,20,,46918,29,0,10 31,1,61,,46919,29,0,13 33,1,20,,46920,29,0,10 31,1,20,,46921,29,0,13 33,1,60,,46922,29,0,10 31,1,20,,46923,29,0,13 33,1,20,,46924,29,0,10 31,1,19,,46925,29,0,13 33,1,60,,46926,29,0,10 31,1,19,,46927,29,0,13 33,1,20,,46928,29,0,10 31,1,60,,46929,29,0,13 33,1,20,,46930,29,0,10 31,1,21,,46931,29,0,13 33,1,60,,46932,29,0,10 31,1,21,,46933,29,0,13 33,1,61,,46934,29,0,10 31,1,21,,46935,29,0,13 33,1,16,,46936,29,0,10 31,1,20,,46937,29,0,13 33,1,60,,46938,29,0,10 31,1,20,,46939,29,0,13 33,1,20,,46940,29,0,10 31,1,60,,46941,29,0,13 33,1,20,,46942,29,0,10 31,1,15,,46943,29,0,13 33,1,55,,46944,29,0,10 31,1,20,,46945,29,0,13 33,1,18,,46946,29,0,10 31,1,63,,46947,29,0,13 33,1,19,,46908,29,0,10 31,1,19,,46907,29,0,10 31,1,59,,46906,29,0,10 31,1,19,,46905,29,0,10 31,1,19,,46904,29,0,10 31,1,59,,46903,29,0,10 31,1,19,,46902,29,0,10 31,1,25,,46901,29,0,10 31,1,68,,46899,29,0,10 31,1,30,,46900,29,0,10 31,1,60,,46948,29,0,10 31,1,25,,46949,29,0,10 31,1,25,,46950,29,0,10 31,1,65,,46951,29,0,10 31,1,22,,46952,29,0,10 31,1,65,,46909,29,0,10 31,1,50,,46955,29,0,10 31,1
1701,'3',612,,46990,29,0,10 31,1,35,,46989,29,0,10 31,1,75,,46988,29,0,10 31,1,35,,46956,29,0,10 31,1,75,,46987,29,0,10 31,1,75,,46986,29,0,10 31,1,30,,46985,29,0,10 31,1,67,,46992,29,0,10 31,1,30,,46984,29,0,10 31,1,70,,46983,29,0,10 31,1,30,,46982,29,0,10 31,1,70,,46981,29,0,10 31,1,30,,46980,29,0,10 31,1,70,,46979,29,0,10 31,1,30,,46978,29,0,10 31,1,70,,46977,29,0,10 31,1,30,,46976,29,0,10 31,1,70,,46975,29,0,10 31,1,30,,46974,29,0,10 31,1,70,,46973,29,0,10 31,1,30,,46972,29,0,10 31,1,70,,46971,29,0,10 31,1,30,,46970,29,0,10 31,1,73,,46969,29,0,10 31,1,30,,46968,29,0,10 31,1,20,,46967,29,0,10 31,1,70,,46966,29,0,10 31,1,30,,46965,29,0,10 31,1,70,,46964,29,0,10 31,1,20,,46963,29,0,10 31,1,70,,46962,29,0,10 31,1,30,,46961,29,0,10 31,1,70,,46960,29,0,10 31,1,15,,46993,29,0,10 31,1,70,,46959,29,0,10 31,1,25,,46958,29,0,10 31,1,20,,46957,29,0,10 31,1,60,,46994,29,0,10 31,1,30,,46995,29,0,10 31,1
1701,'30',630,,47026,29,0,10 31,1,75,,47027,29,0,10 31,1,35,,47028,29,0,10 31,1,75,,47029,29,0,10 31,1,32,,46998,29,0,10 31,1,70,,46999,29,0,10 31,1,30,,47000,29,0,10 31,1,55,,47001,29,0,10 31,1,25,,47002,29,0,10 31,1,30,,47003,29,0,10 31,1,70,,47004,29,0,10 31,1,28,,47005,29,0,10 31,1,65,,47006,29,0,10 31,1,25,,47007,29,0,10 31,1,70,,47008,29,0,10 31,1,30,,47009,29,0,10 31,1,65,,47010,29,0,10 31,1,28,,47011,29,0,10 31,1,70,,47012,29,0,10 31,1,30,,47013,29,0,10 31,1,70,,47014,29,0,10 31,1,30,,47015,29,0,10 31,1,65,,47016,29,0,10 31,1,30,,47017,29,0,10 31,1,70,,47018,29,0,10 31,1,30,,47019,29,0,10 31,1,80,,47020,29,0,10 31,1,35,,47021,29,0,10 31,1,70,,47022,29,0,10 31,1,40,,47023,29,0,10 31,1,75,,47024,29,0,10 31,1,70,,47025,29,0,10 31,1,35,,46996,29,0,10 31,1,70,,46997,29,0,10 31,1
1701,'4',630,,47060,29,0,10 31,1,75,,47061,29,0,10 31,1,35,,47062,29,0,10 31,1,75,,47063,29,0,10 31,1,32,,47032,29,0,10 31,1,70,,47033,29,0,10 31,1,30,,47034,29,0,10 31,1,55,,47035,29,0,10 31,1,25,,47036,29,0,10 31,1,30,,47037,29,0,10 31,1,70,,47038,29,0,10 31,1,28,,47039,29,0,10 31,1,65,,47040,29,0,10 31,1,25,,47041,29,0,10 31,1,70,,47042,29,0,10 31,1,30,,47043,29,0,10 31,1,65,,47044,29,0,10 31,1,28,,47045,29,0,10 31,1,70,,47046,29,0,10 31,1,30,,47047,29,0,10 31,1,70,,47048,29,0,10 31,1,30,,47049,29,0,10 31,1,65,,47050,29,0,10 31,1,30,,47051,29,0,10 31,1,70,,47052,29,0,10 31,1,30,,47053,29,0,10 31,1,80,,47054,29,0,10 31,1,35,,47055,29,0,10 31,1,70,,47056,29,0,10 31,1,40,,47057,29,0,10 31,1,75,,47058,29,0,10 31,1,70,,47059,29,0,10 31,1,35,,47030,29,0,10 31,1,70,,47031,29,0,10 31,1
10401,'3302',739,,50511,16,,,1,70,,50512,16,,,1,32,,50513,16,,,1,72,,50514,16,,,1,30,,50515,16,,,1,70,,50516,16,,,1,29,,50517,16,,,1,71,,50518,16,,,1,28,,50519,16,,,1,74,,50520,16,,,1,27,,50521,16,,,1,72,,50522,16,,,1,24,,50523,16,,,1,69,,50524,16,,,1,28,,50525,16,,,1,72,,50526,16,,,1,29,,50527,16,,,1,70,,50528,16,,,1,30,,50529,16,,,1,73,,50530,16,,,1,31,,50531,16,,,1,70,,50532,16,,,1
10401,'3903',1013,,50549,16,,,1,21,,50535,16,,,1,70,,50536,16,,,1,27,,50537,16,,,1,70,,50538,16,,,1,20,,50539,16,,,1,30,,50540,16,,,1,65,,50541,16,,,1,29,,50542,16,,,1,68,,50543,16,,,1,31,,50544,16,,,1,70,,50545,16,,,1,30,,50546,16,,,1,69,,50547,16,,,1,30,,50548,16,,,1,70,,50534,16,,,1,30,,50533,16,,,1
