200,'11802',1443,,42641,14,0,13 30,1,277,,42642,14,0,10 23 20,1
200,'2',625,,42650,14,0,13 30,1,16,,42686,14,0,10 23 20,1,15,,42651,14,0,13 30,1,55,,42687,14,0,10 23 20,1,15,,42652,14,0,13 30,1,15,,42688,14,0,10 23 20,1,15,,42653,14,0,13 30,1,55,,42689,14,0,10 23 20,1,15,,42654,14,0,13 30,1,15,,42690,14,0,10 23 20,1,15,,42655,14,0,13 30,1,55,,42691,14,0,10 23 20,1,15,,42656,14,0,13 30,1,15,,42692,14,0,10 23 20,1,15,,42657,14,0,13 30,1,55,,42693,14,0,10 23 20,1,15,,42658,14,0,13 30,1,15,,42694,14,0,10 23 20,1,15,,42659,14,0,13 30,1,55,,42695,14,0,10 23 20,1,15,,42660,14,0,13 30,1,15,,42696,14,0,10 23 20,1,12,,42661,14,0,13 30,1,55,,42697,14,0,10 23 20,1,15,,42662,14,0,13 30,1,15,,42698,14,0,10 23 20,1,15,,42663,14,0,13 30,1,55,,42699,14,0,10 23 20,1,15,,42664,14,0,13 30,1,15,,42700,14,0,10 23 20,1,15,,42665,14,0,13 30,1,55,,42701,14,0,10 23 20,1,15,,42666,14,0,13 30,1,13,,42702,14,0,10 23 20,1,14,,42667,14,0,13 30,1,55,,42703,14,0,10 23 20,1,15,,42668,14,0,13 30,1,16,,42704,14,0,10 23 20,1,19,,42669,14,0,13 30,1,55,,42705,14,0,10 23 20,1,15,,42670,14,0,13 30,1,15,,42706,14,0,10 23 20,1,15,,42671,14,0,13 30,1,53,,42707,14,0,10 23 20,1,19,,42672,14,0,13 30,1,11,,42708,14,0,10 23 20,1,21,,42673,14,0,13 30,1,55,,42709,14,0,10 23 20,1,15,,42674,14,0,13 30,1,12,,42710,14,0,10 23 20,1,15,,42675,14,0,13 30,1,55,,42711,14,0,10 23 20,1,15,,42676,14,0,13 30,1,15,,42712,14,0,10 23 20,1,15,,42677,14,0,13 30,1,55,,42713,14,0,10 23 20,1,10,,42678,14,0,13 30,1,24,,42714,14,0,10 23 20,1,12,,42679,14,0,13 30,1,63,,42715,14,0,10 23 20,1,17,,42680,14,0,13 30,1,63,,42716,14,0,10 23 20,1,17,,42681,14,0,13 30,1,23,,42717,14,0,10 23 20,1,60,,42682,14,0,13 30,1,17,,42718,14,0,10 23 20,1,15,,42683,14,0,13 30,1,20,,42719,14,0,10 23 20,1,55,,42684,14,0,13 30,1,20,,42720,14,0,10 23 20,1,20,,42685,14,0,13 30,1,74,,42721,14,0,45 3 21,1
200,'3',627,,42725,14,0,13 30,1,30,,42726,14,0,10 23 20,1,70,,42728,14,0,13 30,1,30,,42730,14,0,13 30,1,55,,42731,14,0,10 23 20,1,15,,42732,14,0,13 30,1,15,,42733,14,0,10 23 20,1,15,,42734,14,0,13 30,1,55,,42735,14,0,10 23 20,1,15,,42736,14,0,13 30,1,10,,42737,14,0,10 23 20,1,15,,42738,14,0,13 30,1,54,,42739,14,0,10 23 20,1,15,,42740,14,0,13 30,1,15,,42741,14,0,10 23 20,1,15,,42742,14,0,13 30,1,50,,42743,14,0,10 23 20,1,15,,42744,14,0,13 30,1,10,,42745,14,0,10 23 20,1,15,,42746,14,0,13 30,1,15,,42747,14,0,10 23 20,1,55,,42748,14,0,13 30,1,15,,42749,14,0,10 23 20,1,15,,42750,14,0,13 30,1,10,,42761,14,0,10 23 20,1,55,,42751,14,0,13 30,1,10,,42762,14,0,10 23 20,1,15,,42752,14,0,13 30,1,15,,42763,14,0,10 23 20,1,55,,42753,14,0,13 30,1,15,,42764,14,0,10 23 20,1,15,,42754,14,0,13 30,1,15,,42765,14,0,10 23 20,1,55,,42755,14,0,13 30,1,15,,42766,14,0,10 23 20,1,10,,42756,14,0,13 30,1,10,,42767,14,0,10 23 20,1,15,,42757,14,0,13 30,1,55,,42768,14,0,10 23 20,1,15,,42758,14,0,13 30,1,15,,42769,14,0,10 23 20,1,15,,42759,14,0,13 30,1,55,,42770,14,0,10 23 20,1,15,,42760,14,0,13 30,1,15,,42771,14,0,10 23 20,1,15,,42784,14,0,45 3 21,1,0,,42772,14,0,13 30,1,56,,42773,14,0,10 23 20,1,15,,42779,14,0,13 30,1,15,,42774,14,0,10 23 20,1,15,,42780,14,0,13 30,1,55,,42775,14,0,10 23 20,1,15,,42781,14,0,13 30,1,15,,42776,14,0,10 23 20,1,15,,42782,14,0,13 30,1,55,,42777,14,0,10 23 20,1,15,,42783,14,0,13 30,1,15,,42778,14,0,10 23 20,1,15,,42785,14,0,13 30,1,4,,42790,14,0,45 3 21,1,66,,42788,14,0,10 23 20,1,3,,42791,14,0,45 3 21,1,27,,42786,14,0,13 30,1,70,,42789,14,0,10 23 20,1,30,,42787,14,0,13 30,1,70,,42722,14,0,10 23 20,1,30,,42723,14,0,13 30,1,70,,42792,14,0,10 23 20,1,35,,42793,14,0,13 30,1,68,,42794,14,0,45 3 21,1
200,'30',657,,42797,14,0,13 30,1,70,,42800,14,0,10 23 20,1,30,,42802,14,0,13 30,1,70,,42801,14,0,10 23 20,1,30,,42803,14,0,13 30,1,65,,42804,14,0,10 23 20,1,25,,42808,14,0,13 30,1,65,,42805,14,0,10 23 20,1,25,,42809,14,0,13 30,1,65,,42806,14,0,10 23 20,1,25,,42810,14,0,10 23 20,1,25,,42807,14,0,10 23 20,1,55,,42811,14,0,13 30,1,15,,42823,14,0,10 23 20,1,15,,42812,14,0,13 30,1,15,,42824,14,0,10 23 20,1,55,,42813,14,0,13 30,1,15,,42825,14,0,10 23 20,1,15,,42814,14,0,13 30,1,15,,42826,14,0,10 23 20,1,55,,42815,14,0,13 30,1,15,,42827,14,0,10 23 20,1,15,,42816,14,0,13 30,1,15,,42828,14,0,10 23 20,1,55,,42817,14,0,13 30,1,15,,42829,14,0,10 23 20,1,15,,42818,14,0,13 30,1,15,,42830,14,0,10 23 20,1,55,,42819,14,0,13 30,1,15,,42831,14,0,10 23 20,1,15,,42820,14,0,13 30,1,15,,42832,14,0,10 23 20,1,55,,42821,14,0,13 30,1,15,,42833,14,0,10 23 20,1,15,,42822,14,0,13 30,1,15,,42834,14,0,10 23 20,1,65,,42837,14,0,13 30,1,4,,42848,14,0,45 3 21,1,21,,42843,14,0,10 23 20,1,65,,42838,14,0,13 30,1,25,,42844,14,0,10 23 20,1,25,,42839,14,0,13 30,1,65,,42845,14,0,10 23 20,1,25,,42840,14,0,13 30,1,65,,42846,14,0,10 23 20,1,25,,42841,14,0,13 30,1,65,,42847,14,0,10 23 20,1,25,,42842,14,0,13 30,1,30,,42796,14,0,10 23 20,1,69,,42795,14,0,45 3 21,1
200,'4',657,,42851,14,0,13 30,1,70,,42854,14,0,10 23 20,1,30,,42856,14,0,13 30,1,70,,42855,14,0,10 23 20,1,30,,42857,14,0,13 30,1,65,,42858,14,0,10 23 20,1,25,,42862,14,0,13 30,1,65,,42859,14,0,10 23 20,1,25,,42863,14,0,13 30,1,65,,42860,14,0,10 23 20,1,25,,42864,14,0,10 23 20,1,25,,42861,14,0,10 23 20,1,55,,42865,14,0,13 30,1,15,,42877,14,0,10 23 20,1,15,,42866,14,0,13 30,1,15,,42878,14,0,10 23 20,1,55,,42867,14,0,13 30,1,15,,42879,14,0,10 23 20,1,15,,42868,14,0,13 30,1,15,,42880,14,0,10 23 20,1,55,,42869,14,0,13 30,1,15,,42881,14,0,10 23 20,1,15,,42870,14,0,13 30,1,15,,42882,14,0,10 23 20,1,55,,42871,14,0,13 30,1,15,,42883,14,0,10 23 20,1,15,,42872,14,0,13 30,1,15,,42884,14,0,10 23 20,1,55,,42873,14,0,13 30,1,15,,42885,14,0,10 23 20,1,15,,42874,14,0,13 30,1,15,,42886,14,0,10 23 20,1,55,,42875,14,0,13 30,1,15,,42887,14,0,10 23 20,1,15,,42876,14,0,13 30,1,15,,42888,14,0,10 23 20,1,65,,42891,14,0,13 30,1,4,,42902,14,0,45 3 21,1,21,,42897,14,0,10 23 20,1,65,,42892,14,0,13 30,1,25,,42898,14,0,10 23 20,1,25,,42893,14,0,13 30,1,65,,42899,14,0,10 23 20,1,25,,42894,14,0,13 30,1,65,,42900,14,0,10 23 20,1,25,,42895,14,0,13 30,1,65,,42901,14,0,10 23 20,1,25,,42896,14,0,13 30,1,30,,42850,14,0,10 23 20,1,69,,42849,14,0,45 3 21,1
901,'2',618,,44696,29,,,1,20,,44697,29,,,1,17,,44698,29,,,1,55,,44699,29,,,1,16,,44700,29,,,1,15,,44701,29,,,1,14,,44702,29,,,1,56,,44703,29,,,1,15,,44704,29,,,1,17,,44705,29,,,1,15,,44706,29,,,1,55,,44707,29,,,1,15,,44708,29,,,1,15,,44709,29,,,1,15,,44710,29,,,1,55,,44711,29,,,1,15,,44712,29,,,1,15,,44713,29,,,1,15,,44714,29,,,1,55,,44715,29,,,1,15,,44716,29,,,1,15,,44717,29,,,1,15,,44718,29,,,1,55,,44719,29,,,1,15,,44720,29,,,1,15,,44721,29,,,1,15,,44722,29,,,1,55,,44723,29,,,1,15,,44724,29,,,1,15,,44725,29,,,1,14,,44726,29,,,1,55,,44727,29,,,1,15,,44728,29,,,1,15,,44729,29,,,1,15,,44730,29,,,1,55,,44731,29,,,1,15,,44732,29,,,1,15,,44733,29,,,1,15,,44734,29,,,1,55,,44735,29,,,1,15,,44736,29,,,1,15,,44737,29,,,1,15,,44738,29,,,1,55,,44739,29,,,1,15,,44740,29,,,1,15,,44741,29,,,1,17,,44742,29,,,1,63,,44743,29,,,1,15,,44744,29,,,1,14,,44745,29,,,1,62,,44746,29,,,1,22,,44747,29,,,1,22,,44748,29,,,1,62,,44749,29,,,1,22,,44750,29,,,1,65,,44751,29,,,1,29,,44752,29,,,1,72,,44753,29,,,1,32,,44754,29,,,1,72,,44755,29,,,1,37,,44756,29,,,1,100,,44757,29,,,1
901,'3',621,,44763,29,,,1,30,,44802,29,,,1,70,,44764,29,,,1,30,,44801,29,,,1,70,,44765,29,,,1,35,,44766,29,,,1,72,,44767,29,,,1,87,,44768,29,,,1,25,,44769,29,,,1,65,,44770,29,,,1,22,,44771,29,,,1,25,,44772,29,,,1,65,,44773,29,,,1,29,,44774,29,,,1,61,,44775,29,,,1,25,,44776,29,,,1,68,,44777,29,,,1,22,,44778,29,,,1,24,,44779,29,,,1,65,,44780,29,,,1,25,,44781,29,,,1,65,,44782,29,,,1,25,,44783,29,,,1,25,,44784,29,,,1,65,,44785,29,,,1,25,,44786,29,,,1,65,,44787,29,,,1,45,,44789,29,,,1,65,,44790,29,,,1,38,,44791,29,,,1,75,,44792,29,,,1,75,,44793,29,,,1,35,,44794,29,,,1,75,,44795,29,,,1,35,,44796,29,,,1,75,,44797,29,,,1,35,,44798,29,,,1
901,'30',701,,44837,29,,,1,35,,44803,29,,,1,75,,44838,29,,,1,35,,44804,29,,,1,75,,44839,29,,,1,33,,44805,29,,,1,73,,44806,29,,,1,73,,44807,29,,,1,33,,44808,29,,,1,78,,44809,29,,,1,28,,44810,29,,,1,63,,44811,29,,,1,23,,44812,29,,,1,23,,44813,29,,,1,63,,44814,29,,,1,23,,44815,29,,,1,23,,44816,29,,,1,63,,44817,29,,,1,23,,44818,29,,,1,63,,44819,29,,,1,23,,44820,29,,,1,24,,44821,29,,,1,64,,44822,29,,,1,23,,44823,29,,,1,65,,44824,29,,,1,17,,44825,29,,,1,19,,44826,29,,,1,70,,44827,29,,,1,30,,44828,29,,,1,70,,44829,29,,,1,30,,44830,29,,,1,70,,44831,29,,,1,30,,44832,29,,,1,70,,44833,29,,,1,41,,44834,29,,,1,58,,44835,29,,,1
901,'4',701,,44874,29,,,1,35,,44840,29,,,1,75,,44875,29,,,1,35,,44841,29,,,1,75,,44876,29,,,1,33,,44842,29,,,1,73,,44843,29,,,1,73,,44844,29,,,1,33,,44845,29,,,1,78,,44846,29,,,1,28,,44847,29,,,1,63,,44848,29,,,1,23,,44849,29,,,1,23,,44850,29,,,1,63,,44851,29,,,1,23,,44852,29,,,1,23,,44853,29,,,1,63,,44854,29,,,1,23,,44855,29,,,1,63,,44856,29,,,1,23,,44857,29,,,1,24,,44858,29,,,1,64,,44859,29,,,1,23,,44860,29,,,1,65,,44861,29,,,1,17,,44862,29,,,1,19,,44863,29,,,1,70,,44864,29,,,1,30,,44865,29,,,1,70,,44866,29,,,1,30,,44867,29,,,1,70,,44868,29,,,1,30,,44869,29,,,1,70,,44870,29,,,1,41,,44871,29,,,1,58,,44872,29,,,1
1201,'2',619,,45371,28,,,1,30,,45370,28,,,1,71,,45372,28,,,1,27,,45373,28,,,1,70,,45374,28,,,1,30,,45375,28,,,1,70,,45376,28,,,1,31,,45377,28,,,1,70,,45378,28,,,1,30,,45379,28,,,1,70,,45380,28,,,1,30,,45381,28,,,1,70,,45382,28,,,1,30,,45383,28,,,1,70,,45384,28,,,1,30,,45385,28,,,1,70,,45386,28,,,1,23,,45387,28,,,1,17,,45388,28,,,1,65,,45389,28,,,1,25,,45390,28,,,1,65,,45391,28,,,1,27,,45392,28,,,1,65,,45393,28,,,1,25,,45394,28,,,1,25,,45395,28,,,1,65,,45396,28,,,1,29,,45398,28,,,1,70,,45399,28,,,1,30,,45400,28,,,1,70,,45401,28,,,1,30,,45402,28,,,1,70,,45407,28,,,1,30,,45406,28,,,1,69,,45408,28,,,1,32,,45403,28,,,1,70,,45409,28,,,1,29,,45404,28,,,1
1201,'3',622,,45411,28,,,1,29,,45433,28,,,1,71,,45412,28,,,1,29,,45432,28,,,1,70,,45413,28,,,1,30,,45431,28,,,1,65,,45414,28,,,1,25,,45430,28,,,1,70,,45415,28,,,1,30,,45429,28,,,1,70,,45416,28,,,1,30,,45428,28,,,1,70,,45417,28,,,1,35,,45427,28,,,1,75,,45418,28,,,1,35,,45419,28,,,1,75,,45420,28,,,1,75,,45421,28,,,1,35,,45422,28,,,1,75,,45423,28,,,1,35,,45424,28,,,1,77,,45425,28,,,1,25,,45426,28,,,1,73,,45434,28,,,1,27,,45440,28,,,1,73,,45435,28,,,1,27,,45441,28,,,1,73,,45436,28,,,1,27,,45442,28,,,1,72,,45437,28,,,1,27,,45443,28,,,1,73,,45438,28,,,1,27,,45444,28,,,1,73,,45439,28,,,1,27,,45445,28,,,1,65,,45446,28,,,1
1201,'30',823,,45462,28,,,1,30,,45461,28,,,1,70,,45463,28,,,1,23,,45448,28,,,1,70,,45464,28,,,1,30,,45460,28,,,1,70,,45465,28,,,1,24,,45459,28,,,1,70,,45466,28,,,1,24,,45458,28,,,1,24,,45467,28,,,1,71,,45457,28,,,1,24,,45468,28,,,1,70,,45456,28,,,1,30,,45469,28,,,1,70,,45455,28,,,1,30,,45470,28,,,1,70,,45454,28,,,1,30,,45471,28,,,1,70,,45453,28,,,1,30,,45472,28,,,1,70,,45452,28,,,1,30,,45473,28,,,1,70,,45451,28,,,1,30,,45474,28,,,1,70,,45450,28,,,1,30,,45475,28,,,1,70,,45447,28,,,1,30,,45476,28,,,1
1201,'4',823,,45492,28,,,1,30,,45491,28,,,1,70,,45493,28,,,1,23,,45478,28,,,1,70,,45494,28,,,1,30,,45490,28,,,1,70,,45495,28,,,1,24,,45489,28,,,1,70,,45496,28,,,1,24,,45488,28,,,1,24,,45497,28,,,1,71,,45487,28,,,1,24,,45498,28,,,1,70,,45486,28,,,1,30,,45499,28,,,1,70,,45485,28,,,1,30,,45500,28,,,1,70,,45484,28,,,1,30,,45501,28,,,1,70,,45483,28,,,1,30,,45502,28,,,1,70,,45482,28,,,1,30,,45503,28,,,1,70,,45481,28,,,1,30,,45504,28,,,1,70,,45480,28,,,1,30,,45505,28,,,1,70,,45477,28,,,1,30,,45506,28,,,1
1901,'2',657,,47179,65,,,1,79,,47180,65,,,1,67,,47181,65,,,1,27,,47182,65,,,1,29,,47183,65,,,1,65,,47184,65,,,1,27,,47185,65,,,1,67,,47186,65,,,1,27,,47187,65,,,1,67,,47188,65,,,1,27,,47189,65,,,1,67,,47190,65,,,1,27,,47191,65,,,1,67,,47192,65,,,1,27,,47193,65,,,1,24,,47194,65,,,1,67,,47195,65,,,1,27,,47196,65,,,1,71,,47197,65,,,1,27,,47198,65,,,1,70,,47199,65,,,1,28,,47200,65,,,1,69,,47201,65,,,1,28,,47202,65,,,1,68,,47203,65,,,1,28,,47204,65,,,1,68,,47205,65,,,1,24,,47206,65,,,1,27,,47207,65,,,1,67,,47208,65,,,1,27,,47209,65,,,1,67,,47210,65,,,1,27,,47211,65,,,1,60,,47212,65,,,1,27,,47213,65,,,1,27,,47214,65,,,1,76,,47215,65,,,1,12,,47216,65,,,1,85,,47217,65,,,1
1901,'3',829,,47218,49,,,1,71,,47220,65,,,1,33,,47221,65,,,1,71,,47222,65,,,1,32,,47223,65,,,1,72,,47224,65,,,1,32,,47225,65,,,1,72,,47226,65,,,1,32,,47227,65,,,1,72,,47228,65,,,1,32,,47229,65,,,1,70,,47230,65,,,1,27,,47231,65,,,1,64,,47232,65,,,1,27,,47233,65,,,1,67,,47234,65,,,1,27,,47235,65,,,1,27,,47236,65,,,1,67,,47237,65,,,1,27,,47238,65,,,1,6,,47239,65,0,9 3 37,1,73,,47240,65,,,1,72,,47241,65,,,1,32,,47242,65,,,1,72,,47243,65,,,1,32,,47244,65,,,1,72,,47245,65,,,1,35,,47246,65,,,1,69,,47247,65,0,9 3 37,1,26,,47248,65,0,9 3 37,1,14,,47219,65,0,9 3 37,1
1901,'30',906,,47270,65,,,1,35,,47250,65,,,1,75,,47264,65,,,1,35,,47251,65,,,1,74,,47252,65,,,1,81,,47253,65,,,1,40,,47268,65,,,1,80,,47254,65,,,1,80,,47255,65,,,1,40,,47256,65,,,1,80,,47257,65,,,1,80,,47265,65,,,1,40,,47258,65,,,1,75,,47259,65,,,1,35,,47269,65,,,1,76,,47260,65,,,1,75,,47261,65,,,1,35,,47266,65,,,1,65,,47267,65,0,9 3 37,1
1901,'4',906,,47291,65,,,1,35,,47271,65,,,1,75,,47285,65,,,1,35,,47272,65,,,1,74,,47273,65,,,1,81,,47274,65,,,1,40,,47289,65,,,1,80,,47275,65,,,1,80,,47276,65,,,1,40,,47277,65,,,1,80,,47278,65,,,1,80,,47286,65,,,1,40,,47279,65,,,1,75,,47280,65,,,1,35,,47290,65,,,1,76,,47281,65,,,1,75,,47282,65,,,1,35,,47287,65,,,1,65,,47288,65,0,9 3 37,1
2000,'2',620,,47293,33,,,1,23,,47296,33,,,1,73,,47294,33,,,1,15,,47295,33,,,1,15,,47297,33,,,1,55,,47319,33,,,1,15,,47320,33,,,1,15,,47321,33,,,1,15,,47322,33,,,1,56,,47323,33,,,1,15,,47324,33,,,1,15,,47325,33,,,1,15,,47326,33,,,1,55,,47327,33,,,1,15,,47328,33,,,1,15,,47329,33,,,1,15,,47330,33,,,1,55,,47331,33,,,1,10,,47332,33,,,1,15,,47333,33,,,1,15,,47334,33,,,1,15,,47335,33,,,1,55,,47336,33,,,1,15,,47337,33,,,1,15,,47338,33,,,1,15,,47339,33,,,1,55,,47340,33,,,1,15,,47341,33,,,1,15,,47342,33,,,1,9,,47343,33,,,1,55,,47344,33,,,1,15,,47345,33,,,1,15,,47346,33,,,1,15,,47347,33,,,1,55,,47348,33,,,1,15,,47349,33,,,1,15,,47350,33,,,1,15,,47351,33,,,1,55,,47352,33,,,1,15,,47353,33,,,1,15,,47354,33,,,1,15,,47355,33,,,1,55,,47356,33,,,1,19,,47357,33,,,1,21,,47298,33,,,1,55,,47300,33,,,1,16,,47301,33,,,1,16,,47302,33,,,1,13,,47311,33,,,1,54,,47303,33,,,1,15,,47304,33,,,1,20,,47305,33,,,1,72,,47306,33,,,1,13,,47307,33,,,1,27,,47308,33,,,1,66,,47309,33,,,1,19,,47312,33,,,1,71,,47313,33,,,1,26,,47314,33,,,1,26,,47315,33,,,1,66,,47292,33,,,1,30,,47317,33,,,1,65,,47318,33,,,1,12,,47358,33,0,36,1,25,,47316,33,,,1,57,,47359,33,0,36,1
2000,'3',628,,47361,33,,,1,26,,47364,33,,,1,70,,47365,33,,,1,81,,47366,33,,,1,26,,47367,33,,,1,26,,47368,33,,,1,66,,47369,33,,,1,26,,47370,33,,,1,72,,47371,33,,,1,22,,47372,33,,,1,60,,47373,33,,,1,20,,47374,33,,,1,20,,47375,33,,,1,60,,47376,33,,,1,20,,47377,33,,,1,22,,47378,33,,,1,60,,47379,33,,,1,20,,47380,33,,,1,20,,47381,33,,,1,60,,47382,33,,,1,20,,47383,33,,,1,19,,47384,33,,,1,60,,47385,33,,,1,20,,47386,33,,,1,20,,47387,33,,,1,60,,47388,33,,,1,20,,47389,33,,,1,20,,47390,33,,,1,60,,47391,33,,,1,20,,47392,33,,,1,20,,47393,33,,,1,14,,47394,33,,,1,60,,47395,33,,,1,24,,47396,33,,,1,67,,47397,33,,,1,27,,47398,33,,,1,67,,47399,33,,,1,27,,47400,33,,,1,27,,47401,33,,,1,67,,47402,33,,,1,23,,47403,33,,,1,67,,47404,33,,,1,27,,47405,33,,,1,67,,47406,33,,,1,27,,47407,33,,,1,21,,47408,33,,,1,59,,47409,33,,,1,42,,47363,33,,,1
2000,'30',652,,47411,33,,,1,82,,47412,33,,,1,85,,47413,33,,,1,87,,47414,33,,,1,30,,47415,33,,,1,66,,47416,33,,,1,25,,47417,33,,,1,26,,47418,33,,,1,67,,47419,33,,,1,26,,47420,33,,,1,66,,47421,33,,,1,27,,47422,33,,,1,66,,47423,33,,,1,26,,47424,33,,,1,26,,47425,33,,,1,66,,47426,33,,,1,26,,47427,33,,,1,66,,47428,33,,,1,26,,47429,33,,,1,66,,47430,33,,,1,26,,47431,33,,,1,26,,47432,33,,,1,66,,47433,33,,,1,26,,47434,33,,,1,65,,47435,33,,,1,25,,47436,33,,,1,65,,47437,33,,,1,25,,47438,33,,,1,25,,47439,33,,,1,65,,47440,33,,,1,25,,47441,33,,,1,65,,47442,33,,,1,25,,47443,33,,,1,66,,47444,33,,,1,21,,47445,33,,,1,20,,47446,33,,,1,70,,47410,33,0,36,1
2000,'4',652,,47448,33,,,1,82,,47449,33,,,1,85,,47450,33,,,1,87,,47451,33,,,1,30,,47452,33,,,1,66,,47453,33,,,1,25,,47454,33,,,1,26,,47455,33,,,1,67,,47456,33,,,1,26,,47457,33,,,1,66,,47458,33,,,1,27,,47459,33,,,1,66,,47460,33,,,1,26,,47461,33,,,1,26,,47462,33,,,1,66,,47463,33,,,1,26,,47464,33,,,1,66,,47465,33,,,1,26,,47466,33,,,1,66,,47467,33,,,1,26,,47468,33,,,1,26,,47469,33,,,1,66,,47470,33,,,1,26,,47471,33,,,1,65,,47472,33,,,1,25,,47473,33,,,1,65,,47474,33,,,1,25,,47475,33,,,1,25,,47476,33,,,1,65,,47477,33,,,1,25,,47478,33,,,1,65,,47479,33,,,1,25,,47480,33,,,1,66,,47481,33,,,1,21,,47482,33,,,1,20,,47483,33,,,1,70,,47447,33,0,36,1
10601,'11802',855,,50671,14,,,1,689,,50669,14,,,1,90,,50670,14,,,1
10601,'3302',734,,50672,14,,,1,20,,50686,14,,,1,65,,50673,14,,,1,20,,50687,14,,,1,65,,50674,14,,,1,20,,50688,14,,,1,25,,50675,14,,,1,65,,50699,14,,,1,20,,50676,14,,,1,25,,50689,14,,,1,60,,50677,14,,,1,20,,50690,14,,,1,65,,50678,14,,,1,21,,50691,14,,,1,25,,50679,14,,,1,60,,50692,14,,,1,25,,50680,14,,,1,20,,50693,14,,,1,66,,50681,14,,,1,20,,50694,14,,,1,65,,50682,14,,,1,20,,50695,14,,,1,25,,50683,14,,,1,60,,50696,14,,,1,30,,50684,14,,,1,60,,50697,14,,,1,10,,50700,14,,,1,25,,50685,14,,,1,20,,50698,14,,,1,50,,50701,14,,,1,20,,50715,14,,,1,19,,50702,14,,,1,58,,50706,14,,,1,22,,50703,14,,,1,18,,50707,14,,,1,62,,50704,14,,,1,18,,50708,14,,,1,22,,50705,14,,,1,58,,50714,14,,,1,39,,50709,14,,,1,80,,50710,14,,,1,80,,50711,14,,,1,40,,50712,14,,,1,75,,50713,14,,,1
10601,'3602',744,,50716,14,,,1,60,,50730,14,,,1,25,,50717,14,,,1,20,,50731,14,,,1,65,,50718,14,,,1,20,,50732,14,,,1,25,,50719,14,,,1,65,,50733,14,,,1,20,,50720,14,,,1,65,,50734,14,,,1,20,,50721,14,,,1,20,,50735,14,,,1,66,,50722,14,,,1,20,,50736,14,,,1,65,,50723,14,,,1,20,,50737,14,,,1,25,,50724,14,,,1,60,,50738,14,,,1,26,,50725,14,,,1,20,,50739,14,,,1,65,,50726,14,,,1,20,,50740,14,,,1,65,,50727,14,,,1,25,,50741,14,,,1,25,,50728,14,,,1,75,,50742,14,,,1,20,,50729,14,,,1,70,,50750,14,,,1,20,,50743,14,,,1,18,,50744,14,,,1,60,,50745,14,,,1,21,,50746,14,,,1,18,,50747,14,,,1,62,,50748,14,,,1,18,,50751,14,,,1,20,,50749,14,,,1
10601,'3903',1132,,50752,14,,,1,86,,50753,14,,,1,40,,50754,14,,,1,80,,50755,14,,,1,81,,50756,14,,,1,85,,50757,14,,,1,45,,50758,14,,,1,90,,50759,14,,,1,90,,50760,14,,,1,84,,50761,14,,,1,40,,50762,14,,,1,80,,50763,14,,,1,80,,50764,14,,,1,40,,50765,14,,,1,79,,50766,14,,,1,80,,50767,14,,,1,40,,50768,14,,,1
10601,'6404',1132,,50769,14,,,1,86,,50770,14,,,1,40,,50771,14,,,1,80,,50772,14,,,1,81,,50773,14,,,1,85,,50774,14,,,1,45,,50775,14,,,1,90,,50776,14,,,1,90,,50777,14,,,1,84,,50778,14,,,1,40,,50779,14,,,1,80,,50780,14,,,1,80,,50781,14,,,1,40,,50782,14,,,1,79,,50783,14,,,1,80,,50784,14,,,1
