900,'2',642,,44515,16,,,1,17,,44516,16,,,1,59,,44517,16,,,1,16,,44518,16,,,1,16,,44519,16,,,1,56,,44520,16,,,1,14,,44521,16,,,1,16,,44522,16,,,1,15,,44523,16,,,1,56,,44524,16,,,1,15,,44525,16,,,1,15,,44526,16,,,1,15,,44527,16,,,1,55,,44528,16,,,1,15,,44529,16,,,1,15,,44530,16,,,1,15,,44531,16,,,1,55,,44532,16,,,1,15,,44533,16,,,1,15,,44534,16,,,1,15,,44535,16,,,1,56,,44536,16,,,1,15,,44537,16,,,1,15,,44538,16,,,1,15,,44539,16,,,1,55,,44540,16,,,1,15,,44541,16,,,1,15,,44542,16,,,1,15,,44543,16,,,1,56,,44544,16,,,1,15,,44545,16,,,1,15,,44546,16,,,1,15,,44547,16,,,1,55,,44548,16,,,1,15,,44549,16,,,1,15,,44550,16,,,1,15,,44551,16,,,1,55,,44552,16,,,1,16,,44553,16,,,1,15,,44554,16,,,1,15,,44555,16,,,1,55,,44556,16,,,1,15,,44557,16,,,1,15,,44558,16,,,1,15,,44559,16,,,1,54,,44560,16,,,1,13,,44561,16,,,1,22,,44562,16,,,1,69,,44563,16,,,1,22,,44564,16,,,1,22,,44565,16,,,1,62,,44566,16,,,1,22,,44567,16,,,1,62,,44568,16,,,1,24,,44569,16,,,1,29,,44570,16,,,1,72,,44571,16,,,1,72,,44572,16,,,1,32,,44573,16,,,1,76,,44575,16,,,1,103,,44574,16,,,1
900,'3',541,,44618,15,,,1,68,,44621,15,,,1,30,,44582,16,,,1,70,,44620,16,,,1,30,,44583,16,,,1,75,,44619,16,,,1,29,,44584,16,,,1,75,,44585,16,,,1,32,,44586,16,,,1,60,,44587,15,,,1,27,,44588,16,,,1,65,,44589,16,,,1,25,,44590,16,,,1,22,,44591,16,,,1,67,,44592,16,,,1,25,,44593,16,,,1,69,,44594,16,,,1,21,,44595,16,,,1,25,,44596,16,,,1,68,,44597,16,,,1,22,,44598,16,,,1,65,,44599,16,,,1,25,,44600,16,,,1,65,,44601,16,,,1,25,,44602,16,,,1,25,,44603,16,,,1,65,,44604,16,,,1,25,,44605,16,,,1,65,,44606,16,,,1,22,,44607,16,,,1,84,,44608,16,,,1,25,,44609,16,,,1,78,,44610,16,,,1,35,,44611,16,,,1,74,,44612,16,,,1,35,,44613,16,,,1,75,,44614,16,,,1,75,,44615,16,,,1,35,,44616,16,,,1,74,,44617,16,,,1
900,'30',617,,44625,15,,,1,25,,44622,16,,,1,80,,44658,16,,,1,35,,44623,16,,,1,75,,44657,16,,,1,76,,44624,16,,,1,35,,44626,16,,,1,73,,44627,16,,,1,33,,44628,16,,,1,73,,44629,16,,,1,33,,44630,16,,,1,63,,44631,15,,,1,18,,44632,16,,,1,68,,44633,16,,,1,23,,44634,16,,,1,23,,44635,16,,,1,63,,44636,16,,,1,23,,44637,16,,,1,23,,44638,16,,,1,63,,44639,16,,,1,23,,44640,16,,,1,63,,44641,16,,,1,23,,44642,16,,,1,23,,44643,16,,,1,61,,44644,16,,,1,23,,44645,16,,,1,63,,44646,16,,,1,25,,44647,16,,,1,75,,44648,16,,,1,30,,44649,16,,,1,70,,44650,16,,,1,30,,44651,16,,,1,70,,44652,16,,,1,30,,44653,16,,,1,70,,44654,16,,,1,29,,44655,16,,,1,81,,44656,16,,,1
900,'4',617,,44662,15,,,1,25,,44659,16,,,1,80,,44695,16,,,1,35,,44660,16,,,1,75,,44694,16,,,1,76,,44661,16,,,1,35,,44663,16,,,1,73,,44664,16,,,1,33,,44665,16,,,1,73,,44666,16,,,1,33,,44667,16,,,1,63,,44668,15,,,1,18,,44669,16,,,1,68,,44670,16,,,1,23,,44671,16,,,1,23,,44672,16,,,1,63,,44673,16,,,1,23,,44674,16,,,1,23,,44675,16,,,1,63,,44676,16,,,1,23,,44677,16,,,1,63,,44678,16,,,1,23,,44679,16,,,1,23,,44680,16,,,1,61,,44681,16,,,1,23,,44682,16,,,1,63,,44683,16,,,1,25,,44684,16,,,1,75,,44685,16,,,1,30,,44686,16,,,1,70,,44687,16,,,1,30,,44688,16,,,1,70,,44689,16,,,1,30,,44690,16,,,1,70,,44691,16,,,1,29,,44692,16,,,1,81,,44693,16,,,1
2700,'11802',817,,48173,30,,,1,89,,48174,30,,,1,848,,48175,30,,,1
2700,'2',623,,48246,30,,,1,33,,48176,30,,,1,76,,48177,30,,,1,13,,48178,30,,,1,13,,48179,30,,,1,53,,48180,30,,,1,13,,48181,30,,,1,13,,48182,30,,,1,13,,48183,30,,,1,53,,48184,30,,,1,12,,48185,30,,,1,13,,48186,30,,,1,13,,48187,30,,,1,13,,48188,30,,,1,53,,48189,30,,,1,13,,48190,30,,,1,13,,48191,30,,,1,13,,48192,30,,,1,13,,48193,30,,,1,53,,48194,30,,,1,13,,48195,30,,,1,13,,48196,30,,,1,13,,48197,30,,,1,53,,48198,30,,,1,12,,48199,30,,,1,12,,48200,30,,,1,12,,48201,30,,,1,12,,48202,30,,,1,52,,48203,30,,,1,12,,48204,30,,,1,12,,48205,30,,,1,12,,48206,30,,,1,12,,48207,30,,,1,52,,48208,30,,,1,15,,48209,30,,,1,13,,48210,30,,,1,13,,48211,30,,,1,13,,48212,30,,,1,53,,48213,30,,,1,13,,48214,30,,,1,13,,48215,30,,,1,13,,48216,30,,,1,52,,48217,30,,,1,15,,48218,30,,,1,9,,48219,30,,,1,11,,48220,30,,,1,11,,48221,30,,,1,11,,48222,30,,,1,51,,48223,30,,,1,11,,48224,30,,,1,11,,48225,30,,,1,11,,48226,30,,,1,11,,48227,30,,,1,51,,48228,30,,,1,6,,48229,30,,,1,13,,48230,30,,,1,15,,48231,30,,,1,13,,48232,30,,,1,54,,48233,30,,,1,13,,48234,30,,,1,17,,48235,30,,,1,17,,48236,30,,,1,57,,48237,30,,,1,17,,48238,30,,,1,17,,48239,30,,,1,57,,48240,30,,,1,16,,48241,30,,,1,27,,48242,30,,,1,67,,48243,30,,,1,27,,48244,30,,,1,70,,48245,30,,,1
2700,'3',922,,48247,30,,,1,29,,48249,30,,,1,98,,48258,30,,,1,76,,48250,30,,,1,32,,48268,30,,,1,72,,48259,30,,,1,72,,48251,30,,,1,32,,48248,30,,,1,72,,48260,30,,,1,34,,48252,30,,,1,72,,48267,30,,,1,30,,48261,30,,,1,74,,48253,30,,,1,32,,48269,30,,,1,70,,48262,30,,,1,34,,48254,30,,,1,72,,48270,30,,,1,18,,48263,30,,,1,85,,48255,30,,,1,85,,48264,30,,,1,45,,48256,30,,,1,80,,48265,30,,,1,80,,48257,30,,,1,40,,48266,30,,,1
2700,'30',904,,48271,30,,,1,45,,48278,30,,,1,85,,48272,30,,,1,85,,48279,30,,,1,85,,48273,30,,,1,48,,48280,30,,,1,72,,48282,30,,,1,27,,48274,30,,,1,77,,48281,30,,,1,72,,48283,30,,,1,32,,48275,30,,,1,72,,48284,30,,,1,32,,48286,30,,,1,72,,48276,30,,,1,35,,48285,30,,,1,86,,48277,30,,,1,85,,48288,30,,,1,45,,48287,30,,,1
2700,'4',904,,48289,30,,,1,45,,48296,30,,,1,85,,48290,30,,,1,85,,48297,30,,,1,85,,48291,30,,,1,48,,48298,30,,,1,72,,48300,30,,,1,27,,48292,30,,,1,77,,48299,30,,,1,72,,48301,30,,,1,32,,48293,30,,,1,72,,48302,30,,,1,32,,48304,30,,,1,72,,48294,30,,,1,35,,48303,30,,,1,86,,48295,30,,,1,85,,48306,30,,,1,45,,48305,30,,,1
3100,'11802',1604,,48511,3,,,1,100,,48512,3,,,1
3100,'2',612,,48513,3,,,1,16,,48514,3,,,1,74,,48515,3,,,1,20,,48516,3,,,1,20,,48517,3,,,1,60,,48518,3,,,1,20,,48519,3,,,1,20,,48520,3,,,1,61,,48521,3,,,1,37,,48522,3,,,1,60,,48523,3,,,1,30,,48524,3,,,1,70,,48525,3,,,1,30,,48526,3,,,1,71,,48527,3,,,1,30,,48528,3,,,1,70,,48529,3,,,1,30,,48530,3,,,1,26,,48531,3,,,1,59,,48532,3,,,1,12,,48533,3,,,1,25,,48534,3,,,1,60,,48535,3,,,1,20,,48536,3,,,1,20,,48537,3,,,1,62,,48538,3,,,1,20,,48539,3,,,1,20,,48540,3,,,1,60,,48541,3,,,1,20,,48542,3,,,1,20,,48543,3,,,1,76,,48544,3,,,1,19,,48545,3,,,1,70,,48546,3,,,1,30,,48547,3,,,1,70,,48548,3,,,1,30,,48549,3,,,1,70,,48550,3,,,1,30,,48551,3,,,1,70,,48552,3,,,1,30,,48553,3,,,1,70,,48554,3,,,1,30,,48555,3,,,1,70,,48556,3,,,1,24,,48557,3,,,1
3100,'3',709,,48558,3,,,1,23,,48559,3,,,1,25,,48560,3,,,1,65,,48561,3,,,1,25,,48562,3,,,1,65,,48563,3,,,1,25,,48564,3,,,1,65,,48565,3,,,1,25,,48566,3,,,1,25,,48567,3,,,1,65,,48568,3,,,1,25,,48569,3,,,1,65,,48570,3,,,1,27,,48571,3,,,1,67,,48572,3,,,1,27,,48573,3,,,1,27,,48574,3,,,1,66,,48575,3,,,1,27,,48576,3,,,1,67,,48577,3,,,1,27,,48578,3,,,1,67,,48579,3,,,1,27,,48580,3,,,1,65,,48581,3,,,1,27,,48582,3,,,1,28,,48583,3,,,1,65,,48584,3,,,1,25,,48585,3,,,1,65,,48586,3,,,1,25,,48587,3,,,1,65,,48588,3,,,1,25,,48589,3,,,1,25,,48590,3,,,1,65,,48591,3,,,1,25,,48592,3,,,1,65,,48593,3,,,1,25,,48594,3,,,1,25,,48595,3,,,1,65,,48596,3,,,1,25,,48597,3,,,1,65,,48598,3,,,1,25,,48599,3,,,1
3100,'30',716,,48612,3,,,1,21,,48600,3,,,1,65,,48601,3,,,1,25,,48602,3,,,1,25,,48603,3,,,1,65,,48604,3,,,1,25,,48605,3,,,1,65,,48606,3,,,1,25,,48607,3,,,1,25,,48608,3,,,1,65,,48609,3,,,1,25,,48610,3,,,1,65,,48611,3,,,1,25,,48613,3,,,1,65,,48614,3,,,1,25,,48615,3,,,1,25,,48616,3,,,1,65,,48617,3,,,1,25,,48618,3,,,1,65,,48619,3,,,1,25,,48620,3,,,1,25,,48621,3,,,1,65,,48622,3,,,1,25,,48623,3,,,1,65,,48624,3,,,1,25,,48625,3,,,1,65,,48626,3,,,1,25,,48627,3,,,1,25,,48628,3,,,1,65,,48629,3,,,1,25,,48630,3,,,1
3100,'4',716,,48643,3,,,1,21,,48631,3,,,1,65,,48632,3,,,1,25,,48633,3,,,1,25,,48634,3,,,1,65,,48635,3,,,1,25,,48636,3,,,1,65,,48637,3,,,1,25,,48638,3,,,1,25,,48639,3,,,1,65,,48640,3,,,1,25,,48641,3,,,1,65,,48642,3,,,1,25,,48644,3,,,1,65,,48645,3,,,1,25,,48646,3,,,1,25,,48647,3,,,1,65,,48648,3,,,1,25,,48649,3,,,1,65,,48650,3,,,1,25,,48651,3,,,1,25,,48652,3,,,1,65,,48653,3,,,1,25,,48654,3,,,1,65,,48655,3,,,1,25,,48656,3,,,1,65,,48657,3,,,1,25,,48658,3,,,1,25,,48659,3,,,1,65,,48660,3,,,1,25,,48661,3,,,1
12701,'3302',712,,50880,5,,,1,93,,50881,5,,,1,18,,50882,5,,,1,94,,50883,5,,,1,21,,50884,5,,,1,88,,50885,5,,,1,23,,50886,5,,,1,86,,50887,5,,,1,23,,50888,5,,,1,86,,50889,5,,,1,63,,50890,5,,,1,44,,50891,5,,,1,70,,50892,5,,,1,85,,50893,5,,,1,30,,50894,5,,,1,87,,50895,5,,,1,32,,50896,5,,,1,88,,50897,5,,,1,73,,50898,5,,,1,37,,50899,5,,,1,74,,50900,5,,,1,74,,50901,5,,,1,34,,50902,5,,,1,74,,50903,5,,,1,98,,50904,5,,,1,104,,50905,5,,,1,98,,50906,5,,,1
12701,'3602',634,,50907,5,,,1,95,,50908,5,,,1,18,,50909,5,,,1,94,,50910,5,,,1,18,,50911,5,,,1,143,,50912,5,,,1,110,,50913,5,,,1,109,,50914,5,,,1,111,,50915,5,,,1,74,,50916,5,,,1,30,,50917,5,,,1,15,,50918,5,,,1,70,,50919,5,,,1,30,,50920,5,,,1,56,,50921,5,,,1,32,,50922,5,,,1,72,,50923,5,,,1,16,,50924,5,,,1
12701,'3903',633,,50925,5,,,1,99,,50926,5,,,1,102,,50927,5,,,1,102,,50928,5,,,1,73,,50929,5,,,1,34,,50930,5,,,1,74,,50931,5,,,1,34,,50932,5,,,1,75,,50933,5,,,1,75,,50934,5,,,1,35,,50935,5,,,1,75,,50936,5,,,1,36,,50937,5,,,1,75,,50938,5,,,1,35,,50939,5,,,1,75,,50940,5,,,1,75,,50941,5,,,1,37,,50942,5,,,1,75,,50943,5,,,1,34,,50944,5,,,1,74,,50945,5,,,1,74,,50946,5,,,1,34,,50947,5,,,1,72,,50950,5,,,1,102,,50948,5,,,1,102,,50949,5,,,1
12701,'6404',722,,50951,5,,,1,102,,50952,5,,,1,105,,50953,5,,,1,74,,50954,5,,,1,34,,50955,5,,,1,74,,50956,5,,,1,34,,50957,5,,,1,74,,50958,5,,,1,34,,50959,5,,,1,74,,50960,5,,,1,74,,50961,5,,,1,34,,50962,5,,,1,74,,50963,5,,,1,34,,50964,5,,,1,74,,50965,5,,,1,34,,50966,5,,,1,74,,50967,5,,,1,104,,50968,5,,,1,101,,50969,5,,,1,101,,50970,5,,,1,101,,50971,5,,,1,101,,50972,5,,,1
