401,'11802',731,,43532,57,0,13 40 41,1,82,,43531,57,0,13 40 41,1
401,'2',606,,43559,51,0,10 40 41,1,36,,43558,57,0,13 40 41,1,11,,43600,51,0,10 40 41,1,71,,43557,51,0,10 40 41,1,15,,43556,57,0,13 40 41,1,10,,43555,23,,,1,57,,43554,51,0,10 40 41,1,15,,43553,51,0,10 40 41,1,15,,43552,57,0,13 40 41,1,15,,43551,51,0,10 40 41,1,55,,43550,57,0,13 40 41,1,15,,43549,51,0,10 40 41,1,15,,43548,57,0,13 40 41,1,15,,43547,51,0,10 40 41,1,55,,43546,57,0,13 40 41,1,20,,43545,51,0,10 40 41,1,20,,43544,57,0,13 40 41,1,60,,43543,51,0,10 40 41,1,20,,43542,57,0,13 40 41,1,21,,43541,51,0,10 40 41,1,61,,43540,57,0,13 40 41,1,20,,43539,51,0,10 40 41,1,20,,43538,57,0,13 40 41,1,60,,43537,51,0,10 40 41,1,20,,43536,57,0,13 40 41,1,20,,43535,51,0,10 40 41,1,60,,43534,57,0,13 40 41,1,21,,43533,51,0,10 40 41,1,15,,43562,57,0,13 40 41,1,59,,43570,51,0,10 40 41,1,15,,43563,57,0,13 40 41,1,15,,43571,51,0,10 40 41,1,15,,43564,57,0,13 40 41,1,55,,43572,51,0,10 40 41,1,16,,43565,57,0,13 40 41,1,15,,43573,51,0,10 40 41,1,15,,43566,57,0,13 40 41,1,55,,43574,51,0,10 40 41,1,15,,43567,57,0,13 40 41,1,15,,43575,51,0,10 40 41,1,15,,43568,57,0,13 40 41,1,55,,43576,51,0,10 40 41,1,9,,43569,57,0,13 40 41,1,17,,43579,51,0,10 40 41,1,21,,43584,57,0,13 40 41,1,60,,43580,51,0,10 40 41,1,20,,43585,57,0,13 40 41,1,20,,43581,51,0,10 40 41,1,60,,43586,57,0,13 40 41,1,20,,43582,51,0,10 40 41,1,20,,43587,57,0,13 40 41,1,68,,43583,51,0,10 40 41,1,33,,43588,57,0,13 40 41,1,70,,43591,51,0,10 40 41,1,30,,43589,57,0,13 40 41,1,70,,43592,51,0,10 40 41,1,30,,43590,57,0,13 40 41,1,70,,43593,51,0,10 40 41,1,90,,43594,57,0,13 40 41,1
401,'3',641,,43601,51,0,10 40 41,1,70,,43602,57,0,13 40 41,1,20,,43609,51,0,10 40 41,1,70,,43603,57,0,13 40 41,1,32,,43610,51,0,10 40 41,1,70,,43604,57,0,13 40 41,1,30,,43611,51,0,10 40 41,1,70,,43605,57,0,13 40 41,1,32,,43612,51,0,10 40 41,1,70,,43606,57,0,13 40 41,1,30,,43613,51,0,10 40 41,1,70,,43607,57,0,13 40 41,1,30,,43614,51,0,10 40 41,1,70,,43608,57,0,13 40 41,1,26,,43615,51,0,10 40 41,1,27,,43621,57,0,13 40 41,1,66,,43616,51,0,10 40 41,1,25,,43622,57,0,13 40 41,1,65,,43617,51,0,10 40 41,1,25,,43623,57,0,13 40 41,1,65,,43618,51,0,10 40 41,1,25,,43624,57,0,13 40 41,1,25,,43619,51,0,10 40 41,1,65,,43625,57,0,13 40 41,1,25,,43620,51,0,10 40 41,1,65,,43633,57,0,13 40 41,1,25,,43629,51,0,10 40 41,1,25,,43634,57,0,13 40 41,1,65,,43630,51,0,10 40 41,1,25,,43635,57,0,13 40 41,1,65,,43631,51,0,10 40 41,1,25,,43636,57,0,13 40 41,1,65,,43632,51,0,10 40 41,1,23,,43637,57,0,13 40 41,1,17,,43638,51,0,10 40 41,1,70,,43642,57,0,13 40 41,1,30,,43639,51,0,10 40 41,1,70,,43643,57,0,13 40 41,1,30,,43640,51,0,10 40 41,1,70,,43644,57,0,13 40 41,1,28,,43641,51,0,10 40 41,1,72,,43627,57,0,13 40 41,1
401,'30',711,,43677,51,0,10 40 41,1,45,,43676,57,0,13 40 41,1,85,,43675,51,0,10 40 41,1,87,,43646,57,0,13 40 41,1,85,,43647,51,0,10 40 41,1,30,,43648,57,0,13 40 41,1,64,,43649,51,0,10 40 41,1,30,,43650,57,0,13 40 41,1,67,,43651,51,0,10 40 41,1,31,,43652,57,0,13 40 41,1,69,,43653,51,0,10 40 41,1,32,,43654,57,0,13 40 41,1,70,,43655,51,0,10 40 41,1,30,,43656,57,0,13 40 41,1,70,,43657,51,0,10 40 41,1,30,,43658,57,0,13 40 41,1,70,,43659,51,0,10 40 41,1,30,,43660,57,0,13 40 41,1,70,,43661,51,0,10 40 41,1,29,,43662,57,0,13 40 41,1,70,,43663,51,0,10 40 41,1,30,,43664,57,0,13 40 41,1,70,,43665,51,0,10 40 41,1,30,,43666,57,0,13 40 41,1,68,,43667,51,0,10 40 41,1,32,,43668,57,0,13 40 41,1,70,,43669,51,0,10 40 41,1,32,,43670,57,0,13 40 41,1,68,,43671,51,0,10 40 41,1,29,,43672,57,0,13 40 41,1,78,,43645,51,0,10 40 41,1
401,'4',711,,43710,51,0,10 40 41,1,45,,43709,57,0,13 40 41,1,85,,43708,51,0,10 40 41,1,87,,43679,57,0,13 40 41,1,85,,43680,51,0,10 40 41,1,30,,43681,57,0,13 40 41,1,64,,43682,51,0,10 40 41,1,30,,43683,57,0,13 40 41,1,67,,43684,51,0,10 40 41,1,31,,43685,57,0,13 40 41,1,69,,43686,51,0,10 40 41,1,32,,43687,57,0,13 40 41,1,70,,43688,51,0,10 40 41,1,30,,43689,57,0,13 40 41,1,70,,43690,51,0,10 40 41,1,30,,43691,57,0,13 40 41,1,70,,43692,51,0,10 40 41,1,30,,43693,57,0,13 40 41,1,70,,43694,51,0,10 40 41,1,29,,43695,57,0,13 40 41,1,70,,43696,51,0,10 40 41,1,30,,43697,57,0,13 40 41,1,70,,43698,51,0,10 40 41,1,30,,43699,57,0,13 40 41,1,68,,43700,51,0,10 40 41,1,32,,43701,57,0,13 40 41,1,70,,43702,51,0,10 40 41,1,32,,43703,57,0,13 40 41,1,68,,43704,51,0,10 40 41,1,29,,43705,57,0,13 40 41,1,78,,43678,51,0,10 40 41,1
1700,'11802',714,,46724,29,,,1,226,,46728,29,,,1
1700,'2',637,,46739,49,0,10 23 20,1,20,,46740,57,0,13 23 20,1,60,,46780,49,0,10 23 20,1,20,,46741,57,0,13 23 20,1,21,,46781,49,0,10 23 20,1,59,,46742,57,0,13 23 20,1,20,,46743,49,0,10 23 20,1,18,,46744,57,0,13 23 20,1,61,,46745,49,0,10 23 20,1,20,,46746,57,0,13 23 20,1,20,,46747,49,0,10 23 20,1,60,,46748,57,0,13 23 20,1,20,,46749,49,0,10 23 20,1,20,,46750,57,0,13 23 20,1,60,,46751,49,0,10 23 20,1,20,,46752,57,0,13 23 20,1,20,,46753,49,0,10 23 20,1,60,,46754,57,0,13 23 20,1,20,,46755,49,0,10 23 20,1,21,,46756,57,0,13 23 20,1,61,,46757,49,0,10 23 20,1,25,,46758,57,0,13 23 20,1,63,,46759,49,0,10 23 20,1,21,,46760,57,0,13 23 20,1,20,,46761,49,0,10 23 20,1,60,,46762,57,0,13 23 20,1,18,,46763,49,0,10 23 20,1,20,,46764,57,0,13 23 20,1,57,,46765,49,0,10 23 20,1,15,,46766,57,0,13 23 20,1,21,,46767,49,0,10 23 20,1,63,,46768,57,0,13 23 20,1,20,,46769,49,0,10 23 20,1,20,,46770,57,0,13 23 20,1,62,,46771,49,0,10 23 20,1,12,,46772,57,0,13 23 20,1,23,,46773,49,0,10 23 20,1,63,,46782,49,0,10 23 20,1,21,,46775,57,0,13 23 20,1,14,,46729,49,0,10 23 20,1,19,,46738,49,0,10 23 20,1,59,,46737,49,0,10 23 20,1,19,,46736,49,0,10 23 20,1,19,,46735,49,0,10 23 20,1,59,,46734,49,0,10 23 20,1,17,,46733,49,0,10 23 20,1,21,,46731,49,0,10 23 20,1,70,,46732,49,0,10 23 20,1,25,,46730,49,0,10 23 20,1,60,,46776,49,0,10 23 20,1,25,,46777,49,0,10 23 20,1,25,,46778,49,0,10 23 20,1,65,,46779,49,0,10 23 20,1,22,,46783,49,0,10 23 20,1,65,,46784,49,0,10 23 20,1
1700,'3',630,,46819,49,0,10 23 20,1,79,,46817,49,0,10 23 20,1,36,,46818,49,0,10 23 20,1,80,,46816,49,0,10 23 20,1,75,,46815,49,0,10 23 20,1,30,,46814,49,0,10 23 20,1,82,,46813,49,0,10 23 20,1,31,,46812,49,0,10 23 20,1,72,,46811,49,0,10 23 20,1,30,,46820,49,0,10 23 20,1,71,,46810,49,0,10 23 20,1,31,,46809,49,0,10 23 20,1,70,,46808,49,0,10 23 20,1,30,,46807,49,0,10 23 20,1,70,,46806,49,0,10 23 20,1,30,,46805,49,0,10 23 20,1,70,,46804,49,0,10 23 20,1,30,,46803,49,0,10 23 20,1,70,,46802,49,0,10 23 20,1,30,,46801,49,0,10 23 20,1,70,,46800,49,0,10 23 20,1,30,,46799,49,0,10 23 20,1,67,,46798,49,0,10 23 20,1,30,,46797,49,0,10 23 20,1,68,,46796,49,0,10 23 20,1,30,,46795,49,0,10 23 20,1,60,,46794,49,0,10 23 20,1,30,,46793,49,0,10 23 20,1,70,,46792,49,0,10 23 20,1,30,,46791,49,0,10 23 20,1,14,,46790,49,0,10 23 20,1,69,,46789,49,0,10 23 20,1,30,,46788,49,0,10 23 20,1,70,,46787,49,0,10 23 20,1,15,,46821,49,0,10 23 20,1,70,,46786,49,0,10 23 20,1,23,,46822,49,0,10 23 20,1,19,,46823,49,0,10 23 20,1,60,,46824,49,0,10 23 20,1
1700,'30',657,,46855,49,0,10 23 20,1,75,,46856,49,0,10 23 20,1,75,,46857,49,0,10 23 20,1,35,,46858,49,0,10 23 20,1,75,,46828,49,0,10 23 20,1,30,,46829,49,0,10 23 20,1,70,,46830,49,0,10 23 20,1,30,,46831,49,0,10 23 20,1,65,,46832,49,0,10 23 20,1,25,,46833,49,0,10 23 20,1,22,,46834,49,0,10 23 20,1,72,,46835,49,0,10 23 20,1,70,,46836,49,0,10 23 20,1,25,,46837,49,0,10 23 20,1,25,,46838,49,0,10 23 20,1,70,,46839,49,0,10 23 20,1,30,,46840,49,0,10 23 20,1,68,,46841,49,0,10 23 20,1,30,,46842,49,0,10 23 20,1,70,,46843,49,0,10 23 20,1,30,,46844,49,0,10 23 20,1,70,,46845,49,0,10 23 20,1,30,,46846,49,0,10 23 20,1,60,,46847,49,0,10 23 20,1,28,,46848,49,0,10 23 20,1,70,,46849,49,0,10 23 20,1,30,,46850,49,0,10 23 20,1,80,,46851,49,0,10 23 20,1,35,,46852,49,0,10 23 20,1,75,,46853,49,0,10 23 20,1,75,,46854,49,0,10 23 20,1,31,,46827,49,0,10 23 20,1,70,,46860,49,0,10 23 20,1,35,,46859,49,0,10 23 20,1
1700,'4',657,,46890,49,0,10 23 20,1,75,,46891,49,0,10 23 20,1,75,,46892,49,0,10 23 20,1,35,,46893,49,0,10 23 20,1,75,,46863,49,0,10 23 20,1,30,,46864,49,0,10 23 20,1,70,,46865,49,0,10 23 20,1,30,,46866,49,0,10 23 20,1,65,,46867,49,0,10 23 20,1,25,,46868,49,0,10 23 20,1,22,,46869,49,0,10 23 20,1,72,,46870,49,0,10 23 20,1,70,,46871,49,0,10 23 20,1,25,,46872,49,0,10 23 20,1,25,,46873,49,0,10 23 20,1,70,,46874,49,0,10 23 20,1,30,,46875,49,0,10 23 20,1,68,,46876,49,0,10 23 20,1,30,,46877,49,0,10 23 20,1,70,,46878,49,0,10 23 20,1,30,,46879,49,0,10 23 20,1,70,,46880,49,0,10 23 20,1,30,,46881,49,0,10 23 20,1,60,,46882,49,0,10 23 20,1,28,,46883,49,0,10 23 20,1,70,,46884,49,0,10 23 20,1,30,,46885,49,0,10 23 20,1,80,,46886,49,0,10 23 20,1,35,,46887,49,0,10 23 20,1,75,,46888,49,0,10 23 20,1,75,,46889,49,0,10 23 20,1,31,,46862,49,0,10 23 20,1,70,,46895,49,0,10 23 20,1,35,,46894,49,0,10 23 20,1
2000,'2',647,,47293,58,,,1,56,,47296,58,,,1,26,,47299,23,,,1,9,,47294,58,,,1,15,,47295,58,,,1,55,,47297,58,,,1,15,,47319,58,,,1,15,,47320,58,,,1,15,,47321,58,,,1,55,,47322,58,,,1,16,,47323,58,,,1,16,,47324,58,,,1,15,,47325,58,,,1,55,,47326,58,,,1,15,,47327,58,,,1,15,,47328,58,,,1,15,,47329,58,,,1,55,,47330,58,,,1,15,,47331,58,,,1,10,,47332,58,,,1,15,,47333,58,,,1,55,,47334,58,,,1,15,,47335,58,,,1,15,,47336,58,,,1,15,,47337,58,,,1,55,,47338,58,,,1,15,,47339,58,,,1,15,,47340,58,,,1,15,,47341,58,,,1,55,,47342,58,,,1,10,,47343,58,,,1,15,,47344,58,,,1,15,,47345,58,,,1,55,,47346,58,,,1,15,,47347,58,,,1,15,,47348,58,,,1,15,,47349,58,,,1,55,,47350,58,,,1,15,,47351,58,,,1,15,,47352,58,,,1,15,,47353,58,,,1,55,,47354,58,,,1,15,,47355,58,,,1,15,,47356,58,,,1,19,,47357,58,,,1,61,,47298,58,,,1,15,,47300,58,,,1,16,,47301,58,,,1,16,,47302,58,,,1,52,,47311,58,,,1,12,,47303,58,,,1,15,,47304,58,,,1,20,,47305,58,,,1,72,,47306,58,,,1,13,,47307,58,,,1,67,,47308,58,,,1,26,,47309,58,,,1,18,,47312,58,,,1,71,,47313,58,,,1,26,,47314,58,,,1,66,,47315,58,,,1,26,,47292,58,,,1,68,,47317,58,,,1,25,,47318,58,,,1,81,,47316,58,,,1
2000,'3',645,,47361,58,,,1,66,,47364,58,,,1,30,,47365,58,,,1,81,,47366,58,,,1,29,,47367,58,,,1,66,,47368,58,,,1,26,,47369,58,,,1,66,,47370,58,,,1,32,,47371,58,,,1,64,,47372,58,,,1,20,,47373,58,,,1,20,,47374,58,,,1,60,,47375,58,,,1,20,,47376,58,,,1,20,,47377,58,,,1,63,,47378,58,,,1,20,,47379,58,,,1,20,,47380,58,,,1,60,,47381,58,,,1,20,,47382,58,,,1,20,,47383,58,,,1,59,,47384,58,,,1,20,,47385,58,,,1,20,,47386,58,,,1,60,,47387,58,,,1,20,,47388,58,,,1,20,,47389,58,,,1,60,,47390,58,,,1,20,,47391,58,,,1,20,,47392,58,,,1,60,,47393,58,,,1,14,,47394,58,,,1,20,,47395,58,,,1,63,,47396,58,,,1,27,,47397,58,,,1,27,,47398,58,,,1,67,,47399,58,,,1,27,,47400,58,,,1,67,,47401,58,,,1,27,,47402,58,,,1,60,,47403,58,,,1,27,,47404,58,,,1,67,,47405,58,,,1,27,,47406,58,,,1,27,,47407,58,,,1,61,,47408,58,,,1,19,,47409,58,,,1,81,,47363,58,,,1
2000,'30',710,,47411,58,,,1,42,,47412,58,,,1,85,,47413,58,,,1,87,,47414,58,,,1,31,,47415,58,,,1,66,,47416,58,,,1,25,,47417,58,,,1,66,,47418,58,,,1,27,,47419,58,,,1,66,,47420,58,,,1,26,,47421,58,,,1,70,,47422,58,,,1,26,,47423,58,,,1,26,,47424,58,,,1,66,,47425,58,,,1,26,,47426,58,,,1,66,,47427,58,,,1,26,,47428,58,,,1,66,,47429,58,,,1,26,,47430,58,,,1,26,,47431,58,,,1,66,,47432,58,,,1,26,,47433,58,,,1,63,,47434,58,,,1,25,,47435,58,,,1,65,,47436,58,,,1,25,,47437,58,,,1,25,,47438,58,,,1,65,,47439,58,,,1,25,,47440,58,,,1,65,,47441,58,,,1,25,,47442,58,,,1,25,,47443,58,,,1,66,,47444,58,,,1,19,,47445,58,,,1,60,,47446,58,,,1
2000,'4',710,,47448,58,,,1,42,,47449,58,,,1,85,,47450,58,,,1,87,,47451,58,,,1,31,,47452,58,,,1,66,,47453,58,,,1,25,,47454,58,,,1,66,,47455,58,,,1,27,,47456,58,,,1,66,,47457,58,,,1,26,,47458,58,,,1,70,,47459,58,,,1,26,,47460,58,,,1,26,,47461,58,,,1,66,,47462,58,,,1,26,,47463,58,,,1,66,,47464,58,,,1,26,,47465,58,,,1,66,,47466,58,,,1,26,,47467,58,,,1,26,,47468,58,,,1,66,,47469,58,,,1,26,,47470,58,,,1,63,,47471,58,,,1,25,,47472,58,,,1,65,,47473,58,,,1,25,,47474,58,,,1,25,,47475,58,,,1,65,,47476,58,,,1,25,,47477,58,,,1,65,,47478,58,,,1,25,,47479,58,,,1,25,,47480,58,,,1,66,,47481,58,,,1,19,,47482,58,,,1,60,,47483,58,,,1
10400,'3302',727,,50469,22,,,1,27,,50470,22,,,1,70,,50471,28,,,1,30,,50472,28,,,1,72,,50473,28,,,1,30,,50474,28,,,1,70,,50475,28,,,1,30,,50476,28,,,1,69,,50477,28,,,1,31,,50478,28,,,1,68,,50479,28,,,1,32,,50480,28,,,1,67,,50481,28,,,1,32,,50482,28,,,1,66,,50483,28,,,1,29,,50484,28,,,1,71,,50485,28,,,1,32,,50486,28,,,1,71,,50487,28,,,1,30,,50488,28,,,1,71,,50489,28,,,1,33,,50490,28,,,1,67,,50491,28,,,1,26,,50492,28,,,1
10400,'3903',1022,,50510,22,,,1,29,,50495,28,,,1,61,,50496,28,,,1,30,,50497,28,,,1,67,,50498,28,,,1,31,,50499,28,,,1,60,,50500,28,,,1,30,,50501,28,,,1,25,,50502,28,,,1,71,,50503,28,,,1,28,,50504,28,,,1,71,,50505,28,,,1,30,,50506,28,,,1,70,,50507,28,,,1,29,,50508,28,,,1,70,,50509,28,,,1,30,,50494,28,,,1,70,,50493,28,,,1
