401,'2',606,,27230,52,0,10 40 41,0,36,,27229,58,0,13 40 41,0,62,,27231,1,,,0,15,,27233,1,,,0,5,,27228,52,0,10 40 41,0,15,,27227,58,0,13 40 41,0,10,,27226,24,,,0,57,,27225,52,0,10 40 41,0,15,,27224,52,0,10 40 41,0,15,,27223,58,0,13 40 41,0,15,,27222,52,0,10 40 41,0,55,,27221,58,0,13 40 41,0,15,,27220,52,0,10 40 41,0,15,,27219,58,0,13 40 41,0,15,,27218,52,0,10 40 41,0,55,,27217,58,0,13 40 41,0,20,,27216,52,0,10 40 41,0,20,,27215,58,0,13 40 41,0,60,,27214,52,0,10 40 41,0,20,,27213,58,0,13 40 41,0,21,,27212,52,0,10 40 41,0,61,,27211,58,0,13 40 41,0,20,,27210,52,0,10 40 41,0,20,,27209,58,0,13 40 41,0,60,,27208,52,0,10 40 41,0,20,,27207,58,0,13 40 41,0,18,,27232,1,,,0,2,,27206,52,0,10 40 41,0,60,,27205,58,0,13 40 41,0,17,,27249,1,,,0,4,,27204,52,0,10 40 41,0,15,,27234,58,0,13 40 41,0,59,,27242,52,0,10 40 41,0,15,,27235,58,0,13 40 41,0,15,,27243,52,0,10 40 41,0,15,,27236,58,0,13 40 41,0,55,,27244,52,0,10 40 41,0,13,,27250,1,,,0,3,,27237,58,0,13 40 41,0,15,,27245,52,0,10 40 41,0,15,,27238,58,0,13 40 41,0,55,,27246,52,0,10 40 41,0,15,,27239,58,0,13 40 41,0,15,,27247,52,0,10 40 41,0,15,,27240,58,0,13 40 41,0,55,,27248,52,0,10 40 41,0,9,,27241,58,0,13 40 41,0,17,,27251,52,0,10 40 41,0,21,,27256,58,0,13 40 41,0,60,,27252,52,0,10 40 41,0,20,,27257,58,0,13 40 41,0,20,,27253,52,0,10 40 41,0,60,,27258,58,0,13 40 41,0,20,,27254,52,0,10 40 41,0,20,,27259,58,0,13 40 41,0,68,,27255,52,0,10 40 41,0,33,,27260,58,0,13 40 41,0,70,,27263,52,0,10 40 41,0,30,,27261,58,0,13 40 41,0,70,,27264,52,0,10 40 41,0,30,,27262,58,0,13 40 41,0,70,,27265,52,0,10 40 41,0,90,,27266,58,0,13 40 41,0
401,'3',641,,27272,52,0,10 40 41,0,70,,27273,58,0,13 40 41,0,20,,27280,52,0,10 40 41,0,70,,27274,58,0,13 40 41,0,32,,27281,52,0,10 40 41,0,70,,27275,58,0,13 40 41,0,30,,27282,52,0,10 40 41,0,70,,27276,58,0,13 40 41,0,32,,27283,52,0,10 40 41,0,70,,27277,58,0,13 40 41,0,30,,27284,52,0,10 40 41,0,70,,27278,58,0,13 40 41,0,30,,27285,52,0,10 40 41,0,65,,27297,1,,,0,5,,27279,58,0,13 40 41,0,26,,27286,52,0,10 40 41,0,27,,27292,58,0,13 40 41,0,66,,27287,52,0,10 40 41,0,25,,27293,58,0,13 40 41,0,65,,27288,52,0,10 40 41,0,25,,27294,58,0,13 40 41,0,65,,27289,52,0,10 40 41,0,25,,27295,58,0,13 40 41,0,25,,27290,52,0,10 40 41,0,65,,27296,58,0,13 40 41,0,25,,27291,52,0,10 40 41,0,65,,27304,58,0,13 40 41,0,25,,27300,52,0,10 40 41,0,25,,27305,58,0,13 40 41,0,65,,27301,52,0,10 40 41,0,25,,27306,58,0,13 40 41,0,65,,27302,52,0,10 40 41,0,25,,27307,58,0,13 40 41,0,65,,27303,52,0,10 40 41,0,23,,27308,58,0,13 40 41,0,17,,27309,52,0,10 40 41,0,70,,27313,58,0,13 40 41,0,30,,27310,52,0,10 40 41,0,70,,27314,58,0,13 40 41,0,30,,27311,52,0,10 40 41,0,70,,27315,58,0,13 40 41,0,28,,27312,52,0,10 40 41,0,72,,27298,58,0,13 40 41,0
401,'30',711,,27348,52,0,10 40 41,0,45,,27347,58,0,13 40 41,0,85,,27346,52,0,10 40 41,0,87,,27317,58,0,13 40 41,0,85,,27318,52,0,10 40 41,0,30,,27319,58,0,13 40 41,0,64,,27320,52,0,10 40 41,0,30,,27321,58,0,13 40 41,0,67,,27322,52,0,10 40 41,0,31,,27323,58,0,13 40 41,0,69,,27324,52,0,10 40 41,0,32,,27325,58,0,13 40 41,0,70,,27326,52,0,10 40 41,0,30,,27327,58,0,13 40 41,0,70,,27328,52,0,10 40 41,0,30,,27329,58,0,13 40 41,0,70,,27330,52,0,10 40 41,0,30,,27331,58,0,13 40 41,0,70,,27332,52,0,10 40 41,0,29,,27333,58,0,13 40 41,0,70,,27334,52,0,10 40 41,0,30,,27335,58,0,13 40 41,0,70,,27336,52,0,10 40 41,0,30,,27337,58,0,13 40 41,0,68,,27338,52,0,10 40 41,0,32,,27339,58,0,13 40 41,0,70,,27340,52,0,10 40 41,0,32,,27341,58,0,13 40 41,0,68,,27342,52,0,10 40 41,0,29,,27343,58,0,13 40 41,0,78,,27316,52,0,10 40 41,0
401,'4',711,,27381,52,0,10 40 41,0,45,,27380,58,0,13 40 41,0,85,,27379,52,0,10 40 41,0,87,,27350,58,0,13 40 41,0,85,,27351,52,0,10 40 41,0,30,,27352,58,0,13 40 41,0,64,,27353,52,0,10 40 41,0,30,,27354,58,0,13 40 41,0,67,,27355,52,0,10 40 41,0,31,,27356,58,0,13 40 41,0,69,,27357,52,0,10 40 41,0,32,,27358,58,0,13 40 41,0,70,,27359,52,0,10 40 41,0,30,,27360,58,0,13 40 41,0,70,,27361,52,0,10 40 41,0,30,,27362,58,0,13 40 41,0,70,,27363,52,0,10 40 41,0,30,,27364,58,0,13 40 41,0,70,,27365,52,0,10 40 41,0,29,,27366,58,0,13 40 41,0,70,,27367,52,0,10 40 41,0,30,,27368,58,0,13 40 41,0,70,,27369,52,0,10 40 41,0,30,,27370,58,0,13 40 41,0,68,,27371,52,0,10 40 41,0,32,,27372,58,0,13 40 41,0,70,,27373,52,0,10 40 41,0,32,,27374,58,0,13 40 41,0,68,,27375,52,0,10 40 41,0,29,,27376,58,0,13 40 41,0,78,,27349,52,0,10 40 41,0
1700,'2',638,,30402,50,0,10 23 20,0,20,,30403,58,0,13 23 20,0,60,,30443,50,0,10 23 20,0,20,,30404,58,0,13 23 20,0,21,,30444,50,0,10 23 20,0,59,,30405,58,0,13 23 20,0,20,,30406,50,0,10 23 20,0,18,,30407,58,0,13 23 20,0,61,,30408,50,0,10 23 20,0,20,,30409,58,0,13 23 20,0,20,,30410,50,0,10 23 20,0,60,,30411,58,0,13 23 20,0,20,,30412,50,0,10 23 20,0,20,,30413,58,0,13 23 20,0,60,,30414,50,0,10 23 20,0,20,,30415,58,0,13 23 20,0,20,,30416,50,0,10 23 20,0,60,,30417,58,0,13 23 20,0,20,,30418,50,0,10 23 20,0,21,,30419,58,0,13 23 20,0,61,,30420,50,0,10 23 20,0,25,,30421,58,0,13 23 20,0,63,,30422,50,0,10 23 20,0,21,,30423,58,0,13 23 20,0,20,,30424,50,0,10 23 20,0,60,,30425,58,0,13 23 20,0,18,,30426,50,0,10 23 20,0,20,,30427,58,0,13 23 20,0,57,,30428,50,0,10 23 20,0,15,,30429,58,0,13 23 20,0,21,,30430,50,0,10 23 20,0,63,,30431,58,0,13 23 20,0,20,,30432,50,0,10 23 20,0,20,,30433,58,0,13 23 20,0,62,,30434,50,0,10 23 20,0,12,,30435,58,0,13 23 20,0,23,,30436,50,0,10 23 20,0,63,,30445,50,0,10 23 20,0,21,,30438,58,0,13 23 20,0,14,,30392,50,0,10 23 20,0,19,,30401,50,0,10 23 20,0,59,,30400,50,0,10 23 20,0,19,,30399,50,0,10 23 20,0,19,,30398,50,0,10 23 20,0,59,,30397,50,0,10 23 20,0,17,,30396,50,0,10 23 20,0,21,,30394,50,0,10 23 20,0,70,,30395,50,0,10 23 20,0,25,,30393,50,0,10 23 20,0,60,,30439,50,0,10 23 20,0,25,,30440,50,0,10 23 20,0,25,,30441,50,0,10 23 20,0,65,,30442,50,0,10 23 20,0,22,,30446,50,0,10 23 20,0,65,,30447,50,0,10 23 20,0
1700,'3',631,,30482,50,0,10 23 20,0,79,,30480,50,0,10 23 20,0,36,,30481,50,0,10 23 20,0,80,,30479,50,0,10 23 20,0,75,,30478,50,0,10 23 20,0,30,,30477,50,0,10 23 20,0,82,,30476,50,0,10 23 20,0,31,,30475,50,0,10 23 20,0,72,,30474,50,0,10 23 20,0,30,,30483,50,0,10 23 20,0,71,,30473,50,0,10 23 20,0,31,,30472,50,0,10 23 20,0,70,,30471,50,0,10 23 20,0,30,,30470,50,0,10 23 20,0,70,,30469,50,0,10 23 20,0,30,,30468,50,0,10 23 20,0,70,,30467,50,0,10 23 20,0,30,,30466,50,0,10 23 20,0,70,,30465,50,0,10 23 20,0,30,,30464,50,0,10 23 20,0,70,,30463,50,0,10 23 20,0,30,,30462,50,0,10 23 20,0,67,,30461,50,0,10 23 20,0,30,,30460,50,0,10 23 20,0,68,,30459,50,0,10 23 20,0,30,,30458,50,0,10 23 20,0,60,,30457,50,0,10 23 20,0,30,,30456,50,0,10 23 20,0,70,,30455,50,0,10 23 20,0,30,,30454,50,0,10 23 20,0,14,,30453,50,0,10 23 20,0,69,,30452,50,0,10 23 20,0,30,,30451,50,0,10 23 20,0,70,,30450,50,0,10 23 20,0,15,,30484,50,0,10 23 20,0,70,,30449,50,0,10 23 20,0,23,,30485,50,0,10 23 20,0,19,,30486,50,0,10 23 20,0,60,,30487,50,0,10 23 20,0
1700,'30',658,,30518,50,0,10 23 20,0,75,,30519,50,0,10 23 20,0,75,,30520,50,0,10 23 20,0,35,,30521,50,0,10 23 20,0,75,,30491,50,0,10 23 20,0,30,,30492,50,0,10 23 20,0,70,,30493,50,0,10 23 20,0,30,,30494,50,0,10 23 20,0,65,,30495,50,0,10 23 20,0,25,,30496,50,0,10 23 20,0,62,,30497,50,0,10 23 20,0,32,,30498,50,0,10 23 20,0,70,,30499,50,0,10 23 20,0,25,,30500,50,0,10 23 20,0,25,,30501,50,0,10 23 20,0,70,,30502,50,0,10 23 20,0,30,,30503,50,0,10 23 20,0,68,,30504,50,0,10 23 20,0,30,,30505,50,0,10 23 20,0,70,,30506,50,0,10 23 20,0,30,,30507,50,0,10 23 20,0,70,,30508,50,0,10 23 20,0,30,,30509,50,0,10 23 20,0,60,,30510,50,0,10 23 20,0,28,,30511,50,0,10 23 20,0,70,,30512,50,0,10 23 20,0,30,,30513,50,0,10 23 20,0,80,,30514,50,0,10 23 20,0,35,,30515,50,0,10 23 20,0,75,,30516,50,0,10 23 20,0,75,,30517,50,0,10 23 20,0,31,,30490,50,0,10 23 20,0,70,,30523,50,0,10 23 20,0,35,,30522,50,0,10 23 20,0
1700,'4',658,,30553,50,0,10 23 20,0,75,,30554,50,0,10 23 20,0,75,,30555,50,0,10 23 20,0,35,,30556,50,0,10 23 20,0,75,,30526,50,0,10 23 20,0,30,,30527,50,0,10 23 20,0,70,,30528,50,0,10 23 20,0,30,,30529,50,0,10 23 20,0,65,,30530,50,0,10 23 20,0,25,,30531,50,0,10 23 20,0,62,,30532,50,0,10 23 20,0,32,,30533,50,0,10 23 20,0,70,,30534,50,0,10 23 20,0,25,,30535,50,0,10 23 20,0,25,,30536,50,0,10 23 20,0,70,,30537,50,0,10 23 20,0,30,,30538,50,0,10 23 20,0,68,,30539,50,0,10 23 20,0,30,,30540,50,0,10 23 20,0,70,,30541,50,0,10 23 20,0,30,,30542,50,0,10 23 20,0,70,,30543,50,0,10 23 20,0,30,,30544,50,0,10 23 20,0,60,,30545,50,0,10 23 20,0,28,,30546,50,0,10 23 20,0,70,,30547,50,0,10 23 20,0,30,,30548,50,0,10 23 20,0,80,,30549,50,0,10 23 20,0,35,,30550,50,0,10 23 20,0,75,,30551,50,0,10 23 20,0,75,,30552,50,0,10 23 20,0,31,,30525,50,0,10 23 20,0,70,,30558,50,0,10 23 20,0,35,,30557,50,0,10 23 20,0
2000,'2',647,,30953,59,,,0,56,,30956,59,,,0,26,,30959,24,,,0,9,,30954,59,,,0,15,,30955,59,,,0,55,,30957,59,,,0,15,,30979,59,,,0,15,,30980,59,,,0,15,,30981,59,,,0,55,,30982,59,,,0,16,,30983,59,,,0,16,,30984,59,,,0,15,,30985,59,,,0,55,,30986,59,,,0,15,,30987,59,,,0,15,,30988,59,,,0,15,,30989,59,,,0,55,,30990,59,,,0,15,,30991,59,,,0,10,,30992,59,,,0,15,,30993,59,,,0,55,,30994,59,,,0,15,,30995,59,,,0,15,,30996,59,,,0,15,,30997,59,,,0,55,,30998,59,,,0,15,,30999,59,,,0,15,,31000,59,,,0,15,,31001,59,,,0,55,,31002,59,,,0,10,,31003,59,,,0,15,,31004,59,,,0,15,,31005,59,,,0,55,,31006,59,,,0,15,,31007,59,,,0,15,,31008,59,,,0,15,,31009,59,,,0,55,,31010,59,,,0,15,,31011,59,,,0,15,,31012,59,,,0,15,,31013,59,,,0,55,,31014,59,,,0,15,,31015,59,,,0,15,,31016,59,,,0,19,,31017,59,,,0,61,,30958,59,,,0,15,,30960,59,,,0,16,,30961,59,,,0,16,,30962,59,,,0,52,,30971,59,,,0,12,,30963,59,,,0,15,,30964,59,,,0,20,,30965,59,,,0,72,,30966,59,,,0,13,,30967,59,,,0,67,,30968,59,,,0,26,,30969,59,,,0,18,,30972,59,,,0,71,,30973,59,,,0,26,,30974,59,,,0,66,,30975,59,,,0,26,,30952,59,,,0,68,,30977,59,,,0,25,,30978,59,,,0,81,,30976,59,,,0
2000,'3',610,,31022,1,,,0,35,,31021,59,,,0,66,,31024,59,,,0,30,,31025,59,,,0,81,,31026,59,,,0,29,,31027,59,,,0,66,,31028,59,,,0,26,,31029,59,,,0,66,,31030,59,,,0,32,,31031,59,,,0,64,,31032,59,,,0,20,,31033,59,,,0,20,,31034,59,,,0,60,,31035,59,,,0,20,,31036,59,,,0,20,,31037,59,,,0,63,,31038,59,,,0,20,,31039,59,,,0,20,,31040,59,,,0,60,,31041,59,,,0,20,,31042,59,,,0,20,,31043,59,,,0,59,,31044,59,,,0,20,,31045,59,,,0,20,,31046,59,,,0,60,,31047,59,,,0,20,,31048,59,,,0,20,,31049,59,,,0,60,,31050,59,,,0,20,,31051,59,,,0,20,,31052,59,,,0,60,,31053,59,,,0,14,,31054,59,,,0,20,,31055,59,,,0,63,,31056,59,,,0,27,,31057,59,,,0,27,,31058,59,,,0,67,,31059,59,,,0,27,,31060,59,,,0,67,,31061,59,,,0,27,,31062,59,,,0,60,,31063,59,,,0,27,,31064,59,,,0,67,,31065,59,,,0,27,,31066,59,,,0,27,,31067,59,,,0,61,,31068,59,,,0,19,,31069,59,,,0,81,,31023,59,,,0
2000,'30',710,,31071,59,,,0,42,,31072,59,,,0,85,,31073,59,,,0,87,,31074,59,,,0,31,,31075,59,,,0,66,,31076,59,,,0,25,,31077,59,,,0,66,,31078,59,,,0,27,,31079,59,,,0,66,,31080,59,,,0,26,,31081,59,,,0,70,,31082,59,,,0,26,,31083,59,,,0,26,,31084,59,,,0,66,,31085,59,,,0,26,,31086,59,,,0,66,,31087,59,,,0,26,,31088,59,,,0,66,,31089,59,,,0,26,,31090,59,,,0,26,,31091,59,,,0,66,,31092,59,,,0,26,,31093,59,,,0,63,,31094,59,,,0,25,,31095,59,,,0,65,,31096,59,,,0,25,,31097,59,,,0,25,,31098,59,,,0,65,,31099,59,,,0,25,,31100,59,,,0,65,,31101,59,,,0,25,,31102,59,,,0,25,,31103,59,,,0,66,,31104,59,,,0,19,,31105,59,,,0,60,,31106,59,,,0
2000,'4',710,,31108,59,,,0,42,,31109,59,,,0,85,,31110,59,,,0,87,,31111,59,,,0,31,,31112,59,,,0,66,,31113,59,,,0,25,,31114,59,,,0,66,,31115,59,,,0,27,,31116,59,,,0,66,,31117,59,,,0,26,,31118,59,,,0,70,,31119,59,,,0,26,,31120,59,,,0,26,,31121,59,,,0,66,,31122,59,,,0,26,,31123,59,,,0,66,,31124,59,,,0,26,,31125,59,,,0,66,,31126,59,,,0,26,,31127,59,,,0,26,,31128,59,,,0,66,,31129,59,,,0,26,,31130,59,,,0,63,,31131,59,,,0,25,,31132,59,,,0,65,,31133,59,,,0,25,,31134,59,,,0,25,,31135,59,,,0,65,,31136,59,,,0,25,,31137,59,,,0,65,,31138,59,,,0,25,,31139,59,,,0,25,,31140,59,,,0,66,,31141,59,,,0,19,,31142,59,,,0,60,,31143,59,,,0
9100,'2',733,,33128,9,,,0,15,,33129,9,,,0,55,,33130,9,,,0,10,,33131,9,,,0,15,,33132,9,,,0,15,,33133,9,,,0,57,,33134,9,,,0,16,,33135,9,,,0,17,,33136,9,,,0,17,,33137,9,,,0,57,,33138,9,,,0,17,,33139,9,,,0,17,,33140,9,,,0,17,,33141,9,,,0,57,,33142,9,,,0,17,,33143,9,,,0,17,,33144,9,,,0,57,,33145,9,,,0,19,,33146,9,,,0,18,,33147,9,,,0,58,,33148,9,,,0,18,,33149,9,,,0,18,,33150,9,,,0,18,,33151,9,,,0,58,,33152,9,,,0,16,,33153,9,,,0,16,,33154,9,,,0,55,,33155,9,,,0,15,,33156,9,,,0,15,,33157,9,,,0,15,,33158,9,,,0,55,,33159,9,,,0,15,,33160,9,,,0,15,,33161,9,,,0,15,,33162,9,,,0,55,,33163,9,,,0,15,,33164,9,,,0,15,,33165,9,,,0,15,,33166,9,,,0,55,,33167,9,,,0,10,,33168,9,,,0,16,,33169,9,,,0,13,,33170,9,,,0,16,,33171,9,,,0,56,,33172,9,,,0,16,,33173,9,,,0,16,,33174,9,,,0,16,,33175,9,,,0
9100,'3',1132,,33199,9,,,0,25,,33198,9,,,0,66,,33197,9,,,0,26,,33196,9,,,0,65,,33195,9,,,0,25,,33194,9,,,0,65,,33193,9,,,0,26,,33192,9,,,0,25,,33191,9,,,0,65,,33190,9,,,0,25,,33189,9,,,0,65,,33188,9,,,0,25,,33187,9,,,0,65,,33186,9,,,0,25,,33185,9,,,0,25,,33184,9,,,0,65,,33183,9,,,0,24,,33182,9,,,0,65,,33181,9,,,0,25,,33180,9,,,0,25,,33179,9,,,0,65,,33178,9,,,0,25,,33177,9,,,0,63,,33176,9,,,0,21,,33200,9,,,0
9100,'4',1232,,33220,9,,,0,25,,33219,9,,,0,65,,33218,9,,,0,25,,33217,9,,,0,65,,33216,9,,,0,25,,33215,9,,,0,65,,33214,9,,,0,25,,33213,9,,,0,25,,33212,9,,,0,65,,33211,9,,,0,25,,33210,9,,,0,65,,33209,9,,,0,25,,33208,9,,,0,25,,33207,9,,,0,64,,33206,9,,,0,25,,33205,9,,,0,65,,33204,9,,,0,25,,33203,9,,,0,65,,33202,9,,,0,22,,33201,9,,,0
