200,'11802',1431,,42641,3,0,13 30,1,272,,42642,3,0,10 23 20,1
200,'2',615,,42650,3,0,13 30,1,16,,42686,3,0,10 23 20,1,15,,42651,3,0,13 30,1,55,,42687,3,0,10 23 20,1,15,,42652,3,0,13 30,1,15,,42688,3,0,10 23 20,1,15,,42653,3,0,13 30,1,55,,42689,3,0,10 23 20,1,15,,42654,3,0,13 30,1,15,,42690,3,0,10 23 20,1,15,,42655,3,0,13 30,1,55,,42691,3,0,10 23 20,1,15,,42656,3,0,13 30,1,15,,42692,3,0,10 23 20,1,15,,42657,3,0,13 30,1,55,,42693,3,0,10 23 20,1,15,,42658,3,0,13 30,1,15,,42694,3,0,10 23 20,1,15,,42659,3,0,13 30,1,55,,42695,3,0,10 23 20,1,15,,42660,3,0,13 30,1,15,,42696,3,0,10 23 20,1,12,,42661,3,0,13 30,1,15,,42697,3,0,10 23 20,1,55,,42662,3,0,13 30,1,15,,42698,3,0,10 23 20,1,15,,42663,3,0,13 30,1,15,,42699,3,0,10 23 20,1,55,,42664,3,0,13 30,1,13,,42700,3,0,10 23 20,1,15,,42665,3,0,13 30,1,15,,42701,3,0,10 23 20,1,55,,42666,3,0,13 30,1,13,,42702,3,0,10 23 20,1,14,,42667,3,0,13 30,1,15,,42703,3,0,10 23 20,1,55,,42668,3,0,13 30,1,11,,42704,3,0,10 23 20,1,19,,42669,3,0,13 30,1,15,,42705,3,0,10 23 20,1,55,,42670,3,0,13 30,1,15,,42706,3,0,10 23 20,1,15,,42671,3,0,13 30,1,13,,42707,3,0,10 23 20,1,59,,42672,3,0,13 30,1,11,,42708,3,0,10 23 20,1,27,,42673,3,0,13 30,1,55,,42709,3,0,10 23 20,1,15,,42674,3,0,13 30,1,12,,42710,3,0,10 23 20,1,15,,42675,3,0,13 30,1,55,,42711,3,0,10 23 20,1,15,,42676,3,0,13 30,1,15,,42712,3,0,10 23 20,1,15,,42677,3,0,13 30,1,55,,42713,3,0,10 23 20,1,10,,42678,3,0,13 30,1,25,,42714,3,0,10 23 20,1,12,,42679,3,0,13 30,1,63,,42715,3,0,10 23 20,1,17,,42680,3,0,13 30,1,23,,42716,3,0,10 23 20,1,57,,42681,3,0,13 30,1,23,,42717,3,0,10 23 20,1,20,,42682,3,0,13 30,1,57,,42718,3,0,10 23 20,1,17,,42683,3,0,13 30,1,20,,42719,3,0,10 23 20,1,15,,42684,3,0,13 30,1,60,,42720,3,0,10 23 20,1,20,,42685,3,0,13 30,1,72,,42721,3,0,45 3 21,1
200,'3',620,,42725,3,0,13 30,1,30,,42726,3,0,10 23 20,1,70,,42728,3,0,13 30,1,29,,42730,3,0,13 30,1,55,,42731,3,0,10 23 20,1,15,,42732,3,0,13 30,1,15,,42733,3,0,10 23 20,1,15,,42734,3,0,13 30,1,55,,42735,3,0,10 23 20,1,15,,42736,3,0,13 30,1,10,,42737,3,0,10 23 20,1,15,,42738,3,0,13 30,1,12,,42739,3,0,10 23 20,1,55,,42740,3,0,13 30,1,15,,42741,3,0,10 23 20,1,15,,42742,3,0,13 30,1,10,,42743,3,0,10 23 20,1,55,,42744,3,0,13 30,1,10,,42745,3,0,10 23 20,1,15,,42746,3,0,13 30,1,15,,42747,3,0,10 23 20,1,55,,42748,3,0,13 30,1,15,,42749,3,0,10 23 20,1,15,,42750,3,0,13 30,1,10,,42761,3,0,10 23 20,1,15,,42751,3,0,13 30,1,50,,42762,3,0,10 23 20,1,15,,42752,3,0,13 30,1,15,,42763,3,0,10 23 20,1,15,,42753,3,0,13 30,1,54,,42764,3,0,10 23 20,1,15,,42754,3,0,13 30,1,15,,42765,3,0,10 23 20,1,15,,42755,3,0,13 30,1,55,,42766,3,0,10 23 20,1,10,,42756,3,0,13 30,1,10,,42767,3,0,10 23 20,1,15,,42757,3,0,13 30,1,15,,42768,3,0,10 23 20,1,55,,42758,3,0,13 30,1,15,,42769,3,0,10 23 20,1,15,,42759,3,0,13 30,1,15,,42770,3,0,10 23 20,1,55,,42760,3,0,13 30,1,15,,42771,3,0,10 23 20,1,15,,42772,3,0,13 30,1,3,,42784,3,0,45 3 21,1,13,,42773,3,0,10 23 20,1,57,,42779,3,0,13 30,1,14,,42774,3,0,10 23 20,1,16,,42780,3,0,13 30,1,14,,42775,3,0,10 23 20,1,56,,42781,3,0,13 30,1,14,,42776,3,0,10 23 20,1,16,,42782,3,0,13 30,1,14,,42777,3,0,10 23 20,1,56,,42783,3,0,13 30,1,14,,42778,3,0,10 23 20,1,16,,42785,3,0,13 30,1,5,,42790,3,0,45 3 21,1,65,,42788,3,0,10 23 20,1,4,,42791,3,0,45 3 21,1,26,,42786,3,0,13 30,1,70,,42789,3,0,10 23 20,1,30,,42787,3,0,13 30,1,70,,42722,3,0,10 23 20,1,30,,42723,3,0,13 30,1,70,,42792,3,0,10 23 20,1,35,,42793,3,0,13 30,1,69,,42794,3,0,45 3 21,1
200,'30',650,,42797,3,0,13 30,1,70,,42800,3,0,10 23 20,1,30,,42802,3,0,13 30,1,70,,42801,3,0,10 23 20,1,30,,42803,3,0,13 30,1,64,,42804,3,0,10 23 20,1,25,,42808,3,0,13 30,1,65,,42805,3,0,10 23 20,1,25,,42809,3,0,13 30,1,25,,42806,3,0,10 23 20,1,65,,42810,3,0,10 23 20,1,24,,42807,3,0,10 23 20,1,15,,42811,3,0,13 30,1,55,,42823,3,0,10 23 20,1,15,,42812,3,0,13 30,1,15,,42824,3,0,10 23 20,1,15,,42813,3,0,13 30,1,55,,42825,3,0,10 23 20,1,15,,42814,3,0,13 30,1,15,,42826,3,0,10 23 20,1,15,,42815,3,0,13 30,1,55,,42827,3,0,10 23 20,1,15,,42816,3,0,13 30,1,15,,42828,3,0,10 23 20,1,15,,42817,3,0,13 30,1,55,,42829,3,0,10 23 20,1,15,,42818,3,0,13 30,1,15,,42830,3,0,10 23 20,1,15,,42819,3,0,13 30,1,55,,42831,3,0,10 23 20,1,15,,42820,3,0,13 30,1,15,,42832,3,0,10 23 20,1,15,,42821,3,0,13 30,1,55,,42833,3,0,10 23 20,1,15,,42822,3,0,13 30,1,14,,42834,3,0,10 23 20,1,65,,42837,3,0,13 30,1,6,,42848,3,0,45 3 21,1,19,,42843,3,0,10 23 20,1,25,,42838,3,0,13 30,1,65,,42844,3,0,10 23 20,1,25,,42839,3,0,13 30,1,65,,42845,3,0,10 23 20,1,25,,42840,3,0,13 30,1,65,,42846,3,0,10 23 20,1,25,,42841,3,0,13 30,1,25,,42847,3,0,10 23 20,1,65,,42842,3,0,13 30,1,30,,42796,3,0,10 23 20,1,71,,42795,3,0,45 3 21,1
200,'4',650,,42851,3,0,13 30,1,70,,42854,3,0,10 23 20,1,30,,42856,3,0,13 30,1,70,,42855,3,0,10 23 20,1,30,,42857,3,0,13 30,1,64,,42858,3,0,10 23 20,1,25,,42862,3,0,13 30,1,65,,42859,3,0,10 23 20,1,25,,42863,3,0,13 30,1,25,,42860,3,0,10 23 20,1,65,,42864,3,0,10 23 20,1,24,,42861,3,0,10 23 20,1,15,,42865,3,0,13 30,1,55,,42877,3,0,10 23 20,1,15,,42866,3,0,13 30,1,15,,42878,3,0,10 23 20,1,15,,42867,3,0,13 30,1,55,,42879,3,0,10 23 20,1,15,,42868,3,0,13 30,1,15,,42880,3,0,10 23 20,1,15,,42869,3,0,13 30,1,55,,42881,3,0,10 23 20,1,15,,42870,3,0,13 30,1,15,,42882,3,0,10 23 20,1,15,,42871,3,0,13 30,1,55,,42883,3,0,10 23 20,1,15,,42872,3,0,13 30,1,15,,42884,3,0,10 23 20,1,15,,42873,3,0,13 30,1,55,,42885,3,0,10 23 20,1,15,,42874,3,0,13 30,1,15,,42886,3,0,10 23 20,1,15,,42875,3,0,13 30,1,55,,42887,3,0,10 23 20,1,15,,42876,3,0,13 30,1,14,,42888,3,0,10 23 20,1,65,,42891,3,0,13 30,1,6,,42902,3,0,45 3 21,1,19,,42897,3,0,10 23 20,1,25,,42892,3,0,13 30,1,65,,42898,3,0,10 23 20,1,25,,42893,3,0,13 30,1,65,,42899,3,0,10 23 20,1,25,,42894,3,0,13 30,1,65,,42900,3,0,10 23 20,1,25,,42895,3,0,13 30,1,25,,42901,3,0,10 23 20,1,65,,42896,3,0,13 30,1,30,,42850,3,0,10 23 20,1,71,,42849,3,0,45 3 21,1
2700,'11802',813,,48173,28,,,1,90,,48174,28,,,1,847,,48175,28,,,1
2700,'2',620,,48246,28,,,1,33,,48176,28,,,1,75,,48177,28,,,1,13,,48178,28,,,1,13,,48179,28,,,1,53,,48180,28,,,1,13,,48181,28,,,1,13,,48182,28,,,1,13,,48183,28,,,1,13,,48184,28,,,1,53,,48185,28,,,1,13,,48186,28,,,1,13,,48187,28,,,1,13,,48188,28,,,1,53,,48189,28,,,1,13,,48190,28,,,1,13,,48191,28,,,1,13,,48192,28,,,1,13,,48193,28,,,1,53,,48194,28,,,1,13,,48195,28,,,1,13,,48196,28,,,1,13,,48197,28,,,1,53,,48198,28,,,1,12,,48199,28,,,1,12,,48200,28,,,1,12,,48201,28,,,1,12,,48202,28,,,1,52,,48203,28,,,1,12,,48204,28,,,1,12,,48205,28,,,1,12,,48206,28,,,1,12,,48207,28,,,1,52,,48208,28,,,1,14,,48209,28,,,1,13,,48210,28,,,1,13,,48211,28,,,1,13,,48212,28,,,1,53,,48213,28,,,1,13,,48214,28,,,1,13,,48215,28,,,1,13,,48216,28,,,1,12,,48217,28,,,1,55,,48218,28,,,1,9,,48219,28,,,1,11,,48220,28,,,1,11,,48221,28,,,1,11,,48222,28,,,1,51,,48223,28,,,1,11,,48224,28,,,1,11,,48225,28,,,1,11,,48226,28,,,1,11,,48227,28,,,1,51,,48228,28,,,1,6,,48229,28,,,1,13,,48230,28,,,1,15,,48231,28,,,1,13,,48232,28,,,1,54,,48233,28,,,1,13,,48234,28,,,1,17,,48235,28,,,1,17,,48236,28,,,1,57,,48237,28,,,1,17,,48238,28,,,1,17,,48239,28,,,1,17,,48240,28,,,1,57,,48241,28,,,1,27,,48242,28,,,1,67,,48243,28,,,1,27,,48244,28,,,1,70,,48245,28,,,1
2700,'3',919,,48247,28,,,1,29,,48249,28,,,1,98,,48258,28,,,1,76,,48250,28,,,1,32,,48268,28,,,1,72,,48259,28,,,1,32,,48251,28,,,1,72,,48248,28,,,1,72,,48260,28,,,1,34,,48252,28,,,1,72,,48267,28,,,1,30,,48261,28,,,1,74,,48253,28,,,1,32,,48269,28,,,1,70,,48262,28,,,1,34,,48254,28,,,1,72,,48270,28,,,1,18,,48263,28,,,1,85,,48255,28,,,1,85,,48264,28,,,1,45,,48256,28,,,1,80,,48265,28,,,1,80,,48257,28,,,1,40,,48266,28,,,1
2700,'30',901,,48271,28,,,1,45,,48278,28,,,1,85,,48272,28,,,1,85,,48279,28,,,1,85,,48273,28,,,1,48,,48280,28,,,1,72,,48282,28,,,1,27,,48274,28,,,1,77,,48281,28,,,1,32,,48283,28,,,1,72,,48275,28,,,1,72,,48284,28,,,1,32,,48286,28,,,1,72,,48276,28,,,1,35,,48285,28,,,1,86,,48277,28,,,1,85,,48288,28,,,1,45,,48287,28,,,1
2700,'4',901,,48289,28,,,1,45,,48296,28,,,1,85,,48290,28,,,1,85,,48297,28,,,1,85,,48291,28,,,1,48,,48298,28,,,1,72,,48300,28,,,1,27,,48292,28,,,1,77,,48299,28,,,1,32,,48301,28,,,1,72,,48293,28,,,1,72,,48302,28,,,1,32,,48304,28,,,1,72,,48294,28,,,1,35,,48303,28,,,1,86,,48295,28,,,1,85,,48306,28,,,1,45,,48305,28,,,1
9301,'2',615,,50036,4,,,1,20,,50038,4,,,1,20,,50039,4,,,1,60,,50040,4,,,1,20,,50041,4,,,1,65,,50042,4,,,1,21,,50043,4,,,1,24,,50044,4,,,1,76,,50045,4,,,1,29,,50046,4,,,1,72,,50047,4,,,1,32,,50048,4,,,1,72,,50049,4,,,1,32,,50050,4,,,1,73,,50051,4,,,1,72,,50052,4,,,1,32,,50053,4,,,1,72,,50054,4,,,1,30,,50055,4,,,1,22,,50056,4,,,1,62,,50057,4,,,1,19,,50058,4,,,1,62,,50059,4,,,1,22,,50060,4,,,1,22,,50061,4,,,1,62,,50062,4,,,1,25,,50063,4,,,1,22,,50064,4,,,1,66,,50065,4,,,1,34,,50066,4,,,1,65,,50067,4,,,1,32,,50068,4,,,1,72,,50069,4,,,1,32,,50070,4,,,1,70,,50071,4,,,1,30,,50072,4,,,1,70,,50073,4,,,1,30,,50074,4,,,1,70,,50075,4,,,1,24,,50037,4,,,1
9301,'3',813,,50076,4,,,1,25,,50077,4,,,1,65,,50078,4,,,1,25,,50079,4,,,1,25,,50080,4,,,1,69,,50081,4,,,1,30,,50082,4,,,1,70,,50083,4,,,1,30,,50084,4,,,1,75,,50085,4,,,1,30,,50086,4,,,1,70,,50087,4,,,1,80,,50088,4,,,1,27,,50089,4,,,1,70,,50090,4,,,1,40,,50091,4,,,1,70,,50092,4,,,1,30,,50093,4,,,1,71,,50094,4,,,1,25,,50095,4,,,1,65,,50096,4,,,1,26,,50097,4,,,1,25,,50098,4,,,1,65,,50099,4,,,1,25,,50100,4,,,1,65,,50101,4,,,1,25,,50102,4,,,1,65,,50103,4,,,1,23,,50104,4,,,1,25,,50105,4,,,1,65,,50106,4,,,1,25,,50107,4,,,1,75,,50108,4,,,1,25,,50109,4,,,1,65,,50110,4,,,1
9301,'30',834,,50111,4,,,1,71,,50112,4,,,1,35,,50113,4,,,1,75,,50114,4,,,1,35,,50115,4,,,1,75,,50116,4,,,1,75,,50117,4,,,1,37,,50118,4,,,1,77,,50119,4,,,1,37,,50120,4,,,1,77,,50121,4,,,1,77,,50122,4,,,1,37,,50123,4,,,1,77,,50124,4,,,1,37,,50125,4,,,1,77,,50126,4,,,1,77,,50127,4,,,1,37,,50128,4,,,1,77,,50129,4,,,1,77,,50130,4,,,1,37,,50131,4,,,1,77,,50132,4,,,1,37,,50133,4,,,1,77,,50134,4,,,1
9301,'4',834,,50136,4,,,1,71,,50137,4,,,1,35,,50138,4,,,1,75,,50139,4,,,1,35,,50140,4,,,1,75,,50141,4,,,1,75,,50142,4,,,1,37,,50143,4,,,1,77,,50144,4,,,1,37,,50145,4,,,1,77,,50146,4,,,1,77,,50147,4,,,1,37,,50148,4,,,1,77,,50149,4,,,1,37,,50150,4,,,1,77,,50151,4,,,1,77,,50152,4,,,1,37,,50153,4,,,1,77,,50154,4,,,1,77,,50155,4,,,1,37,,50156,4,,,1,77,,50157,4,,,1,37,,50158,4,,,1,77,,50159,4,,,1
10601,'11802',846,,50671,3,,,1,687,,50669,3,,,1,89,,50670,3,,,1
10601,'3302',725,,50672,3,,,1,20,,50686,3,,,1,65,,50673,3,,,1,20,,50687,3,,,1,25,,50674,3,,,1,60,,50688,3,,,1,25,,50675,3,,,1,65,,50699,3,,,1,20,,50676,3,,,1,25,,50689,3,,,1,60,,50677,3,,,1,20,,50690,3,,,1,25,,50678,3,,,1,60,,50691,3,,,1,25,,50679,3,,,1,60,,50692,3,,,1,25,,50680,3,,,1,20,,50693,3,,,1,65,,50681,3,,,1,20,,50694,3,,,1,25,,50682,3,,,1,60,,50695,3,,,1,25,,50683,3,,,1,60,,50696,3,,,1,29,,50684,3,,,1,20,,50697,3,,,1,10,,50700,3,,,1,65,,50685,3,,,1,20,,50698,3,,,1,10,,50701,3,,,1,62,,50715,3,,,1,19,,50702,3,,,1,18,,50706,3,,,1,62,,50703,3,,,1,18,,50707,3,,,1,22,,50704,3,,,1,58,,50708,3,,,1,22,,50705,3,,,1,18,,50714,3,,,1,80,,50709,3,,,1,80,,50710,3,,,1,40,,50711,3,,,1,80,,50712,3,,,1,75,,50713,3,,,1
10601,'3602',735,,50716,3,,,1,20,,50730,3,,,1,65,,50717,3,,,1,20,,50731,3,,,1,65,,50718,3,,,1,20,,50732,3,,,1,25,,50719,3,,,1,65,,50733,3,,,1,20,,50720,3,,,1,65,,50734,3,,,1,20,,50721,3,,,1,20,,50735,3,,,1,65,,50722,3,,,1,20,,50736,3,,,1,25,,50723,3,,,1,60,,50737,3,,,1,25,,50724,3,,,1,20,,50738,3,,,1,65,,50725,3,,,1,20,,50739,3,,,1,65,,50726,3,,,1,20,,50740,3,,,1,25,,50727,3,,,1,64,,50741,3,,,1,25,,50728,3,,,1,75,,50742,3,,,1,20,,50729,3,,,1,72,,50750,3,,,1,20,,50743,3,,,1,18,,50744,3,,,1,60,,50745,3,,,1,21,,50746,3,,,1,18,,50747,3,,,1,62,,50748,3,,,1,18,,50751,3,,,1,20,,50749,3,,,1
10601,'3903',1123,,50752,3,,,1,85,,50753,3,,,1,40,,50754,3,,,1,80,,50755,3,,,1,80,,50756,3,,,1,45,,50757,3,,,1,85,,50758,3,,,1,89,,50759,3,,,1,90,,50760,3,,,1,86,,50761,3,,,1,40,,50762,3,,,1,80,,50763,3,,,1,80,,50764,3,,,1,40,,50765,3,,,1,80,,50766,3,,,1,80,,50767,3,,,1,40,,50768,3,,,1
10601,'6404',1123,,50769,3,,,1,85,,50770,3,,,1,40,,50771,3,,,1,80,,50772,3,,,1,80,,50773,3,,,1,45,,50774,3,,,1,85,,50775,3,,,1,89,,50776,3,,,1,90,,50777,3,,,1,86,,50778,3,,,1,40,,50779,3,,,1,80,,50780,3,,,1,80,,50781,3,,,1,40,,50782,3,,,1,80,,50783,3,,,1,80,,50784,3,,,1
12701,'3302',709,,50880,3,,,1,93,,50881,3,,,1,18,,50882,3,,,1,94,,50883,3,,,1,21,,50884,3,,,1,88,,50885,3,,,1,23,,50886,3,,,1,86,,50887,3,,,1,23,,50888,3,,,1,86,,50889,3,,,1,63,,50890,3,,,1,44,,50891,3,,,1,70,,50892,3,,,1,85,,50893,3,,,1,30,,50894,3,,,1,86,,50895,3,,,1,32,,50896,3,,,1,88,,50897,3,,,1,74,,50898,3,,,1,37,,50899,3,,,1,74,,50900,3,,,1,34,,50901,3,,,1,74,,50902,3,,,1,74,,50903,3,,,1,98,,50904,3,,,1,104,,50905,3,,,1,98,,50906,3,,,1
12701,'3602',632,,50907,3,,,1,94,,50908,3,,,1,18,,50909,3,,,1,94,,50910,3,,,1,18,,50911,3,,,1,103,,50912,3,,,1,150,,50913,3,,,1,109,,50914,3,,,1,111,,50915,3,,,1,74,,50916,3,,,1,30,,50917,3,,,1,15,,50918,3,,,1,70,,50919,3,,,1,29,,50920,3,,,1,56,,50921,3,,,1,32,,50922,3,,,1,72,,50923,3,,,1,16,,50924,3,,,1
12701,'3903',632,,50925,3,,,1,99,,50926,3,,,1,101,,50927,3,,,1,102,,50928,3,,,1,72,,50929,3,,,1,34,,50930,3,,,1,74,,50931,3,,,1,34,,50932,3,,,1,75,,50933,3,,,1,35,,50934,3,,,1,75,,50935,3,,,1,75,,50936,3,,,1,36,,50937,3,,,1,75,,50938,3,,,1,35,,50939,3,,,1,75,,50940,3,,,1,75,,50941,3,,,1,37,,50942,3,,,1,75,,50943,3,,,1,34,,50944,3,,,1,74,,50945,3,,,1,34,,50946,3,,,1,74,,50947,3,,,1,73,,50950,3,,,1,102,,50948,3,,,1,102,,50949,3,,,1
12701,'6404',721,,50951,3,,,1,102,,50952,3,,,1,104,,50953,3,,,1,74,,50954,3,,,1,34,,50955,3,,,1,74,,50956,3,,,1,34,,50957,3,,,1,73,,50958,3,,,1,34,,50959,3,,,1,74,,50960,3,,,1,34,,50961,3,,,1,74,,50962,3,,,1,74,,50963,3,,,1,34,,50964,3,,,1,74,,50965,3,,,1,34,,50966,3,,,1,75,,50967,3,,,1,104,,50968,3,,,1,101,,50969,3,,,1,101,,50970,3,,,1,101,,50971,3,,,1,101,,50972,3,,,1
