200,'2',628,,26335,16,0,13 30,0,16,,26371,16,0,10 23 20,0,15,,26336,16,0,13 30,0,55,,26372,16,0,10 23 20,0,15,,26337,16,0,13 30,0,15,,26373,16,0,10 23 20,0,15,,26338,16,0,13 30,0,55,,26374,16,0,10 23 20,0,15,,26339,16,0,13 30,0,15,,26375,16,0,10 23 20,0,15,,26340,16,0,13 30,0,55,,26376,16,0,10 23 20,0,15,,26341,16,0,13 30,0,15,,26377,16,0,10 23 20,0,15,,26342,16,0,13 30,0,55,,26378,16,0,10 23 20,0,15,,26343,16,0,13 30,0,15,,26379,16,0,10 23 20,0,15,,26344,16,0,13 30,0,55,,26380,16,0,10 23 20,0,15,,26345,16,0,13 30,0,15,,26381,16,0,10 23 20,0,12,,26346,16,0,13 30,0,55,,26382,16,0,10 23 20,0,15,,26347,16,0,13 30,0,15,,26383,16,0,10 23 20,0,15,,26348,16,0,13 30,0,55,,26384,16,0,10 23 20,0,15,,26349,16,0,13 30,0,15,,26385,16,0,10 23 20,0,15,,26350,16,0,13 30,0,55,,26386,16,0,10 23 20,0,15,,26351,16,0,13 30,0,13,,26387,16,0,10 23 20,0,14,,26352,16,0,13 30,0,55,,26388,16,0,10 23 20,0,15,,26353,16,0,13 30,0,16,,26389,16,0,10 23 20,0,19,,26354,16,0,13 30,0,55,,26390,16,0,10 23 20,0,15,,26355,16,0,13 30,0,15,,26391,16,0,10 23 20,0,15,,26356,16,0,13 30,0,53,,26392,16,0,10 23 20,0,19,,26357,16,0,13 30,0,11,,26393,16,0,10 23 20,0,61,,26358,16,0,13 30,0,15,,26394,16,0,10 23 20,0,15,,26359,16,0,13 30,0,12,,26395,16,0,10 23 20,0,15,,26360,16,0,13 30,0,55,,26396,16,0,10 23 20,0,15,,26361,16,0,13 30,0,15,,26397,16,0,10 23 20,0,15,,26362,16,0,13 30,0,55,,26398,16,0,10 23 20,0,10,,26363,16,0,13 30,0,23,,26399,16,0,10 23 20,0,12,,26364,16,0,13 30,0,63,,26400,16,0,10 23 20,0,17,,26365,16,0,13 30,0,63,,26401,16,0,10 23 20,0,17,,26366,16,0,13 30,0,23,,26402,16,0,10 23 20,0,60,,26367,16,0,13 30,0,17,,26403,16,0,10 23 20,0,15,,26368,16,0,13 30,0,20,,26404,16,0,10 23 20,0,55,,26369,16,0,13 30,0,20,,26405,16,0,10 23 20,0,20,,26370,16,0,13 30,0,74,,26406,16,0,45 3 21,0
200,'3',629,,26410,16,0,13 30,0,30,,26411,16,0,10 23 20,0,70,,26413,16,0,13 30,0,30,,26415,16,0,13 30,0,55,,26416,16,0,10 23 20,0,15,,26417,16,0,13 30,0,15,,26418,16,0,10 23 20,0,15,,26419,16,0,13 30,0,55,,26420,16,0,10 23 20,0,15,,26421,16,0,13 30,0,10,,26422,16,0,10 23 20,0,15,,26423,16,0,13 30,0,55,,26424,16,0,10 23 20,0,15,,26425,16,0,13 30,0,15,,26426,16,0,10 23 20,0,15,,26427,16,0,13 30,0,50,,26428,16,0,10 23 20,0,15,,26429,16,0,13 30,0,10,,26430,16,0,10 23 20,0,15,,26431,16,0,13 30,0,15,,26432,16,0,10 23 20,0,55,,26433,16,0,13 30,0,15,,26434,16,0,10 23 20,0,15,,26435,16,0,13 30,0,10,,26446,16,0,10 23 20,0,55,,26436,16,0,13 30,0,10,,26447,16,0,10 23 20,0,15,,26437,16,0,13 30,0,15,,26448,16,0,10 23 20,0,55,,26438,16,0,13 30,0,15,,26449,16,0,10 23 20,0,15,,26439,16,0,13 30,0,15,,26450,16,0,10 23 20,0,55,,26440,16,0,13 30,0,15,,26451,16,0,10 23 20,0,10,,26441,16,0,13 30,0,10,,26452,16,0,10 23 20,0,15,,26442,16,0,13 30,0,55,,26453,16,0,10 23 20,0,15,,26443,16,0,13 30,0,15,,26454,16,0,10 23 20,0,15,,26444,16,0,13 30,0,55,,26455,16,0,10 23 20,0,15,,26445,16,0,13 30,0,15,,26456,16,0,10 23 20,0,14,,26469,16,0,45 3 21,0,1,,26457,16,0,13 30,0,55,,26458,16,0,10 23 20,0,15,,26464,16,0,13 30,0,15,,26459,16,0,10 23 20,0,15,,26465,16,0,13 30,0,55,,26460,16,0,10 23 20,0,15,,26466,16,0,13 30,0,15,,26461,16,0,10 23 20,0,15,,26467,16,0,13 30,0,55,,26462,16,0,10 23 20,0,15,,26468,16,0,13 30,0,15,,26463,16,0,10 23 20,0,15,,26470,16,0,13 30,0,4,,26475,16,0,45 3 21,0,66,,26473,16,0,10 23 20,0,3,,26476,16,0,45 3 21,0,27,,26471,16,0,13 30,0,70,,26474,16,0,10 23 20,0,30,,26472,16,0,13 30,0,70,,26407,16,0,10 23 20,0,30,,26408,16,0,13 30,0,70,,26477,16,0,10 23 20,0,35,,26478,16,0,13 30,0,68,,26479,16,0,45 3 21,0
200,'30',659,,26482,16,0,13 30,0,70,,26485,16,0,10 23 20,0,30,,26487,16,0,13 30,0,70,,26486,16,0,10 23 20,0,30,,26488,16,0,13 30,0,65,,26489,16,0,10 23 20,0,25,,26493,16,0,13 30,0,65,,26490,16,0,10 23 20,0,25,,26494,16,0,13 30,0,65,,26491,16,0,10 23 20,0,25,,26495,16,0,10 23 20,0,25,,26492,16,0,10 23 20,0,55,,26496,16,0,13 30,0,15,,26508,16,0,10 23 20,0,15,,26497,16,0,13 30,0,15,,26509,16,0,10 23 20,0,55,,26498,16,0,13 30,0,15,,26510,16,0,10 23 20,0,15,,26499,16,0,13 30,0,15,,26511,16,0,10 23 20,0,55,,26500,16,0,13 30,0,15,,26512,16,0,10 23 20,0,15,,26501,16,0,13 30,0,15,,26513,16,0,10 23 20,0,55,,26502,16,0,13 30,0,15,,26514,16,0,10 23 20,0,15,,26503,16,0,13 30,0,15,,26515,16,0,10 23 20,0,55,,26504,16,0,13 30,0,15,,26516,16,0,10 23 20,0,15,,26505,16,0,13 30,0,15,,26517,16,0,10 23 20,0,55,,26506,16,0,13 30,0,15,,26518,16,0,10 23 20,0,15,,26507,16,0,13 30,0,15,,26519,16,0,10 23 20,0,65,,26522,16,0,13 30,0,4,,26533,16,0,45 3 21,0,21,,26528,16,0,10 23 20,0,65,,26523,16,0,13 30,0,25,,26529,16,0,10 23 20,0,25,,26524,16,0,13 30,0,65,,26530,16,0,10 23 20,0,25,,26525,16,0,13 30,0,65,,26531,16,0,10 23 20,0,25,,26526,16,0,13 30,0,65,,26532,16,0,10 23 20,0,25,,26527,16,0,13 30,0,30,,26481,16,0,10 23 20,0,69,,26480,16,0,45 3 21,0
200,'4',659,,26536,16,0,13 30,0,70,,26539,16,0,10 23 20,0,30,,26541,16,0,13 30,0,70,,26540,16,0,10 23 20,0,30,,26542,16,0,13 30,0,65,,26543,16,0,10 23 20,0,25,,26547,16,0,13 30,0,65,,26544,16,0,10 23 20,0,25,,26548,16,0,13 30,0,65,,26545,16,0,10 23 20,0,25,,26549,16,0,10 23 20,0,25,,26546,16,0,10 23 20,0,55,,26550,16,0,13 30,0,15,,26562,16,0,10 23 20,0,15,,26551,16,0,13 30,0,15,,26563,16,0,10 23 20,0,55,,26552,16,0,13 30,0,15,,26564,16,0,10 23 20,0,15,,26553,16,0,13 30,0,15,,26565,16,0,10 23 20,0,55,,26554,16,0,13 30,0,15,,26566,16,0,10 23 20,0,15,,26555,16,0,13 30,0,15,,26567,16,0,10 23 20,0,55,,26556,16,0,13 30,0,15,,26568,16,0,10 23 20,0,15,,26557,16,0,13 30,0,15,,26569,16,0,10 23 20,0,55,,26558,16,0,13 30,0,15,,26570,16,0,10 23 20,0,15,,26559,16,0,13 30,0,15,,26571,16,0,10 23 20,0,55,,26560,16,0,13 30,0,15,,26572,16,0,10 23 20,0,15,,26561,16,0,13 30,0,15,,26573,16,0,10 23 20,0,65,,26576,16,0,13 30,0,4,,26587,16,0,45 3 21,0,21,,26582,16,0,10 23 20,0,65,,26577,16,0,13 30,0,25,,26583,16,0,10 23 20,0,25,,26578,16,0,13 30,0,65,,26584,16,0,10 23 20,0,25,,26579,16,0,13 30,0,65,,26585,16,0,10 23 20,0,25,,26580,16,0,13 30,0,65,,26586,16,0,10 23 20,0,25,,26581,16,0,13 30,0,30,,26535,16,0,10 23 20,0,69,,26534,16,0,45 3 21,0
501,'2',622,,27483,41,0,10 23 20,0,37,,27484,45,0,13 36,0,70,,27485,41,0,10 23 20,0,30,,27486,45,0,13 36,0,72,,27487,41,0,10 23 20,0,28,,27497,45,0,13 36,0,70,,27488,41,0,10 23 20,0,30,,27498,45,0,13 36,0,70,,27489,41,0,10 23 20,0,30,,27499,45,0,13 36,0,70,,27490,41,0,10 23 20,0,30,,27500,45,0,13 36,0,70,,27491,41,0,10 23 20,0,30,,27501,45,0,13 36,0,70,,27492,41,0,10 23 20,0,30,,27502,45,0,13 36,0,70,,27493,41,0,10 23 20,0,30,,27503,45,0,13 36,0,70,,27494,41,0,10 23 20,0,30,,27504,45,0,13 36,0,70,,27495,41,0,10 23 20,0,30,,27505,45,0,13 36,0,72,,27496,41,0,10 23 20,0,70,,27506,45,0,13 36,0,30,,27507,41,0,10 23 20,0,78,,27512,41,0,10 23 20,0,30,,27513,41,0,10 23 20,0,70,,27514,41,0,10 23 20,0,30,,27515,41,0,10 23 20,0,68,,27516,41,0,10 23 20,0,29,,27517,41,0,10 23 20,0,70,,27518,41,0,10 23 20,0,24,,27519,41,0,10 23 20,0,71,,27520,41,0,10 23 20,0,25,,27522,41,0,10 9 3 37,0,30,,27521,41,0,10 23 20,0,89,,27509,41,0,10 9 3 37,0
501,'3',629,,27523,41,0,10 23 20,0,100,,27524,41,0,10 23 20,0,100,,27525,41,0,10 23 20,0,107,,27526,41,0,10 23 20,0,80,,27530,41,0,10 23 20,0,35,,27537,45,0,13 36,0,75,,27531,41,0,10 23 20,0,75,,27538,45,0,13 36,0,35,,27532,41,0,10 23 20,0,75,,27539,45,0,13 36,0,35,,27533,41,0,10 23 20,0,75,,27540,45,0,13 36,0,35,,27534,41,0,10 23 20,0,75,,27541,45,0,13 36,0,75,,27535,41,0,10 23 20,0,35,,27542,45,0,13 36,0,75,,27536,41,0,10 23 20,0,35,,27543,45,0,13 36,0,75,,27544,41,0,10 23 20,0,75,,27545,45,0,13 36,0,38,,27546,41,0,10 23 20,0,10,,27550,41,0,10 9 3 37,0,90,,27547,41,0,10 23 20,0,100,,27548,41,0,10 23 20,0,110,,27549,41,0,10 23 20,0,110,,27527,41,0,10 23 20,0,80,,27528,41,0,10 9 3 37,0
501,'30',856,,27551,41,0,10 23 20,0,87,,27552,41,0,10 23 20,0,87,,27553,41,0,10 23 20,0,87,,27554,41,0,10 23 20,0,87,,27555,41,0,10 23 20,0,47,,27556,41,0,10 23 20,0,87,,27557,41,0,10 23 20,0,87,,27558,41,0,10 23 20,0,87,,27559,41,0,10 23 20,0,47,,27560,41,0,10 23 20,0,87,,27561,41,0,10 23 20,0,87,,27562,41,0,10 23 20,0,87,,27563,41,0,10 23 20,0,100,,27564,41,0,10 23 20,0,100,,27565,41,0,10 23 20,0,95,,27566,41,0,10 23 20,0,96,,27567,41,0,10 23 20,0,48,,27568,41,0,10 23 20,0,81,,27569,41,0,10 9 3 37,0
501,'4',856,,27570,41,0,10 23 20,0,87,,27571,41,0,10 23 20,0,87,,27572,41,0,10 23 20,0,87,,27573,41,0,10 23 20,0,87,,27574,41,0,10 23 20,0,47,,27575,41,0,10 23 20,0,87,,27576,41,0,10 23 20,0,87,,27577,41,0,10 23 20,0,87,,27578,41,0,10 23 20,0,47,,27579,41,0,10 23 20,0,87,,27580,41,0,10 23 20,0,87,,27581,41,0,10 23 20,0,87,,27582,41,0,10 23 20,0,100,,27583,41,0,10 23 20,0,100,,27584,41,0,10 23 20,0,95,,27585,41,0,10 23 20,0,96,,27586,41,0,10 23 20,0,48,,27587,41,0,10 23 20,0,81,,27588,41,0,10 9 3 37,0
700,'2',622,,27886,27,,,0,27,,27887,27,,,0,70,,27888,27,,,0,20,,27889,27,,,0,20,,27890,27,,,0,60,,27891,27,,,0,20,,27892,27,,,0,20,,27893,27,,,0,65,,27894,27,,,0,30,,27895,27,,,0,70,,27896,27,,,0,25,,27897,27,,,0,70,,27898,27,,,0,30,,27899,27,,,0,70,,27900,27,,,0,30,,27901,27,,,0,70,,27902,27,,,0,30,,27904,27,,,0,65,,27905,27,,,0,20,,27906,27,,,0,20,,27907,27,,,0,60,,27908,27,,,0,20,,27909,27,,,0,20,,27910,27,,,0,60,,27911,27,,,0,20,,27912,27,,,0,20,,27913,27,,,0,65,,27914,27,,,0,15,,27915,27,,,0,20,,27916,27,,,0,65,,27917,27,,,0,25,,27918,27,,,0,65,,27919,27,,,0,25,,27920,27,,,0,25,,27921,27,,,0,65,,27922,27,,,0,25,,27923,27,,,0,77,,27924,27,,,0,30,,27925,27,,,0,70,,27926,27,,,0,30,,27927,27,,,0,70,,27928,27,,,0,27,,27929,27,,,0
700,'3',625,,27965,27,,,0,29,,27966,27,,,0,70,,27964,27,,,0,80,,27930,27,,,0,30,,27963,27,,,0,70,,27931,27,,,0,25,,27932,27,,,0,25,,27933,27,,,0,70,,27934,27,,,0,30,,27935,27,,,0,65,,27936,27,,,0,25,,27937,27,,,0,70,,27938,27,,,0,30,,27939,27,,,0,70,,27940,27,,,0,25,,27941,27,,,0,70,,27942,27,,,0,30,,27943,27,,,0,70,,27944,27,,,0,30,,27945,27,,,0,70,,27946,27,,,0,30,,27947,27,,,0,70,,27948,27,,,0,30,,27949,27,,,0,65,,27950,27,,,0,30,,27951,27,,,0,70,,27952,27,,,0,30,,27953,27,,,0,25,,27954,27,,,0,70,,27955,27,,,0,30,,27956,27,,,0,70,,27957,27,,,0,28,,27958,27,,,0,72,,27959,27,,,0,30,,27960,27,,,0,70,,27961,27,,,0,30,,27962,27,,,0
700,'30',859,,27968,27,,,0,85,,27970,27,,,0,70,,27971,27,,,0,30,,27972,27,,,0,65,,27973,27,,,0,25,,27974,27,,,0,70,,27975,27,,,0,30,,27976,27,,,0,70,,27977,27,,,0,25,,27978,27,,,0,30,,27979,27,,,0,70,,27980,27,,,0,30,,27981,27,,,0,65,,27982,27,,,0,30,,27983,27,,,0,70,,27984,27,,,0,22,,27985,27,,,0,68,,27986,27,,,0,30,,27987,27,,,0,70,,27988,27,,,0,30,,27989,27,,,0,70,,27990,27,,,0,30,,27991,27,,,0,70,,27992,27,,,0,30,,27993,27,,,0,70,,27994,27,,,0,30,,27995,27,,,0,70,,27997,27,,,0,45,,27996,27,,,0
700,'4',859,,27999,27,,,0,85,,28001,27,,,0,70,,28002,27,,,0,30,,28003,27,,,0,65,,28004,27,,,0,25,,28005,27,,,0,70,,28006,27,,,0,30,,28007,27,,,0,70,,28008,27,,,0,25,,28009,27,,,0,30,,28010,27,,,0,70,,28011,27,,,0,30,,28012,27,,,0,65,,28013,27,,,0,30,,28014,27,,,0,70,,28015,27,,,0,22,,28016,27,,,0,68,,28017,27,,,0,30,,28018,27,,,0,70,,28019,27,,,0,30,,28020,27,,,0,70,,28021,27,,,0,30,,28022,27,,,0,70,,28023,27,,,0,30,,28024,27,,,0,70,,28025,27,,,0,30,,28026,27,,,0,70,,28028,27,,,0,45,,28027,27,,,0
901,'2',620,,28360,31,,,0,20,,28361,31,,,0,17,,28362,31,,,0,56,,28363,31,,,0,16,,28364,31,,,0,15,,28365,31,,,0,14,,28366,31,,,0,56,,28367,31,,,0,15,,28368,31,,,0,17,,28369,31,,,0,55,,28370,31,,,0,15,,28371,31,,,0,15,,28372,31,,,0,15,,28373,31,,,0,55,,28374,31,,,0,15,,28375,31,,,0,15,,28376,31,,,0,15,,28377,31,,,0,55,,28378,31,,,0,15,,28379,31,,,0,15,,28380,31,,,0,15,,28381,31,,,0,55,,28382,31,,,0,15,,28383,31,,,0,15,,28384,31,,,0,15,,28385,31,,,0,55,,28386,31,,,0,15,,28387,31,,,0,15,,28388,31,,,0,15,,28389,31,,,0,54,,28390,31,,,0,15,,28391,31,,,0,15,,28392,31,,,0,15,,28393,31,,,0,55,,28394,31,,,0,15,,28395,31,,,0,15,,28396,31,,,0,15,,28397,31,,,0,55,,28398,31,,,0,15,,28399,31,,,0,15,,28400,31,,,0,15,,28401,31,,,0,55,,28402,31,,,0,15,,28403,31,,,0,15,,28404,31,,,0,15,,28405,31,,,0,57,,28406,31,,,0,22,,28407,31,,,0,15,,28408,31,,,0,14,,28409,31,,,0,62,,28410,31,,,0,22,,28411,31,,,0,22,,28412,31,,,0,62,,28413,31,,,0,22,,28414,31,,,0,65,,28415,31,,,0,29,,28416,31,,,0,72,,28417,31,,,0,32,,28418,31,,,0,72,,28419,31,,,0,37,,28420,31,,,0,100,,28421,31,,,0
901,'3',623,,28427,31,,,0,30,,28466,31,,,0,70,,28428,31,,,0,30,,28465,31,,,0,70,,28429,31,,,0,35,,28430,31,,,0,72,,28431,31,,,0,87,,28432,31,,,0,25,,28433,31,,,0,65,,28434,31,,,0,22,,28435,31,,,0,25,,28436,31,,,0,65,,28437,31,,,0,29,,28438,31,,,0,61,,28439,31,,,0,25,,28440,31,,,0,68,,28441,31,,,0,22,,28442,31,,,0,25,,28443,31,,,0,65,,28444,31,,,0,25,,28445,31,,,0,65,,28446,31,,,0,25,,28447,31,,,0,25,,28448,31,,,0,65,,28449,31,,,0,25,,28450,31,,,0,65,,28451,31,,,0,44,,28453,31,,,0,65,,28454,31,,,0,38,,28455,31,,,0,75,,28456,31,,,0,75,,28457,31,,,0,35,,28458,31,,,0,75,,28459,31,,,0,35,,28460,31,,,0,75,,28461,31,,,0,75,,28462,31,,,0
901,'30',703,,28501,31,,,0,35,,28467,31,,,0,75,,28502,31,,,0,35,,28468,31,,,0,75,,28503,31,,,0,33,,28469,31,,,0,73,,28470,31,,,0,73,,28471,31,,,0,33,,28472,31,,,0,79,,28473,31,,,0,28,,28474,31,,,0,63,,28475,31,,,0,23,,28476,31,,,0,23,,28477,31,,,0,63,,28478,31,,,0,23,,28479,31,,,0,63,,28480,31,,,0,23,,28481,31,,,0,23,,28482,31,,,0,63,,28483,31,,,0,23,,28484,31,,,0,24,,28485,31,,,0,63,,28486,31,,,0,23,,28487,31,,,0,65,,28488,31,,,0,17,,28489,31,,,0,19,,28490,31,,,0,70,,28491,31,,,0,30,,28492,31,,,0,70,,28493,31,,,0,30,,28494,31,,,0,70,,28495,31,,,0,30,,28496,31,,,0,70,,28497,31,,,0,41,,28498,31,,,0,58,,28499,31,,,0
901,'4',703,,28538,31,,,0,35,,28504,31,,,0,75,,28539,31,,,0,35,,28505,31,,,0,75,,28540,31,,,0,33,,28506,31,,,0,73,,28507,31,,,0,73,,28508,31,,,0,33,,28509,31,,,0,79,,28510,31,,,0,28,,28511,31,,,0,63,,28512,31,,,0,23,,28513,31,,,0,23,,28514,31,,,0,63,,28515,31,,,0,23,,28516,31,,,0,63,,28517,31,,,0,23,,28518,31,,,0,23,,28519,31,,,0,63,,28520,31,,,0,23,,28521,31,,,0,24,,28522,31,,,0,63,,28523,31,,,0,23,,28524,31,,,0,65,,28525,31,,,0,17,,28526,31,,,0,19,,28527,31,,,0,70,,28528,31,,,0,30,,28529,31,,,0,70,,28530,31,,,0,30,,28531,31,,,0,70,,28532,31,,,0,30,,28533,31,,,0,70,,28534,31,,,0,41,,28535,31,,,0,58,,28536,31,,,0
1201,'2',621,,29045,30,,,0,31,,29044,30,,,0,70,,29046,30,,,0,28,,29047,30,,,0,70,,29048,30,,,0,30,,29049,30,,,0,70,,29050,30,,,0,31,,29051,30,,,0,70,,29052,30,,,0,30,,29053,30,,,0,70,,29054,30,,,0,30,,29055,30,,,0,70,,29056,30,,,0,30,,29057,30,,,0,70,,29058,30,,,0,30,,29059,30,,,0,70,,29060,30,,,0,23,,29061,30,,,0,57,,29062,30,,,0,25,,29063,30,,,0,25,,29064,30,,,0,65,,29065,30,,,0,27,,29066,30,,,0,65,,29067,30,,,0,25,,29068,30,,,0,25,,29069,30,,,0,65,,29070,30,,,0,29,,29072,30,,,0,70,,29073,30,,,0,30,,29074,30,,,0,70,,29075,30,,,0,30,,29076,30,,,0,70,,29081,30,,,0,30,,29080,30,,,0,69,,29082,30,,,0,31,,29077,30,,,0,70,,29083,30,,,0,29,,29078,30,,,0
1201,'3',624,,29085,30,,,0,30,,29107,30,,,0,70,,29086,30,,,0,30,,29106,30,,,0,70,,29087,30,,,0,30,,29105,30,,,0,65,,29088,30,,,0,25,,29104,30,,,0,70,,29089,30,,,0,30,,29103,30,,,0,70,,29090,30,,,0,30,,29102,30,,,0,70,,29091,30,,,0,35,,29101,30,,,0,75,,29092,30,,,0,35,,29093,30,,,0,75,,29094,30,,,0,75,,29095,30,,,0,35,,29096,30,,,0,75,,29097,30,,,0,35,,29098,30,,,0,76,,29099,30,,,0,25,,29100,30,,,0,73,,29108,30,,,0,27,,29114,30,,,0,73,,29109,30,,,0,27,,29115,30,,,0,73,,29110,30,,,0,27,,29116,30,,,0,72,,29111,30,,,0,27,,29117,30,,,0,73,,29112,30,,,0,27,,29118,30,,,0,73,,29113,30,,,0,27,,29119,30,,,0,65,,29120,30,,,0
1201,'30',825,,29136,30,,,0,30,,29135,30,,,0,70,,29137,30,,,0,23,,29122,30,,,0,70,,29138,30,,,0,30,,29134,30,,,0,70,,29139,30,,,0,24,,29133,30,,,0,70,,29140,30,,,0,24,,29132,30,,,0,64,,29141,30,,,0,31,,29131,30,,,0,24,,29142,30,,,0,70,,29130,30,,,0,30,,29143,30,,,0,70,,29129,30,,,0,30,,29144,30,,,0,70,,29128,30,,,0,30,,29145,30,,,0,70,,29127,30,,,0,30,,29146,30,,,0,70,,29126,30,,,0,30,,29147,30,,,0,70,,29125,30,,,0,30,,29148,30,,,0,70,,29124,30,,,0,30,,29149,30,,,0,70,,29121,30,,,0,30,,29150,30,,,0
1201,'4',825,,29166,30,,,0,30,,29165,30,,,0,70,,29167,30,,,0,23,,29152,30,,,0,70,,29168,30,,,0,30,,29164,30,,,0,70,,29169,30,,,0,24,,29163,30,,,0,70,,29170,30,,,0,24,,29162,30,,,0,64,,29171,30,,,0,31,,29161,30,,,0,24,,29172,30,,,0,70,,29160,30,,,0,30,,29173,30,,,0,70,,29159,30,,,0,30,,29174,30,,,0,70,,29158,30,,,0,30,,29175,30,,,0,70,,29157,30,,,0,30,,29176,30,,,0,70,,29156,30,,,0,30,,29177,30,,,0,70,,29155,30,,,0,30,,29178,30,,,0,70,,29154,30,,,0,30,,29179,30,,,0,70,,29151,30,,,0,30,,29180,30,,,0
1901,'2',700,,30839,67,,,0,39,,30840,67,,,0,67,,30841,67,,,0,27,,30842,67,,,0,69,,30843,67,,,0,25,,30844,67,,,0,27,,30845,67,,,0,67,,30846,67,,,0,27,,30847,67,,,0,67,,30848,67,,,0,27,,30849,67,,,0,67,,30850,67,,,0,27,,30851,67,,,0,67,,30852,67,,,0,27,,30853,67,,,0,24,,30854,67,,,0,67,,30855,67,,,0,27,,30856,67,,,0,71,,30857,67,,,0,27,,30858,67,,,0,70,,30859,67,,,0,28,,30860,67,,,0,69,,30861,67,,,0,28,,30862,67,,,0,68,,30863,67,,,0,28,,30864,67,,,0,68,,30865,67,,,0,24,,30866,67,,,0,27,,30867,67,,,0,67,,30868,67,,,0,27,,30869,67,,,0,67,,30870,67,,,0,27,,30871,67,,,0,60,,30872,67,,,0,27,,30873,67,,,0,27,,30874,67,,,0,76,,30875,67,,,0,12,,30876,67,,,0,85,,30877,67,,,0
1901,'3',831,,30878,51,,,0,72,,30880,67,,,0,32,,30881,67,,,0,72,,30882,67,,,0,32,,30883,67,,,0,72,,30884,67,,,0,32,,30885,67,,,0,72,,30886,67,,,0,32,,30887,67,,,0,72,,30888,67,,,0,32,,30889,67,,,0,70,,30890,67,,,0,27,,30891,67,,,0,64,,30892,67,,,0,27,,30893,67,,,0,67,,30894,67,,,0,27,,30895,67,,,0,67,,30896,67,,,0,27,,30897,67,,,0,27,,30898,67,,,0,5,,30899,67,0,9 3 37,0,74,,30900,67,,,0,72,,30901,67,,,0,32,,30902,67,,,0,72,,30903,67,,,0,32,,30904,67,,,0,72,,30905,67,,,0,35,,30906,67,,,0,68,,30907,67,0,9 3 37,0,26,,30908,67,0,9 3 37,0,14,,30879,67,0,9 3 37,0
1901,'30',908,,30930,67,,,0,35,,30910,67,,,0,75,,30924,67,,,0,35,,30911,67,,,0,74,,30912,67,,,0,81,,30913,67,,,0,40,,30928,67,,,0,80,,30914,67,,,0,80,,30915,67,,,0,40,,30916,67,,,0,80,,30917,67,,,0,80,,30925,67,,,0,40,,30918,67,,,0,75,,30919,67,,,0,35,,30929,67,,,0,75,,30920,67,,,0,75,,30921,67,,,0,35,,30926,67,,,0,65,,30927,67,0,9 3 37,0
1901,'4',908,,30951,67,,,0,35,,30931,67,,,0,75,,30945,67,,,0,35,,30932,67,,,0,74,,30933,67,,,0,81,,30934,67,,,0,40,,30949,67,,,0,80,,30935,67,,,0,80,,30936,67,,,0,40,,30937,67,,,0,80,,30938,67,,,0,80,,30946,67,,,0,40,,30939,67,,,0,75,,30940,67,,,0,35,,30950,67,,,0,75,,30941,67,,,0,75,,30942,67,,,0,35,,30947,67,,,0,65,,30948,67,0,9 3 37,0
2000,'2',622,,30953,35,,,0,23,,30956,35,,,0,74,,30954,35,,,0,15,,30955,35,,,0,15,,30957,35,,,0,55,,30979,35,,,0,15,,30980,35,,,0,15,,30981,35,,,0,15,,30982,35,,,0,55,,30983,35,,,0,15,,30984,35,,,0,15,,30985,35,,,0,15,,30986,35,,,0,55,,30987,35,,,0,15,,30988,35,,,0,15,,30989,35,,,0,15,,30990,35,,,0,55,,30991,35,,,0,10,,30992,35,,,0,15,,30993,35,,,0,15,,30994,35,,,0,15,,30995,35,,,0,55,,30996,35,,,0,15,,30997,35,,,0,15,,30998,35,,,0,15,,30999,35,,,0,55,,31000,35,,,0,15,,31001,35,,,0,15,,31002,35,,,0,10,,31003,35,,,0,55,,31004,35,,,0,15,,31005,35,,,0,15,,31006,35,,,0,15,,31007,35,,,0,55,,31008,35,,,0,15,,31009,35,,,0,15,,31010,35,,,0,15,,31011,35,,,0,55,,31012,35,,,0,15,,31013,35,,,0,15,,31014,35,,,0,15,,31015,35,,,0,55,,31016,35,,,0,19,,31017,35,,,0,21,,30958,35,,,0,55,,30960,35,,,0,16,,30961,35,,,0,16,,30962,35,,,0,13,,30971,35,,,0,53,,30963,35,,,0,15,,30964,35,,,0,20,,30965,35,,,0,72,,30966,35,,,0,13,,30967,35,,,0,27,,30968,35,,,0,66,,30969,35,,,0,19,,30972,35,,,0,71,,30973,35,,,0,26,,30974,35,,,0,26,,30975,35,,,0,66,,30952,35,,,0,30,,30977,35,,,0,65,,30978,35,,,0,12,,31018,35,0,36,0,25,,30976,35,,,0,57,,31019,35,0,36,0
2000,'3',629,,31021,35,,,0,26,,31024,35,,,0,70,,31025,35,,,0,81,,31026,35,,,0,27,,31027,35,,,0,26,,31028,35,,,0,66,,31029,35,,,0,26,,31030,35,,,0,72,,31031,35,,,0,22,,31032,35,,,0,60,,31033,35,,,0,20,,31034,35,,,0,20,,31035,35,,,0,60,,31036,35,,,0,20,,31037,35,,,0,22,,31038,35,,,0,60,,31039,35,,,0,20,,31040,35,,,0,20,,31041,35,,,0,60,,31042,35,,,0,20,,31043,35,,,0,19,,31044,35,,,0,60,,31045,35,,,0,20,,31046,35,,,0,20,,31047,35,,,0,60,,31048,35,,,0,20,,31049,35,,,0,20,,31050,35,,,0,60,,31051,35,,,0,20,,31052,35,,,0,20,,31053,35,,,0,54,,31054,35,,,0,20,,31055,35,,,0,24,,31056,35,,,0,67,,31057,35,,,0,27,,31058,35,,,0,67,,31059,35,,,0,27,,31060,35,,,0,27,,31061,35,,,0,67,,31062,35,,,0,23,,31063,35,,,0,67,,31064,35,,,0,27,,31065,35,,,0,67,,31066,35,,,0,27,,31067,35,,,0,21,,31068,35,,,0,59,,31069,35,,,0,42,,31023,35,,,0
2000,'30',654,,31071,35,,,0,82,,31072,35,,,0,85,,31073,35,,,0,87,,31074,35,,,0,30,,31075,35,,,0,66,,31076,35,,,0,25,,31077,35,,,0,26,,31078,35,,,0,67,,31079,35,,,0,26,,31080,35,,,0,66,,31081,35,,,0,27,,31082,35,,,0,66,,31083,35,,,0,26,,31084,35,,,0,26,,31085,35,,,0,66,,31086,35,,,0,26,,31087,35,,,0,66,,31088,35,,,0,26,,31089,35,,,0,66,,31090,35,,,0,26,,31091,35,,,0,66,,31092,35,,,0,26,,31093,35,,,0,26,,31094,35,,,0,65,,31095,35,,,0,25,,31096,35,,,0,65,,31097,35,,,0,25,,31098,35,,,0,25,,31099,35,,,0,65,,31100,35,,,0,25,,31101,35,,,0,65,,31102,35,,,0,25,,31103,35,,,0,66,,31104,35,,,0,21,,31105,35,,,0,20,,31106,35,,,0,70,,31070,35,0,36,0
2000,'4',654,,31108,35,,,0,82,,31109,35,,,0,85,,31110,35,,,0,87,,31111,35,,,0,30,,31112,35,,,0,66,,31113,35,,,0,25,,31114,35,,,0,26,,31115,35,,,0,67,,31116,35,,,0,26,,31117,35,,,0,66,,31118,35,,,0,27,,31119,35,,,0,66,,31120,35,,,0,26,,31121,35,,,0,26,,31122,35,,,0,66,,31123,35,,,0,26,,31124,35,,,0,66,,31125,35,,,0,26,,31126,35,,,0,66,,31127,35,,,0,26,,31128,35,,,0,66,,31129,35,,,0,26,,31130,35,,,0,26,,31131,35,,,0,65,,31132,35,,,0,25,,31133,35,,,0,65,,31134,35,,,0,25,,31135,35,,,0,25,,31136,35,,,0,65,,31137,35,,,0,25,,31138,35,,,0,65,,31139,35,,,0,25,,31140,35,,,0,66,,31141,35,,,0,21,,31142,35,,,0,20,,31143,35,,,0,70,,31107,35,0,36,0
9400,'2',728,,33600,6,,,0,26,,33601,6,,,0,66,,33602,6,,,0,26,,33603,6,,,0,66,,33604,6,,,0,26,,33605,6,,,0,66,,33606,6,,,0,316,,33607,6,,,0,21,,33608,6,,,0,61,,33609,6,,,0,21,,33610,6,,,0,21,,33611,6,,,0,61,,33612,6,,,0,21,,33613,6,,,0,21,,33614,6,,,0,63,,33615,6,,,0,23,,33616,6,,,0,24,,33617,6,,,0,63,,33618,6,,,0,23,,33619,6,,,0,61,,33620,6,,,0
