601,'2',621,,27735,8,,,0,37,,27737,8,,,0,75,,27738,8,,,0,25,,27739,8,,,0,65,,27740,8,,,0,25,,27741,8,,,0,69,,27743,8,,,0,25,,27744,8,,,0,70,,27745,8,,,0,30,,27746,8,,,0,65,,27747,8,,,0,30,,27748,8,,,0,69,,27749,8,,,0,30,,27750,8,,,0,70,,27751,8,,,0,25,,27752,8,,,0,70,,27753,8,,,0,30,,27754,8,,,0,70,,27755,8,,,0,30,,27756,8,,,0,70,,27757,8,,,0,25,,27758,8,,,0,30,,27759,8,,,0,70,,27760,8,,,0,31,,27761,8,,,0,65,,27762,8,,,0,25,,27763,8,,,0,65,,27764,8,,,0,25,,27765,8,,,0,21,,27766,8,,,0,65,,27767,8,,,0,30,,27768,8,,,0,53,,27774,8,0,37 3 45,0,22,,27769,8,,,0,81,,27770,8,,,0,30,,27771,8,,,0,80,,27772,8,,,0,21,,27775,8,,,0,78,,27773,8,0,37 3 45,0
601,'3',611,,27822,8,,,0,33,,27823,8,,,0,67,,27821,8,,,0,30,,27777,8,,,0,69,,27820,8,,,0,30,,27778,8,,,0,75,,27779,8,,,0,32,,27780,8,,,0,58,,27781,8,,,0,25,,27782,8,,,0,25,,27783,8,,,0,65,,27784,8,,,0,25,,27785,8,,,0,69,,27786,8,,,0,25,,27787,8,,,0,18,,27788,8,,,0,58,,27789,8,,,0,26,,27790,8,,,0,18,,27791,8,,,0,58,,27792,8,,,0,20,,27794,8,,,0,20,,27795,8,,,0,60,,27796,8,,,0,20,,27797,8,,,0,20,,27798,8,,,0,62,,27799,8,,,0,20,,27800,8,,,0,20,,27801,8,,,0,60,,27802,8,,,0,20,,27803,8,,,0,20,,27804,8,,,0,61,,27805,8,,,0,25,,27806,8,,,0,3,,27812,8,0,37 3 45,0,64,,27807,8,,,0,25,,27808,8,,,0,21,,27809,8,,,0,65,,27810,8,,,0,30,,27811,8,,,0,54,,27819,8,0,37 3 45,0,21,,27813,8,,,0,75,,27814,8,,,0,35,,27815,8,,,0,75,,27816,8,,,0,35,,27817,8,,,0,71,,27818,8,0,37 3 45,0
601,'30',909,,27824,8,,,0,33,,27825,8,,,0,75,,27826,8,,,0,35,,27827,8,,,0,78,,27828,8,,,0,78,,27829,8,,,0,25,,27830,8,,,0,25,,27831,8,,,0,65,,27832,8,,,0,25,,27833,8,,,0,65,,27834,8,,,0,25,,27835,8,,,0,65,,27836,8,,,0,25,,27837,8,,,0,25,,27838,8,,,0,65,,27839,8,,,0,25,,27840,8,,,0,70,,27841,8,,,0,25,,27842,8,,,0,13,,27843,8,0,37 3 45,0,64,,27844,8,,,0,32,,27845,8,,,0,75,,27846,8,,,0,35,,27847,8,,,0,75,,27848,8,,,0,75,,27849,8,,,0,35,,27850,8,,,0,74,,27851,8,,,0,35,,27853,8,,,0,73,,27852,8,0,37 3 45,0
601,'4',909,,27854,8,,,0,33,,27855,8,,,0,75,,27856,8,,,0,35,,27857,8,,,0,78,,27858,8,,,0,78,,27859,8,,,0,25,,27860,8,,,0,25,,27861,8,,,0,65,,27862,8,,,0,25,,27863,8,,,0,65,,27864,8,,,0,25,,27865,8,,,0,65,,27866,8,,,0,25,,27867,8,,,0,25,,27868,8,,,0,65,,27869,8,,,0,25,,27870,8,,,0,70,,27871,8,,,0,25,,27872,8,,,0,13,,27873,8,0,37 3 45,0,64,,27874,8,,,0,32,,27875,8,,,0,75,,27876,8,,,0,35,,27877,8,,,0,75,,27878,8,,,0,75,,27879,8,,,0,35,,27880,8,,,0,74,,27881,8,,,0,35,,27883,8,,,0,73,,27882,8,0,37 3 45,0
1300,'2',621,,29182,16,0,10 18 19 20,0,18,,29183,16,,,0,14,,29184,16,0,10 18 19 20,0,55,,29185,16,,,0,10,,29186,16,0,10 18 19 20,0,15,,29187,16,,,0,15,,29188,16,0,10 18 19 20,0,55,,29189,16,,,0,15,,29190,16,0,10 18 19 20,0,15,,29191,16,,,0,15,,29192,16,0,10 18 19 20,0,55,,29193,16,,,0,15,,29194,16,0,10 18 19 20,0,15,,29195,16,,,0,15,,29196,16,0,10 18 19 20,0,10,,29197,16,,,0,55,,29198,16,0,10 18 19 20,0,15,,29199,16,,,0,15,,29200,16,0,10 18 19 20,0,15,,29201,16,,,0,55,,29202,16,0,10 18 19 20,0,15,,29203,16,,,0,15,,29204,16,0,10 18 19 20,0,10,,29205,16,,,0,55,,29206,16,0,10 18 19 20,0,15,,29207,16,,,0,15,,29208,16,0,10 18 19 20,0,15,,29209,16,,,0,55,,29210,16,0,10 18 19 20,0,15,,29211,16,,,0,15,,29212,16,0,10 18 19 20,0,15,,29213,16,,,0,55,,29214,16,0,10 18 19 20,0,15,,29215,16,,,0,15,,29216,16,0,10 18 19 20,0,15,,29217,16,,,0,55,,29218,16,0,10 18 19 20,0,15,,29219,16,,,0,15,,29220,16,0,10 18 19 20,0,15,,29221,16,,,0,53,,29222,16,0,10 18 19 20,0,15,,29223,16,,,0,15,,29224,16,0,10 18 19 20,0,15,,29225,16,,,0,55,,29226,16,0,10 18 19 20,0,15,,29227,16,,,0,15,,29228,16,0,10 18 19 20,0,15,,29229,16,,,0,57,,29230,16,0,10 18 19 20,0,20,,29235,16,,,0,20,,29231,16,0,10 18 19 20,0,60,,29236,16,,,0,20,,29232,16,0,10 18 19 20,0,20,,29237,16,,,0,60,,29233,16,0,10 18 19 20,0,20,,29238,16,,,0,20,,29234,16,,,0,70,,29239,16,0,10 18 19 20,0,25,,29242,16,,,0,65,,29240,16,0,10 18 19 20,0,27,,29243,16,,,0,73,,29241,16,0,10 18 19 20,0,30,,29244,16,,,0,66,,29246,16,0,10 18 19 20,0,47,,29245,16,,,0
1300,'3',621,,29251,16,0,10 18 19 20,0,38,,29252,16,,,0,75,,29253,16,0,10 18 19 20,0,74,,29254,16,,,0,11,,29258,16,0,10 18 19 20,0,16,,29255,16,,,0,16,,29259,16,0,10 18 19 20,0,56,,29256,16,,,0,16,,29260,16,,,0,16,,29257,16,0,10 18 19 20,0,16,,29261,16,,,0,55,,29262,16,0,10 18 19 20,0,15,,29267,16,,,0,15,,29263,16,0,10 18 19 20,0,15,,29268,16,,,0,55,,29264,16,0,10 18 19 20,0,15,,29269,16,,,0,15,,29265,16,0,10 18 19 20,0,15,,29270,16,,,0,55,,29266,16,,,0,15,,29271,16,0,10 18 19 20,0,15,,29280,16,,,0,15,,29272,16,0,10 18 19 20,0,55,,29281,16,,,0,15,,29273,16,0,10 18 19 20,0,15,,29282,16,,,0,15,,29274,16,0,10 18 19 20,0,55,,29283,16,,,0,15,,29275,16,0,10 18 19 20,0,15,,29284,16,,,0,15,,29276,16,0,10 18 19 20,0,55,,29285,16,,,0,15,,29277,16,0,10 18 19 20,0,15,,29286,16,,,0,15,,29278,16,0,10 18 19 20,0,55,,29287,16,,,0,15,,29279,16,0,10 18 19 20,0,10,,29288,16,,,0,15,,29291,16,0,10 18 19 20,0,55,,29289,16,,,0,15,,29292,16,0,10 18 19 20,0,15,,29290,16,,,0,15,,29293,16,,,0,54,,29294,16,0,10 18 19 20,0,15,,29318,16,,,0,15,,29298,16,,,0,15,,29295,16,0,10 18 19 20,0,60,,29299,16,,,0,15,,29296,16,0,10 18 19 20,0,20,,29300,16,,,0,60,,29297,16,0,10 18 19 20,0,20,,29301,16,,,0,20,,29305,16,,,0,70,,29302,16,0,10 18 19 20,0,25,,29306,16,,,0,65,,29303,16,0,10 18 19 20,0,30,,29307,16,,,0,70,,29304,16,0,10 18 19 20,0,19,,29308,16,,,0,20,,29309,16,0,10 18 19 20,0,71,,29311,16,,,0,37,,29310,16,0,10 18 19 20,0
1300,'30',650,,29341,16,,,0,83,,29343,16,0,10 18 19 20,0,75,,29342,16,,,0,35,,29344,16,0,10 18 19 20,0,75,,29329,16,,,0,30,,29340,16,0,10 18 19 20,0,55,,29328,16,,,0,30,,29339,16,0,10 18 19 20,0,70,,29327,16,,,0,30,,29338,16,0,10 18 19 20,0,24,,29326,16,,,0,72,,29337,16,0,10 18 19 20,0,30,,29325,16,,,0,70,,29336,16,0,10 18 19 20,0,30,,29324,16,,,0,70,,29335,16,0,10 18 19 20,0,30,,29323,16,,,0,70,,29334,16,0,10 18 19 20,0,30,,29322,16,,,0,70,,29333,16,0,10 18 19 20,0,30,,29321,16,,,0,70,,29332,16,0,10 18 19 20,0,25,,29320,16,,,0,70,,29331,16,0,10 18 19 20,0,31,,29319,16,,,0,65,,29345,16,0,10 18 19 20,0,20,,29348,16,,,0,70,,29346,16,0,10 18 19 20,0,30,,29349,16,,,0,70,,29347,16,0,10 18 19 20,0,30,,29350,16,0,10 18 19 20,0,71,,29351,16,,,0,41,,29330,16,0,10 18 19 20,0
1300,'4',650,,29374,16,,,0,83,,29376,16,0,10 18 19 20,0,75,,29375,16,,,0,35,,29377,16,0,10 18 19 20,0,75,,29362,16,,,0,30,,29373,16,0,10 18 19 20,0,55,,29361,16,,,0,30,,29372,16,0,10 18 19 20,0,70,,29360,16,,,0,30,,29371,16,0,10 18 19 20,0,24,,29359,16,,,0,72,,29370,16,0,10 18 19 20,0,30,,29358,16,,,0,70,,29369,16,0,10 18 19 20,0,30,,29357,16,,,0,70,,29368,16,0,10 18 19 20,0,30,,29356,16,,,0,70,,29367,16,0,10 18 19 20,0,30,,29355,16,,,0,70,,29366,16,0,10 18 19 20,0,30,,29354,16,,,0,70,,29365,16,0,10 18 19 20,0,25,,29353,16,,,0,70,,29364,16,0,10 18 19 20,0,31,,29352,16,,,0,65,,29378,16,0,10 18 19 20,0,20,,29381,16,,,0,70,,29379,16,0,10 18 19 20,0,30,,29382,16,,,0,70,,29380,16,0,10 18 19 20,0,30,,29383,16,0,10 18 19 20,0,71,,29384,16,,,0,41,,29363,16,0,10 18 19 20,0
1500,'2',621,,29586,28,0,13 28 3 8,0,22,,29587,28,0,13 28 3 8,0,60,,29591,28,0,10 29,0,15,,29588,28,0,13 28 3 8,0,15,,29592,28,0,10 29,0,12,,29589,28,0,13 28 3 8,0,56,,29593,28,0,10 29,0,16,,29590,28,0,13 28 3 8,0,16,,29594,28,0,10 29,0,16,,29595,28,0,13 28 3 8,0,55,,29612,28,0,10 29,0,15,,29596,28,0,13 28 3 8,0,15,,29613,28,0,10 29,0,15,,29597,28,0,13 28 3 8,0,55,,29614,28,0,10 29,0,15,,29598,28,0,13 28 3 8,0,15,,29615,28,0,10 29,0,15,,29599,28,0,13 28 3 8,0,55,,29616,28,0,10 29,0,15,,29600,28,0,13 28 3 8,0,15,,29617,28,0,10 29,0,15,,29601,28,0,13 28 3 8,0,55,,29618,28,0,10 29,0,15,,29602,28,0,13 28 3 8,0,15,,29619,28,0,10 29,0,15,,29603,28,0,13 28 3 8,0,55,,29620,28,0,10 29,0,15,,29604,28,0,13 28 3 8,0,15,,29621,28,0,10 29,0,15,,29605,28,0,13 28 3 8,0,54,,29622,28,0,10 29,0,15,,29606,28,0,13 28 3 8,0,15,,29623,28,0,10 29,0,15,,29607,28,0,13 28 3 8,0,10,,29624,28,0,10 29,0,55,,29608,28,0,13 28 3 8,0,15,,29625,28,0,10 29,0,14,,29609,28,0,13 28 3 8,0,17,,29626,28,0,10 29,0,55,,29610,28,0,13 28 3 8,0,17,,29627,28,0,10 29,0,17,,29611,28,0,13 28 3 8,0,57,,29628,28,0,10 29,0,15,,29629,28,0,13 28 3 8,0,17,,29630,28,0,10 29,0,17,,29631,28,0,13 28 3 8,0,59,,29633,28,0,10 29,0,14,,29634,28,0,13 28 3 8,0,26,,29635,28,0,10 29,0,60,,29636,28,0,13 28 3 8,0,20,,29637,28,0,10 29,0,25,,29638,28,0,13 28 3 8,0,70,,29639,28,0,10 29,0,30,,29640,28,0,13 28 3 8,0,67,,29641,28,0,10 29,0,30,,29642,28,0,13 28 3 8,0,70,,29643,28,0,10 29,0,30,,29644,28,0,13 28 3 8,0,70,,29645,28,0,10 29,0,30,,29646,28,0,13 28 3 8,0,68,,29647,28,0,10 29,0,30,,29632,28,0,13 28 3 8,0
1500,'3',621,,29653,28,0,10 29,0,27,,29654,28,0,13 28 3 8,0,70,,29655,28,0,10 29,0,30,,29656,28,0,13 28 3 8,0,64,,29658,28,0,10 29,0,31,,29657,28,0,13 28 3 8,0,69,,29659,28,0,10 29,0,31,,29660,28,0,13 28 3 8,0,70,,29661,28,0,10 29,0,19,,29673,28,0,13 28 3 8,0,16,,29662,28,0,10 29,0,59,,29674,28,0,13 28 3 8,0,21,,29663,28,0,10 29,0,19,,29675,28,0,13 28 3 8,0,60,,29664,28,0,10 29,0,20,,29676,28,0,13 28 3 8,0,20,,29665,28,0,10 29,0,60,,29677,28,0,13 28 3 8,0,20,,29666,28,0,10 29,0,20,,29678,28,0,13 28 3 8,0,60,,29667,28,0,10 29,0,20,,29679,28,0,13 28 3 8,0,20,,29668,28,0,10 29,0,60,,29680,28,0,13 28 3 8,0,20,,29669,28,0,10 29,0,20,,29681,28,0,13 28 3 8,0,60,,29670,28,0,10 29,0,20,,29682,28,0,13 28 3 8,0,20,,29671,28,0,10 29,0,60,,29683,28,0,13 28 3 8,0,18,,29672,28,0,13 28 3 8,0,22,,29684,28,0,10 29,0,71,,29690,28,0,13 28 3 8,0,29,,29685,28,0,10 29,0,71,,29691,28,0,13 28 3 8,0,29,,29686,28,0,10 29,0,71,,29692,28,0,13 28 3 8,0,29,,29687,28,0,10 29,0,66,,29693,28,0,13 28 3 8,0,30,,29688,28,0,10 29,0,65,,29694,28,0,13 28 3 8,0,25,,29689,28,0,10 29,0,70,,29695,28,0,13 28 3 8,0,26,,29697,28,0,10 29,0,30,,29701,28,0,10 29,0,92,,29696,28,0,10 29,0
1500,'30',624,,29739,28,0,10 29,0,28,,29702,28,0,13 28 3 8,0,65,,29738,28,0,10 29,0,27,,29737,28,0,13 28 3 8,0,65,,29703,28,0,10 29,0,34,,29704,28,0,13 28 3 8,0,67,,29705,28,0,10 29,0,22,,29706,28,0,13 28 3 8,0,22,,29707,28,0,10 29,0,70,,29708,28,0,13 28 3 8,0,30,,29709,28,0,10 29,0,65,,29710,28,0,13 28 3 8,0,27,,29711,28,0,10 29,0,69,,29712,28,0,13 28 3 8,0,30,,29713,28,0,10 29,0,70,,29714,28,0,13 28 3 8,0,30,,29715,28,0,10 29,0,70,,29716,28,0,13 28 3 8,0,30,,29717,28,0,10 29,0,70,,29718,28,0,13 28 3 8,0,30,,29719,28,0,10 29,0,70,,29720,28,0,13 28 3 8,0,30,,29721,28,0,10 29,0,71,,29722,28,0,13 28 3 8,0,30,,29723,28,0,10 29,0,70,,29724,28,0,13 28 3 8,0,25,,29725,28,0,10 29,0,70,,29726,28,0,13 28 3 8,0,25,,29727,28,0,10 29,0,70,,29728,28,0,13 28 3 8,0,30,,29729,28,0,10 29,0,65,,29730,28,0,13 28 3 8,0,30,,29731,28,0,10 29,0,27,,29732,28,0,13 28 3 8,0,69,,29733,28,0,10 29,0,24,,29734,28,0,13 28 3 8,0
1500,'4',624,,29777,28,0,10 29,0,28,,29740,28,0,13 28 3 8,0,65,,29776,28,0,10 29,0,27,,29775,28,0,13 28 3 8,0,65,,29741,28,0,10 29,0,34,,29742,28,0,13 28 3 8,0,67,,29743,28,0,10 29,0,22,,29744,28,0,13 28 3 8,0,22,,29745,28,0,10 29,0,70,,29746,28,0,13 28 3 8,0,30,,29747,28,0,10 29,0,65,,29748,28,0,13 28 3 8,0,27,,29749,28,0,10 29,0,69,,29750,28,0,13 28 3 8,0,30,,29751,28,0,10 29,0,70,,29752,28,0,13 28 3 8,0,30,,29753,28,0,10 29,0,70,,29754,28,0,13 28 3 8,0,30,,29755,28,0,10 29,0,70,,29756,28,0,13 28 3 8,0,30,,29757,28,0,10 29,0,70,,29758,28,0,13 28 3 8,0,30,,29759,28,0,10 29,0,71,,29760,28,0,13 28 3 8,0,30,,29761,28,0,10 29,0,70,,29762,28,0,13 28 3 8,0,25,,29763,28,0,10 29,0,70,,29764,28,0,13 28 3 8,0,25,,29765,28,0,10 29,0,70,,29766,28,0,13 28 3 8,0,30,,29767,28,0,10 29,0,65,,29768,28,0,13 28 3 8,0,30,,29769,28,0,10 29,0,27,,29770,28,0,13 28 3 8,0,69,,29771,28,0,10 29,0,24,,29772,28,0,13 28 3 8,0
9000,'2',638,,32936,4,,,0,73,,32937,4,,,0,15,,32943,4,,,0,18,,32944,4,,,0,15,,32938,4,,,0,55,,32939,4,,,0,15,,32945,4,,,0,15,,32940,4,,,0,15,,32946,4,,,0,52,,32941,4,,,0,15,,32947,4,,,0,12,,32942,4,,,0,15,,32948,4,,,0,55,,32934,4,,,0,15,,32949,4,,,0,15,,32933,4,,,0,15,,32950,4,,,0,55,,32932,4,,,0,15,,32951,4,,,0,15,,32931,4,,,0,15,,32930,4,,,0,55,,32929,4,,,0,15,,32952,4,,,0,16,,32928,4,,,0,15,,32927,4,,,0,55,,32926,4,,,0,15,,32953,4,,,0,15,,32925,4,,,0,15,,32924,4,,,0,56,,32923,4,,,0,15,,32954,4,,,0,19,,32922,4,,,0,15,,32921,4,,,0,55,,32920,4,,,0,15,,32955,4,,,0,15,,32919,4,,,0,15,,32918,4,,,0,57,,32917,4,,,0,15,,32956,4,,,0,15,,32960,4,,,0,55,,32916,4,,,0,15,,32915,4,,,0,15,,32914,4,,,0,15,,32913,4,,,0,55,,32957,4,,,0,13,,32912,4,,,0,25,,32959,4,,,0,70,,32935,4,,,0,30,,32958,4,,,0,70,,32961,4,,,0,30,,32962,4,,,0,68,,32963,4,,,0,35,,32964,4,,,0
9000,'3',822,,32983,4,,,0,30,,32984,4,,,0,70,,32985,4,,,0,30,,32986,4,,,0,70,,32987,4,,,0,25,,32982,4,,,0,65,,32981,4,,,0,25,,32980,4,,,0,65,,32979,4,,,0,25,,32978,4,,,0,25,,32977,4,,,0,65,,32976,4,,,0,25,,32975,4,,,0,65,,32974,4,,,0,25,,32973,4,,,0,25,,32972,4,,,0,65,,32971,4,,,0,25,,32970,4,,,0,65,,32969,4,,,0,25,,32968,4,,,0,65,,32967,4,,,0,25,,32966,4,,,0,25,,32965,4,,,0
9000,'4',1002,,32989,4,,,0,20,,32990,4,,,0,20,,32991,4,,,0,60,,32992,4,,,0,20,,32993,4,,,0,20,,32994,4,,,0,60,,32995,4,,,0,21,,32996,4,,,0,16,,32997,4,,,0,16,,32998,4,,,0,56,,32999,4,,,0,16,,33000,4,,,0,16,,33001,4,,,0,16,,33002,4,,,0,56,,33003,4,,,0,16,,33004,4,,,0,16,,33005,4,,,0,56,,33006,4,,,0,16,,33007,4,,,0,16,,33008,4,,,0,16,,33009,4,,,0,56,,33010,4,,,0,16,,33011,4,,,0,16,,33012,4,,,0,61,,33013,4,,,0,17,,33014,4,,,0,20,,33015,4,,,0,70,,33016,4,,,0,25,,33017,4,,,0,25,,33018,4,,,0,50,,32988,4,,,0,30,,33019,4,,,0
