400,'2',617,,34743,11,0,13 18 19 20,1,39,,34742,11,0,10 18 19 20,1,55,,34741,11,0,13 18 19 20,1,15,,34740,11,0,10 18 19 20,1,15,,34739,11,0,13 18 19 20,1,15,,34738,11,0,10 18 19 20,1,55,,34737,11,0,13 18 19 20,1,15,,34736,11,0,10 18 19 20,1,15,,34735,11,0,13 18 19 20,1,61,,34734,11,0,10 18 19 20,1,20,,34733,11,0,13 18 19 20,1,20,,34732,11,0,10 18 19 20,1,60,,34731,11,0,13 18 19 20,1,20,,34730,11,0,10 18 19 20,1,20,,34729,11,0,13 18 19 20,1,60,,34728,11,0,10 18 19 20,1,20,,34727,11,0,13 18 19 20,1,20,,34726,11,0,10 18 19 20,1,60,,34725,11,0,13 18 19 20,1,20,,34724,11,0,10 18 19 20,1,20,,34723,11,0,13 18 19 20,1,60,,34722,11,0,10 18 19 20,1,20,,34721,11,0,13 18 19 20,1,17,,34720,11,0,10 18 19 20,1,14,,34745,11,0,13 18 19 20,1,50,,34746,11,0,10 18 19 20,1,15,,34754,11,0,13 18 19 20,1,15,,34747,11,0,10 18 19 20,1,15,,34755,11,0,13 18 19 20,1,55,,34748,11,0,10 18 19 20,1,15,,34756,11,0,13 18 19 20,1,15,,34749,11,0,10 18 19 20,1,14,,34757,11,0,13 18 19 20,1,53,,34750,11,0,10 18 19 20,1,15,,34758,11,0,13 18 19 20,1,10,,34751,11,0,10 18 19 20,1,15,,34759,11,0,13 18 19 20,1,15,,34752,11,0,10 18 19 20,1,50,,34760,11,0,13 18 19 20,1,15,,34753,11,0,10 18 19 20,1,10,,34761,11,0,13 18 19 20,1,23,,34762,11,0,10 18 19 20,1,61,,34763,11,0,13 18 19 20,1,15,,34767,11,0,10 18 19 20,1,20,,34764,11,0,13 18 19 20,1,60,,34768,11,0,10 18 19 20,1,20,,34765,11,0,13 18 19 20,1,20,,34769,11,0,10 18 19 20,1,60,,34766,11,0,13 18 19 20,1,17,,34770,11,0,10 18 19 20,1,15,,34771,11,0,13 18 19 20,1,66,,34774,11,0,10 18 19 20,1,30,,34772,11,0,13 18 19 20,1,70,,34775,11,0,10 18 19 20,1,30,,34773,11,0,13 18 19 20,1,71,,34776,11,0,10 18 19 20,1,40,,34777,11,0,13 18 19 20,1,99,,34778,11,0,13 18 19 20,1
400,'3',605,,34781,11,0,13 18 19 20,1,13,,34780,11,0,10 18 19 20,1,32,,34783,11,0,13 18 19 20,1,70,,34790,11,0,10 18 19 20,1,30,,34784,11,0,13 18 19 20,1,69,,34791,11,0,10 18 19 20,1,30,,34785,11,0,13 18 19 20,1,70,,34792,11,0,10 18 19 20,1,30,,34786,11,0,13 18 19 20,1,69,,34793,11,0,10 18 19 20,1,30,,34787,11,0,13 18 19 20,1,70,,34794,11,0,10 18 19 20,1,30,,34788,11,0,13 18 19 20,1,66,,34795,11,0,10 18 19 20,1,29,,34789,11,0,13 18 19 20,1,63,,34796,11,0,10 18 19 20,1,20,,34801,11,0,13 18 19 20,1,25,,34797,11,0,10 18 19 20,1,65,,34802,11,0,13 18 19 20,1,25,,34798,11,0,10 18 19 20,1,65,,34803,11,0,13 18 19 20,1,25,,34799,11,0,10 18 19 20,1,25,,34804,11,0,13 18 19 20,1,65,,34800,11,0,10 18 19 20,1,25,,34805,11,0,13 18 19 20,1,65,,34812,11,0,10 18 19 20,1,25,,34808,11,0,13 18 19 20,1,65,,34813,11,0,10 18 19 20,1,25,,34809,11,0,13 18 19 20,1,25,,34814,11,0,10 18 19 20,1,65,,34810,11,0,13 18 19 20,1,25,,34815,11,0,10 18 19 20,1,65,,34811,11,0,13 18 19 20,1,25,,34816,11,0,10 18 19 20,1,22,,34817,11,0,13 18 19 20,1,70,,34820,11,0,10 18 19 20,1,35,,34818,11,0,13 18 19 20,1,70,,34821,11,0,10 18 19 20,1,30,,34819,11,0,13 18 19 20,1,70,,34822,11,0,10 18 19 20,1,26,,34806,11,0,13 18 19 20,1,94,,34807,11,0,10 18 19 20,1
400,'30',648,,34853,11,0,13 18 19 20,1,82,,34854,11,0,10 18 19 20,1,80,,34855,11,0,13 18 19 20,1,43,,34825,11,0,10 18 19 20,1,75,,34826,11,0,13 18 19 20,1,25,,34827,11,0,10 18 19 20,1,70,,34828,11,0,13 18 19 20,1,30,,34829,11,0,10 18 19 20,1,70,,34830,11,0,13 18 19 20,1,30,,34831,11,0,10 18 19 20,1,66,,34832,11,0,13 18 19 20,1,30,,34833,11,0,10 18 19 20,1,70,,34834,11,0,13 18 19 20,1,30,,34835,11,0,10 18 19 20,1,70,,34836,11,0,13 18 19 20,1,30,,34837,11,0,10 18 19 20,1,70,,34838,11,0,13 18 19 20,1,30,,34839,11,0,10 18 19 20,1,70,,34840,11,0,13 18 19 20,1,30,,34841,11,0,10 18 19 20,1,70,,34842,11,0,13 18 19 20,1,30,,34843,11,0,10 18 19 20,1,72,,34844,11,0,13 18 19 20,1,30,,34845,11,0,10 18 19 20,1,70,,34846,11,0,13 18 19 20,1,30,,34847,11,0,10 18 19 20,1,70,,34848,11,0,13 18 19 20,1,30,,34849,11,0,10 18 19 20,1,70,,34850,11,0,13 18 19 20,1,30,,34851,11,0,10 18 19 20,1,66,,34852,11,0,13 18 19 20,1,29,,34823,11,0,10 18 19 20,1
400,'4',648,,34886,11,0,13 18 19 20,1,82,,34887,11,0,10 18 19 20,1,80,,34888,11,0,13 18 19 20,1,43,,34858,11,0,10 18 19 20,1,75,,34859,11,0,13 18 19 20,1,25,,34860,11,0,10 18 19 20,1,70,,34861,11,0,13 18 19 20,1,30,,34862,11,0,10 18 19 20,1,70,,34863,11,0,13 18 19 20,1,30,,34864,11,0,10 18 19 20,1,66,,34865,11,0,13 18 19 20,1,30,,34866,11,0,10 18 19 20,1,70,,34867,11,0,13 18 19 20,1,30,,34868,11,0,10 18 19 20,1,70,,34869,11,0,13 18 19 20,1,30,,34870,11,0,10 18 19 20,1,70,,34871,11,0,13 18 19 20,1,30,,34872,11,0,10 18 19 20,1,70,,34873,11,0,13 18 19 20,1,30,,34874,11,0,10 18 19 20,1,70,,34875,11,0,13 18 19 20,1,30,,34876,11,0,10 18 19 20,1,72,,34877,11,0,13 18 19 20,1,30,,34878,11,0,10 18 19 20,1,70,,34879,11,0,13 18 19 20,1,30,,34880,11,0,10 18 19 20,1,70,,34881,11,0,13 18 19 20,1,30,,34882,11,0,10 18 19 20,1,70,,34883,11,0,13 18 19 20,1,30,,34884,11,0,10 18 19 20,1,66,,34885,11,0,13 18 19 20,1,29,,34856,11,0,10 18 19 20,1
1701,'2',622,,38244,24,0,13 33,1,18,,38285,24,0,10 31,1,16,,38245,24,0,13 33,1,60,,38246,24,0,10 31,1,20,,38247,24,0,13 33,1,20,,38248,24,0,10 31,1,60,,38249,24,0,13 33,1,20,,38250,24,0,10 31,1,20,,38251,24,0,13 33,1,60,,38252,24,0,10 31,1,20,,38253,24,0,13 33,1,20,,38254,24,0,10 31,1,60,,38255,24,0,13 33,1,20,,38256,24,0,10 31,1,19,,38257,24,0,13 33,1,60,,38258,24,0,10 31,1,19,,38259,24,0,13 33,1,20,,38260,24,0,10 31,1,61,,38261,24,0,13 33,1,20,,38262,24,0,10 31,1,21,,38263,24,0,13 33,1,60,,38264,24,0,10 31,1,20,,38265,24,0,13 33,1,21,,38266,24,0,10 31,1,61,,38267,24,0,13 33,1,16,,38268,24,0,10 31,1,20,,38269,24,0,13 33,1,60,,38270,24,0,10 31,1,20,,38271,24,0,13 33,1,20,,38272,24,0,10 31,1,60,,38273,24,0,13 33,1,20,,38274,24,0,10 31,1,15,,38275,24,0,13 33,1,55,,38276,24,0,10 31,1,20,,38277,24,0,13 33,1,18,,38278,24,0,10 31,1,64,,38279,24,0,13 33,1,19,,38240,24,0,10 31,1,19,,38239,24,0,10 31,1,59,,38238,24,0,10 31,1,19,,38237,24,0,10 31,1,19,,38236,24,0,10 31,1,59,,38235,24,0,10 31,1,19,,38234,24,0,10 31,1,25,,38233,24,0,10 31,1,68,,38231,24,0,10 31,1,30,,38232,24,0,10 31,1,60,,38280,24,0,10 31,1,25,,38281,24,0,10 31,1,25,,38282,24,0,10 31,1,65,,38283,24,0,10 31,1,22,,38284,24,0,10 31,1,65,,38241,24,0,10 31,1,50,,38287,24,0,10 31,1
1701,'3',609,,38322,24,0,10 31,1,35,,38321,24,0,10 31,1,75,,38320,24,0,10 31,1,35,,38288,24,0,10 31,1,75,,38319,24,0,10 31,1,75,,38318,24,0,10 31,1,30,,38317,24,0,10 31,1,67,,38324,24,0,10 31,1,30,,38316,24,0,10 31,1,70,,38315,24,0,10 31,1,30,,38314,24,0,10 31,1,70,,38313,24,0,10 31,1,30,,38312,24,0,10 31,1,70,,38311,24,0,10 31,1,30,,38310,24,0,10 31,1,70,,38309,24,0,10 31,1,30,,38308,24,0,10 31,1,70,,38307,24,0,10 31,1,30,,38306,24,0,10 31,1,70,,38305,24,0,10 31,1,30,,38304,24,0,10 31,1,70,,38303,24,0,10 31,1,30,,38302,24,0,10 31,1,73,,38301,24,0,10 31,1,30,,38300,24,0,10 31,1,20,,38299,24,0,10 31,1,70,,38298,24,0,10 31,1,30,,38297,24,0,10 31,1,70,,38296,24,0,10 31,1,20,,38295,24,0,10 31,1,70,,38294,24,0,10 31,1,30,,38293,24,0,10 31,1,70,,38292,24,0,10 31,1,15,,38325,24,0,10 31,1,30,,38291,24,0,10 31,1,65,,38290,24,0,10 31,1,20,,38289,24,0,10 31,1,60,,38326,24,0,10 31,1,30,,38327,24,0,10 31,1
1701,'30',627,,38358,24,0,10 31,1,75,,38359,24,0,10 31,1,35,,38360,24,0,10 31,1,75,,38361,24,0,10 31,1,32,,38330,24,0,10 31,1,70,,38331,24,0,10 31,1,30,,38332,24,0,10 31,1,15,,38333,24,0,10 31,1,65,,38334,24,0,10 31,1,30,,38335,24,0,10 31,1,70,,38336,24,0,10 31,1,28,,38337,24,0,10 31,1,65,,38338,24,0,10 31,1,25,,38339,24,0,10 31,1,70,,38340,24,0,10 31,1,30,,38341,24,0,10 31,1,65,,38342,24,0,10 31,1,28,,38343,24,0,10 31,1,70,,38344,24,0,10 31,1,30,,38345,24,0,10 31,1,70,,38346,24,0,10 31,1,30,,38347,24,0,10 31,1,65,,38348,24,0,10 31,1,30,,38349,24,0,10 31,1,70,,38350,24,0,10 31,1,30,,38351,24,0,10 31,1,80,,38352,24,0,10 31,1,35,,38353,24,0,10 31,1,70,,38354,24,0,10 31,1,40,,38355,24,0,10 31,1,75,,38356,24,0,10 31,1,70,,38357,24,0,10 31,1,35,,38328,24,0,10 31,1,70,,38329,24,0,10 31,1
1701,'4',627,,38392,24,0,10 31,1,75,,38393,24,0,10 31,1,35,,38394,24,0,10 31,1,75,,38395,24,0,10 31,1,32,,38364,24,0,10 31,1,70,,38365,24,0,10 31,1,30,,38366,24,0,10 31,1,15,,38367,24,0,10 31,1,65,,38368,24,0,10 31,1,30,,38369,24,0,10 31,1,70,,38370,24,0,10 31,1,28,,38371,24,0,10 31,1,65,,38372,24,0,10 31,1,25,,38373,24,0,10 31,1,70,,38374,24,0,10 31,1,30,,38375,24,0,10 31,1,65,,38376,24,0,10 31,1,28,,38377,24,0,10 31,1,70,,38378,24,0,10 31,1,30,,38379,24,0,10 31,1,70,,38380,24,0,10 31,1,30,,38381,24,0,10 31,1,65,,38382,24,0,10 31,1,30,,38383,24,0,10 31,1,70,,38384,24,0,10 31,1,30,,38385,24,0,10 31,1,80,,38386,24,0,10 31,1,35,,38387,24,0,10 31,1,70,,38388,24,0,10 31,1,40,,38389,24,0,10 31,1,75,,38390,24,0,10 31,1,70,,38391,24,0,10 31,1,35,,38362,24,0,10 31,1,70,,38363,24,0,10 31,1
10401,'3302',736,,41813,11,,,1,70,,41814,11,,,1,32,,41815,11,,,1,72,,41816,11,,,1,30,,41817,11,,,1,70,,41818,11,,,1,29,,41819,11,,,1,71,,41820,11,,,1,28,,41821,11,,,1,74,,41822,11,,,1,27,,41823,11,,,1,72,,41824,11,,,1,24,,41825,11,,,1,69,,41826,11,,,1,28,,41827,11,,,1,72,,41828,11,,,1,29,,41829,11,,,1,70,,41830,11,,,1,30,,41831,11,,,1,73,,41832,11,,,1,31,,41833,11,,,1,70,,41834,11,,,1
10401,'3903',1010,,41851,11,,,1,21,,41837,11,,,1,70,,41838,11,,,1,27,,41839,11,,,1,30,,41840,11,,,1,60,,41841,11,,,1,30,,41842,11,,,1,65,,41843,11,,,1,29,,41844,11,,,1,68,,41845,11,,,1,31,,41846,11,,,1,70,,41847,11,,,1,30,,41848,11,,,1,69,,41849,11,,,1,30,,41850,11,,,1,70,,41836,11,,,1,30,,41835,11,,,1
