700,'2',604,,44222,1,,,1,27,,44223,1,,,1,25,,44224,1,,,1,60,,44225,1,,,1,20,,44226,1,,,1,20,,44227,1,,,1,60,,44228,1,,,1,21,,44229,1,,,1,66,,44230,1,,,1,30,,44231,1,,,1,70,,44232,1,,,1,25,,44233,1,,,1,30,,44234,1,,,1,70,,44235,1,,,1,29,,44236,1,,,1,70,,44237,1,,,1,30,,44238,1,,,1,70,,44240,1,,,1,25,,44241,1,,,1,60,,44242,1,,,1,20,,44243,1,,,1,20,,44244,1,,,1,60,,44245,1,,,1,20,,44246,1,,,1,19,,44247,1,,,1,60,,44248,1,,,1,20,,44249,1,,,1,25,,44250,1,,,1,55,,44251,1,,,1,20,,44252,1,,,1,28,,44253,1,,,1,65,,44254,1,,,1,25,,44255,1,,,1,65,,44256,1,,,1,25,,44257,1,,,1,65,,44258,1,,,1,25,,44259,1,,,1,79,,44260,1,,,1,30,,44261,1,,,1,70,,44262,1,,,1,30,,44263,1,,,1,70,,44264,1,,,1,27,,44265,1,,,1
700,'3',609,,44301,1,,,1,29,,44302,1,,,1,70,,44300,1,,,1,39,,44266,1,,,1,66,,44299,1,,,1,30,,44267,1,,,1,65,,44268,1,,,1,25,,44269,1,,,1,71,,44270,1,,,1,30,,44271,1,,,1,25,,44272,1,,,1,65,,44273,1,,,1,29,,44274,1,,,1,70,,44275,1,,,1,30,,44276,1,,,1,65,,44277,1,,,1,30,,44278,1,,,1,70,,44279,1,,,1,30,,44280,1,,,1,70,,44281,1,,,1,30,,44282,1,,,1,70,,44283,1,,,1,30,,44284,1,,,1,70,,44285,1,,,1,26,,44286,1,,,1,71,,44287,1,,,1,30,,44288,1,,,1,70,,44289,1,,,1,25,,44290,1,,,1,70,,44291,1,,,1,31,,44292,1,,,1,71,,44293,1,,,1,28,,44294,1,,,1,72,,44295,1,,,1,30,,44296,1,,,1,70,,44297,1,,,1,30,,44298,1,,,1
700,'30',839,,44304,1,,,1,85,,44306,1,,,1,30,,44307,1,,,1,70,,44308,1,,,1,25,,44309,1,,,1,65,,44310,1,,,1,29,,44311,1,,,1,70,,44312,1,,,1,30,,44313,1,,,1,65,,44314,1,,,1,30,,44315,1,,,1,70,,44316,1,,,1,30,,44317,1,,,1,65,,44318,1,,,1,30,,44319,1,,,1,70,,44320,1,,,1,22,,44321,1,,,1,30,,44322,1,,,1,70,,44323,1,,,1,30,,44324,1,,,1,70,,44325,1,,,1,30,,44326,1,,,1,70,,44327,1,,,1,30,,44328,1,,,1,70,,44329,1,,,1,30,,44330,1,,,1,70,,44331,1,,,1,33,,44333,1,,,1,85,,44332,1,,,1
700,'4',839,,44335,1,,,1,85,,44337,1,,,1,30,,44338,1,,,1,70,,44339,1,,,1,25,,44340,1,,,1,65,,44341,1,,,1,29,,44342,1,,,1,70,,44343,1,,,1,30,,44344,1,,,1,65,,44345,1,,,1,30,,44346,1,,,1,70,,44347,1,,,1,30,,44348,1,,,1,65,,44349,1,,,1,30,,44350,1,,,1,70,,44351,1,,,1,22,,44352,1,,,1,30,,44353,1,,,1,70,,44354,1,,,1,30,,44355,1,,,1,70,,44356,1,,,1,30,,44357,1,,,1,70,,44358,1,,,1,30,,44359,1,,,1,70,,44360,1,,,1,30,,44361,1,,,1,70,,44362,1,,,1,33,,44364,1,,,1,85,,44363,1,,,1
701,'2',647,,44365,54,4,,1,60,,44366,54,4,,1,38,,44367,54,4,,1,65,,44368,54,4,,1,20,,44369,54,4,,1,20,,44370,54,4,,1,60,,44371,54,4,,1,19,,44372,54,4,,1,30,,44373,54,4,,1,55,,44374,54,4,,1,30,,44375,54,4,,1,70,,44376,54,4,,1,30,,44377,54,4,,1,71,,44378,54,4,,1,31,,44379,54,4,,1,70,,44380,54,4,,1,30,,44381,54,4,,1,70,,44382,54,4,,1,25,,44383,54,4,,1,60,,44384,54,4,,1,20,,44385,54,4,,1,20,,44386,54,4,,1,60,,44387,54,4,,1,23,,44388,54,4,,1,20,,44389,54,4,,1,60,,44390,54,4,,1,20,,44391,54,4,,1,20,,44392,54,4,,1,60,,44393,54,4,,1,15,,44394,54,4,,1,25,,44395,54,4,,1,65,,44396,54,4,,1,25,,44397,54,4,,1,25,,44398,54,4,,1,65,,44399,54,4,,1,30,,44400,54,4,,1,78,,44401,54,4,,1,70,,44402,54,4,,1,30,,44403,54,4,,1,70,,44404,54,4,,1,30,,44405,54,4,,1,70,,44406,54,4,,1
701,'3',648,,44449,54,4,,1,77,,44450,54,4,,1,30,,44448,54,4,,1,73,,44412,54,4,,1,30,,44413,54,4,,1,65,,44414,54,4,,1,30,,44415,54,4,,1,71,,44416,54,4,,1,25,,44417,54,4,,1,65,,44418,54,4,,1,30,,44419,54,4,,1,71,,44420,54,4,,1,25,,44421,54,4,,1,65,,44422,54,4,,1,30,,44423,54,4,,1,70,,44424,54,4,,1,29,,44425,54,4,,1,70,,44426,54,4,,1,30,,44427,54,4,,1,70,,44428,54,4,,1,30,,44429,54,4,,1,70,,44430,54,4,,1,30,,44431,54,4,,1,70,,44432,54,4,,1,30,,44433,54,4,,1,70,,44434,54,4,,1,25,,44435,54,4,,1,25,,44436,54,4,,1,70,,44437,54,4,,1,25,,44438,54,4,,1,61,,44439,54,4,,1,29,,44440,54,4,,1,70,,44441,54,4,,1,30,,44442,54,4,,1,70,,44443,54,4,,1,30,,44444,54,4,,1,70,,44445,54,4,,1
701,'30',919,,44451,54,4,,1,25,,44452,54,4,,1,75,,44453,54,4,,1,20,,44454,54,4,,1,65,,44455,54,4,,1,30,,44456,54,4,,1,70,,44457,54,4,,1,27,,44458,54,4,,1,25,,44459,54,4,,1,70,,44460,54,4,,1,30,,44461,54,4,,1,70,,44462,54,4,,1,25,,44463,54,4,,1,70,,44464,54,4,,1,30,,44465,54,4,,1,70,,44466,54,4,,1,30,,44467,54,4,,1,69,,44468,54,4,,1,30,,44469,54,4,,1,70,,44470,54,4,,1,30,,44471,54,4,,1,70,,44473,54,4,,1,30,,44474,54,4,,1,70,,44475,54,4,,1,30,,44476,54,4,,1,70,,44477,54,4,,1,30,,44478,54,4,,1,67,,44481,54,4,,1,30,,44482,54,4,,1,70,,44479,54,4,,1
701,'4',919,,44483,54,4,,1,25,,44484,54,4,,1,75,,44485,54,4,,1,20,,44486,54,4,,1,65,,44487,54,4,,1,30,,44488,54,4,,1,70,,44489,54,4,,1,27,,44490,54,4,,1,25,,44491,54,4,,1,70,,44492,54,4,,1,30,,44493,54,4,,1,70,,44494,54,4,,1,25,,44495,54,4,,1,70,,44496,54,4,,1,30,,44497,54,4,,1,70,,44498,54,4,,1,30,,44499,54,4,,1,69,,44500,54,4,,1,30,,44501,54,4,,1,70,,44502,54,4,,1,30,,44503,54,4,,1,70,,44505,54,4,,1,30,,44506,54,4,,1,70,,44507,54,4,,1,30,,44508,54,4,,1,70,,44509,54,4,,1,30,,44510,54,4,,1,67,,44513,54,4,,1,30,,44514,54,4,,1,70,,44511,54,4,,1
2401,'11802',1608,,47773,8,,,1
2401,'2',623,3,47775,8,,,1,30,3,47776,8,,,1,68,,47777,8,,,1,31,,47778,8,,,1,70,,47779,8,,,1,30,,47780,8,,,1,71,3,47781,8,,,1,30,3,47782,8,,,1,70,3,47783,8,,,1,30,3,47784,8,,,1,70,3,47785,8,,,1,30,3,47786,8,,,1,70,3,47787,8,,,1,30,3,47788,8,,,1,70,3,47789,8,,,1,30,3,47790,8,,,1,67,,47791,8,,,1,31,,47792,8,,,1,70,,47793,8,,,1,30,,47794,8,,,1,75,,47797,8,,,1,33,,47798,8,,,1,73,,47799,8,,,1,73,,47800,8,,,1,37,3,47801,8,,,1,70,3,47802,8,,,1,30,3,47803,8,,,1,70,3,47804,8,,,1,30,3,47805,8,,,1,60,43,47806,8,,,1
2401,'3',651,4,47822,8,,,1,80,4,47821,8,,,1,80,4,47807,8,,,1,40,4,47808,8,,,1,80,4,47815,8,,,1,80,3,47809,8,,,1,38,,47816,8,,,1,82,,47810,8,,,1,75,,47817,8,,,1,44,,47811,8,,,1,86,,47818,8,,,1,87,2,47812,8,,,1,85,2,47819,8,,,1,44,2,47813,8,,,1,86,2,47820,8,,,1,84,2,47814,8,,,1,80,2,47824,8,,,1,44,2,47825,8,,,1,80,2,47826,8,,,1,84,2,47827,8,,,1
2401,'30',733,,47828,8,,,1,82,,47830,8,,,1,40,,47831,8,,,1,80,,47832,8,,,1,80,,47833,8,,,1,40,,47834,8,,,1,80,,47835,8,,,1,81,2,47836,8,,,1,42,4,47837,8,,,1,80,4,47838,8,,,1,80,4,47839,8,,,1,40,4,47840,8,,,1,80,4,47841,8,,,1,80,4,47842,8,,,1,40,4,47843,8,,,1,83,7,47844,8,,,1,80,7,47845,8,,,1,80,47,47846,8,,,1,40,7,47847,8,,,1,80,7,47848,8,,,1,33,,47849,8,4,,1
2401,'4',733,,47850,8,,,1,82,,47852,8,,,1,40,,47853,8,,,1,80,,47854,8,,,1,80,,47855,8,,,1,40,,47856,8,,,1,80,,47857,8,,,1,81,2,47858,8,,,1,42,4,47859,8,,,1,80,4,47860,8,,,1,80,4,47861,8,,,1,40,4,47862,8,,,1,80,4,47863,8,,,1,80,4,47864,8,,,1,40,4,47865,8,,,1,83,7,47866,8,,,1,80,7,47867,8,,,1,80,47,47868,8,,,1,40,7,47869,8,,,1,80,7,47870,8,,,1,33,,47871,8,4,,1
