1501,'2',557,,29778,3,,,0,62,,29779,3,,,0,18,,29780,3,,,0,12,,29781,63,0,10 26 27,0,59,,29825,3,,,0,2,,29782,61,0,13 26 27,0,21,,29783,63,0,10 26 27,0,16,,29784,61,0,13 26 27,0,56,,29787,63,0,10 26 27,0,11,,29785,61,0,13 26 27,0,16,,29788,63,0,10 26 27,0,16,,29786,61,0,13 26 27,0,55,,29789,63,0,10 26 27,0,16,,29790,61,0,13 26 27,0,15,,29808,63,0,10 26 27,0,15,,29791,61,0,13 26 27,0,55,,29809,63,0,10 26 27,0,15,,29792,61,0,13 26 27,0,15,,29810,63,0,10 26 27,0,15,,29793,61,0,13 26 27,0,55,,29811,63,0,10 26 27,0,15,,29794,61,0,13 26 27,0,15,,29812,63,0,10 26 27,0,15,,29795,61,0,13 26 27,0,56,,29813,63,0,10 26 27,0,16,,29796,61,0,13 26 27,0,15,,29814,63,0,10 26 27,0,15,,29797,61,0,13 26 27,0,55,,29815,63,0,10 26 27,0,15,,29798,61,0,13 26 27,0,15,,29816,63,0,10 26 27,0,15,,29799,61,0,13 26 27,0,55,,29817,63,0,10 26 27,0,14,,29800,61,0,13 26 27,0,12,,29826,3,,,0,6,,29818,63,0,10 26 27,0,15,,29801,61,0,13 26 27,0,55,,29819,63,0,10 26 27,0,15,,29802,61,0,13 26 27,0,15,,29820,63,0,10 26 27,0,15,,29803,61,0,13 26 27,0,55,,29821,63,0,10 26 27,0,15,,29804,61,0,13 26 27,0,17,,29822,63,0,10 26 27,0,15,,29805,61,0,13 26 27,0,57,,29823,63,0,10 26 27,0,13,,29806,61,0,13 26 27,0,15,,29824,63,0,10 26 27,0,15,,29807,61,0,13 26 27,0,50,,29827,63,0,10 26 27,0,17,,29828,61,0,13 26 27,0,18,,29829,63,0,10 26 27,0,62,,29830,61,0,13 26 27,0,18,,29842,63,0,10 26 27,0,37,,29831,61,0,13 26 27,0,68,,29832,63,0,10 26 27,0,22,,29833,61,0,13 26 27,0,55,,29834,63,0,10 26 27,0,27,,29835,61,0,13 26 27,0,27,,29836,63,0,10 26 27,0,70,,29837,61,0,13 26 27,0,30,,29838,63,0,10 26 27,0,69,,29839,61,0,13 26 27,0,28,,29840,63,0,10 26 27,0,72,,29841,61,0,13 26 27,0,23,,29845,63,0,10 26 27,0,71,,29844,61,0,13 26 27,0
1501,'3',559,,29848,3,,,0,67,,29849,3,,,0,22,,29850,61,0,13 26 27,0,78,,29895,3,,,0,12,,29851,63,0,10 26 27,0,76,,29852,61,0,13 26 27,0,30,,29853,63,0,10 26 27,0,70,,29855,61,0,13 26 27,0,30,,29854,63,0,10 26 27,0,63,,29896,3,,,0,6,,29856,61,0,13 26 27,0,21,,29857,63,0,10 26 27,0,20,,29858,61,0,13 26 27,0,60,,29859,61,0,13 26 27,0,20,,29860,63,0,10 26 27,0,20,,29871,61,0,13 26 27,0,60,,29861,63,0,10 26 27,0,20,,29872,61,0,13 26 27,0,20,,29862,63,0,10 26 27,0,60,,29873,61,0,13 26 27,0,20,,29863,63,0,10 26 27,0,20,,29874,61,0,13 26 27,0,62,,29864,63,0,10 26 27,0,21,,29875,61,0,13 26 27,0,20,,29865,63,0,10 26 27,0,60,,29876,61,0,13 26 27,0,20,,29866,63,0,10 26 27,0,20,,29877,61,0,13 26 27,0,60,,29867,63,0,10 26 27,0,20,,29878,61,0,13 26 27,0,20,,29868,63,0,10 26 27,0,60,,29879,61,0,13 26 27,0,20,,29869,63,0,10 26 27,0,15,,29880,61,0,13 26 27,0,64,,29870,63,0,10 26 27,0,29,,29881,61,0,13 26 27,0,70,,29887,63,0,10 26 27,0,30,,29882,61,0,13 26 27,0,70,,29888,63,0,10 26 27,0,30,,29883,61,0,13 26 27,0,69,,29889,63,0,10 26 27,0,25,,29884,61,0,13 26 27,0,70,,29890,63,0,10 26 27,0,25,,29885,61,0,13 26 27,0,70,,29891,63,0,10 26 27,0,25,,29886,61,0,13 26 27,0,25,,29892,63,0,10 26 27,0,69,,29893,61,0,13 26 27,0,95,,29894,63,0,10 26 27,0
1501,'30',628,,29898,3,,,0,22,,29935,63,0,10 26 27,0,65,,29936,61,0,13 26 27,0,24,,29899,63,0,10 26 27,0,66,,29900,61,0,13 26 27,0,30,,29934,63,0,10 26 27,0,23,,29933,61,0,13 26 27,0,67,,29901,63,0,10 26 27,0,32,,29902,61,0,13 26 27,0,70,,29903,63,0,10 26 27,0,22,,29904,61,0,13 26 27,0,70,,29905,63,0,10 26 27,0,25,,29906,61,0,13 26 27,0,71,,29907,63,0,10 26 27,0,30,,29908,61,0,13 26 27,0,68,,29909,63,0,10 26 27,0,30,,29910,61,0,13 26 27,0,70,,29911,63,0,10 26 27,0,30,,29912,61,0,13 26 27,0,70,,29913,63,0,10 26 27,0,30,,29914,61,0,13 26 27,0,70,,29915,63,0,10 26 27,0,30,,29916,61,0,13 26 27,0,70,,29917,63,0,10 26 27,0,30,,29918,61,0,13 26 27,0,70,,29919,63,0,10 26 27,0,30,,29920,61,0,13 26 27,0,66,,29921,63,0,10 26 27,0,30,,29922,61,0,13 26 27,0,70,,29923,63,0,10 26 27,0,25,,29924,61,0,13 26 27,0,25,,29925,63,0,10 26 27,0,70,,29926,61,0,13 26 27,0,30,,29927,63,0,10 26 27,0,61,,29928,61,0,13 26 27,0,30,,29929,63,0,10 26 27,0,70,,29930,61,0,13 26 27,0
1501,'4',628,,29937,3,,,0,22,,29974,63,0,10 26 27,0,65,,29975,61,0,13 26 27,0,24,,29938,63,0,10 26 27,0,66,,29939,61,0,13 26 27,0,30,,29973,63,0,10 26 27,0,23,,29972,61,0,13 26 27,0,67,,29940,63,0,10 26 27,0,32,,29941,61,0,13 26 27,0,70,,29942,63,0,10 26 27,0,22,,29943,61,0,13 26 27,0,70,,29944,63,0,10 26 27,0,25,,29945,61,0,13 26 27,0,71,,29946,63,0,10 26 27,0,30,,29947,61,0,13 26 27,0,68,,29948,63,0,10 26 27,0,30,,29949,61,0,13 26 27,0,70,,29950,63,0,10 26 27,0,30,,29951,61,0,13 26 27,0,70,,29952,63,0,10 26 27,0,30,,29953,61,0,13 26 27,0,70,,29954,63,0,10 26 27,0,30,,29955,61,0,13 26 27,0,70,,29956,63,0,10 26 27,0,30,,29957,61,0,13 26 27,0,70,,29958,63,0,10 26 27,0,30,,29959,61,0,13 26 27,0,66,,29960,63,0,10 26 27,0,30,,29961,61,0,13 26 27,0,70,,29962,63,0,10 26 27,0,25,,29963,61,0,13 26 27,0,25,,29964,63,0,10 26 27,0,70,,29965,61,0,13 26 27,0,30,,29966,63,0,10 26 27,0,61,,29967,61,0,13 26 27,0,30,,29968,63,0,10 26 27,0,70,,29969,61,0,13 26 27,0
2501,'2',620,,31658,26,,,0,24,,31659,26,,,0,74,,31660,26,,,0,20,,31661,26,,,0,20,,31662,26,,,0,60,,31663,26,,,0,20,,31664,26,,,0,20,,31665,26,,,0,59,,31666,26,,,0,20,,31667,26,,,0,20,,31668,26,,,0,60,,31669,26,,,0,20,,31670,26,,,0,20,,31671,26,,,0,60,,31672,26,,,0,20,,31673,26,,,0,20,,31674,26,,,0,60,,31675,26,,,0,20,,31676,26,,,0,20,,31677,26,,,0,60,,31678,26,,,0,20,,31679,26,,,0,20,,31680,26,,,0,65,,31681,26,,,0,20,,31682,26,,,0,60,,31683,26,,,0,20,,31684,26,,,0,20,,31685,26,,,0,60,,31686,26,,,0,22,,31687,26,,,0,21,,31688,26,,,0,61,,31689,26,,,0,21,,31690,26,,,0,21,,31691,26,,,0,61,,31692,26,,,0,13,,31693,26,,,0,20,,31694,26,,,0,60,,31695,26,,,0,20,,31696,26,,,0,20,,31697,26,,,0,60,,31698,26,,,0,20,,31699,26,,,0,20,,31700,26,,,0,60,,31701,26,,,0,27,,31702,26,,,0,24,,31703,26,,,0,65,,31704,26,,,0,25,,31705,26,,,0,65,,31706,26,,,0,25,,31707,26,,,0,21,,31708,26,,,0
2501,'3',632,,31742,26,,,0,25,,31709,26,,,0,66,,31741,26,,,0,25,,31710,26,,,0,66,,31740,26,,,0,26,,31711,26,,,0,67,,31712,26,,,0,27,,31713,26,,,0,25,,31714,26,,,0,72,,31715,26,,,0,25,,31716,26,,,0,70,,31717,26,,,0,24,,31718,26,,,0,69,,31719,26,,,0,30,,31720,26,,,0,65,,31721,26,,,0,30,,31722,26,,,0,65,,31723,26,,,0,29,,31724,26,,,0,70,,31725,26,,,0,30,,31726,26,,,0,70,,31727,26,,,0,30,,31728,26,,,0,70,,31729,26,,,0,30,,31730,26,,,0,70,,31731,26,,,0,30,,31732,26,,,0,70,,31733,26,,,0,24,,31739,26,,,0,71,,31734,26,,,0,27,,31743,26,,,0,29,,31735,26,,,0,63,,31744,26,,,0,27,,31736,26,,,0,65,,31745,26,,,0,25,,31737,26,,,0,65,,31746,26,,,0,22,,31738,26,,,0
2501,'30',927,,31754,26,,,0,30,,31763,26,,,0,70,,31764,26,,,0,30,,31765,26,,,0,70,,31766,26,,,0,30,,31767,26,,,0,70,,31768,26,,,0,30,,31769,26,,,0,70,,31770,26,,,0,30,,31771,26,,,0,70,,31772,26,,,0,30,,31773,26,,,0,68,,31755,26,,,0,27,,31753,26,,,0,67,,31756,26,,,0,27,,31752,26,,,0,64,,31757,26,,,0,27,,31751,26,,,0,67,,31758,26,,,0,27,,31750,26,,,0,27,,31759,26,,,0,65,,31762,26,,,0,30,,31760,26,,,0,70,,31774,26,,,0,30,,31749,26,,,0,72,,31775,26,,,0,31,,31748,26,,,0,68,,31776,26,,,0,15,,31747,26,,,0,82,,31761,26,,,0
2501,'4',927,,31784,26,,,0,30,,31793,26,,,0,70,,31794,26,,,0,30,,31795,26,,,0,70,,31796,26,,,0,30,,31797,26,,,0,70,,31798,26,,,0,30,,31799,26,,,0,70,,31800,26,,,0,30,,31801,26,,,0,70,,31802,26,,,0,30,,31803,26,,,0,68,,31785,26,,,0,27,,31783,26,,,0,67,,31786,26,,,0,27,,31782,26,,,0,64,,31787,26,,,0,27,,31781,26,,,0,67,,31788,26,,,0,27,,31780,26,,,0,27,,31789,26,,,0,65,,31792,26,,,0,30,,31790,26,,,0,70,,31804,26,,,0,30,,31779,26,,,0,72,,31805,26,,,0,31,,31778,26,,,0,68,,31806,26,,,0,15,,31777,26,,,0,82,,31791,26,,,0
2701,'2',717,,31934,35,,,0,14,,31926,34,,,0,17,,31927,35,,,0,55,,31925,34,,,0,18,,31944,35,,,0,16,,31961,35,,,0,16,,31935,35,,,0,56,,31969,35,,,0,15,,31928,35,,,0,17,,31953,35,,,0,17,,31945,35,,,0,56,,31962,35,,,0,15,,31936,35,,,0,16,,31968,35,,,0,55,,31929,35,,,0,17,,31954,35,,,0,17,,31946,35,,,0,16,,31963,35,,,0,55,,31937,35,,,0,16,,31970,35,,,0,15,,31930,35,,,0,16,,31955,35,,,0,57,,31947,35,,,0,17,,31964,35,,,0,15,,31938,35,,,0,16,,31971,35,,,0,55,,31931,35,,,0,16,,31956,35,,,0,20,,31948,35,,,0,57,,31965,35,,,0,15,,31939,35,,,0,13,,31972,35,,,0,15,,31932,35,,,0,56,,31957,35,,,0,20,,31949,35,,,0,18,,31966,35,,,0,14,,31940,35,,,0,53,,31973,35,,,0,15,,31933,35,,,0,13,,31977,35,,,0,19,,31958,35,,,0,60,,31950,35,,,0,18,,31967,35,,,0,9,,31941,35,,,0,13,,31974,35,,,0,60,,31976,35,,,0,20,,31959,35,,,0,21,,31951,35,,,0,66,,31942,35,,,0,13,,31975,35,,,0,20,,31978,35,,,0,60,,31960,35,,,0,17,,31952,35,,,0,26,,31943,35,,,0,67,,31979,35,,,0,30,,31980,35,,,0
2701,'3',918,,31981,34,,,0,83,,31991,35,,,0,33,,31982,35,,,0,104,,31992,35,,,0,73,,31983,35,,,0,32,,32000,35,,,0,72,,31993,35,,,0,32,,31984,35,,,0,72,,32001,35,,,0,31,,31994,35,,,0,74,,31985,35,,,0,32,,32002,35,,,0,70,,31995,35,,,0,74,,31986,35,,,0,32,,32003,35,,,0,70,,31996,35,,,0,35,,31987,35,,,0,85,,31997,35,,,0,85,,31988,35,,,0,45,,31998,35,,,0,80,,31989,35,,,0,80,,31999,35,,,0,40,,31990,35,,,0,80,,32004,35,,,0
2701,'30',903,,32005,34,,,0,45,,32006,35,,,0,85,,32012,35,,,0,85,,32007,35,,,0,85,,32013,35,,,0,46,,32008,35,,,0,88,,32014,35,,,0,72,,32015,35,,,0,32,,32009,35,,,0,72,,32017,35,,,0,32,,32016,35,,,0,72,,32010,35,,,0,32,,32018,35,,,0,72,,32020,35,,,0,28,,32011,35,,,0,77,,32019,35,,,0,85,,32021,35,,,0,45,,32022,35,,,0
2701,'4',903,,32023,34,,,0,45,,32024,35,,,0,85,,32030,35,,,0,85,,32025,35,,,0,85,,32031,35,,,0,46,,32026,35,,,0,88,,32032,35,,,0,72,,32033,35,,,0,32,,32027,35,,,0,72,,32035,35,,,0,32,,32034,35,,,0,72,,32028,35,,,0,32,,32036,35,,,0,72,,32038,35,,,0,28,,32029,35,,,0,77,,32037,35,,,0,85,,32039,35,,,0,45,,32040,35,,,0
