1600,'2',547,,37648,5,,,1,55,,37652,5,,,1,23,,37653,5,,,1,12,,37713,5,,,1,11,,37654,5,,,1,61,,37655,5,,,1,16,,37656,5,,,1,20,,37657,5,,,1,12,,37658,5,,,1,56,,37659,5,,,1,16,,37660,5,0,7 4 8,1,16,,37661,5,,,1,56,,37662,5,,,1,18,,37663,5,,,1,18,,37664,5,,,1,18,,37665,5,,,1,58,,37666,5,,,1,18,,37667,5,,,1,18,,37668,5,,,1,58,,37669,5,,,1,18,,37670,5,,,1,21,,37671,5,,,1,56,,37672,5,,,1,16,,37673,5,,,1,18,,37674,5,,,1,16,,37675,5,,,1,54,,37676,5,,,1,16,,37677,5,,,1,16,,37678,5,,,1,12,,37679,5,,,1,58,,37680,5,,,1,16,,37681,5,,,1,16,,37682,5,,,1,10,,37683,5,,,1,55,,37684,5,,,1,15,,37685,5,,,1,15,,37686,5,,,1,15,,37687,5,,,1,55,,37688,5,,,1,15,,37689,5,,,1,15,,37690,5,,,1,15,,37691,5,,,1,54,,37711,5,0,7 4 8,1,14,,37692,5,,,1,17,,37693,5,,,1,66,,37694,5,,,1,22,,37695,5,,,1,22,,37696,5,,,1,62,,37697,5,,,1,22,,37698,5,,,1,22,,37699,5,,,1,62,,37700,5,,,1,22,,37701,5,,,1,23,,37702,5,,,1,65,,37703,5,,,1,25,,37704,5,,,1,65,,37705,5,,,1,25,,37706,5,,,1,65,,37707,5,,,1,25,,37708,5,,,1,25,,37709,5,,,1,65,,37710,5,,,1,20,,37650,5,0,7 4 8,1,65,,37651,5,0,7 4 8,1
1600,'3',611,,37714,5,,,1,25,,37715,5,,,1,20,,37716,5,,,1,65,,37717,5,,,1,25,,37718,5,,,1,64,,37719,5,,,1,25,,37720,5,,,1,65,,37721,5,,,1,24,,37722,5,,,1,22,,37723,5,,,1,59,,37724,5,,,1,11,,37725,5,,,1,21,,37726,5,,,1,21,,37727,5,,,1,61,,37728,5,,,1,21,,37729,5,,,1,14,,37730,5,,,1,50,,37731,5,,,1,15,,37732,5,,,1,15,,37733,5,,,1,15,,37734,5,,,1,55,,37735,5,,,1,15,,37736,5,,,1,15,,37737,5,,,1,15,,37738,5,,,1,54,,37739,5,,,1,15,,37740,5,,,1,15,,37741,5,,,1,15,,37742,5,,,1,55,,37743,5,,,1,15,,37744,5,,,1,15,,37745,5,,,1,15,,37746,5,,,1,55,,37747,5,,,1,15,,37748,5,,,1,15,,37749,5,,,1,15,,37750,5,,,1,55,,37751,5,,,1,15,,37752,5,0,7 4 8,1,15,,37753,5,,,1,21,,37754,5,,,1,4,,37775,5,0,5 3 9,1,56,,37755,5,,,1,16,,37756,5,,,1,20,,37757,5,,,1,60,,37758,5,,,1,20,,37759,5,,,1,20,,37760,5,,,1,60,,37761,5,,,1,20,,37762,5,0,7 4 8,1,17,,37763,5,,,1,61,,37764,5,,,1,22,,37765,5,,,1,25,,37766,5,,,1,65,,37767,5,,,1,25,,37768,5,,,1,65,,37769,5,,,1,25,,37770,5,,,1,16,,37774,5,0,5 3 9,1,65,,37771,5,,,1,37,,37772,5,0,7 4 8,1,60,,37773,5,0,5 3 9,1
1600,'30',652,,37777,5,,,1,75,,37778,5,,,1,75,,37779,5,,,1,35,,37780,5,,,1,16,,37781,5,,,1,64,,37782,5,,,1,30,,37783,5,,,1,70,,37784,5,,,1,30,,37785,5,,,1,70,,37786,5,,,1,27,,37788,5,,,1,64,,37789,5,,,1,22,,37787,5,,,1,22,,37790,5,,,1,62,,37791,5,,,1,22,,37792,5,,,1,22,,37793,5,,,1,62,,37794,5,,,1,22,,37795,5,,,1,62,,37796,5,,,1,22,,37797,5,,,1,22,,37798,5,,,1,62,,37799,5,,,1,22,,37800,5,,,1,22,,37801,5,,,1,59,,37802,5,0,5 3 9,1,20,,37803,5,,,1,70,,37804,5,,,1,30,,37805,5,,,1,70,,37806,5,,,1,30,,37813,5,,,1,70,,37807,5,,,1,30,,37808,5,,,1,70,,37809,5,,,1,30,,37810,5,,,1,69,,37811,5,,,1,30,,37812,5,,,1,17,,37815,5,0,5 3 9,1,70,,37816,5,0,5 3 9,1
1600,'4',652,,37817,5,,,1,75,,37818,5,,,1,75,,37819,5,,,1,35,,37820,5,,,1,16,,37821,5,,,1,64,,37822,5,,,1,30,,37823,5,,,1,70,,37824,5,,,1,30,,37825,5,,,1,70,,37826,5,,,1,27,,37828,5,,,1,64,,37829,5,,,1,22,,37827,5,,,1,22,,37830,5,,,1,62,,37831,5,,,1,22,,37832,5,,,1,22,,37833,5,,,1,62,,37834,5,,,1,22,,37835,5,,,1,62,,37836,5,,,1,22,,37837,5,,,1,22,,37838,5,,,1,62,,37839,5,,,1,22,,37840,5,,,1,22,,37841,5,,,1,59,,37842,5,0,5 3 9,1,20,,37843,5,,,1,70,,37844,5,,,1,30,,37845,5,,,1,70,,37846,5,,,1,30,,37853,5,,,1,70,,37847,5,,,1,30,,37848,5,,,1,70,,37849,5,,,1,30,,37850,5,,,1,69,,37851,5,,,1,30,,37852,5,,,1,17,,37855,5,0,5 3 9,1,70,,37856,5,0,5 3 9,1
1900,'2',646,,38398,50,,,1,70,,38397,50,,,1,35,,38399,50,,,1,59,,38400,50,,,1,27,,38401,50,,,1,67,,38402,50,,,1,27,,38403,50,,,1,70,,38404,50,,,1,27,,38405,50,,,1,27,,38406,50,,,1,67,,38407,50,,,1,27,,38408,50,,,1,67,,38409,50,,,1,27,,38410,50,,,1,65,,38411,50,,,1,27,,38412,50,,,1,67,,38413,50,,,1,27,,38414,50,,,1,28,,38415,50,,,1,68,,38416,50,,,1,29,,38417,50,,,1,67,,38418,50,,,1,27,,38419,50,,,1,68,,38420,50,,,1,28,,38421,50,,,1,67,,38422,50,,,1,28,,38423,50,,,1,69,,38424,50,,,1,27,,38425,50,,,1,67,,38426,50,,,1,27,,38427,50,,,1,27,,38428,50,,,1,67,,38429,50,,,1,27,,38430,50,,,1,63,,38431,50,,,1,23,,38432,50,,,1,87,,38433,50,,,1,21,,38434,50,,,1
1900,'3',856,,38447,50,,,1,72,,38448,50,,,1,72,,38437,50,,,1,32,,38438,50,,,1,73,,38439,50,,,1,32,,38440,50,,,1,72,,38441,50,,,1,32,,38442,50,,,1,73,,38443,50,,,1,27,,38444,50,,,1,79,,38445,50,,,1,30,,38446,50,,,1,71,,38449,50,,,1,27,,38450,50,,,1,67,,38451,50,,,1,27,,38452,50,,,1,16,,38453,50,,,1,66,,38454,50,,,1,35,,38455,50,,,1,67,,38456,50,,,1,27,,38457,50,,,1,80,,38458,50,,,1,72,,38459,50,,,1,32,,38460,50,,,1,72,,38461,50,,,1,32,,38462,50,,,1,63,,38463,50,,,1,25,,38464,50,,,1
1900,'30',840,,38472,50,,,1,75,,38482,50,,,1,35,,38468,50,,,1,75,,38469,50,,,1,75,,38483,50,,,1,36,,38470,50,,,1,80,,38471,50,,,1,40,,38473,50,,,1,80,,38474,50,,,1,80,,38484,50,,,1,40,,38475,50,,,1,80,,38476,50,,,1,80,,38477,50,,,1,36,,38478,50,,,1,75,,38485,50,,,1,76,,38479,50,,,1,35,,38480,50,,,1,75,,38486,50,,,1,35,,38481,50,,,1,75,,38487,50,,,1
1900,'4',840,,38493,50,,,1,75,,38503,50,,,1,35,,38489,50,,,1,75,,38490,50,,,1,75,,38504,50,,,1,36,,38491,50,,,1,80,,38492,50,,,1,40,,38494,50,,,1,80,,38495,50,,,1,80,,38505,50,,,1,40,,38496,50,,,1,80,,38497,50,,,1,80,,38498,50,,,1,36,,38499,50,,,1,75,,38506,50,,,1,76,,38500,50,,,1,35,,38501,50,,,1,75,,38507,50,,,1,35,,38502,50,,,1,75,,38508,50,,,1
2501,'2',608,,39348,5,,,1,24,,39349,5,,,1,70,,39350,5,,,1,20,,39351,5,,,1,20,,39352,5,,,1,60,,39353,5,,,1,20,,39354,5,,,1,20,,39355,5,,,1,60,,39356,5,,,1,20,,39357,5,,,1,20,,39358,5,,,1,60,,39359,5,,,1,20,,39360,5,,,1,20,,39361,5,,,1,60,,39362,5,,,1,20,,39363,5,,,1,20,,39364,5,,,1,60,,39365,5,,,1,20,,39366,5,,,1,20,,39367,5,,,1,60,,39368,5,,,1,20,,39369,5,,,1,20,,39370,5,,,1,61,,39371,5,,,1,20,,39372,5,,,1,20,,39373,5,,,1,60,,39374,5,,,1,20,,39375,5,,,1,20,,39376,5,,,1,61,,39377,5,,,1,21,,39378,5,,,1,21,,39379,5,,,1,61,,39380,5,,,1,21,,39381,5,,,1,21,,39382,5,,,1,59,,39383,5,,,1,20,,39384,5,,,1,20,,39385,5,,,1,60,,39386,5,,,1,20,,39387,5,,,1,20,,39388,5,,,1,60,,39389,5,,,1,20,,39390,5,,,1,20,,39391,5,,,1,70,,39392,5,,,1,24,,39393,5,,,1,65,,39394,5,,,1,25,,39395,5,,,1,25,,39396,5,,,1,65,,39397,5,,,1,21,,39398,5,,,1
2501,'3',621,,39432,5,,,1,25,,39399,5,,,1,66,,39431,5,,,1,25,,39400,5,,,1,65,,39430,5,,,1,26,,39401,5,,,1,27,,39402,5,,,1,67,,39403,5,,,1,25,,39404,5,,,1,71,,39405,5,,,1,25,,39406,5,,,1,70,,39407,5,,,1,24,,39408,5,,,1,67,,39409,5,,,1,30,,39410,5,,,1,25,,39411,5,,,1,70,,39412,5,,,1,26,,39413,5,,,1,69,,39414,5,,,1,30,,39415,5,,,1,70,,39416,5,,,1,30,,39417,5,,,1,70,,39418,5,,,1,30,,39419,5,,,1,70,,39420,5,,,1,30,,39421,5,,,1,70,,39422,5,,,1,30,,39423,5,,,1,64,,39429,5,,,1,31,,39424,5,,,1,67,,39433,5,,,1,29,,39425,5,,,1,65,,39434,5,,,1,27,,39426,5,,,1,65,,39435,5,,,1,25,,39427,5,,,1,25,,39436,5,,,1,62,,39428,5,,,1
2501,'30',912,,39444,5,,,1,35,,39453,5,,,1,65,,39454,5,,,1,30,,39455,5,,,1,70,,39456,5,,,1,30,,39457,5,,,1,70,,39458,5,,,1,30,,39459,5,,,1,70,,39460,5,,,1,30,,39461,5,,,1,70,,39462,5,,,1,30,,39463,5,,,1,68,,39445,5,,,1,27,,39443,5,,,1,67,,39446,5,,,1,27,,39442,5,,,1,27,,39447,5,,,1,67,,39441,5,,,1,27,,39448,5,,,1,67,,39440,5,,,1,27,,39449,5,,,1,65,,39452,5,,,1,30,,39450,5,,,1,70,,39464,5,,,1,30,,39439,5,,,1,72,,39465,5,,,1,31,,39438,5,,,1,68,,39466,5,,,1,15,,39437,5,,,1,82,,39451,5,,,1
2501,'4',912,,39474,5,,,1,35,,39483,5,,,1,65,,39484,5,,,1,30,,39485,5,,,1,70,,39486,5,,,1,30,,39487,5,,,1,70,,39488,5,,,1,30,,39489,5,,,1,70,,39490,5,,,1,30,,39491,5,,,1,70,,39492,5,,,1,30,,39493,5,,,1,68,,39475,5,,,1,27,,39473,5,,,1,67,,39476,5,,,1,27,,39472,5,,,1,27,,39477,5,,,1,67,,39471,5,,,1,27,,39478,5,,,1,67,,39470,5,,,1,27,,39479,5,,,1,65,,39482,5,,,1,30,,39480,5,,,1,70,,39494,5,,,1,30,,39469,5,,,1,72,,39495,5,,,1,31,,39468,5,,,1,68,,39496,5,,,1,15,,39467,5,,,1,82,,39481,5,,,1
3400,'2',602,,40263,5,0,14,1,40,,40264,5,0,14,1,71,,40279,5,0,14,1,40,,40274,5,0,14,1,82,,40273,5,0,14,1,83,,40275,5,0,14,1,40,,40265,5,0,14,1,80,,40266,5,0,14,1,80,,40267,5,0,14,1,85,,40268,5,0,14,1,40,,40269,5,0,14,1,80,,40270,5,0,14,1,80,,40271,5,0,14,1,40,,40272,5,0,14,1,80,,40280,5,0,14,1,80,,40281,5,0,14,1,40,,40282,5,0,14,1,80,,40283,5,0,14,1,80,,40284,5,0,14,1,40,,40285,5,0,14,1,80,,40291,5,0,14,1,80,,40286,5,0,14,1,40,,40287,5,0,14,1,80,,40288,5,0,14,1,80,,40290,5,0,14,1,40,,40289,5,0,14,1,79,,40276,5,0,14,1,31,,40278,4,0,49 3 40 50 51,1,80,,40277,4,0,49 3 40 50 51,1
3400,'3',752,,40301,5,0,14,1,80,,40299,5,0,14,1,80,,40300,5,0,14,1,40,,40292,5,0,14,1,81,,40293,5,0,14,1,80,,40294,5,0,14,1,40,,40295,5,0,14,1,80,,40296,5,0,14,1,80,,40297,5,0,14,1,40,,40298,5,0,14,1,81,,40302,5,0,14,1,80,,40303,5,0,14,1,40,,40304,5,0,14,1,80,,40305,5,0,14,1,80,,40306,5,0,14,1,40,,40307,5,0,14,1,81,,40308,5,0,14,1,80,,40309,5,0,14,1,40,,40310,5,0,14,1,80,,40311,5,0,14,1,78,,40312,5,0,14,1,40,,40313,5,0,14,1,80,,40314,5,0,14,1
3400,'30',1003,,40315,5,0,14,1,40,,40316,5,0,14,1,80,,40317,5,0,14,1,81,,40318,5,0,14,1,40,,40319,5,0,14,1,80,,40320,5,0,14,1,79,,40321,5,0,14,1,40,,40322,5,0,14,1,80,,40323,5,0,14,1,80,,40324,5,0,14,1,40,,40325,5,0,14,1,80,,40326,5,0,14,1,80,,40327,5,0,14,1,40,,40328,5,0,14,1,80,,40329,5,0,14,1,80,,40330,5,0,14,1,40,,40331,5,0,14,1
3400,'4',1003,,40332,5,0,14,1,40,,40333,5,0,14,1,80,,40334,5,0,14,1,81,,40335,5,0,14,1,40,,40336,5,0,14,1,80,,40337,5,0,14,1,79,,40338,5,0,14,1,40,,40339,5,0,14,1,80,,40340,5,0,14,1,80,,40341,5,0,14,1,40,,40342,5,0,14,1,80,,40343,5,0,14,1,80,,40344,5,0,14,1,40,,40345,5,0,14,1,80,,40346,5,0,14,1,80,,40347,5,0,14,1,40,,40348,5,0,14,1
