200,'2',607,,26330,1,0,13 30,0,23,,26335,17,0,13 30,0,15,,26371,17,0,10 23 20,0,55,,26336,17,0,13 30,0,15,,26372,17,0,10 23 20,0,15,,26337,17,0,13 30,0,15,,26373,17,0,10 23 20,0,55,,26338,17,0,13 30,0,15,,26374,17,0,10 23 20,0,15,,26339,17,0,13 30,0,15,,26375,17,0,10 23 20,0,55,,26340,17,0,13 30,0,15,,26376,17,0,10 23 20,0,15,,26341,17,0,13 30,0,15,,26377,17,0,10 23 20,0,55,,26342,17,0,13 30,0,15,,26378,17,0,10 23 20,0,15,,26343,17,0,13 30,0,15,,26379,17,0,10 23 20,0,55,,26344,17,0,13 30,0,15,,26380,17,0,10 23 20,0,15,,26345,17,0,13 30,0,15,,26381,17,0,10 23 20,0,12,,26346,17,0,13 30,0,55,,26382,17,0,10 23 20,0,15,,26347,17,0,13 30,0,15,,26383,17,0,10 23 20,0,15,,26348,17,0,13 30,0,55,,26384,17,0,10 23 20,0,15,,26349,17,0,13 30,0,15,,26385,17,0,10 23 20,0,15,,26350,17,0,13 30,0,55,,26386,17,0,10 23 20,0,15,,26351,17,0,13 30,0,13,,26387,17,0,10 23 20,0,14,,26352,17,0,13 30,0,55,,26388,17,0,10 23 20,0,15,,26353,17,0,13 30,0,17,,26389,17,0,10 23 20,0,59,,26354,17,0,13 30,0,15,,26390,17,0,10 23 20,0,15,,26355,17,0,13 30,0,15,,26391,17,0,10 23 20,0,55,,26356,17,0,13 30,0,13,,26392,17,0,10 23 20,0,19,,26357,17,0,13 30,0,11,,26393,17,0,10 23 20,0,60,,26358,17,0,13 30,0,15,,26394,17,0,10 23 20,0,15,,26359,17,0,13 30,0,12,,26395,17,0,10 23 20,0,55,,26360,17,0,13 30,0,15,,26396,17,0,10 23 20,0,15,,26361,17,0,13 30,0,15,,26397,17,0,10 23 20,0,55,,26362,17,0,13 30,0,15,,26398,17,0,10 23 20,0,10,,26363,17,0,13 30,0,23,,26399,17,0,10 23 20,0,52,,26364,17,0,13 30,0,23,,26400,17,0,10 23 20,0,17,,26365,17,0,13 30,0,63,,26401,17,0,10 23 20,0,17,,26366,17,0,13 30,0,23,,26402,17,0,10 23 20,0,60,,26367,17,0,13 30,0,17,,26403,17,0,10 23 20,0,15,,26368,17,0,13 30,0,20,,26404,17,0,10 23 20,0,55,,26369,17,0,13 30,0,20,,26405,17,0,10 23 20,0,20,,26370,17,0,13 30,0,74,,26406,17,0,45 3 21,0
200,'3',630,,26410,17,0,13 30,0,70,,26411,17,0,10 23 20,0,30,,26413,17,0,13 30,0,70,,26415,17,0,13 30,0,15,,26416,17,0,10 23 20,0,15,,26417,17,0,13 30,0,15,,26418,17,0,10 23 20,0,55,,26419,17,0,13 30,0,15,,26420,17,0,10 23 20,0,15,,26421,17,0,13 30,0,10,,26422,17,0,10 23 20,0,15,,26423,17,0,13 30,0,55,,26424,17,0,10 23 20,0,15,,26425,17,0,13 30,0,15,,26426,17,0,10 23 20,0,15,,26427,17,0,13 30,0,50,,26428,17,0,10 23 20,0,15,,26429,17,0,13 30,0,10,,26430,17,0,10 23 20,0,15,,26431,17,0,13 30,0,55,,26432,17,0,10 23 20,0,15,,26433,17,0,13 30,0,15,,26434,17,0,10 23 20,0,15,,26435,17,0,13 30,0,10,,26446,17,0,10 23 20,0,55,,26436,17,0,13 30,0,10,,26447,17,0,10 23 20,0,15,,26437,17,0,13 30,0,15,,26448,17,0,10 23 20,0,55,,26438,17,0,13 30,0,15,,26449,17,0,10 23 20,0,15,,26439,17,0,13 30,0,15,,26450,17,0,10 23 20,0,55,,26440,17,0,13 30,0,15,,26451,17,0,10 23 20,0,10,,26441,17,0,13 30,0,10,,26452,17,0,10 23 20,0,15,,26442,17,0,13 30,0,55,,26453,17,0,10 23 20,0,15,,26443,17,0,13 30,0,15,,26454,17,0,10 23 20,0,15,,26444,17,0,13 30,0,55,,26455,17,0,10 23 20,0,15,,26445,17,0,13 30,0,15,,26456,17,0,10 23 20,0,14,,26469,17,0,45 3 21,0,1,,26457,17,0,13 30,0,55,,26458,17,0,10 23 20,0,15,,26464,17,0,13 30,0,15,,26459,17,0,10 23 20,0,15,,26465,17,0,13 30,0,55,,26460,17,0,10 23 20,0,15,,26466,17,0,13 30,0,15,,26461,17,0,10 23 20,0,15,,26467,17,0,13 30,0,55,,26462,17,0,10 23 20,0,15,,26468,17,0,13 30,0,15,,26463,17,0,10 23 20,0,15,,26470,17,0,13 30,0,4,,26475,17,0,45 3 21,0,66,,26473,17,0,10 23 20,0,3,,26476,17,0,45 3 21,0,27,,26471,17,0,13 30,0,70,,26474,17,0,10 23 20,0,30,,26472,17,0,13 30,0,70,,26407,17,0,10 23 20,0,30,,26408,17,0,13 30,0,70,,26477,17,0,10 23 20,0,75,,26478,17,0,13 30,0,28,,26479,17,0,45 3 21,0
200,'30',700,,26482,17,0,13 30,0,30,,26485,17,0,10 23 20,0,70,,26487,17,0,13 30,0,30,,26486,17,0,10 23 20,0,70,,26488,17,0,13 30,0,25,,26489,17,0,10 23 20,0,25,,26493,17,0,13 30,0,65,,26490,17,0,10 23 20,0,25,,26494,17,0,13 30,0,65,,26491,17,0,10 23 20,0,25,,26495,17,0,10 23 20,0,25,,26492,17,0,10 23 20,0,55,,26496,17,0,13 30,0,15,,26508,17,0,10 23 20,0,15,,26497,17,0,13 30,0,15,,26509,17,0,10 23 20,0,55,,26498,17,0,13 30,0,15,,26510,17,0,10 23 20,0,15,,26499,17,0,13 30,0,15,,26511,17,0,10 23 20,0,55,,26500,17,0,13 30,0,15,,26512,17,0,10 23 20,0,15,,26501,17,0,13 30,0,15,,26513,17,0,10 23 20,0,55,,26502,17,0,13 30,0,15,,26514,17,0,10 23 20,0,15,,26503,17,0,13 30,0,15,,26515,17,0,10 23 20,0,55,,26504,17,0,13 30,0,15,,26516,17,0,10 23 20,0,15,,26505,17,0,13 30,0,15,,26517,17,0,10 23 20,0,55,,26506,17,0,13 30,0,15,,26518,17,0,10 23 20,0,15,,26507,17,0,13 30,0,15,,26519,17,0,10 23 20,0,65,,26522,17,0,13 30,0,4,,26533,17,0,45 3 21,0,21,,26528,17,0,10 23 20,0,65,,26523,17,0,13 30,0,25,,26529,17,0,10 23 20,0,65,,26524,17,0,13 30,0,25,,26530,17,0,10 23 20,0,25,,26525,17,0,13 30,0,65,,26531,17,0,10 23 20,0,25,,26526,17,0,13 30,0,65,,26532,17,0,10 23 20,0,25,,26527,17,0,13 30,0,70,,26481,17,0,10 23 20,0,29,,26480,17,0,45 3 21,0
200,'4',700,,26536,17,0,13 30,0,30,,26539,17,0,10 23 20,0,70,,26541,17,0,13 30,0,30,,26540,17,0,10 23 20,0,70,,26542,17,0,13 30,0,25,,26543,17,0,10 23 20,0,25,,26547,17,0,13 30,0,65,,26544,17,0,10 23 20,0,25,,26548,17,0,13 30,0,65,,26545,17,0,10 23 20,0,25,,26549,17,0,10 23 20,0,25,,26546,17,0,10 23 20,0,55,,26550,17,0,13 30,0,15,,26562,17,0,10 23 20,0,15,,26551,17,0,13 30,0,15,,26563,17,0,10 23 20,0,55,,26552,17,0,13 30,0,15,,26564,17,0,10 23 20,0,15,,26553,17,0,13 30,0,15,,26565,17,0,10 23 20,0,55,,26554,17,0,13 30,0,15,,26566,17,0,10 23 20,0,15,,26555,17,0,13 30,0,15,,26567,17,0,10 23 20,0,55,,26556,17,0,13 30,0,15,,26568,17,0,10 23 20,0,15,,26557,17,0,13 30,0,15,,26569,17,0,10 23 20,0,55,,26558,17,0,13 30,0,15,,26570,17,0,10 23 20,0,15,,26559,17,0,13 30,0,15,,26571,17,0,10 23 20,0,55,,26560,17,0,13 30,0,15,,26572,17,0,10 23 20,0,15,,26561,17,0,13 30,0,15,,26573,17,0,10 23 20,0,65,,26576,17,0,13 30,0,4,,26587,17,0,45 3 21,0,21,,26582,17,0,10 23 20,0,65,,26577,17,0,13 30,0,25,,26583,17,0,10 23 20,0,65,,26578,17,0,13 30,0,25,,26584,17,0,10 23 20,0,25,,26579,17,0,13 30,0,65,,26585,17,0,10 23 20,0,25,,26580,17,0,13 30,0,65,,26586,17,0,10 23 20,0,25,,26581,17,0,13 30,0,70,,26535,17,0,10 23 20,0,29,,26534,17,0,45 3 21,0
301,'2',551,,26936,2,,,0,95,,26937,2,,,0,68,,26938,2,,,0,33,,26939,2,,,0,67,,26940,2,,,0,30,,26941,2,,,0,70,,26942,2,,,0,30,,26943,2,,,0,70,,26944,2,,,0,30,,26945,2,,,0,70,,26946,2,,,0,30,,26947,2,,,0,70,,26948,2,,,0,30,,26949,2,,,0,70,,26950,2,,,0,30,,26951,2,,,0,70,,26952,2,,,0,30,,26953,2,,,0,70,,26954,2,,,0,30,,26955,2,,,0,70,,26956,2,,,0,30,,26957,2,,,0,70,,26958,2,,,0,30,,26959,2,,,0,69,,26960,2,,,0,28,,26964,2,,,0,70,,26965,2,,,0,30,,26966,2,,,0,70,,26967,2,,,0,30,,26968,2,,,0,70,,26969,2,,,0,26,,26970,2,,,0,70,,26971,2,,,0,30,,26972,2,,,0,70,,26973,2,,,0,19,,26961,2,,,0
301,'3',700,,26974,2,,,0,100,,26975,2,,,0,102,,26976,2,,,0,103,,26977,2,,,0,31,,26981,2,,,0,75,,26982,2,,,0,35,,26983,2,,,0,75,,26984,2,,,0,35,,26985,2,,,0,75,,26986,2,,,0,75,,26987,2,,,0,35,,26988,2,,,0,75,,26989,2,,,0,35,,26990,2,,,0,75,,26991,2,,,0,75,,26992,2,,,0,35,,26993,2,,,0,75,,26994,2,,,0,100,,26995,2,,,0,100,,26996,2,,,0,100,,26997,2,,,0,100,,26998,2,,,0,108,,26978,2,,,0
301,'30',920,,26999,2,,,0,87,,27000,2,,,0,47,,27001,2,,,0,87,,27002,2,,,0,87,,27003,2,,,0,87,,27004,2,,,0,87,,27005,2,,,0,47,,27006,2,,,0,87,,27007,2,,,0,87,,27008,2,,,0,87,,27009,2,,,0,47,,27010,2,,,0,87,,27011,2,,,0,107,,27012,2,,,0,100,,27013,2,,,0,100,,27014,2,,,0,103,,27015,2,,,0
301,'4',920,,27016,2,,,0,87,,27017,2,,,0,47,,27018,2,,,0,87,,27019,2,,,0,87,,27020,2,,,0,87,,27021,2,,,0,87,,27022,2,,,0,47,,27023,2,,,0,87,,27024,2,,,0,87,,27025,2,,,0,87,,27026,2,,,0,47,,27027,2,,,0,87,,27028,2,,,0,107,,27029,2,,,0,100,,27030,2,,,0,100,,27031,2,,,0,103,,27032,2,,,0
501,'2',630,7,27483,42,0,10 23 20,0,70,,27484,46,0,13 36,0,30,,27485,42,0,10 23 20,0,70,,27486,46,0,13 36,0,32,,27487,42,0,10 23 20,0,68,,27497,46,0,13 36,0,30,,27488,42,0,10 23 20,0,70,,27498,46,0,13 36,0,30,,27489,42,0,10 23 20,0,70,,27499,46,0,13 36,0,30,,27490,42,0,10 23 20,0,70,,27500,46,0,13 36,0,30,,27491,42,0,10 23 20,0,70,,27501,46,0,13 36,0,30,,27492,42,0,10 23 20,0,70,,27502,46,0,13 36,0,30,,27493,42,0,10 23 20,0,70,,27503,46,0,13 36,0,30,,27494,42,0,10 23 20,0,70,,27504,46,0,13 36,0,30,,27495,42,0,10 23 20,0,70,,27505,46,0,13 36,0,32,,27496,42,0,10 23 20,0,70,,27506,46,0,13 36,0,30,,27507,42,0,10 23 20,0,78,,27512,42,0,10 23 20,0,30,,27513,42,0,10 23 20,0,70,,27514,42,0,10 23 20,0,30,,27515,42,0,10 23 20,0,68,,27516,42,0,10 23 20,0,29,,27517,42,0,10 23 20,0,70,,27518,42,0,10 23 20,0,24,,27519,42,0,10 23 20,0,71,,27520,42,0,10 23 20,0,26,,27522,42,4,,0,72,43,27521,42,0,10 23 20,0,47,,27509,42,4,,0
501,'3',630,,27523,42,0,10 23 20,0,100,,27524,42,0,10 23 20,0,100,,27525,42,0,10 23 20,0,107,,27526,42,0,10 23 20,0,80,,27530,42,0,10 23 20,0,35,,27537,46,0,13 36,0,75,,27531,42,0,10 23 20,0,75,,27538,46,0,13 36,0,35,,27532,42,0,10 23 20,0,75,,27539,46,0,13 36,0,35,,27533,42,0,10 23 20,0,75,,27540,46,0,13 36,0,35,,27534,42,0,10 23 20,0,75,,27541,46,0,13 36,0,75,,27535,42,0,10 23 20,0,35,,27542,46,0,13 36,0,75,,27536,42,0,10 23 20,0,35,,27543,46,0,13 36,0,75,,27544,42,0,10 23 20,0,75,,27545,46,0,13 36,0,38,,27546,42,0,10 23 20,0,11,,27550,42,4,,0,89,,27547,42,0,10 23 20,0,100,,27548,42,0,10 23 20,0,110,,27549,42,0,10 23 20,0,150,,27527,42,0,10 23 20,0,41,,27528,42,4,,0
501,'30',857,,27551,42,0,10 23 20,0,87,,27552,42,0,10 23 20,0,87,,27553,42,0,10 23 20,0,87,,27554,42,0,10 23 20,0,87,,27555,42,0,10 23 20,0,47,,27556,42,0,10 23 20,0,87,,27557,42,0,10 23 20,0,87,,27558,42,0,10 23 20,0,87,,27559,42,0,10 23 20,0,87,,27560,42,0,10 23 20,0,47,,27561,42,0,10 23 20,0,87,,27562,42,0,10 23 20,0,87,,27563,42,0,10 23 20,0,100,,27564,42,0,10 23 20,0,100,,27565,42,0,10 23 20,0,95,,27566,42,0,10 23 20,0,96,,27567,42,0,10 23 20,0,88,,27568,42,0,10 23 20,0,42,,27569,42,4,,0
501,'4',857,,27570,42,0,10 23 20,0,87,,27571,42,0,10 23 20,0,87,,27572,42,0,10 23 20,0,87,,27573,42,0,10 23 20,0,87,,27574,42,0,10 23 20,0,47,,27575,42,0,10 23 20,0,87,,27576,42,0,10 23 20,0,87,,27577,42,0,10 23 20,0,87,,27578,42,0,10 23 20,0,87,,27579,42,0,10 23 20,0,47,,27580,42,0,10 23 20,0,87,,27581,42,0,10 23 20,0,87,,27582,42,0,10 23 20,0,100,,27583,42,0,10 23 20,0,100,,27584,42,0,10 23 20,0,95,,27585,42,0,10 23 20,0,96,,27586,42,0,10 23 20,0,88,,27587,42,0,10 23 20,0,42,,27588,42,4,,0
700,'2',630,7,27886,28,,,0,20,,27887,28,,,0,70,,27888,28,,,0,20,,27889,28,,,0,60,,27890,28,,,0,20,,27891,28,,,0,20,,27892,28,,,0,60,,27893,28,,,0,25,,27894,28,,,0,30,,27895,28,,,0,70,,27896,28,,,0,25,,27897,28,,,0,70,,27898,28,,,0,30,,27899,28,,,0,70,,27900,28,,,0,30,,27901,28,,,0,70,,27902,28,,,0,30,,27904,28,,,0,65,,27905,28,,,0,20,,27906,28,,,0,20,,27907,28,,,0,60,,27908,28,,,0,20,,27909,28,,,0,20,,27910,28,,,0,60,,27911,28,,,0,20,,27912,28,,,0,20,,27913,28,,,0,65,,27914,28,,,0,15,,27915,28,,,0,20,,27916,28,,,0,65,,27917,28,,,0,25,,27918,28,,,0,65,,27919,28,,,0,25,,27920,28,,,0,65,,27921,28,,,0,25,,27922,28,,,0,25,,27923,28,,,0,77,,27924,28,,,0,30,,27925,28,,,0,70,,27926,28,,,0,30,,27927,28,,,0,70,,27928,28,,,0,27,,27929,28,,,0
700,'3',626,,27965,28,,,0,29,,27966,28,,,0,70,,27964,28,,,0,80,,27930,28,,,0,30,,27963,28,,,0,70,,27931,28,,,0,25,,27932,28,,,0,25,,27933,28,,,0,70,,27934,28,,,0,30,,27935,28,,,0,65,,27936,28,,,0,25,,27937,28,,,0,70,,27938,28,,,0,30,,27939,28,,,0,70,,27940,28,,,0,25,,27941,28,,,0,70,,27942,28,,,0,30,,27943,28,,,0,70,,27944,28,,,0,30,,27945,28,,,0,70,,27946,28,,,0,30,,27947,28,,,0,70,,27948,28,,,0,30,,27949,28,,,0,65,,27950,28,,,0,30,,27951,28,,,0,70,,27952,28,,,0,30,,27953,28,,,0,65,,27954,28,,,0,30,,27955,28,,,0,70,,27956,28,,,0,30,,27957,28,,,0,28,,27958,28,,,0,72,,27959,28,,,0,70,,27960,28,,,0,30,,27961,28,,,0,70,,27962,28,,,0
700,'30',900,,27968,28,,,0,24,,27969,1,,,0,21,,27970,28,,,0,70,,27971,28,,,0,30,,27972,28,,,0,65,,27973,28,,,0,25,,27974,28,,,0,70,,27975,28,,,0,30,,27976,28,,,0,70,,27977,28,,,0,25,,27978,28,,,0,70,,27979,28,,,0,30,,27980,28,,,0,70,,27981,28,,,0,25,,27982,28,,,0,30,,27983,28,,,0,70,,27984,28,,,0,22,,27985,28,,,0,68,,27986,28,,,0,30,,27987,28,,,0,70,,27988,28,,,0,30,,27989,28,,,0,70,,27990,28,,,0,30,,27991,28,,,0,70,,27992,28,,,0,30,,27993,28,,,0,70,,27994,28,,,0,30,,27995,28,,,0,70,,27997,28,,,0,85,,27996,28,,,0
700,'4',900,,27999,28,,,0,24,,28000,1,,,0,21,,28001,28,,,0,70,,28002,28,,,0,30,,28003,28,,,0,65,,28004,28,,,0,25,,28005,28,,,0,70,,28006,28,,,0,30,,28007,28,,,0,70,,28008,28,,,0,25,,28009,28,,,0,70,,28010,28,,,0,30,,28011,28,,,0,70,,28012,28,,,0,25,,28013,28,,,0,30,,28014,28,,,0,70,,28015,28,,,0,22,,28016,28,,,0,68,,28017,28,,,0,30,,28018,28,,,0,70,,28019,28,,,0,30,,28020,28,,,0,70,,28021,28,,,0,30,,28022,28,,,0,70,,28023,28,,,0,30,,28024,28,,,0,70,,28025,28,,,0,30,,28026,28,,,0,70,,28028,28,,,0,85,,28027,28,,,0
901,'2',621,,28360,32,,,0,20,,28361,32,,,0,17,,28362,32,,,0,56,,28363,32,,,0,16,,28364,32,,,0,15,,28365,32,,,0,14,,28366,32,,,0,56,,28367,32,,,0,15,,28368,32,,,0,17,,28369,32,,,0,55,,28370,32,,,0,15,,28371,32,,,0,15,,28372,32,,,0,15,,28373,32,,,0,55,,28374,32,,,0,15,,28375,32,,,0,15,,28376,32,,,0,15,,28377,32,,,0,55,,28378,32,,,0,15,,28379,32,,,0,15,,28380,32,,,0,15,,28381,32,,,0,55,,28382,32,,,0,15,,28383,32,,,0,15,,28384,32,,,0,15,,28385,32,,,0,55,,28386,32,,,0,15,,28387,32,,,0,15,,28388,32,,,0,15,,28389,32,,,0,54,,28390,32,,,0,15,,28391,32,,,0,15,,28392,32,,,0,15,,28393,32,,,0,55,,28394,32,,,0,15,,28395,32,,,0,15,,28396,32,,,0,15,,28397,32,,,0,55,,28398,32,,,0,15,,28399,32,,,0,15,,28400,32,,,0,15,,28401,32,,,0,55,,28402,32,,,0,15,,28403,32,,,0,15,,28404,32,,,0,15,,28405,32,,,0,57,,28406,32,,,0,22,,28407,32,,,0,15,,28408,32,,,0,14,,28409,32,,,0,62,,28410,32,,,0,22,,28411,32,,,0,62,,28412,32,,,0,22,,28413,32,,,0,22,,28414,32,,,0,65,,28415,32,,,0,29,,28416,32,,,0,72,,28417,32,,,0,32,,28418,32,,,0,72,,28419,32,,,0,37,,28420,32,,,0,100,,28421,32,,,0
901,'3',624,,28427,32,,,0,30,,28466,32,,,0,70,,28428,32,,,0,30,,28465,32,,,0,70,,28429,32,,,0,35,,28430,32,,,0,72,,28431,32,,,0,87,,28432,32,,,0,25,,28433,32,,,0,65,,28434,32,,,0,22,,28435,32,,,0,25,,28436,32,,,0,65,,28437,32,,,0,29,,28438,32,,,0,61,,28439,32,,,0,25,,28440,32,,,0,68,,28441,32,,,0,22,,28442,32,,,0,25,,28443,32,,,0,65,,28444,32,,,0,25,,28445,32,,,0,65,,28446,32,,,0,25,,28447,32,,,0,25,,28448,32,,,0,65,,28449,32,,,0,25,,28450,32,,,0,65,,28451,32,,,0,44,,28453,32,,,0,65,,28454,32,,,0,38,,28455,32,,,0,75,,28456,32,,,0,75,,28457,32,,,0,35,,28458,32,,,0,75,,28459,32,,,0,35,,28460,32,,,0,75,,28461,32,,,0,75,,28462,32,,,0
901,'30',704,,28501,32,,,0,35,,28467,32,,,0,75,,28502,32,,,0,35,,28468,32,,,0,75,,28503,32,,,0,33,,28469,32,,,0,73,,28470,32,,,0,73,,28471,32,,,0,33,,28472,32,,,0,79,,28473,32,,,0,28,,28474,32,,,0,63,,28475,32,,,0,23,,28476,32,,,0,23,,28477,32,,,0,63,,28478,32,,,0,23,,28479,32,,,0,63,,28480,32,,,0,23,,28481,32,,,0,23,,28482,32,,,0,63,,28483,32,,,0,23,,28484,32,,,0,24,,28485,32,,,0,63,,28486,32,,,0,23,,28487,32,,,0,65,,28488,32,,,0,17,,28489,32,,,0,19,,28490,32,,,0,70,,28491,32,,,0,30,,28492,32,,,0,70,,28493,32,,,0,30,,28494,32,,,0,70,,28495,32,,,0,30,,28496,32,,,0,70,,28497,32,,,0,41,,28498,32,,,0,58,,28499,32,,,0
901,'4',704,,28538,32,,,0,35,,28504,32,,,0,75,,28539,32,,,0,35,,28505,32,,,0,75,,28540,32,,,0,33,,28506,32,,,0,73,,28507,32,,,0,73,,28508,32,,,0,33,,28509,32,,,0,79,,28510,32,,,0,28,,28511,32,,,0,63,,28512,32,,,0,23,,28513,32,,,0,23,,28514,32,,,0,63,,28515,32,,,0,23,,28516,32,,,0,63,,28517,32,,,0,23,,28518,32,,,0,23,,28519,32,,,0,63,,28520,32,,,0,23,,28521,32,,,0,24,,28522,32,,,0,63,,28523,32,,,0,23,,28524,32,,,0,65,,28525,32,,,0,17,,28526,32,,,0,19,,28527,32,,,0,70,,28528,32,,,0,30,,28529,32,,,0,70,,28530,32,,,0,30,,28531,32,,,0,70,,28532,32,,,0,30,,28533,32,,,0,70,,28534,32,,,0,41,,28535,32,,,0,58,,28536,32,,,0
1201,'2',622,,29045,31,,,0,31,,29044,31,,,0,70,,29046,31,,,0,28,,29047,31,,,0,70,,29048,31,,,0,30,,29049,31,,,0,70,,29050,31,,,0,31,,29051,31,,,0,70,,29052,31,,,0,30,,29053,31,,,0,70,,29054,31,,,0,30,,29055,31,,,0,70,,29056,31,,,0,30,,29057,31,,,0,70,,29058,31,,,0,30,,29059,31,,,0,70,,29060,31,,,0,23,,29061,31,,,0,57,,29062,31,,,0,25,,29063,31,,,0,25,,29064,31,,,0,65,,29065,31,,,0,27,,29066,31,,,0,65,,29067,31,,,0,25,,29068,31,,,0,25,,29069,31,,,0,65,,29070,31,,,0,29,,29072,31,,,0,70,,29073,31,,,0,30,,29074,31,,,0,70,,29075,31,,,0,30,,29076,31,,,0,70,,29081,31,,,0,30,,29080,31,,,0,69,,29082,31,,,0,31,,29077,31,,,0,70,,29083,31,,,0,29,,29078,31,,,0
1201,'3',625,,29085,31,,,0,30,,29107,31,,,0,70,,29086,31,,,0,30,,29106,31,,,0,70,,29087,31,,,0,30,,29105,31,,,0,65,,29088,31,,,0,25,,29104,31,,,0,70,,29089,31,,,0,30,,29103,31,,,0,70,,29090,31,,,0,30,,29102,31,,,0,70,,29091,31,,,0,35,,29101,31,,,0,75,,29092,31,,,0,75,,29093,31,,,0,35,,29094,31,,,0,75,,29095,31,,,0,35,,29096,31,,,0,75,,29097,31,,,0,35,,29098,31,,,0,76,,29099,31,,,0,25,,29100,31,,,0,73,,29108,31,,,0,27,,29114,31,,,0,73,,29109,31,,,0,27,,29115,31,,,0,73,,29110,31,,,0,27,,29116,31,,,0,72,,29111,31,,,0,27,,29117,31,,,0,73,,29112,31,,,0,27,,29118,31,,,0,73,,29113,31,,,0,27,,29119,31,,,0,65,,29120,31,,,0
1201,'30',826,,29136,31,,,0,30,,29135,31,,,0,70,,29137,31,,,0,23,,29122,31,,,0,70,,29138,31,,,0,30,,29134,31,,,0,70,,29139,31,,,0,24,,29133,31,,,0,70,,29140,31,,,0,24,,29132,31,,,0,64,,29141,31,,,0,31,,29131,31,,,0,24,,29142,31,,,0,70,,29130,31,,,0,30,,29143,31,,,0,70,,29129,31,,,0,30,,29144,31,,,0,70,,29128,31,,,0,30,,29145,31,,,0,70,,29127,31,,,0,30,,29146,31,,,0,70,,29126,31,,,0,30,,29147,31,,,0,70,,29125,31,,,0,30,,29148,31,,,0,70,,29124,31,,,0,30,,29149,31,,,0,70,,29121,31,,,0,30,,29150,31,,,0
1201,'4',826,,29166,31,,,0,30,,29165,31,,,0,70,,29167,31,,,0,23,,29152,31,,,0,70,,29168,31,,,0,30,,29164,31,,,0,70,,29169,31,,,0,24,,29163,31,,,0,70,,29170,31,,,0,24,,29162,31,,,0,64,,29171,31,,,0,31,,29161,31,,,0,24,,29172,31,,,0,70,,29160,31,,,0,30,,29173,31,,,0,70,,29159,31,,,0,30,,29174,31,,,0,70,,29158,31,,,0,30,,29175,31,,,0,70,,29157,31,,,0,30,,29176,31,,,0,70,,29156,31,,,0,30,,29177,31,,,0,70,,29155,31,,,0,30,,29178,31,,,0,70,,29154,31,,,0,30,,29179,31,,,0,70,,29151,31,,,0,30,,29180,31,,,0
1300,'2',608,,29181,2,,,0,22,2,29182,24,0,10 18 19 20,0,16,,29183,24,,,0,54,,29184,24,0,10 18 19 20,0,15,,29185,24,,,0,10,,29186,24,0,10 18 19 20,0,15,,29187,24,,,0,15,,29188,24,0,10 18 19 20,0,55,,29189,24,,,0,15,,29190,24,0,10 18 19 20,0,15,,29191,24,,,0,15,,29192,24,0,10 18 19 20,0,55,,29193,24,,,0,15,,29194,24,0,10 18 19 20,0,15,,29195,24,,,0,15,,29196,24,0,10 18 19 20,0,50,,29197,24,,,0,15,,29198,24,0,10 18 19 20,0,15,,29199,24,,,0,15,,29200,24,0,10 18 19 20,0,55,,29201,24,,,0,15,,29202,24,0,10 18 19 20,0,15,,29203,24,,,0,15,,29204,24,0,10 18 19 20,0,50,,29205,24,,,0,15,,29206,24,0,10 18 19 20,0,15,,29207,24,,,0,15,,29208,24,0,10 18 19 20,0,55,,29209,24,,,0,15,,29210,24,0,10 18 19 20,0,15,,29211,24,,,0,15,,29212,24,0,10 18 19 20,0,55,,29213,24,,,0,15,,29214,24,0,10 18 19 20,0,15,,29215,24,,,0,15,,29216,24,0,10 18 19 20,0,55,,29217,24,,,0,15,,29218,24,0,10 18 19 20,0,15,,29219,24,,,0,15,,29220,24,0,10 18 19 20,0,55,,29221,24,,,0,15,,29222,24,0,10 18 19 20,0,15,,29223,24,,,0,15,,29224,24,0,10 18 19 20,0,55,,29225,24,,,0,15,,29226,24,0,10 18 19 20,0,15,,29227,24,,,0,15,,29228,24,0,10 18 19 20,0,55,,29229,24,,,0,15,,29230,24,0,10 18 19 20,0,20,,29235,24,,,0,20,,29231,24,0,10 18 19 20,0,60,,29236,24,,,0,20,,29232,24,0,10 18 19 20,0,20,,29237,24,,,0,60,,29233,24,0,10 18 19 20,0,20,,29238,24,,,0,20,,29234,24,,,0,70,,29239,24,0,10 18 19 20,0,25,,29242,24,,,0,65,,29240,24,0,10 18 19 20,0,27,,29243,24,,,0,73,,29241,24,0,10 18 19 20,0,30,,29244,24,,,0,66,,29246,24,0,10 18 19 20,0,89,42,29245,24,,,0
1300,'3',630,,29251,24,0,10 18 19 20,0,75,,29252,24,,,0,35,,29253,24,0,10 18 19 20,0,75,,29254,24,,,0,11,,29258,24,0,10 18 19 20,0,16,,29255,24,,,0,16,,29259,24,0,10 18 19 20,0,56,,29256,24,,,0,16,,29260,24,,,0,16,,29257,24,0,10 18 19 20,0,56,,29261,24,,,0,15,,29262,24,0,10 18 19 20,0,15,,29267,24,,,0,15,,29263,24,0,10 18 19 20,0,55,,29268,24,,,0,15,,29264,24,0,10 18 19 20,0,15,,29269,24,,,0,15,,29265,24,0,10 18 19 20,0,55,,29270,24,,,0,15,,29266,24,,,0,15,,29271,24,0,10 18 19 20,0,15,,29280,24,,,0,55,,29272,24,0,10 18 19 20,0,15,,29281,24,,,0,15,,29273,24,0,10 18 19 20,0,15,,29282,24,,,0,55,,29274,24,0,10 18 19 20,0,15,,29283,24,,,0,15,,29275,24,0,10 18 19 20,0,15,,29284,24,,,0,55,,29276,24,0,10 18 19 20,0,15,,29285,24,,,0,15,,29277,24,0,10 18 19 20,0,15,,29286,24,,,0,55,,29278,24,0,10 18 19 20,0,15,,29287,24,,,0,15,,29279,24,0,10 18 19 20,0,10,,29288,24,,,0,15,,29291,24,0,10 18 19 20,0,55,,29289,24,,,0,15,,29292,24,0,10 18 19 20,0,15,,29290,24,,,0,15,,29293,24,,,0,55,,29294,24,0,10 18 19 20,0,15,,29318,24,,,0,15,,29298,24,,,0,15,,29295,24,0,10 18 19 20,0,60,,29299,24,,,0,15,,29296,24,0,10 18 19 20,0,20,,29300,24,,,0,60,,29297,24,0,10 18 19 20,0,20,,29301,24,,,0,20,,29305,24,,,0,70,,29302,24,0,10 18 19 20,0,25,,29306,24,,,0,65,,29303,24,0,10 18 19 20,0,30,,29307,24,,,0,70,,29304,24,0,10 18 19 20,0,19,,29308,24,,,0,20,,29309,24,0,10 18 19 20,0,70,,29311,24,,,0,79,,29310,24,0,10 18 19 20,0
1300,'30',700,,29341,24,,,0,41,,29343,24,0,10 18 19 20,0,75,,29342,24,,,0,35,,29344,24,0,10 18 19 20,0,75,,29329,24,,,0,30,,29340,24,0,10 18 19 20,0,55,,29328,24,,,0,30,,29339,24,0,10 18 19 20,0,70,,29327,24,,,0,30,,29338,24,0,10 18 19 20,0,64,,29326,24,,,0,31,,29337,24,0,10 18 19 20,0,70,,29325,24,,,0,30,,29336,24,0,10 18 19 20,0,70,,29324,24,,,0,30,,29335,24,0,10 18 19 20,0,70,,29323,24,,,0,30,,29334,24,0,10 18 19 20,0,70,,29322,24,,,0,30,,29333,24,0,10 18 19 20,0,70,,29321,24,,,0,30,,29332,24,0,10 18 19 20,0,65,,29320,24,,,0,30,,29331,24,0,10 18 19 20,0,71,,29319,24,,,0,24,,29345,24,0,10 18 19 20,0,20,,29348,24,,,0,70,,29346,24,0,10 18 19 20,0,30,,29349,24,,,0,70,,29347,24,0,10 18 19 20,0,30,,29350,24,0,10 18 19 20,0,71,,29351,24,,,0,83,,29330,24,0,10 18 19 20,0
1300,'4',700,,29374,24,,,0,41,,29376,24,0,10 18 19 20,0,75,,29375,24,,,0,35,,29377,24,0,10 18 19 20,0,75,,29362,24,,,0,30,,29373,24,0,10 18 19 20,0,55,,29361,24,,,0,30,,29372,24,0,10 18 19 20,0,70,,29360,24,,,0,30,,29371,24,0,10 18 19 20,0,64,,29359,24,,,0,31,,29370,24,0,10 18 19 20,0,70,,29358,24,,,0,30,,29369,24,0,10 18 19 20,0,70,,29357,24,,,0,30,,29368,24,0,10 18 19 20,0,70,,29356,24,,,0,30,,29367,24,0,10 18 19 20,0,70,,29355,24,,,0,30,,29366,24,0,10 18 19 20,0,70,,29354,24,,,0,30,,29365,24,0,10 18 19 20,0,65,,29353,24,,,0,30,,29364,24,0,10 18 19 20,0,71,,29352,24,,,0,24,,29378,24,0,10 18 19 20,0,20,,29381,24,,,0,70,,29379,24,0,10 18 19 20,0,30,,29382,24,,,0,70,,29380,24,0,10 18 19 20,0,30,,29383,24,0,10 18 19 20,0,71,,29384,24,,,0,83,,29363,24,0,10 18 19 20,0
1901,'2',701,,30839,68,,,0,39,,30840,68,,,0,67,,30841,68,,,0,27,,30842,68,,,0,69,,30843,68,,,0,25,,30844,68,,,0,27,,30845,68,,,0,67,,30846,68,,,0,27,,30847,68,,,0,67,,30848,68,,,0,27,,30849,68,,,0,67,,30850,68,,,0,27,,30851,68,,,0,67,,30852,68,,,0,27,,30853,68,,,0,24,,30854,68,,,0,67,,30855,68,,,0,27,,30856,68,,,0,71,,30857,68,,,0,27,,30858,68,,,0,70,,30859,68,,,0,28,,30860,68,,,0,69,,30861,68,,,0,28,,30862,68,,,0,68,,30863,68,,,0,28,,30864,68,,,0,68,,30865,68,,,0,24,,30866,68,,,0,27,,30867,68,,,0,67,,30868,68,,,0,27,,30869,68,,,0,67,,30870,68,,,0,27,,30871,68,,,0,60,,30872,68,,,0,27,,30873,68,,,0,27,,30874,68,,,0,76,,30875,68,,,0,12,,30876,68,,,0,85,,30877,68,,,0
1901,'3',832,,30878,52,,,0,72,,30880,68,,,0,32,,30881,68,,,0,72,,30882,68,,,0,32,,30883,68,,,0,72,,30884,68,,,0,32,,30885,68,,,0,72,,30886,68,,,0,32,,30887,68,,,0,72,,30888,68,,,0,32,,30889,68,,,0,70,,30890,68,,,0,27,,30891,68,,,0,64,,30892,68,,,0,27,,30893,68,,,0,67,,30894,68,,,0,27,,30895,68,,,0,67,,30896,68,,,0,27,,30897,68,,,0,27,,30898,68,,,0,45,,30899,68,4,,0,34,,30900,68,,,0,72,,30901,68,,,0,32,,30902,68,,,0,72,,30903,68,,,0,32,,30904,68,,,0,72,,30905,68,,,0,35,,30906,68,,,0,69,,30907,68,4,,0,26,,30908,68,4,,0,13,,30879,68,4,,0
1901,'30',909,,30930,68,,,0,35,,30910,68,,,0,75,,30924,68,,,0,35,,30911,68,,,0,74,,30912,68,,,0,81,,30913,68,,,0,40,,30928,68,,,0,80,,30914,68,,,0,80,,30915,68,,,0,40,,30916,68,,,0,80,,30917,68,,,0,80,,30925,68,,,0,40,,30918,68,,,0,75,,30919,68,,,0,35,,30929,68,,,0,75,,30920,68,,,0,75,,30921,68,,,0,35,,30926,68,,,0,65,,30927,68,4,,0
1901,'4',909,,30951,68,,,0,35,,30931,68,,,0,75,,30945,68,,,0,35,,30932,68,,,0,74,,30933,68,,,0,81,,30934,68,,,0,40,,30949,68,,,0,80,,30935,68,,,0,80,,30936,68,,,0,40,,30937,68,,,0,80,,30938,68,,,0,80,,30946,68,,,0,40,,30939,68,,,0,75,,30940,68,,,0,35,,30950,68,,,0,75,,30941,68,,,0,75,,30942,68,,,0,35,,30947,68,,,0,65,,30948,68,4,,0
2000,'2',630,7,30953,36,,,0,16,,30956,36,,,0,66,,30959,1,,,0,8,,30954,36,,,0,15,,30955,36,,,0,15,,30957,36,,,0,55,,30979,36,,,0,15,,30980,36,,,0,15,,30981,36,,,0,15,,30982,36,,,0,55,,30983,36,,,0,15,,30984,36,,,0,15,,30985,36,,,0,15,,30986,36,,,0,55,,30987,36,,,0,15,,30988,36,,,0,15,,30989,36,,,0,15,,30990,36,,,0,55,,30991,36,,,0,10,,30992,36,,,0,15,,30993,36,,,0,15,,30994,36,,,0,55,,30995,36,,,0,15,,30996,36,,,0,15,,30997,36,,,0,15,,30998,36,,,0,55,,30999,36,,,0,15,,31000,36,,,0,15,,31001,36,,,0,15,,31002,36,,,0,10,,31003,36,,,0,55,,31004,36,,,0,15,,31005,36,,,0,15,,31006,36,,,0,15,,31007,36,,,0,55,,31008,36,,,0,15,,31009,36,,,0,15,,31010,36,,,0,15,,31011,36,,,0,55,,31012,36,,,0,15,,31013,36,,,0,15,,31014,36,,,0,15,,31015,36,,,0,55,,31016,36,,,0,19,,31017,36,,,0,21,,30958,36,,,0,55,,30960,36,,,0,16,,30961,36,,,0,16,,30962,36,,,0,13,,30971,36,,,0,53,,30963,36,,,0,15,,30964,36,,,0,20,,30965,36,,,0,72,,30966,36,,,0,13,,30967,36,,,0,27,,30968,36,,,0,66,,30969,36,,,0,19,,30972,36,,,0,71,,30973,36,,,0,26,,30974,36,,,0,26,,30975,36,,,0,66,,30952,36,,,0,30,,30977,36,,,0,65,,30978,36,,,0,12,,31018,36,4,,0,69,44,30976,36,,,0,13,,31019,36,4,,0
2000,'3',630,,31021,36,,,0,26,,31024,36,,,0,70,,31025,36,,,0,81,,31026,36,,,0,27,,31027,36,,,0,66,,31028,36,,,0,26,,31029,36,,,0,26,,31030,36,,,0,72,,31031,36,,,0,22,,31032,36,,,0,60,,31033,36,,,0,20,,31034,36,,,0,20,,31035,36,,,0,60,,31036,36,,,0,20,,31037,36,,,0,22,,31038,36,,,0,60,,31039,36,,,0,20,,31040,36,,,0,20,,31041,36,,,0,60,,31042,36,,,0,20,,31043,36,,,0,19,,31044,36,,,0,60,,31045,36,,,0,20,,31046,36,,,0,20,,31047,36,,,0,60,,31048,36,,,0,20,,31049,36,,,0,20,,31050,36,,,0,60,,31051,36,,,0,20,,31052,36,,,0,20,,31053,36,,,0,54,,31054,36,,,0,20,,31055,36,,,0,24,,31056,36,,,0,67,,31057,36,,,0,27,,31058,36,,,0,67,,31059,36,,,0,27,,31060,36,,,0,67,,31061,36,,,0,27,,31062,36,,,0,23,,31063,36,,,0,67,,31064,36,,,0,27,,31065,36,,,0,67,,31066,36,,,0,27,,31067,36,,,0,21,,31068,36,,,0,59,,31069,36,,,0,82,,31023,36,,,0
2000,'30',655,,31071,36,,,0,82,,31072,36,,,0,85,,31073,36,,,0,87,,31074,36,,,0,30,,31075,36,,,0,66,,31076,36,,,0,25,,31077,36,,,0,26,,31078,36,,,0,67,,31079,36,,,0,26,,31080,36,,,0,66,,31081,36,,,0,27,,31082,36,,,0,66,,31083,36,,,0,26,,31084,36,,,0,66,,31085,36,,,0,26,,31086,36,,,0,26,,31087,36,,,0,66,,31088,36,,,0,26,,31089,36,,,0,66,,31090,36,,,0,26,,31091,36,,,0,66,,31092,36,,,0,26,,31093,36,,,0,26,,31094,36,,,0,65,,31095,36,,,0,25,,31096,36,,,0,65,,31097,36,,,0,25,,31098,36,,,0,25,,31099,36,,,0,65,,31100,36,,,0,25,,31101,36,,,0,65,,31102,36,,,0,25,,31103,36,,,0,66,,31104,36,,,0,21,,31105,36,,,0,20,,31106,36,,,0,70,,31070,36,4,,0
2000,'4',655,,31108,36,,,0,82,,31109,36,,,0,85,,31110,36,,,0,87,,31111,36,,,0,30,,31112,36,,,0,66,,31113,36,,,0,25,,31114,36,,,0,26,,31115,36,,,0,67,,31116,36,,,0,26,,31117,36,,,0,66,,31118,36,,,0,27,,31119,36,,,0,66,,31120,36,,,0,26,,31121,36,,,0,66,,31122,36,,,0,26,,31123,36,,,0,26,,31124,36,,,0,66,,31125,36,,,0,26,,31126,36,,,0,66,,31127,36,,,0,26,,31128,36,,,0,66,,31129,36,,,0,26,,31130,36,,,0,26,,31131,36,,,0,65,,31132,36,,,0,25,,31133,36,,,0,65,,31134,36,,,0,25,,31135,36,,,0,25,,31136,36,,,0,65,,31137,36,,,0,25,,31138,36,,,0,65,,31139,36,,,0,25,,31140,36,,,0,66,,31141,36,,,0,21,,31142,36,,,0,20,,31143,36,,,0,70,,31107,36,4,,0
9400,'2',729,,33600,7,,,0,26,,33601,7,,,0,66,,33602,7,,,0,26,,33603,7,,,0,66,,33604,7,,,0,26,,33605,7,,,0,66,,33606,7,,,0,316,,33607,7,,,0,21,,33608,7,,,0,61,,33609,7,,,0,21,,33610,7,,,0,21,,33611,7,,,0,61,,33612,7,,,0,21,,33613,7,,,0,21,,33614,7,,,0,63,,33615,7,,,0,23,,33616,7,,,0,24,,33617,7,,,0,63,,33618,7,,,0,23,,33619,7,,,0,61,,33620,7,,,0
