601,'2',616,,44069,2,,,1,36,,44071,2,,,1,75,,44072,2,,,1,25,,44073,2,,,1,65,,44074,2,,,1,25,,44075,2,,,1,69,,44077,2,,,1,25,,44078,2,,,1,70,,44079,2,,,1,30,,44080,2,,,1,65,,44081,2,,,1,30,,44082,2,,,1,28,,44083,2,,,1,70,,44084,2,,,1,30,,44085,2,,,1,65,,44086,2,,,1,31,,44087,2,,,1,70,,44088,2,,,1,30,,44089,2,,,1,70,,44090,2,,,1,28,,44091,2,,,1,65,,44092,2,,,1,30,,44093,2,,,1,70,,44094,2,,,1,31,,44095,2,,,1,65,,44096,2,,,1,25,,44097,2,,,1,65,,44098,2,,,1,25,,44099,2,,,1,21,,44100,2,,,1,65,,44101,2,,,1,27,,44102,2,,,1,65,,44103,2,,,1,25,,44104,2,,,1,25,,44105,2,,,1,65,,44106,2,,,1,25,,44107,2,,,1,65,,44108,2,,,1,26,,44109,2,,,1,67,,44110,2,,,1,43,,44111,2,,,1
601,'3',607,,44113,2,,,1,33,,44114,2,,,1,75,,44115,2,,,1,33,,44116,2,,,1,75,,44117,2,,,1,35,,44118,2,,,1,75,,44119,2,,,1,26,,44120,2,,,1,60,,44121,2,,,1,30,,44122,2,,,1,65,,44123,2,,,1,20,,44124,2,,,1,68,,44126,2,,,1,20,,44127,2,,,1,20,,44128,2,,,1,60,,44129,2,,,1,20,,44130,2,,,1,20,,44131,2,,,1,59,,44132,2,,,1,20,,44133,2,,,1,20,,44134,2,,,1,60,,44135,2,,,1,20,,44136,2,,,1,20,,44137,2,,,1,60,,44138,2,,,1,20,,44139,2,,,1,20,,44140,2,,,1,60,,44141,2,,,1,20,,44142,2,,,1,20,,44143,2,,,1,60,,44144,2,,,1,20,,44146,2,,,1,18,,44145,2,0,37 3 45,1,18,,44147,2,,,1,65,,44148,2,,,1,25,,44149,2,,,1,65,,44150,2,,,1,28,,44151,2,,,1,60,,44152,2,0,37 3 45,1,21,,44153,2,,,1,30,,44154,2,,,1,76,,44155,2,,,1,76,,44156,2,,,1,36,,44157,2,,,1,73,,44158,2,,,1,35,,44159,2,,,1
601,'30',903,,44160,2,,,1,33,,44161,2,,,1,75,,44162,2,,,1,35,,44163,2,,,1,78,,44164,2,,,1,79,,44165,2,,,1,25,,44166,2,,,1,25,,44167,2,,,1,65,,44168,2,,,1,25,,44169,2,,,1,65,,44170,2,,,1,25,,44171,2,,,1,25,,44172,2,,,1,65,,44173,2,,,1,25,,44174,2,,,1,65,,44175,2,,,1,25,,44176,2,,,1,69,,44177,2,,,1,25,,44178,2,,,1,13,,44179,2,0,37 3 45,1,64,,44180,2,,,1,32,,44181,2,,,1,75,,44182,2,,,1,35,,44183,2,,,1,75,,44184,2,,,1,75,,44185,2,,,1,35,,44186,2,,,1,75,,44187,2,,,1,35,,44189,2,,,1,73,,44188,2,0,37 3 45,1
601,'4',903,,44190,2,,,1,33,,44191,2,,,1,75,,44192,2,,,1,35,,44193,2,,,1,78,,44194,2,,,1,79,,44195,2,,,1,25,,44196,2,,,1,25,,44197,2,,,1,65,,44198,2,,,1,25,,44199,2,,,1,65,,44200,2,,,1,25,,44201,2,,,1,25,,44202,2,,,1,65,,44203,2,,,1,25,,44204,2,,,1,65,,44205,2,,,1,25,,44206,2,,,1,69,,44207,2,,,1,25,,44208,2,,,1,13,,44209,2,0,37 3 45,1,64,,44210,2,,,1,32,,44211,2,,,1,75,,44212,2,,,1,35,,44213,2,,,1,75,,44214,2,,,1,75,,44215,2,,,1,35,,44216,2,,,1,75,,44217,2,,,1,35,,44219,2,,,1,73,,44218,2,0,37 3 45,1
1300,'11802',824,,45507,10,,,1,728,,45508,10,,,1,169,,45509,10,,,1
1300,'2',616,,45511,10,0,10 18 19 20,1,18,,45512,10,,,1,14,,45513,10,0,10 18 19 20,1,53,,45514,10,,,1,10,,45515,10,0,10 18 19 20,1,15,,45516,10,,,1,15,,45517,10,0,10 18 19 20,1,15,,45518,10,,,1,55,,45519,10,0,10 18 19 20,1,15,,45520,10,,,1,15,,45521,10,0,10 18 19 20,1,15,,45522,10,,,1,55,,45523,10,0,10 18 19 20,1,15,,45524,10,,,1,15,,45525,10,0,10 18 19 20,1,10,,45526,10,,,1,55,,45527,10,0,10 18 19 20,1,15,,45528,10,,,1,15,,45529,10,0,10 18 19 20,1,15,,45530,10,,,1,55,,45531,10,0,10 18 19 20,1,15,,45532,10,,,1,15,,45533,10,0,10 18 19 20,1,10,,45534,10,,,1,55,,45535,10,0,10 18 19 20,1,15,,45536,10,,,1,15,,45537,10,0,10 18 19 20,1,15,,45538,10,,,1,55,,45539,10,0,10 18 19 20,1,15,,45540,10,,,1,15,,45541,10,0,10 18 19 20,1,15,,45542,10,,,1,55,,45543,10,0,10 18 19 20,1,15,,45544,10,,,1,15,,45545,10,0,10 18 19 20,1,15,,45546,10,,,1,55,,45547,10,0,10 18 19 20,1,15,,45548,10,,,1,15,,45549,10,0,10 18 19 20,1,15,,45550,10,,,1,12,,45551,10,0,10 18 19 20,1,55,,45552,10,,,1,15,,45553,10,0,10 18 19 20,1,15,,45554,10,,,1,15,,45555,10,0,10 18 19 20,1,55,,45556,10,,,1,15,,45557,10,0,10 18 19 20,1,15,,45558,10,,,1,58,,45559,10,0,10 18 19 20,1,20,,45564,10,,,1,20,,45560,10,0,10 18 19 20,1,60,,45565,10,,,1,20,,45561,10,0,10 18 19 20,1,20,,45566,10,,,1,60,,45562,10,0,10 18 19 20,1,20,,45567,10,,,1,20,,45563,10,,,1,70,,45568,10,0,10 18 19 20,1,25,,45571,10,,,1,65,,45569,10,0,10 18 19 20,1,27,,45572,10,,,1,73,,45570,10,0,10 18 19 20,1,30,,45573,10,,,1,28,,45575,10,0,10 18 19 20,1,87,,45574,10,,,1
1300,'3',616,,45580,10,0,10 18 19 20,1,38,,45581,10,,,1,75,,45582,10,0,10 18 19 20,1,73,,45583,10,,,1,11,,45587,10,0,10 18 19 20,1,16,,45584,10,,,1,16,,45588,10,0,10 18 19 20,1,56,,45585,10,,,1,16,,45589,10,,,1,16,,45586,10,0,10 18 19 20,1,16,,45590,10,,,1,55,,45591,10,0,10 18 19 20,1,15,,45596,10,,,1,15,,45592,10,0,10 18 19 20,1,15,,45597,10,,,1,55,,45593,10,0,10 18 19 20,1,15,,45598,10,,,1,15,,45594,10,0,10 18 19 20,1,15,,45599,10,,,1,54,,45595,10,,,1,15,,45600,10,0,10 18 19 20,1,15,,45609,10,,,1,15,,45601,10,0,10 18 19 20,1,55,,45610,10,,,1,15,,45602,10,0,10 18 19 20,1,15,,45611,10,,,1,15,,45603,10,0,10 18 19 20,1,55,,45612,10,,,1,15,,45604,10,0,10 18 19 20,1,15,,45613,10,,,1,15,,45605,10,0,10 18 19 20,1,55,,45614,10,,,1,15,,45606,10,0,10 18 19 20,1,15,,45615,10,,,1,15,,45607,10,0,10 18 19 20,1,55,,45616,10,,,1,15,,45608,10,0,10 18 19 20,1,10,,45617,10,,,1,15,,45620,10,0,10 18 19 20,1,15,,45618,10,,,1,55,,45621,10,0,10 18 19 20,1,15,,45619,10,,,1,15,,45622,10,,,1,14,,45623,10,0,10 18 19 20,1,55,,45647,10,,,1,15,,45627,10,,,1,15,,45624,10,0,10 18 19 20,1,60,,45628,10,,,1,15,,45625,10,0,10 18 19 20,1,20,,45629,10,,,1,20,,45626,10,0,10 18 19 20,1,60,,45630,10,,,1,20,,45634,10,,,1,70,,45631,10,0,10 18 19 20,1,25,,45635,10,,,1,25,,45632,10,0,10 18 19 20,1,70,,45636,10,,,1,30,,45633,10,0,10 18 19 20,1,59,,45637,10,,,1,20,,45638,10,0,10 18 19 20,1,73,,45640,10,,,1,37,,45639,10,0,10 18 19 20,1
1300,'30',644,,45670,10,,,1,83,,45672,10,0,10 18 19 20,1,75,,45671,10,,,1,35,,45673,10,0,10 18 19 20,1,75,,45658,10,,,1,30,,45669,10,0,10 18 19 20,1,15,,45657,10,,,1,70,,45668,10,0,10 18 19 20,1,30,,45656,10,,,1,70,,45667,10,0,10 18 19 20,1,24,,45655,10,,,1,71,,45666,10,0,10 18 19 20,1,30,,45654,10,,,1,70,,45665,10,0,10 18 19 20,1,30,,45653,10,,,1,70,,45664,10,0,10 18 19 20,1,30,,45652,10,,,1,70,,45663,10,0,10 18 19 20,1,30,,45651,10,,,1,70,,45662,10,0,10 18 19 20,1,30,,45650,10,,,1,70,,45661,10,0,10 18 19 20,1,25,,45649,10,,,1,70,,45660,10,0,10 18 19 20,1,31,,45648,10,,,1,66,,45674,10,0,10 18 19 20,1,20,,45677,10,,,1,70,,45675,10,0,10 18 19 20,1,30,,45678,10,,,1,70,,45676,10,0,10 18 19 20,1,30,,45679,10,0,10 18 19 20,1,71,,45680,10,,,1,42,,45659,10,0,10 18 19 20,1
1300,'4',644,,45703,10,,,1,83,,45705,10,0,10 18 19 20,1,75,,45704,10,,,1,35,,45706,10,0,10 18 19 20,1,75,,45691,10,,,1,30,,45702,10,0,10 18 19 20,1,15,,45690,10,,,1,70,,45701,10,0,10 18 19 20,1,30,,45689,10,,,1,70,,45700,10,0,10 18 19 20,1,24,,45688,10,,,1,71,,45699,10,0,10 18 19 20,1,30,,45687,10,,,1,70,,45698,10,0,10 18 19 20,1,30,,45686,10,,,1,70,,45697,10,0,10 18 19 20,1,30,,45685,10,,,1,70,,45696,10,0,10 18 19 20,1,30,,45684,10,,,1,70,,45695,10,0,10 18 19 20,1,30,,45683,10,,,1,70,,45694,10,0,10 18 19 20,1,25,,45682,10,,,1,70,,45693,10,0,10 18 19 20,1,31,,45681,10,,,1,66,,45707,10,0,10 18 19 20,1,20,,45710,10,,,1,70,,45708,10,0,10 18 19 20,1,30,,45711,10,,,1,70,,45709,10,0,10 18 19 20,1,30,,45712,10,0,10 18 19 20,1,71,,45713,10,,,1,42,,45692,10,0,10 18 19 20,1
3400,'2',630,,48948,40,0,14,1,81,,48949,40,0,14,1,35,,48964,40,0,14,1,80,,48959,40,0,14,1,82,,48958,40,0,14,1,41,,48960,40,0,14,1,80,,48950,40,0,14,1,80,,48951,40,0,14,1,40,,48952,40,0,14,1,85,,48953,40,0,14,1,80,,48954,40,0,14,1,40,,48955,40,0,14,1,83,,48956,40,0,14,1,80,,48957,40,0,14,1,40,,48965,40,0,14,1,78,,48966,40,0,14,1,80,,48967,40,0,14,1,40,,48968,40,0,14,1,78,,48969,40,0,14,1,80,,48970,40,0,14,1,40,,48976,40,0,14,1,80,,48971,40,0,14,1,80,,48972,40,0,14,1,39,,48973,40,0,14,1,80,,48975,40,0,14,1,80,,48974,40,0,14,1,40,,48961,40,0,14,1
3400,'3',816,,48986,40,0,14,1,39,,48984,40,0,14,1,80,,48985,40,0,14,1,82,,48977,40,0,14,1,42,,48978,40,0,14,1,80,,48979,40,0,14,1,80,,48980,40,0,14,1,40,,48981,40,0,14,1,80,,48982,40,0,14,1,80,,48983,40,0,14,1,82,,48987,40,0,14,1,40,,48988,40,0,14,1,80,,48989,40,0,14,1,80,,48990,40,0,14,1,40,,48991,40,0,14,1,80,,48992,40,0,14,1,82,,48993,40,0,14,1,40,,48994,40,0,14,1,80,,48995,40,0,14,1,80,,48996,40,0,14,1,34,,48997,40,0,14,1,80,,48998,40,0,14,1,40,,48999,40,0,14,1
3400,'30',1030,,49000,40,0,14,1,80,,49001,40,0,14,1,40,,49002,40,0,14,1,80,,49003,40,0,14,1,80,,49004,40,0,14,1,40,,49005,40,0,14,1,77,,49006,40,0,14,1,80,,49007,40,0,14,1,40,,49008,40,0,14,1,80,,49009,40,0,14,1,80,,49010,40,0,14,1,40,,49011,40,0,14,1,80,,49012,40,0,14,1,80,,49013,40,0,14,1,40,,49014,40,0,14,1,80,,49015,40,0,14,1,80,,49016,40,0,14,1
3400,'4',1030,,49017,40,0,14,1,80,,49018,40,0,14,1,40,,49019,40,0,14,1,80,,49020,40,0,14,1,80,,49021,40,0,14,1,40,,49022,40,0,14,1,77,,49023,40,0,14,1,80,,49024,40,0,14,1,40,,49025,40,0,14,1,80,,49026,40,0,14,1,80,,49027,40,0,14,1,40,,49028,40,0,14,1,80,,49029,40,0,14,1,80,,49030,40,0,14,1,40,,49031,40,0,14,1,80,,49032,40,0,14,1,80,,49033,40,0,14,1
