1000,'11802',711,,44877,41,0,18 19 20,1,141,,44878,41,0,18 19 20,1,651,,44879,41,0,18 19 20,1,145,,44880,41,0,18 19 20,1
1000,'2',545,,44882,26,,,1,55,,44883,26,,,1,15,,44884,41,,,1,15,,44885,26,,,1,15,,44893,41,,,1,55,,44894,26,,,1,15,,44892,41,,,1,15,,44895,26,,,1,17,,44886,41,,,1,56,,44932,41,,,1,17,,44887,41,,,1,14,,44933,41,,,1,15,,44891,41,,,1,58,,44890,41,,,1,34,,44888,41,,,1,70,,44899,41,,,1,30,,44898,41,,,1,70,,44897,41,,,1,30,,44896,41,,,1,70,,44903,41,,,1,16,,44904,26,,,1,15,,44902,41,,,1,64,,44936,26,,,1,6,,44901,41,,,1,25,,44900,41,,,1,64,,44937,26,,,1,12,,44906,41,,,1,21,,44905,41,,,1,20,,44934,41,,,1,55,,44907,41,,,1,15,,44935,41,,,1,15,,44908,41,,,1,17,,44915,41,,,1,53,,44909,41,,,1,17,,44910,41,,,1,16,,44911,41,,,1,14,,44912,41,,,1,56,,44913,41,,,1,15,,44938,41,,,1,15,,44914,41,,,1,58,,44939,41,0,18 19 20,1,15,,44916,41,,,1,14,,44917,41,,,1,74,,44918,41,,,1,36,,44919,41,,,1,76,,44920,41,,,1,29,,44921,41,,,1,70,,44922,41,,,1,33,,44923,41,,,1,78,,44924,41,,,1,33,,44925,41,,,1,70,,44926,41,,,1,75,,44927,41,,,1,35,,44928,41,,,1,70,,44929,41,,,1
1000,'3',558,,44944,26,,,1,75,,44941,26,,,1,71,,44942,41,,,1,35,,44943,41,,,1,75,,44945,41,,,1,30,,44946,41,,,1,15,,44947,41,,,1,70,,44948,41,,,1,30,,44949,41,,,1,70,,44950,41,,,1,30,,44951,41,,,1,70,,44952,41,,,1,30,,44953,41,,,1,70,,44954,41,,,1,30,,44955,41,,,1,70,,44956,41,,,1,30,,44957,41,,,1,70,,44958,41,,,1,30,,44959,41,,,1,65,,44960,41,,,1,20,,44961,41,,,1,70,,44962,41,,,1,30,,44963,41,,,1,70,,44964,41,,,1,30,,44965,41,,,1,70,,44966,41,,,1,25,,44967,41,,,1,70,,44968,41,,,1,30,,44969,41,,,1,70,,44970,41,,,1,30,,44971,41,,,1,65,,44975,41,,,1,25,,44976,41,,,1,25,,44977,41,,,1,65,,44978,41,,,1,25,,44979,41,,,1,70,,44980,41,,,1,30,,44981,41,,,1,92,,44982,41,,,1,16,,44972,41,0,18 19 20,1
1000,'30',651,,44983,26,,,1,75,,45019,41,,,1,20,,44984,41,,,1,75,,45018,41,,,1,20,,44985,41,,,1,68,,44986,41,,,1,30,,44987,41,,,1,70,,44988,41,,,1,25,,44989,41,,,1,25,,44990,41,,,1,65,,44991,41,,,1,25,,44992,41,,,1,70,,44993,41,,,1,30,,44994,41,,,1,70,,44995,41,,,1,30,,44996,41,,,1,70,,44997,41,,,1,30,,44998,41,,,1,70,,44999,41,,,1,30,,45000,41,,,1,70,,45001,41,,,1,30,,45002,41,,,1,70,,45005,41,,,1,30,,45006,41,,,1,70,,45007,41,,,1,30,,45008,41,,,1,70,,45009,41,,,1,26,,45010,41,,,1,70,,45011,41,,,1,30,,45012,41,,,1,70,,45013,41,,,1,30,,45014,41,,,1,70,,45015,41,,,1,34,,45016,41,,,1
1000,'4',651,,45020,26,,,1,75,,45056,41,,,1,20,,45021,41,,,1,75,,45055,41,,,1,20,,45022,41,,,1,68,,45023,41,,,1,30,,45024,41,,,1,70,,45025,41,,,1,25,,45026,41,,,1,25,,45027,41,,,1,65,,45028,41,,,1,25,,45029,41,,,1,70,,45030,41,,,1,30,,45031,41,,,1,70,,45032,41,,,1,30,,45033,41,,,1,70,,45034,41,,,1,30,,45035,41,,,1,70,,45036,41,,,1,30,,45037,41,,,1,70,,45038,41,,,1,30,,45039,41,,,1,70,,45042,41,,,1,30,,45043,41,,,1,70,,45044,41,,,1,30,,45045,41,,,1,70,,45046,41,,,1,26,,45047,41,,,1,70,,45048,41,,,1,30,,45049,41,,,1,70,,45050,41,,,1,30,,45051,41,,,1,70,,45052,41,,,1,34,,45053,41,,,1
1300,'2',701,,45511,65,0,10 18 19 20,1,30,,45513,65,0,10 18 19 20,1,25,,45515,65,0,10 18 19 20,1,70,,45517,65,0,10 18 19 20,1,30,,45519,65,0,10 18 19 20,1,69,,45521,65,0,10 18 19 20,1,31,,45523,65,0,10 18 19 20,1,70,,45525,65,0,10 18 19 20,1,25,,45527,65,0,10 18 19 20,1,70,,45529,65,0,10 18 19 20,1,30,,45531,65,0,10 18 19 20,1,70,,45533,65,0,10 18 19 20,1,28,,45535,65,0,10 18 19 20,1,70,,45537,65,0,10 18 19 20,1,30,,45539,65,0,10 18 19 20,1,72,,45541,65,0,10 18 19 20,1,31,,45543,65,0,10 18 19 20,1,70,,45545,65,0,10 18 19 20,1,30,,45547,65,0,10 18 19 20,1,70,,45549,65,0,10 18 19 20,1,31,,45551,65,0,10 18 19 20,1,70,,45553,65,0,10 18 19 20,1,30,,45555,65,0,10 18 19 20,1,69,,45557,65,0,10 18 19 20,1,27,,45559,65,0,10 18 19 20,1,80,,45560,65,0,10 18 19 20,1,80,,45561,65,0,10 18 19 20,1,40,,45562,65,0,10 18 19 20,1,105,,45568,65,0,10 18 19 20,1,90,,45569,65,0,10 18 19 20,1,100,,45570,65,0,10 18 19 20,1,92,,45575,65,0,10 18 19 20,1
1300,'3',659,,45580,65,0,10 18 19 20,1,150,,45582,65,0,10 18 19 20,1,48,,45587,65,0,10 18 19 20,1,72,,45588,65,0,10 18 19 20,1,88,,45586,65,0,10 18 19 20,1,32,,45591,65,0,10 18 19 20,1,70,,45592,65,0,10 18 19 20,1,30,,45593,65,0,10 18 19 20,1,71,,45594,65,0,10 18 19 20,1,88,,45600,65,0,10 18 19 20,1,30,,45601,65,0,10 18 19 20,1,69,,45602,65,0,10 18 19 20,1,29,,45603,65,0,10 18 19 20,1,70,,45604,65,0,10 18 19 20,1,30,,45605,65,0,10 18 19 20,1,70,,45606,65,0,10 18 19 20,1,30,,45607,65,0,10 18 19 20,1,70,,45608,65,0,10 18 19 20,1,25,,45620,65,0,10 18 19 20,1,70,,45621,65,0,10 18 19 20,1,44,,45623,65,0,10 18 19 20,1,85,,45624,65,0,10 18 19 20,1,75,,45625,65,0,10 18 19 20,1,40,,45626,65,0,10 18 19 20,1,104,,45631,65,0,10 18 19 20,1,90,,45632,65,0,10 18 19 20,1,100,,45633,65,0,10 18 19 20,1,77,,45638,65,0,10 18 19 20,1,109,,45639,65,0,10 18 19 20,1
1300,'30',812,,45672,65,0,10 18 19 20,1,110,,45673,65,0,10 18 19 20,1,105,,45669,65,0,10 18 19 20,1,85,,45668,65,0,10 18 19 20,1,100,,45667,65,0,10 18 19 20,1,98,,45666,65,0,10 18 19 20,1,100,,45665,65,0,10 18 19 20,1,100,,45664,65,0,10 18 19 20,1,100,,45663,65,0,10 18 19 20,1,100,,45662,65,0,10 18 19 20,1,100,,45661,65,0,10 18 19 20,1,95,,45660,65,0,10 18 19 20,1,50,,45674,65,0,10 18 19 20,1,90,,45675,65,0,10 18 19 20,1,100,,45676,65,0,10 18 19 20,1,70,,45679,65,0,10 18 19 20,1,114,,45659,65,0,10 18 19 20,1
1300,'4',812,,45705,65,0,10 18 19 20,1,110,,45706,65,0,10 18 19 20,1,105,,45702,65,0,10 18 19 20,1,85,,45701,65,0,10 18 19 20,1,100,,45700,65,0,10 18 19 20,1,98,,45699,65,0,10 18 19 20,1,100,,45698,65,0,10 18 19 20,1,100,,45697,65,0,10 18 19 20,1,100,,45696,65,0,10 18 19 20,1,100,,45695,65,0,10 18 19 20,1,100,,45694,65,0,10 18 19 20,1,95,,45693,65,0,10 18 19 20,1,50,,45707,65,0,10 18 19 20,1,90,,45708,65,0,10 18 19 20,1,100,,45709,65,0,10 18 19 20,1,70,,45712,65,0,10 18 19 20,1,114,,45692,65,0,10 18 19 20,1
9501,'2',618,,50219,6,,,1,30,,50229,10,,,1,70,,50230,10,,,1,32,,50231,10,,,1,72,,50232,10,,,1,32,,50233,10,,,1,561,,50221,6,,,1,32,,50223,10,,,1,75,,50224,10,,,1,35,,50225,10,,,1,76,,50226,10,,,1,76,,50227,10,,,1,35,,50228,10,,,1
