401,'2',601,,27230,40,0,10 40 41,0,36,,27229,46,0,13 40 41,0,82,,27228,40,0,10 40 41,0,15,,27227,46,0,13 40 41,0,10,,27226,12,,,0,57,,27225,40,0,10 40 41,0,15,,27224,40,0,10 40 41,0,15,,27223,46,0,13 40 41,0,15,,27222,40,0,10 40 41,0,55,,27221,46,0,13 40 41,0,15,,27220,40,0,10 40 41,0,15,,27219,46,0,13 40 41,0,15,,27218,40,0,10 40 41,0,55,,27217,46,0,13 40 41,0,20,,27216,40,0,10 40 41,0,20,,27215,46,0,13 40 41,0,60,,27214,40,0,10 40 41,0,20,,27213,46,0,13 40 41,0,21,,27212,40,0,10 40 41,0,60,,27211,46,0,13 40 41,0,20,,27210,40,0,10 40 41,0,20,,27209,46,0,13 40 41,0,60,,27208,40,0,10 40 41,0,20,,27207,46,0,13 40 41,0,20,,27206,40,0,10 40 41,0,60,,27205,46,0,13 40 41,0,21,,27204,40,0,10 40 41,0,15,,27234,46,0,13 40 41,0,19,,27242,40,0,10 40 41,0,55,,27235,46,0,13 40 41,0,15,,27243,40,0,10 40 41,0,15,,27236,46,0,13 40 41,0,15,,27244,40,0,10 40 41,0,56,,27237,46,0,13 40 41,0,15,,27245,40,0,10 40 41,0,15,,27238,46,0,13 40 41,0,15,,27246,40,0,10 40 41,0,55,,27239,46,0,13 40 41,0,15,,27247,40,0,10 40 41,0,15,,27240,46,0,13 40 41,0,15,,27248,40,0,10 40 41,0,50,,27241,46,0,13 40 41,0,17,,27251,40,0,10 40 41,0,21,,27256,46,0,13 40 41,0,60,,27252,40,0,10 40 41,0,20,,27257,46,0,13 40 41,0,20,,27253,40,0,10 40 41,0,60,,27258,46,0,13 40 41,0,20,,27254,40,0,10 40 41,0,20,,27259,46,0,13 40 41,0,68,,27255,40,0,10 40 41,0,33,,27260,46,0,13 40 41,0,70,,27263,40,0,10 40 41,0,30,,27261,46,0,13 40 41,0,70,,27264,40,0,10 40 41,0,30,,27262,46,0,13 40 41,0,70,,27265,40,0,10 40 41,0,90,,27266,46,0,13 40 41,0
401,'3',636,,27272,40,0,10 40 41,0,70,,27273,46,0,13 40 41,0,20,,27280,40,0,10 40 41,0,30,,27274,46,0,13 40 41,0,71,,27281,40,0,10 40 41,0,30,,27275,46,0,13 40 41,0,70,,27282,40,0,10 40 41,0,30,,27276,46,0,13 40 41,0,72,,27283,40,0,10 40 41,0,30,,27277,46,0,13 40 41,0,70,,27284,40,0,10 40 41,0,30,,27278,46,0,13 40 41,0,70,,27285,40,0,10 40 41,0,30,,27279,46,0,13 40 41,0,66,,27286,40,0,10 40 41,0,27,,27292,46,0,13 40 41,0,66,,27287,40,0,10 40 41,0,25,,27293,46,0,13 40 41,0,65,,27288,40,0,10 40 41,0,25,,27294,46,0,13 40 41,0,25,,27289,40,0,10 40 41,0,65,,27295,46,0,13 40 41,0,25,,27290,40,0,10 40 41,0,65,,27296,46,0,13 40 41,0,25,,27291,40,0,10 40 41,0,65,,27304,46,0,13 40 41,0,24,,27300,40,0,10 40 41,0,25,,27305,46,0,13 40 41,0,65,,27301,40,0,10 40 41,0,25,,27306,46,0,13 40 41,0,65,,27302,40,0,10 40 41,0,25,,27307,46,0,13 40 41,0,25,,27303,40,0,10 40 41,0,64,,27308,46,0,13 40 41,0,17,,27309,40,0,10 40 41,0,70,,27313,46,0,13 40 41,0,30,,27310,40,0,10 40 41,0,70,,27314,46,0,13 40 41,0,30,,27311,40,0,10 40 41,0,70,,27315,46,0,13 40 41,0,28,,27312,40,0,10 40 41,0,72,,27298,46,0,13 40 41,0
401,'30',706,,27348,40,0,10 40 41,0,45,,27347,46,0,13 40 41,0,85,,27346,40,0,10 40 41,0,86,,27317,46,0,13 40 41,0,85,,27318,40,0,10 40 41,0,30,,27319,46,0,13 40 41,0,64,,27320,40,0,10 40 41,0,30,,27321,46,0,13 40 41,0,27,,27322,40,0,10 40 41,0,71,,27323,46,0,13 40 41,0,29,,27324,40,0,10 40 41,0,72,,27325,46,0,13 40 41,0,70,,27326,40,0,10 40 41,0,30,,27327,46,0,13 40 41,0,70,,27328,40,0,10 40 41,0,30,,27329,46,0,13 40 41,0,70,,27330,40,0,10 40 41,0,30,,27331,46,0,13 40 41,0,70,,27332,40,0,10 40 41,0,29,,27333,46,0,13 40 41,0,30,,27334,40,0,10 40 41,0,70,,27335,46,0,13 40 41,0,30,,27336,40,0,10 40 41,0,70,,27337,46,0,13 40 41,0,28,,27338,40,0,10 40 41,0,72,,27339,46,0,13 40 41,0,30,,27340,40,0,10 40 41,0,72,,27341,46,0,13 40 41,0,28,,27342,40,0,10 40 41,0,70,,27343,46,0,13 40 41,0,78,,27316,40,0,10 40 41,0
401,'4',706,,27381,40,0,10 40 41,0,45,,27380,46,0,13 40 41,0,85,,27379,40,0,10 40 41,0,86,,27350,46,0,13 40 41,0,85,,27351,40,0,10 40 41,0,30,,27352,46,0,13 40 41,0,64,,27353,40,0,10 40 41,0,30,,27354,46,0,13 40 41,0,27,,27355,40,0,10 40 41,0,71,,27356,46,0,13 40 41,0,29,,27357,40,0,10 40 41,0,72,,27358,46,0,13 40 41,0,70,,27359,40,0,10 40 41,0,30,,27360,46,0,13 40 41,0,70,,27361,40,0,10 40 41,0,30,,27362,46,0,13 40 41,0,70,,27363,40,0,10 40 41,0,30,,27364,46,0,13 40 41,0,70,,27365,40,0,10 40 41,0,29,,27366,46,0,13 40 41,0,30,,27367,40,0,10 40 41,0,70,,27368,46,0,13 40 41,0,30,,27369,40,0,10 40 41,0,70,,27370,46,0,13 40 41,0,28,,27371,40,0,10 40 41,0,72,,27372,46,0,13 40 41,0,30,,27373,40,0,10 40 41,0,72,,27374,46,0,13 40 41,0,28,,27375,40,0,10 40 41,0,70,,27376,46,0,13 40 41,0,78,,27349,40,0,10 40 41,0
1700,'2',631,,30402,38,0,10 23 20,0,20,,30403,46,0,13 23 20,0,60,,30443,38,0,10 23 20,0,20,,30404,46,0,13 23 20,0,21,,30444,38,0,10 23 20,0,59,,30405,46,0,13 23 20,0,20,,30406,38,0,10 23 20,0,18,,30407,46,0,13 23 20,0,61,,30408,38,0,10 23 20,0,20,,30409,46,0,13 23 20,0,20,,30410,38,0,10 23 20,0,60,,30411,46,0,13 23 20,0,20,,30412,38,0,10 23 20,0,20,,30413,46,0,13 23 20,0,60,,30414,38,0,10 23 20,0,20,,30415,46,0,13 23 20,0,20,,30416,38,0,10 23 20,0,59,,30417,46,0,13 23 20,0,20,,30418,38,0,10 23 20,0,21,,30419,46,0,13 23 20,0,61,,30420,38,0,10 23 20,0,25,,30421,46,0,13 23 20,0,23,,30422,38,0,10 23 20,0,61,,30423,46,0,13 23 20,0,20,,30424,38,0,10 23 20,0,60,,30425,46,0,13 23 20,0,18,,30426,38,0,10 23 20,0,20,,30427,46,0,13 23 20,0,17,,30428,38,0,10 23 20,0,55,,30429,46,0,13 23 20,0,21,,30430,38,0,10 23 20,0,23,,30431,46,0,13 23 20,0,60,,30432,38,0,10 23 20,0,20,,30433,46,0,13 23 20,0,22,,30434,38,0,10 23 20,0,53,,30435,46,0,13 23 20,0,23,,30436,38,0,10 23 20,0,23,,30445,38,0,10 23 20,0,61,,30438,46,0,13 23 20,0,14,,30392,38,0,10 23 20,0,19,,30401,38,0,10 23 20,0,59,,30400,38,0,10 23 20,0,19,,30399,38,0,10 23 20,0,19,,30398,38,0,10 23 20,0,59,,30397,38,0,10 23 20,0,17,,30396,38,0,10 23 20,0,21,,30394,38,0,10 23 20,0,70,,30395,38,0,10 23 20,0,25,,30393,38,0,10 23 20,0,20,,30439,38,0,10 23 20,0,65,,30440,38,0,10 23 20,0,25,,30441,38,0,10 23 20,0,65,,30442,38,0,10 23 20,0,22,,30446,38,0,10 23 20,0,65,,30447,38,0,10 23 20,0
1700,'3',625,,30482,38,0,10 23 20,0,78,,30480,38,0,10 23 20,0,36,,30481,38,0,10 23 20,0,80,,30479,38,0,10 23 20,0,35,,30478,38,0,10 23 20,0,70,,30477,38,0,10 23 20,0,82,,30476,38,0,10 23 20,0,31,,30475,38,0,10 23 20,0,72,,30474,38,0,10 23 20,0,30,,30483,38,0,10 23 20,0,70,,30473,38,0,10 23 20,0,31,,30472,38,0,10 23 20,0,70,,30471,38,0,10 23 20,0,30,,30470,38,0,10 23 20,0,70,,30469,38,0,10 23 20,0,30,,30468,38,0,10 23 20,0,70,,30467,38,0,10 23 20,0,30,,30466,38,0,10 23 20,0,70,,30465,38,0,10 23 20,0,30,,30464,38,0,10 23 20,0,70,,30463,38,0,10 23 20,0,30,,30462,38,0,10 23 20,0,68,,30461,38,0,10 23 20,0,30,,30460,38,0,10 23 20,0,68,,30459,38,0,10 23 20,0,30,,30458,38,0,10 23 20,0,20,,30457,38,0,10 23 20,0,70,,30456,38,0,10 23 20,0,30,,30455,38,0,10 23 20,0,70,,30454,38,0,10 23 20,0,14,,30453,38,0,10 23 20,0,69,,30452,38,0,10 23 20,0,30,,30451,38,0,10 23 20,0,70,,30450,38,0,10 23 20,0,15,,30484,38,0,10 23 20,0,30,,30449,38,0,10 23 20,0,63,,30485,38,0,10 23 20,0,19,,30486,38,0,10 23 20,0,20,,30487,38,0,10 23 20,0
1700,'30',651,,30518,38,0,10 23 20,0,75,,30519,38,0,10 23 20,0,75,,30520,38,0,10 23 20,0,35,,30521,38,0,10 23 20,0,75,,30491,38,0,10 23 20,0,30,,30492,38,0,10 23 20,0,70,,30493,38,0,10 23 20,0,30,,30494,38,0,10 23 20,0,65,,30495,38,0,10 23 20,0,25,,30496,38,0,10 23 20,0,22,,30497,38,0,10 23 20,0,72,,30498,38,0,10 23 20,0,30,,30499,38,0,10 23 20,0,65,,30500,38,0,10 23 20,0,25,,30501,38,0,10 23 20,0,70,,30502,38,0,10 23 20,0,30,,30503,38,0,10 23 20,0,68,,30504,38,0,10 23 20,0,30,,30505,38,0,10 23 20,0,70,,30506,38,0,10 23 20,0,30,,30507,38,0,10 23 20,0,70,,30508,38,0,10 23 20,0,30,,30509,38,0,10 23 20,0,60,,30510,38,0,10 23 20,0,28,,30511,38,0,10 23 20,0,70,,30512,38,0,10 23 20,0,30,,30513,38,0,10 23 20,0,80,,30514,38,0,10 23 20,0,35,,30515,38,0,10 23 20,0,75,,30516,38,0,10 23 20,0,35,,30517,38,0,10 23 20,0,71,,30490,38,0,10 23 20,0,30,,30523,38,0,10 23 20,0,75,,30522,38,0,10 23 20,0
1700,'4',651,,30553,38,0,10 23 20,0,75,,30554,38,0,10 23 20,0,75,,30555,38,0,10 23 20,0,35,,30556,38,0,10 23 20,0,75,,30526,38,0,10 23 20,0,30,,30527,38,0,10 23 20,0,70,,30528,38,0,10 23 20,0,30,,30529,38,0,10 23 20,0,65,,30530,38,0,10 23 20,0,25,,30531,38,0,10 23 20,0,22,,30532,38,0,10 23 20,0,72,,30533,38,0,10 23 20,0,30,,30534,38,0,10 23 20,0,65,,30535,38,0,10 23 20,0,25,,30536,38,0,10 23 20,0,70,,30537,38,0,10 23 20,0,30,,30538,38,0,10 23 20,0,68,,30539,38,0,10 23 20,0,30,,30540,38,0,10 23 20,0,70,,30541,38,0,10 23 20,0,30,,30542,38,0,10 23 20,0,70,,30543,38,0,10 23 20,0,30,,30544,38,0,10 23 20,0,60,,30545,38,0,10 23 20,0,28,,30546,38,0,10 23 20,0,70,,30547,38,0,10 23 20,0,30,,30548,38,0,10 23 20,0,80,,30549,38,0,10 23 20,0,35,,30550,38,0,10 23 20,0,75,,30551,38,0,10 23 20,0,35,,30552,38,0,10 23 20,0,71,,30525,38,0,10 23 20,0,30,,30558,38,0,10 23 20,0,75,,30557,38,0,10 23 20,0
9100,'2',728,,33128,7,,,0,15,,33129,7,,,0,15,,33130,7,,,0,50,,33131,7,,,0,15,,33132,7,,,0,15,,33133,7,,,0,17,,33134,7,,,0,57,,33135,7,,,0,17,,33136,7,,,0,17,,33137,7,,,0,57,,33138,7,,,0,17,,33139,7,,,0,17,,33140,7,,,0,17,,33141,7,,,0,57,,33142,7,,,0,17,,33143,7,,,0,17,,33144,7,,,0,57,,33145,7,,,0,18,,33146,7,,,0,18,,33147,7,,,0,18,,33148,7,,,0,58,,33149,7,,,0,18,,33150,7,,,0,18,,33151,7,,,0,58,,33152,7,,,0,16,,33153,7,,,0,16,,33154,7,,,0,15,,33155,7,,,0,55,,33156,7,,,0,15,,33157,7,,,0,15,,33158,7,,,0,15,,33159,7,,,0,55,,33160,7,,,0,15,,33161,7,,,0,15,,33162,7,,,0,15,,33163,7,,,0,55,,33164,7,,,0,15,,33165,7,,,0,15,,33166,7,,,0,15,,33167,7,,,0,51,,33168,7,,,0,16,,33169,7,,,0,13,,33170,7,,,0,16,,33171,7,,,0,56,,33172,7,,,0,16,,33173,7,,,0,16,,33174,7,,,0,16,,33175,7,,,0
9100,'3',1128,,33199,7,,,0,25,,33198,7,,,0,66,,33197,7,,,0,26,,33196,7,,,0,65,,33195,7,,,0,25,,33194,7,,,0,65,,33193,7,,,0,25,,33192,7,,,0,25,,33191,7,,,0,65,,33190,7,,,0,25,,33189,7,,,0,65,,33188,7,,,0,25,,33187,7,,,0,25,,33186,7,,,0,65,,33185,7,,,0,25,,33184,7,,,0,65,,33183,7,,,0,24,,33182,7,,,0,25,,33181,7,,,0,65,,33180,7,,,0,25,,33179,7,,,0,65,,33178,7,,,0,25,,33177,7,,,0,65,,33176,7,,,0,21,,33200,7,,,0
9100,'4',1227,,33220,7,,,0,25,,33219,7,,,0,65,,33218,7,,,0,25,,33217,7,,,0,65,,33216,7,,,0,25,,33215,7,,,0,25,,33214,7,,,0,65,,33213,7,,,0,25,,33212,7,,,0,65,,33211,7,,,0,25,,33210,7,,,0,65,,33209,7,,,0,25,,33208,7,,,0,25,,33207,7,,,0,65,,33206,7,,,0,25,,33205,7,,,0,65,,33204,7,,,0,25,,33203,7,,,0,25,,33202,7,,,0,62,,33201,7,,,0
