301,'11802',1555,,43258,30,,,1,167,,43259,30,,,1
301,'2',611,,43260,30,,,1,96,,43261,30,,,1,30,,43262,30,,,1,73,,43263,30,,,1,27,,43264,30,,,1,70,,43265,30,,,1,28,,43266,30,,,1,70,,43267,30,,,1,30,,43268,30,,,1,70,,43269,30,,,1,30,,43270,30,,,1,70,,43271,30,,,1,32,,43272,30,,,1,70,,43273,30,,,1,30,,43274,30,,,1,70,,43275,30,,,1,33,,43276,30,,,1,70,,43277,30,,,1,30,,43278,30,,,1,70,,43279,30,,,1,30,,43280,30,,,1,70,,43281,30,,,1,30,,43282,30,,,1,70,,43283,30,,,1,26,,43284,30,,,1,68,,43288,30,,,1,30,,43289,30,,,1,70,,43290,30,,,1,30,,43291,30,,,1,70,,43292,30,,,1,28,,43293,30,,,1,26,,43294,30,,,1,70,,43295,30,,,1,30,,43296,30,,,1,70,,43297,30,,,1,19,,43285,30,,,1
301,'3',721,,43298,30,,,1,100,,43299,30,,,1,102,,43300,30,,,1,104,,43301,30,,,1,31,,43305,30,,,1,75,,43306,30,,,1,75,,43307,30,,,1,36,,43308,30,,,1,75,,43309,30,,,1,35,,43310,30,,,1,75,,43311,30,,,1,75,,43312,30,,,1,35,,43313,30,,,1,75,,43314,30,,,1,35,,43315,30,,,1,75,,43316,30,,,1,35,,43317,30,,,1,73,,43318,30,,,1,100,,43319,30,,,1,100,,43320,30,,,1,100,,43321,30,,,1,100,,43322,30,,,1,108,,43302,30,,,1
301,'30',940,,43323,30,,,1,87,,43324,30,,,1,87,,43325,30,,,1,87,,43326,30,,,1,48,,43327,30,,,1,87,,43328,30,,,1,87,,43329,30,,,1,87,,43330,30,,,1,47,,43331,30,,,1,87,,43332,30,,,1,87,,43333,30,,,1,87,,43334,30,,,1,87,,43335,30,,,1,107,,43336,30,,,1,100,,43337,30,,,1,99,,43338,30,,,1,100,,43339,30,,,1
301,'4',940,,43340,30,,,1,87,,43341,30,,,1,87,,43342,30,,,1,87,,43343,30,,,1,48,,43344,30,,,1,87,,43345,30,,,1,87,,43346,30,,,1,87,,43347,30,,,1,47,,43348,30,,,1,87,,43349,30,,,1,87,,43350,30,,,1,87,,43351,30,,,1,87,,43352,30,,,1,107,,43353,30,,,1,100,,43354,30,,,1,99,,43355,30,,,1,100,,43356,30,,,1
501,'2',650,,43812,69,0,10 23 20,1,72,,43813,73,0,13 36,1,30,,43814,69,0,10 23 20,1,70,,43815,73,0,13 36,1,32,,43816,69,0,10 23 20,1,66,,43826,73,0,13 36,1,30,,43817,69,0,10 23 20,1,70,,43827,73,0,13 36,1,30,,43818,69,0,10 23 20,1,70,,43828,73,0,13 36,1,30,,43819,69,0,10 23 20,1,72,,43829,73,0,13 36,1,30,,43820,69,0,10 23 20,1,70,,43830,73,0,13 36,1,30,,43821,69,0,10 23 20,1,74,,43831,73,0,13 36,1,30,,43822,69,0,10 23 20,1,70,,43832,73,0,13 36,1,30,,43823,69,0,10 23 20,1,70,,43833,73,0,13 36,1,30,,43824,69,0,10 23 20,1,70,,43834,73,0,13 36,1,32,,43825,69,0,10 23 20,1,66,,43835,73,0,13 36,1,30,,43836,69,0,10 23 20,1,78,,43841,69,0,10 23 20,1,70,,43842,69,0,10 23 20,1,30,,43843,69,0,10 23 20,1,70,,43844,69,0,10 23 20,1,26,,43845,69,0,10 23 20,1,29,,43846,69,0,10 23 20,1,70,,43847,69,0,10 23 20,1,24,,43848,69,0,10 23 20,1,71,,43849,69,0,10 23 20,1,98,,43850,69,0,10 23 20,1
501,'3',650,,43852,69,0,10 23 20,1,100,,43853,69,0,10 23 20,1,100,,43854,69,0,10 23 20,1,107,,43855,69,0,10 23 20,1,82,,43859,69,0,10 23 20,1,75,,43866,73,0,13 36,1,35,,43860,69,0,10 23 20,1,79,,43867,73,0,13 36,1,75,,43861,69,0,10 23 20,1,35,,43868,73,0,13 36,1,75,,43862,69,0,10 23 20,1,35,,43869,73,0,13 36,1,74,,43863,69,0,10 23 20,1,36,,43870,73,0,13 36,1,74,,43864,69,0,10 23 20,1,76,,43871,73,0,13 36,1,34,,43865,69,0,10 23 20,1,76,,43872,73,0,13 36,1,29,,43873,69,0,10 23 20,1,75,,43874,73,0,13 36,1,78,,43875,69,0,10 23 20,1,100,,43876,69,0,10 23 20,1,100,,43877,69,0,10 23 20,1,110,,43878,69,0,10 23 20,1,110,,43856,69,0,10 23 20,1
501,'30',917,,43880,69,0,10 23 20,1,87,,43881,69,0,10 23 20,1,47,,43882,69,0,10 23 20,1,87,,43883,69,0,10 23 20,1,87,,43884,69,0,10 23 20,1,87,,43885,69,0,10 23 20,1,47,,43886,69,0,10 23 20,1,87,,43887,69,0,10 23 20,1,87,,43888,69,0,10 23 20,1,87,,43889,69,0,10 23 20,1,87,,43890,69,0,10 23 20,1,47,,43891,69,0,10 23 20,1,87,,43892,69,0,10 23 20,1,100,,43893,69,0,10 23 20,1,100,,43894,69,0,10 23 20,1,95,,43895,69,0,10 23 20,1,93,,43896,69,0,10 23 20,1,88,,43897,69,0,10 23 20,1
501,'4',917,,43899,69,0,10 23 20,1,87,,43900,69,0,10 23 20,1,47,,43901,69,0,10 23 20,1,87,,43902,69,0,10 23 20,1,87,,43903,69,0,10 23 20,1,87,,43904,69,0,10 23 20,1,47,,43905,69,0,10 23 20,1,87,,43906,69,0,10 23 20,1,87,,43907,69,0,10 23 20,1,87,,43908,69,0,10 23 20,1,87,,43909,69,0,10 23 20,1,47,,43910,69,0,10 23 20,1,87,,43911,69,0,10 23 20,1,100,,43912,69,0,10 23 20,1,100,,43913,69,0,10 23 20,1,95,,43914,69,0,10 23 20,1,93,,43915,69,0,10 23 20,1,88,,43916,69,0,10 23 20,1
3800,'2',659,,49437,5,,,1,80,,49438,5,,,1,80,,49439,5,,,1,538,,49440,5,,,1,80,,49441,5,,,1,80,,49442,5,,,1,40,,49443,5,,,1,80,,49444,5,,,1,80,,49445,5,,,1,40,,49446,5,,,1,80,,49447,5,,,1,422,,49448,5,,,1,80,,49449,5,,,1
