200,'11802',1514,,42641,43,0,13 30,1
200,'2',558,,42647,2,0,13 30,1,70,,42645,27,0,13 30,1,29,,42650,43,0,13 30,1,70,,42651,43,0,13 30,1,26,,42652,43,0,13 30,1,70,,42653,43,0,13 30,1,30,,42654,43,0,13 30,1,70,,42655,43,0,13 30,1,30,,42656,43,0,13 30,1,70,,42657,43,0,13 30,1,30,,42658,43,0,13 30,1,70,,42659,43,0,13 30,1,30,,42660,43,0,13 30,1,71,,42661,43,0,13 30,1,30,,42662,43,0,13 30,1,70,,42663,43,0,13 30,1,30,,42664,43,0,13 30,1,70,,42665,43,0,13 30,1,30,,42666,43,0,13 30,1,67,,42667,43,0,13 30,1,30,,42668,43,0,13 30,1,78,,42669,43,0,13 30,1,30,,42670,43,0,13 30,1,70,,42671,43,0,13 30,1,72,,42672,43,0,13 30,1,24,,42673,43,0,13 30,1,30,,42674,43,0,13 30,1,67,,42675,43,0,13 30,1,30,,42676,43,0,13 30,1,70,,42677,43,0,13 30,1,25,,42678,43,0,13 30,1,82,,42679,43,0,13 30,1,71,,42680,43,0,13 30,1,40,,42681,43,0,13 30,1,83,,42682,43,0,13 30,1,28,,42683,43,0,13 30,1,75,,42684,43,0,13 30,1,80,,42685,43,0,13 30,1
200,'3',649,,42725,43,0,13 30,1,100,,42728,43,0,13 30,1,72,,42730,43,0,13 30,1,30,,42732,43,0,13 30,1,70,,42734,43,0,13 30,1,30,,42736,43,0,13 30,1,67,,42738,43,0,13 30,1,30,,42740,43,0,13 30,1,70,,42742,43,0,13 30,1,25,,42744,43,0,13 30,1,65,,42746,43,0,13 30,1,31,,42748,43,0,13 30,1,70,,42750,43,0,13 30,1,25,,42751,43,0,13 30,1,25,,42752,43,0,13 30,1,69,,42753,43,0,13 30,1,30,,42754,43,0,13 30,1,70,,42755,43,0,13 30,1,25,,42756,43,0,13 30,1,65,,42757,43,0,13 30,1,30,,42758,43,0,13 30,1,70,,42759,43,0,13 30,1,30,,42760,43,0,13 30,1,69,,42772,43,0,13 30,1,30,,42779,43,0,13 30,1,70,,42780,43,0,13 30,1,30,,42781,43,0,13 30,1,70,,42782,43,0,13 30,1,30,,42783,43,0,13 30,1,68,,42785,43,0,13 30,1,99,,42786,43,0,13 30,1,99,,42787,43,0,13 30,1,99,,42723,43,0,13 30,1,105,,42793,43,0,13 30,1
200,'30',616,,42798,2,0,13 30,1,110,,42797,43,0,13 30,1,104,,42802,43,0,13 30,1,97,,42803,43,0,13 30,1,90,,42808,43,0,13 30,1,88,,42809,43,0,13 30,1,36,,42835,2,0,13 30,1,73,,42836,2,0,13 30,1,28,,42811,43,0,13 30,1,70,,42812,43,0,13 30,1,25,,42813,43,0,13 30,1,70,,42814,43,0,13 30,1,30,,42815,43,0,13 30,1,70,,42816,43,0,13 30,1,30,,42817,43,0,13 30,1,70,,42818,43,0,13 30,1,30,,42819,43,0,13 30,1,70,,42820,43,0,13 30,1,27,,42821,43,0,13 30,1,73,,42822,43,0,13 30,1,35,,42837,43,0,13 30,1,90,,42838,43,0,13 30,1,90,,42839,43,0,13 30,1,90,,42840,43,0,13 30,1,90,,42841,43,0,13 30,1,47,,42842,43,0,13 30,1
200,'4',616,,42852,2,0,13 30,1,110,,42851,43,0,13 30,1,104,,42856,43,0,13 30,1,97,,42857,43,0,13 30,1,90,,42862,43,0,13 30,1,88,,42863,43,0,13 30,1,36,,42889,2,0,13 30,1,73,,42890,2,0,13 30,1,28,,42865,43,0,13 30,1,70,,42866,43,0,13 30,1,25,,42867,43,0,13 30,1,70,,42868,43,0,13 30,1,30,,42869,43,0,13 30,1,70,,42870,43,0,13 30,1,30,,42871,43,0,13 30,1,70,,42872,43,0,13 30,1,30,,42873,43,0,13 30,1,70,,42874,43,0,13 30,1,27,,42875,43,0,13 30,1,73,,42876,43,0,13 30,1,35,,42891,43,0,13 30,1,90,,42892,43,0,13 30,1,90,,42893,43,0,13 30,1,90,,42894,43,0,13 30,1,90,,42895,43,0,13 30,1,47,,42896,43,0,13 30,1
700,'2',557,,44220,11,,,1,67,,44221,11,,,1,25,,44222,55,,,1,61,,44223,55,,,1,34,,44224,55,,,1,60,,44225,55,,,1,20,,44226,55,,,1,20,,44227,55,,,1,60,,44228,55,,,1,18,,44229,55,,,1,25,,44230,55,,,1,70,,44231,55,,,1,30,,44232,55,,,1,65,,44233,55,,,1,30,,44234,55,,,1,70,,44235,55,,,1,31,,44236,55,,,1,70,,44237,55,,,1,30,,44238,55,,,1,61,,44239,11,,,1,10,,44240,55,,,1,25,,44241,55,,,1,20,,44242,55,,,1,60,,44243,55,,,1,20,,44244,55,,,1,20,,44245,55,,,1,60,,44246,55,,,1,21,,44247,55,,,1,60,,44248,55,,,1,20,,44249,55,,,1,25,,44250,55,,,1,10,,44251,55,,,1,63,,44252,55,,,1,22,,44253,55,,,1,65,,44254,55,,,1,25,,44255,55,,,1,25,,44256,55,,,1,65,,44257,55,,,1,25,,44258,55,,,1,65,,44259,55,,,1,35,,44260,55,,,1,70,,44261,55,,,1,30,,44262,55,,,1,70,,44263,55,,,1,30,,44264,55,,,1,67,,44265,55,,,1
700,'3',644,,44301,55,,,1,70,,44302,55,,,1,30,,44300,55,,,1,82,,44266,55,,,1,30,,44299,55,,,1,70,,44267,55,,,1,25,,44268,55,,,1,65,,44269,55,,,1,30,,44270,55,,,1,70,,44271,55,,,1,25,,44272,55,,,1,65,,44273,55,,,1,32,,44274,55,,,1,70,,44275,55,,,1,30,,44276,55,,,1,65,,44277,55,,,1,30,,44278,55,,,1,70,,44279,55,,,1,30,,44280,55,,,1,70,,44281,55,,,1,30,,44282,55,,,1,70,,44283,55,,,1,30,,44284,55,,,1,70,,44285,55,,,1,24,,44286,55,,,1,30,,44287,55,,,1,70,,44288,55,,,1,30,,44289,55,,,1,65,,44290,55,,,1,30,,44291,55,,,1,68,,44292,55,,,1,30,,44293,55,,,1,68,,44294,55,,,1,32,,44295,55,,,1,70,,44296,55,,,1,30,,44297,55,,,1,70,,44298,55,,,1
700,'30',857,,44303,11,,,1,64,,44304,55,,,1,21,,44305,28,,,1,64,,44306,55,,,1,30,,44307,55,,,1,70,,44308,55,,,1,25,,44309,55,,,1,25,,44310,55,,,1,70,,44311,55,,,1,30,,44312,55,,,1,70,,44313,55,,,1,25,,44314,55,,,1,70,,44315,55,,,1,30,,44316,55,,,1,70,,44317,55,,,1,25,,44318,55,,,1,70,,44319,55,,,1,30,,44320,55,,,1,62,,44321,55,,,1,27,,44322,55,,,1,70,,44323,55,,,1,30,,44324,55,,,1,70,,44325,55,,,1,30,,44326,55,,,1,70,,44327,55,,,1,30,,44328,55,,,1,70,,44329,55,,,1,30,,44330,55,,,1,70,,44331,55,,,1,29,,44333,55,,,1,85,,44332,55,,,1
700,'4',857,,44334,11,,,1,64,,44335,55,,,1,21,,44336,28,,,1,64,,44337,55,,,1,30,,44338,55,,,1,70,,44339,55,,,1,25,,44340,55,,,1,25,,44341,55,,,1,70,,44342,55,,,1,30,,44343,55,,,1,70,,44344,55,,,1,25,,44345,55,,,1,70,,44346,55,,,1,30,,44347,55,,,1,70,,44348,55,,,1,25,,44349,55,,,1,70,,44350,55,,,1,30,,44351,55,,,1,62,,44352,55,,,1,27,,44353,55,,,1,70,,44354,55,,,1,30,,44355,55,,,1,70,,44356,55,,,1,30,,44357,55,,,1,70,,44358,55,,,1,30,,44359,55,,,1,70,,44360,55,,,1,30,,44361,55,,,1,70,,44362,55,,,1,29,,44364,55,,,1,85,,44363,55,,,1
3700,'2',643,,49428,2,,,1,70,,49427,2,,,1,30,,49426,2,,,1,70,,49425,2,,,1,716,,49421,2,,,1,30,,49424,2,,,1,70,,49423,2,,,1,30,,49422,2,,,1
